barcode,count
TACCCATGGATACGAT,1875226
GCGATTCACGCGTTGG,1826993
TACGTCGCAATGGTCC,1736585
CCATCTAGTGGCTAGG,1539878
AGTAGACTCCCTCCAT,1378106
GTGCAGTAGTAAAGTA,1371308
CGTGGCGTTTACACTA,1335297
ATATAGACACGTGACC,1067510
GGGTTCTCAGAATCTA,147325
AAGAAGCTAGGAACTA,146548
CCTCGTTAGGTTTAGA,136771
GAATTAAAAATTGCCT,100148
CGAGAAGAGATTCGTC,74468
TAAAAGCAACAACCAT,68369
TCAGACTAATACAACC,63033
ATCTTTGATTCATCGC,62977
CTTTTCGTTTCCCGAT,61445
CTTTCACGGGTTATAT,54165
CATGACCACCTTACGA,52505
GTTCTTGAACGTTAGA,50266
ACCCCATATTGAATGC,46599
GAGCGGGGACCAAAAC,46573
AAAACCTGCAGGAAAT,44429
ACAACAGTCAATACGA,41044
ACTTTCATATTCCATA,40906
CAACTACCCTCAAATA,40570
CCACCAACATTTAAAC,29969
ATAGTGACGCTCTACA,27557
ACTGATTAATCGATGT,26796
GCCCCGTCCTTACATG,26509
TATATAGGAATTGGGG,22973
TATAGAGTGCAAGTTC,21652
CTAGACGATTAAAGAT,21477
ACGCTAATGATGTAAA,21242
GTCCCCGAATAAGACA,21165
TTAGGACAAGAATAAA,19620
CAACATTCAGTCAACC,19528
ATGCTATATTAAGATG,19479
CTGACATTGAGTCTCT,18959
TTAAGATAAACGACTA,18899
GCTGCGTACACGGGAA,18744
GTCTCAGGAATACTGC,18553
CTAAATTGACCAAAAT,17870
CTTTAGGATAGTCACC,17795
GCAGCCCAAGTACCCT,17620
TATGCCGTCATAAAAA,17483
TCATAGCGTCCTACAG,17131
GCAGACATCTAAGGAC,16719
AAACATTGCAAACAAC,16153
TATCCGAAGAGTCGAA,15788
GAAGCAGTGACAGATT,15784
TAAGTAAAAAACTAAT,15680
TAAAGAGACAGAGGTA,14973
ACCCATGCCACTAACC,14938
CTTACCCAGAAACGGT,14886
TTTAACTTACACATCC,14735
GCTACACAAACAGTGC,14219
TGGTAGGCCTAAACAG,14082
CCCAGTCTACTCACGA,13814
CGATTACATGTGTACT,13743
TACACAATGTTAGGGA,13708
CTGTCCATCACGTATA,13649
AATCGATGACTGGTCC,13648
TTATACTAATAGAGAG,13446
TGTTTTCGACTTCCTG,13315
AGGAGGATTTACTAAC,13217
ATAATGCAATTAAGGT,13170
CGATATACTTCAAATA,12874
CAAGATAGCATGGTCT,12479
AATAAGAGCCCGTAAA,12424
ATTGATCCCAAACAAA,12346
TTAACGTGAATGGCAT,12229
GTAAAAAATGTTTGAA,12131
TGGAAGTATGATCTAA,11981
CCGCCACGATACATGA,11867
TCCATAGTAAACCCAC,11766
TTCAATTTTATATGAT,10843
GCAATACGAAGCAGCT,10799
TTAAACCCGTTACAGA,10745
ACATTACGTGGCAAGA,10722
CCCTCCTTCCAGTACG,10336
GACTTTACAATTATAC,10309
CAGGACCGAAAGTAAG,10303
TGAAAAGCTCCCATGT,10040
GTCTCATAGGTCAACA,10030
TAGGTATACATAAAGA,10002
AGTATCATCCTGTTAG,9808
CAGTAACTATTCGTAA,9726
GAATTGACTCCGGCCC,9608
GGACACGGTCCAATGT,9594
TAGATTGCCAGAACAA,9592
AAGATACCCTCCCTTC,9390
CCGGGCGCAGCCCCAT,9277
GAATCCTCTTAATTTT,9256
ATTAAAATGTATAACC,8642
CACATACGTCACCTTC,8377
TTATTGTCTTCTGGAT,8275
AATGCAGAACCCAGTT,8264
TATATCACCACACAAC,8252
AGGCCTTTTGATGATT,8192
AATAGGATAGTCAACT,8167
ACAACAAGTAATTGAT,8071
CTTAAACCCGGTCCGT,7988
CCTATGACGATAAGGG,7920
CGATTCAAAGAGGATT,7914
TCAGGGGAACGAAATG,7709
AATCAGAAAAAGAGCG,7697
GCCGACACCTCTGACA,7630
TAAAACGGTTTATTCT,7615
ATGACGCGATGGGATG,7582
GAACGCTAAAAACTCG,7405
AAGGATTGCCTAATAA,7401
TCACACGATTGTTTCT,7381
ACACCACCTTTTACTT,7294
AACATACATCCTGGAC,7262
AATAAGTACAAAGAAA,7114
TCAACACACAGTCCCT,7067
AATCTAATTAAGTAAA,7039
ATATAAGCCTTCCACA,6728
AAAGACACATAAACAC,6619
ATACATTGTCCAGAAT,6563
GATTATTATTTGACAG,6430
AAATTAAGGGTTAAGG,6392
TTAACCCAACTGATAA,6360
AACAAATCGAGCACTT,6291
GCATTCCATAACCCAA,6286
TTCACCAAGAAATTCA,6203
ATAAACCGACTTATAA,6132
TTAACGGAGCTTTTAA,6075
ACTTACCTTAGCCCGA,5904
TGGGAGTCTCTAATTC,5841
TTCATATACAGTGAAA,5792
CACTGTACGGGCCAAG,5770
GAATACTCTACAATAT,5672
CCTCTACAAGATTATA,5671
CTGCTAAATTCTGTAG,5662
GTTCAAAAAACCACAG,5652
AGCCATCTCGAGTCTT,5641
GTTGTTTGCCCAGCAG,5611
TTATAAGGACCAACAT,5490
GAGAACAGTGTCCGAT,5400
AACAACACCAACCATA,5236
TCTAGAGAAAAAACGC,5171
ATGAGTAGAACGCGTG,5074
TTAGCTAATACTCTAA,4986
TCATGTTGGACTGTTT,4978
ATTATTTAATTGACCG,4968
TGGTAATTAAAGAATC,4927
GCTTCCTATTGGCAGT,4830
AACAACGTACCAATTA,4764
GCATATGACTGAGTTA,4689
TCCCTAGCTCCTTCCT,4668
TAACACTGACAAATGT,4643
ACCCAAATCGAACGTA,4585
AAATAACCACTCTCAC,4543
TGTTGACCCTTTAAGA,4496
CCTATAACTGTTACAC,4448
TCACAGCCAGGGATCA,4428
CTGTCAGGCATTTAAA,4284
GACATATCTTTCACCA,4280
GAGGATATCTAGGCAG,4255
TATACCTGAACTGCTG,4245
ATAAAGTACCGTTTCA,4228
TATATGGATTTACACC,4163
AAATTCCTGAGCCCTT,4139
GAGTCTATTCGTTTGG,4123
GGAAAAAAATTCTATA,4088
GGACCCAACCATGAGC,4065
AACACAACGGTTGGGG,4017
AAGGTGCGATCCGGGG,3988
GACGTTCAAGGAAACG,3974
ATCATAAAAAACCTTA,3931
CAGTAGATCGTTACTA,3929
CGAGGACCATAGCTAC,3909
GAATTGATAAAGAACC,3909
TATAGCATCCAAAACT,3899
ATAGTCCCAGGCCGCA,3894
GATACTAATCCGGAAT,3888
CAGGTGAGTGAGCGAA,3824
CTCGCAGCAAAACCTG,3789
TAACAAATTACACGTA,3734
AATCCGAAATAACGTT,3716
AACGTAATAACTGGAT,3674
AGGTTCAGAAAAAACT,3666
AATTTACTCATTGCTC,3632
TACACCAACTCGATAC,3595
CAAATGACAGACTAAT,3593
GGTCTGTTTGCCAATC,3552
TGGTACGGAGTAGCAT,3538
AACGGCTCTATCCACT,3491
TAATCCAGCTAGACTT,3461
AGATATATAATTTTAT,3457
GATGGCCCGTAAATTT,3453
CAATGGCGTTCCGAAC,3438
AATCACCGAATTGTGA,3414
GGAAAATAAAATAAAA,3400
TTGTTGAGTTTAAAAC,3359
CCATACTTTAAGATAA,3317
GTCCCGCCACTAGTGA,3287
ATAAATATTATAACAA,3270
CCAAGTTGCGTTTTGC,3231
AGATGTCGAGTTCCTC,3197
GAGTTCAAATCGGTAC,3172
CCCCTTGCACGCCCGT,3167
ATGAGGGACGCACCTC,3117
CCTGGACCGGTCGCCC,3108
AAAATATAACGATAAA,3101
CACTCACTAACAATCC,3096
TTACGAATTGGGGTCA,3071
CATCGCGCTGCCGAAT,3064
TGTAATCTGTTGAGAA,3062
AGTTCGCAACCTGTCT,3042
CCGTAAAAATACAAGC,3010
CAAATGGTGGTATCAC,3003
CGCAATCCAAGCCTGC,3003
GGGGTCTAATGGTTGA,2998
TTAAACGAATAAGGCA,2981
CTTTTACTGATATAAC,2966
TCGAGATCCATAGATC,2964
CATATGGTGTCGGAAC,2958
TTTATATGGCTCCATC,2936
ACAAACCAACGAGAAT,2925
TTGCCAGATACACTAA,2898
GAAGATTACACAACGT,2894
GCGCATCGATGCAGAA,2893
AAGTGCTGAAATAAGT,2883
GCCTGTTATCCAAGTG,2879
AAAAATGAGCATACAT,2865
TTAGAAAATATAGCCC,2863
AATTATAGCCATTAAA,2842
TCGCCCACGACAGTCA,2836
GGTCTCTAAAACATAT,2818
GGAGGAAAAAAATACT,2811
GTAACTGTGAAGAGAC,2802
GGAGGGCATGAAGATG,2797
TAACAAATTACTGACG,2793
ACGATAACAAAAACAA,2776
TGAAGATGAAGTTTGA,2770
GTAACTGATGCAGTCG,2757
ATCATACTTACTTCGT,2754
AAGGAACCTTGGAGCA,2751
GAAGAAGACGCTGATA,2740
CATAGAATCCGATCTA,2704
TGATAGTCCGTTTGTT,2700
AACACGACCTATGAGT,2688
CAACCGAAAACACGCG,2656
AAGGTGTAGCGGAGAG,2622
CATGTGACACAACCAC,2611
AACCTGATAGTCTTAA,2606
ATTATCATTCCAAATG,2605
GAGGCGACTGTACCAG,2598
ACGCCCAACTCGATCA,2594
TAATTCACTGTATTGT,2586
AATCTAATCTGACATC,2584
TGCAGATAGACACGAC,2583
CTTTGAAGTCCGACAG,2558
TCAATCAACCAAATGA,2554
TCCCCCAGTTATCATT,2553
TTGAGGTAGATAGGAT,2552
CTGATTTCCAAAACAG,2539
AACGTATCTTGGATAC,2530
TAAGATACGGCCCCCC,2525
GGGGCGCAGCTACTAT,2522
AAATAGTTAGGGATGT,2518
AACATTATGTATTTAA,2509
ACAAGTATTTTGTGAT,2505
ATGGTGAACGCACGAC,2495
CTATCCAAGTTAATTT,2487
TGTACGATTCCTATTA,2472
ATTTAACGTTGGAGCT,2471
TTCATTATCAAATCGA,2460
CCAAAGAGCTGACCGA,2433
TTATGGACAAACAAGT,2395
TATGAGTAAGACCCCA,2361
TCCTTGACCAGGAAGC,2348
GAATCCCTAATTTCGT,2340
TTGTTTTAGGAGAATA,2340
CTATTTCCGACCGCGA,2322
CAAATTTCACACTATC,2311
GAATCGATAAGTTAAA,2310
ATCCTTAATGTCATCG,2304
TAATTCAACCCTCAAG,2304
TGACTCCCTTGAATCC,2263
TTATCATAATCTTAAA,2251
TTTGACCGACTTATGA,2222
CCAAAATAGTAATACT,2211
TTGACACAATGTTATC,2196
AGCAGACATGTTGAAG,2183
GCAGTAAATGGCAAAT,2171
TTGTGACCGCAGAATC,2170
CGACATAAAAGGCAAA,2163
ATTTAACCAAACTCAC,2155
AGACGTAAATATAAAG,2154
CTCCACAAATACGAAG,2151
GCTAATACCGAATTCA,2151
AAGTCCTCGCTTTCGC,2150
TCAACGCTCAAGAAAC,2149
AAAGCTAGATGTTCGC,2120
CAATTTTACTATCACT,2105
ATACGGCACAGTCATT,2078
TCACAATAACTTCGTA,2067
AAGCGCAATCTTTTAA,2064
TAGTACACATGGAAAT,2057
TAACCGAAATGCGGCT,2046
ACACGCTTAATAGTTA,2045
TACAGTGTCAAGACCT,2015
TCCAATCACATAGGTA,2013
TATTAAGGCATCTCGA,2010
TCACACATCAAACAGA,2006
TAGAGCAATGAACCGT,1976
CATCAAAAGGCCACTG,1972
CTCTGAAGTTGAATAC,1972
CGCTCACAAGCACAGA,1971
TTATAAATACCGGGAT,1964
TCTGGATTTGCTATCC,1959
AACAGGCAGCATGAAC,1953
TGCCAAATCCTCTGCA,1953
TATTTAACACTACCCG,1951
CTCGACAACTAAGCCA,1950
TACTTAACACACGCTA,1950
CCATCCTTTCCAAGAC,1936
TCATCCGTTTAGAATT,1933
CTCGGCCAATCTACCA,1932
TGTACGCCCAAAAATG,1931
TCCATATTGTCAAAGA,1925
CTTTCGTGAAGCTTTT,1919
CTATGTATTAATCACC,1906
AGAATACTCCAACTTT,1904
GCGCAATGCACATAAA,1904
GGATTAATACGACCCG,1902
GGTTAAGAACCTCGAC,1898
CCGAACTACACGCAAG,1896
TAATATATTCAAGGTA,1892
GACAAGTTTCCCACGA,1885
CTTAGTAAGTAGTGAG,1881
CAGATGATTTAACCCC,1877
GTCGACGAATCCACCA,1872
CACGACTAAGGCAAGC,1871
GAATAACATTACAATA,1870
TCGACATACCATAAAG,1870
ACCGCAAGTGACGTGA,1868
AAGACGATAGACCAGC,1863
GCATCACTAATTCTCG,1862
AATTTACTATGGTAGG,1857
GTTCTATATCAGAAGA,1857
CTACCATGTTAAATTG,1852
AGCCTAATTCTTGTAC,1850
CACCAGAGTCTCTGAA,1843
GCCCCACTATTACTAC,1843
CAGCTTCGGCGTGCCA,1840
GATTCCACCAAAGTAC,1835
ATTTTCTTTCCTCGAC,1822
TATATGAATCACAACT,1815
AACAGTATTCTAGAAG,1812
CGCATGACCCGCCCTT,1812
TCCAAGCTAGAACTAC,1805
GTATTGTCGTAGTCCG,1799
CTCGAAATGCTATACA,1793
AATTTAACCATCTAAT,1782
CAGTCATTCAATTCGA,1764
AGTGTCGACAACATCA,1763
GCGCACTCCTCTCTTG,1763
CTTGCCAATACCAGCT,1761
CATCGTATCGGAGCGT,1758
ATTACAGTCCTAATCA,1748
GAGACGTTTCGAAATC,1745
GTAAGGAATGTTGTTT,1745
AAATTGGCCAAAAACC,1743
CGATTAAAAACTTAAC,1738
CATACTCGTTCATTAA,1736
TACTTATCACCTCGTT,1734
AATAGAACCGTTTGTA,1729
ATTATTCTAAATCCTG,1727
AAAAAGTTGTAAGAAT,1726
CATACTGAATGAATCC,1721
ATCGAAGTTAAACCTT,1714
TGTTAAAACGGAAGAC,1711
CAGCACTAGACTAACA,1699
CCGAACTGCTCCGAGC,1699
CCGCCGTCAAACCAAC,1689
AAAGAATATGTAAGTC,1676
GCATATGATAACTTTT,1676
TAGACTATGCCAAAAT,1675
ACTTGTAATGATTCGC,1663
CTTATATCACTTAACG,1660
CAACTTACGAGCCATC,1624
GAGAAATTACCTAAAT,1617
AGGCAGTTTGAGTAGC,1613
CACTTGATTCACAACG,1611
GACAGATAAAGGCTTG,1604
AACCAAACACGCCGCA,1591
CCACAGTTTAGTGCCA,1586
TATATTTTTAACACTC,1580
CCAAGACCGCTATCCT,1578
CTTAATCCGCACTAAA,1557
AAATAAAAAGATTATT,1552
GACCGTCTATATCTTA,1548
GAACATCCTACAAAAG,1538
TAATACATAAATAAAC,1534
ACTCAAACATAGGTAT,1521
AACCTCTCCATAATAA,1517
GAAGTAAGATTGAGTA,1505
AAAGACTGGGAACGAC,1501
TTATATTTGAGGTGTT,1498
GCGGAGTATCACCTTC,1489
AACTTACAACTGCAAA,1485
TGACAGTCTCACACTA,1483
GTTACAAAGTACCAGC,1478
GCAAAAAGGAGCTCCA,1474
TCCGGGCAGATCTATC,1473
CATAGCCTCTGTTGCA,1467
ATGTCGAAGGTGTATA,1460
CAAGAACAGACAGTAT,1459
ATGATAGGCGACTATC,1458
ATAGCCGCAAGAATAG,1453
CTTAACGAAGAAACAC,1451
ATAGGGTCTTGTACCA,1447
TCGACAATTGCATGTT,1446
GCATTCGAACCTTAGC,1442
TGATGCAAATGAGAAA,1442
TAATTGGACCAAAACC,1440
TAGGCAGAGGTCACCT,1437
TAGGCTACAAGGCGTA,1420
GGTTATAATGACACTC,1418
ATGTACGTCCCAACCA,1415
TAAGAACATCAAATGG,1414
ATAAAGGAGACTATCT,1413
ACCCAGACTTAAATAC,1410
TATATCATACCCGCCA,1410
CTAAGTCTCAGAGTAT,1404
ATACTATGGTCCCTAT,1403
ACTTTAAAGATAAACT,1398
GAAGTAGCCCAGGCAC,1397
TATGAATGTTAGCGCA,1395
AACCCCACAGGCCTAA,1393
AGTTAACCCATAGAGC,1391
ACTAGGGACAATCTGG,1389
CACTGCCAGCTTAACT,1389
GAAGCAGGGCTACGAA,1389
TAAGTCAGAAACTATT,1389
ACTCGTCTTCTGATCC,1388
TTCCCATCCCGATTGT,1388
TAGTCGGAAAACCCAA,1387
TTAAAAATATTACTTT,1381
AGAGAAGAACGAAATA,1374
GCCAGCCCATGAAGAC,1373
GGAAGCAAAGACTCCC,1373
CACTCTCACGAATACG,1372
AGCGAATGCCAGTAAC,1371
CCACAGAGTTTTTTGG,1370
ATAACGCCGAGTCTAA,1369
TTGCAGAAATTTTCGG,1369
TGCGGATACTTTCTCA,1366
AGCTACACGAGAACCG,1365
CTAGAACATCCAAAAT,1364
TTGATGCCAAAAGCAG,1364
TCCGTTTTATACACAG,1360
CACTGAACTGAACACT,1357
CATTCGCAGCGTAGCG,1357
TGACCAGGAGGCATGT,1356
ATAGAGCAACAACACA,1350
CCTGATAATAGGCATA,1348
GCCAGGCAGTCCACTT,1348
TAGAAACCCTAGACAA,1346
AACTCGGAGACCTTTT,1342
AAGGGGTGCGTATCCT,1341
CCTCTAGTTCAGAAGC,1341
ATTTTAACAATAGGGA,1339
CGGAGTAGCTATCGAT,1339
TTAATGTGTACTGGCA,1337
ACGTTTAAAAGTTGTA,1336
AGACAACGAAACTTCG,1334
AGGTAGCACCCCCCGG,1333
AGCTATCCTGAGTCGG,1332
AGTATGGTATTCAATA,1331
TACGGACAAAGAAACC,1331
AACAGGACAGAGCGAC,1330
TATAATTCACAAGTCC,1330
AGCAACCTTTACCAAC,1329
TAAGCACAATACACTG,1329
CTTTACATAGTGAAAC,1326
TGGGCGAGTCACTACT,1325
AGTAGTGCGCTCTCAG,1323
TACCAGATAAATTACA,1323
GAACGATCGTCGATTG,1322
GCATGAGAATACCTTT,1320
CAAGTCTCTCCCGGAG,1318
GCTATAAGACTTAGGA,1318
ACACAAGAAGCTACAT,1317
ACCAAAAGGAATCATC,1317
ATTCCTATAATGAATG,1317
ATAGTAACAACACAAT,1316
CGATAGTGTCATCCGA,1315
GCATCTAACACGCAGA,1315
CCCCTACCAGTCCGTA,1314
CTCAACAAGGTTCTGA,1314
ATCATGCAGAAAGCTC,1313
AAGAACTGTCTTGCTT,1312
CCCTTGACTAAAATAA,1312
GACAATGAAGCCATCC,1311
CTATTAAAGGTCATGA,1310
CCACATCAACTCTCAA,1309
GGGAGTCGGCACCGCA,1308
CAACCGTATACTTTTC,1305
TTTATAATGGAAGAAG,1305
AGTTGTATTACACACA,1304
TAATGCCAAAAAAATC,1304
GTTACAATCCCATTAA,1303
TCTTCTTAACATGAAC,1303
CATTGTTACGAAGTCT,1302
TGATAAAATGGTAACA,1302
TAACGAATTATTAATT,1301
CACAAGCCAGACAATA,1300
CTAAATTCAGAGGAGG,1300
GCAGTCCCGATCGAAC,1300
TTTTAGAAAATACACT,1300
AGATCTAAAACCAAAT,1299
AGTTTCGGCAGCCAAA,1298
TTACCTGAGCTTTGCC,1297
AATTACACCCATAAAA,1294
GACCAATCCTCAAGGA,1292
TTTTATTGCACACTCC,1292
AGGATGCATAACCCGC,1290
GAACAAGGAGTCTATG,1290
GACCATAAGAAACTCT,1290
CAATATGGAATCATGG,1289
TCATTCCTATGCCATA,1289
CATTAATAATCTGTGA,1288
TAGCGCTTCTAGCCTC,1288
GCATAGTCAATACCAC,1286
GCGACGATAAGGTGGT,1286
GCACACATCCACTAAA,1285
TTCAACTCCTTGTAGC,1285
AGAGTCAAACATTTAG,1284
TATCGACTTACCGAGC,1284
AACTTAACCGTAAATT,1283
CAGAACTTCCTAAAAG,1282
GTTGAAATAAAAAAAA,1282
AGCGCTCCAAAAGAGT,1281
TGATAGATAACGTACC,1281
AAGCACCCTTAGTGGT,1279
ACGCACACCCAAAAGT,1278
CATGTGCCTCAGTAAT,1278
GATTCTGTCATTTACT,1277
ACTTAGTTAAAAGTTC,1276
AATTGTGGAAATTACA,1275
ACATTGACTGACCGAT,1275
GGAGTACCTCGTATAA,1274
TTAGTCGCCTATAGCC,1274
GTGCCGCCAATGTACA,1273
GTTGGTAAAACGATAT,1273
AACCATTGTAACACAC,1272
CTCGATCTAAGATGCT,1269
AGGATAGAGAAACGGG,1267
GCATACGGCATTAGTC,1267
TACGAGAGGAGGGACC,1267
GATAGCACCCAGGATA,1266
TCCACCATATATATTT,1266
ACGTACTACGCCTAAA,1265
AGCTGGGAATGTGATA,1265
TAAGCCCCATACAACT,1265
TCTCCACTGTAAATCG,1264
CACTTAGGATCAATTT,1263
CCACCCAAATGCCACC,1263
CTGACGAATATGGAAG,1263
TATCCGTTCAGTAGAC,1262
ATGCGCAGCAGCCAGA,1261
TCCGATAATTCGTAGG,1260
GATTTATATTCTAATA,1257
GTGACGTGGCTTACCC,1257
TTTGCGAAACATCAGC,1257
GACACGGCAAGTTATA,1256
CCCAACACTCGTATAA,1254
ATAATTTGCAGCAAGG,1252
GCCCTGGCCCACTCAT,1252
TAATTAAAACGGAGGA,1252
TGGGCAAAGCTCACTC,1252
ATAAGAACAGTGCTTT,1250
TAATTACTTCAATCAT,1249
AGCGCTCGTTGTTAAT,1247
CAATTTCATAAGATCA,1247
GATTCCCTAAAACTAT,1247
GTGTGTAACCTATTAT,1244
CAGACATTCAATTGAC,1243
CCAAAGGACATAATGA,1243
ACCATTCCTCCTTTGG,1242
GCATAGACAAGTATTG,1242
TCAGCCCTAAACTTAC,1242
AAGATCTGCATCTCCG,1239
GGGGTAATACCGATAA,1238
TGACGTAAATGAGTCA,1237
ATACTCTAAAAGCCTT,1235
CCGGTAGTACTTGATC,1234
CTACCTTAAGTTATAG,1234
GCATCCCTATCGAATT,1234
GATAATTTTGATTCAC,1232
TCATGCTATGAGCGGA,1232
AGAACTATTGCATGAC,1230
GTGATAACGTCGCAGG,1230
ATTGAAAACACTAGTA,1229
CGCAGCCCGTAGGTTG,1229
CGTAGAGCGAGCACTG,1229
TAAAAGACCCTAATTA,1229
TATTACGCAGGTTTTA,1229
GGTGGTATACTGGTAG,1228
GTTGTCCTATGACACA,1227
TTACCCCAAAAAAGCA,1226
ATAACAATCAGAGGCA,1224
ACAAGGGTACATAAGG,1223
GTTATCGAGAAGCTCC,1223
CAGTCTCTAATGATTG,1222
TGCACACCTGGCCAGC,1222
TTAAGGGATTGATCCG,1222
ATTCAATCAGCTCAGG,1221
AGAATTATAACCTAAT,1220
CGAATACATCTGTCAT,1219
AAATGCGTGATGAAAT,1218
ATCGAGCAACTATTAA,1217
CTATCTAAAAGTGGAC,1217
CATGATAATAGCATAA,1216
TAATGAGAAAAAGGGA,1216
AGCTGGAATTCCTACT,1214
ATTTGCGTACTTACAC,1214
TATGTGCTCTAACTTA,1211
ATCGTAATTTAACATA,1209
ATTGCAGAATGCTTAA,1209
GACACCACTCCCAAGA,1209
ATTCCGGAGAAAGATC,1207
CCTATCTTTATTTCTA,1207
CTGTGTTCAAGCCCAC,1207
TCACTAAAAAGAATAC,1206
TGACTACAATAAAAGA,1205
AGAAGACGAATGGATC,1203
TTCATGAAGCGGCTTA,1203
GTGCTGTGTCATACCA,1202
CAATAAACACTGATCT,1201
GTAGGTTCAATGTATA,1201
AATACCATATAATGCA,1199
GAAAATAATACTGTAC,1199
CTATAGGAAATTTCTA,1197
TTTTTTAAGGTACCGC,1197
TAGAATCGAACTCAAT,1196
CATTTAGGATTTAGCA,1194
GAGATCGGGTCATAAG,1194
TCCAGAATAATAACGA,1194
TTCGAGCTCCTCGCCC,1194
TTTGCCCCGTAAATCT,1194
AGGGCTCGCCCATTAA,1193
ACGTTCTCGGAGTTGA,1192
ATAAGACGCATAATGA,1192
TAGTTAAATAACATGG,1192
TCAATCTTAGAATTTT,1192
AGCTTGACTAAAAGAT,1189
TACTGATATATCCACT,1188
GAAAGATCTCCAATAC,1187
CATTGCAACACCGTAT,1185
GGTATAATGAGAAGAC,1183
TAAGAGGTGAATTTTG,1182
TGGCTTTACGGCCAAA,1179
ACCGACAGCTTCGTAA,1178
CTTAGACGGACATTAT,1178
CGAATACAATTTAGCG,1177
TGACTACTAAAAAAGA,1177
GCGGCGACTTTCTATC,1175
TTAAGTATTGATACAA,1170
AGGTAAAAATATGAAA,1168
ACCTGACACATAACTA,1167
ATAAATCTTAACTTCA,1167
AACGAACTATCACTTT,1166
GCAGTATTCCCCAACC,1166
ACGGTTCATAATTGAC,1164
ATACGGAGGCAGAAAT,1164
TGATGGCGTCGCAGTC,1164
AATCTAACAACAATCC,1163
GTGATGAAAAACAATA,1161
CCTACACCGTGAGATC,1160
CCAATTATTCTGACTT,1159
ATAACTTACAAAACAC,1158
AAGCGTTGAAAGAACA,1157
CAGTTGTAAGGTTGTA,1156
AAGCACTTTAAAGCTG,1155
CTTCGTTATACAAAAA,1155
AAGGATCAGGAAACCG,1154
CATTTCGAATGCATAA,1154
AACCAGGATATACTAA,1153
AACGTGTTGATGCTGA,1152
ATACCCTTGTAAAATA,1151
ATACGCTTAATTAAAT,1151
ACTAACTCAATAATTG,1150
CGCTCCTGTCAATGAG,1150
TCAAAGACAGAAATGG,1150
GCTATGACCGAACATG,1148
AATCTCTCAGTATCAA,1147
CTACATAGCTCCACTG,1147
CTCCGCGACTAATAGT,1147
GAATTTATCGACTATA,1146
AAGTTTGACTCACCCT,1145
GCTACCCAAGCTAGAA,1145
TAGAACGCGTGCTATA,1145
TCAGAAAATTCGAACA,1145
GCATCATCAATAACGC,1144
GTATTTGGCGACTATG,1143
ACGGACCCTAGGCAAG,1142
ATTAATTGTTTGACAT,1141
GACTAAACTGATAAAC,1141
TATTGGCATTCACTCT,1141
GCCCAGATCGAATAGT,1140
TAAATTAAGATGAGTG,1140
TAAGTTACTTATACAA,1140
GTAGAGTGCTGGATGA,1139
GAGTGCTTTGCAAATC,1138
ATAATAAGTCTCCGAC,1137
ACCCGCCTACCTATTA,1135
TCTCGGGAGGTTTTAC,1135
CCAAGCAAAGAAAAAA,1134
AAAAGAAATAGACCGA,1130
GATGGGCAATAACTCC,1126
GCAGAGCGTTGCTGTA,1126
GATACACCATACTAAA,1125
AATGACGAGCCTTAAG,1123
AGCAGGTATTAAATCC,1123
GTCAAAAAACCACTCT,1122
GTACATGTGCTGTAAC,1119
GTGTCCATCTCGGATA,1119
AGGTTAGGTCCACGAA,1118
TAGCATTTAACCGTCT,1117
AGAAAAGACTTTAGTT,1113
CTCGCATTGGTTAGTG,1113
TCCCGAAAAAGGCGCG,1113
ACTATTATTTCAAAGT,1110
GTAGTTTCGGAACTTA,1110
ATCCTCCATTGGAATT,1108
CGTTATAGAGTGTCAA,1107
GCGTCACGAGAAATCA,1107
CGAAAACAATAAAAGA,1104
AAATGGGTACAAGGGT,1103
CTGTTAGTATGCAATC,1102
TGCCCAACCGCCGCTA,1101
AAAAACAAAGCGGACG,1100
TTGGAAACGGTCAAAT,1100
TATACTGGGCCGACTG,1099
CGAAAGACATCAATTT,1097
AATAACCGAGTCGAAG,1095
AGTTTTATCCAAGGTT,1095
ACTGTAAAGTGGAAAA,1093
AGAAGCCTTATATATA,1093
ATTCAAATTCGGACTC,1093
CGATTCTAAACCTAAA,1093
ACTTAGCCCACTCAAA,1091
AATGGCAAAGCAACAC,1090
CAAGAAGGCAGTGGAA,1089
AAAAAAAGAAATCACA,1085
TTTCGGGCCTCAAGCA,1085
AATATCAACCGACTGC,1084
GTACTGCATTGAGACA,1084
CCAACGGACAAGACAT,1083
TTTATATAATATACTA,1081
CTAGTTTGTATGAATG,1078
AATAAATTAACTTGAA,1076
TGACAGGTGGTTAGAA,1076
TAAGACCTGTTCTGTA,1073
ATCTTATGAGGAGTAG,1072
CCTGAAACAAAATGAT,1072
GTTAAGGAATGATTAG,1072
TAGTTGAAAGAGTGAT,1072
GAAGATACACCTCGAA,1069
ACATAAATCCTTTCGC,1068
ACGAAATGTCAAATAT,1065
GCCGCATCTTGACAGT,1063
ACGCCTCTAGAAAACC,1062
GGTGAAGGCCCATTCC,1060
TCAGTTTTAATGTCGC,1059
CGAACAGAAAATCATA,1055
AGACATACGAACGGAT,1054
ATTGTCGAGAATAGAA,1054
CAACTCTTAAGGCCTC,1053
ATTAAAGTCGCTTTCT,1051
GAGTAAAGTCTGAGCT,1051
TCTAAAGAACACTATG,1051
AGTATTAACCTTGACG,1050
GATATCTTAACCATGA,1049
AGAAAAGCAACTCAAT,1048
AAAACTAGAGAGGCAA,1043
TAACAAATTATAACTT,1043
GCAGGACGCCGAAACG,1042
TAAATAAGATCGCCCT,1040
CATGACCACCCTGTAC,1038
GATTTGAGCGATTTGA,1034
CCCCAAAGTTGGCATT,1033
GAAAGACCATAAAACT,1033
CTCCATATCAAAAACT,1030
GTTCTCTCTCGAAAGG,1030
TCAAAATGTAAGCTAG,1030
AACACTTGTAAGTATT,1029
ACAACCCTGTTAGATG,1027
AAAAACATTTCATTCC,1026
TCTAAACCAGATAGAC,1024
AATTCAGAGACGCATC,1021
ATCGGTGAACCGACCC,1021
AAACAATCCTCCGCTC,1018
ACCCATCAAATGACTA,1017
TTTCACATTCGCGTCA,1017
GCCTTAGTGTAACTAT,1015
CTCACTAAATAGATCG,1013
AAGTCATTAAAATTAA,1012
AACCAACGCCGAAACG,1011
TCCGTGAGAAAGATTA,1011
AATATTATCATCAAAC,1008
GCAAATATAAGACTTA,1008
TTATCCGGTGGGAGGG,1007
CCCTTCTAAGAAGCCA,1002
TTTAAACAGCTTTAGT,1001
CAGGTCCAACTCGAGA,998
ATACGCAAATCTTAAG,996
TCGCGGTAAAAAGAGA,996
AACCGCATGAATTAGA,995
ACACAATCATCGAGGC,995
GTTTACAAGCTCTAAT,995
ACCACCCCAGTCACAC,993
TCTGTACTGATCTATG,991
GTCTGGTACCTGAACA,988
GTGAAACAGAGGGCCT,986
ACTAGTGTAGATCCAT,984
GTATAAGCCTCATATT,981
ATCTATGACCCGGCCC,980
TGACATGAAAGTGTCC,979
ACGAATCGAGAAAGCA,976
AGGGACTTGTCAGAGC,975
ATTGCGAGTCTTAGAA,975
AAAGTGACACACTATA,974
GGTAGCAAACAACTCT,973
CAAAGAAAGACCAGCT,972
CATATGAAACAAGATA,972
AAAAGTCAGCAACAGT,970
CCGAACAAAGCGCAAA,968
TATATAATCAACAAGA,966
TTTACTCAAATATGCA,964
TGTCGCTTCATAGATT,963
ATTAGACACCACTAGA,960
GCACAGTGAACCAGGT,959
TTTAAACACATCTTTA,955
CCCCATATAAATCACC,950
AAAGGTCGTGGCCACA,948
AAAAAAAGTCAAGACC,947
CGATGTTAGACCATTA,946
GAAGCCTCTTGCGGTA,943
TAAAGAATCGGTGCTG,943
GGCGAGTCGCAACTGT,942
ATTGACAAGTTAGAAA,937
GAGGTGTCCTCATTAA,937
TCCTGTCTTGCACAAG,937
CTTATAGTTTTAAAAC,936
AAATTTATAGGCGCCA,935
ACCCAGGCTATCGTGC,933
CAAAAAAGAACGGCCA,932
ACCCATAACTAAATAA,931
ATTTGAATTACCCAAG,931
AAATGACCACGCCATA,930
GGCATTCAAAATAACC,930
TTTCTCGAACATGGCC,930
TCTTAAACAAATACAA,926
AAATAAAAAGGGTCCT,922
AGAATCAATCGTCGCA,922
AACCAGATGTAACACG,920
CATATATAAATAATAC,917
CAAAAATATGGACATT,916
CCCTATGTATCTTCAG,915
ACTGTGTAACAGCAAC,914
GATGAAGACTCTCTTT,914
ACCCAGACGCCCGATA,911
TCCCGCAAACGGTAAT,903
TGTCAAGATGTTTGAA,901
CACTATCACTAAAACC,900
AAAGGATCACGTCTGC,899
AGCAAGCAAGAGCATA,897
CCGCCTCAACCTAAAA,897
AAATTGGGAGTACCAG,895
AGAGAGTGATTCATAT,893
AAAATCGTTTAACTTA,891
AAATTTCGATAGATAA,891
GCAGCGTAAAAGAACC,890
CATCAGATCAAACCAA,887
GAACTAACAAAAGAAC,887
AACTAACCTGCGTCCG,886
AACTGATCAAACTGTA,884
TATTAATATAATTTCT,880
GCTCTATCACCACAAA,875
CTGTCGTTTAAAGCTC,868
AAAGAATACTCAAGTG,864
AAATTTGGAAAGAAAA,860
AAAGATAAACCGAGCC,859
CCATGCATAGGCAGTT,858
CTAAAGATGCTACCTG,858
TAGAGCAAACTATACG,858
CCAAATATAAATTAGA,856
AAAGGGATGGGAAAAA,855
AGTGCAATAATAGTGA,854
TACGACAGATGATAAA,850
ATGGAGGGCCAATTCG,849
AAATGACAGTACGAGA,844
CCAAACGATAGGATAA,844
GCAGGCTGACCTTCGG,839
TGCTAACAATAAAAAC,838
TAGTCCGATTCACAAA,837
ATACAAATCATATAAT,835
TCCCAAGACTCGGAGC,835
CAACAATTACACAAAA,829
CAACTCTCTAACAAAC,828
ACACAAATAAATAGTT,825
ATGAGAAATGTGTACC,823
GACCATGAAGCACCCG,822
TACAACAAGTTAATTA,816
GTAGTAAAGCTGTAAA,812
TTATTTGAGCAGAAAG,809
AGATCACAAAACCGTC,808
GGTAAGTCCAATGCCC,807
TGATCGCCCACATGAT,804
ACCCGGCTACTGTACA,800
TCGGTGATGGTCTGGA,800
AAGAGATATCATGGAT,798
CGTACATAACCCACCG,794
GTACGATAAAGCACCA,792
ATCTACGGCTTCCCTA,790
GCCAAAACGTGAATCT,787
CAAGTGCCATCACACC,786
CCATTTGCAGATGCTA,786
TACACGACAGCCTTTT,785
TAACCAAAGCTGATCC,784
AATTTTAAAAACAAGA,783
GGGAAGGCATTCGGCC,783
GGCTACAAGCTACACC,782
AGCGAAGCGAATCCCC,781
AAGTGGCCTACTCCTA,780
ACCAGCCCAATTCCTC,777
CAAAATTTCATCCGAT,777
TTGCCTACCCAAGGCT,776
ATCCGCAAGCTATACA,775
GCTACCCCCAGCCAGT,771
AAAGGTCTAGGACACA,770
CTACTACATTTTGCTC,770
AGGACGGTGCCGCAAT,769
GAATACAGAAAGCGCA,769
TATGTCAGAACCCTAA,769
CACACCGGCAAGCCTA,768
CCACAGGACAACAAGG,768
TACCGTAATCTACTAT,767
AAATAAGATTGTAAAT,766
AAAACAGTTATATCAA,765
CTGTTAAACCAAGCGA,764
GATATCATAAATAATA,764
TTTAATAGACCACAAC,764
TAGCAGAATTCCGTGC,763
CAGATTATAAGACCCC,762
CCCACTTAACATAACA,762
AACTAGATTCATAAGT,761
CGAGTGCCAAATTCTA,761
TAGTGCCGGTATATAC,758
ATGCTTGGCGATCGAG,757
CCAGACCTTAGTCCAA,757
AGAAATGTCCCATCAC,755
TATTAAATTTACCTGG,755
GACGCCTGACGAGCAA,754
ACAGACTAACAGAACA,753
CTCAGGAGTTAACATT,753
TCACAATGTAATAGAC,753
TCCATGTACCAAACCT,753
AAAACAAAGAATCGTC,752
CATACAGTTATGATCA,752
GAAACTTATTTGGGCC,752
TAACAAGGTTCCTCTT,752
TAATGTATGAAGAACA,752
ACAACCACCGATCTGA,751
TCCATTAATGCAACTG,751
ACAGAAGTCAATCAAT,748
GGTGAGCAGAAGCCCA,748
TAACCAAGCACGAGTA,748
TACTATTAACGAACCA,748
TTTGCACTTCATCCGA,748
TTTGTACACGCCCTTT,748
ATTTTGCCCTCTACGC,747
TAGGTACAGACATTTC,747
TCCACATAGCAGTCTC,747
CTTACCCAACGGAATA,746
AATCGCTGTACACTTT,745
ACGGTACGCACTGGCA,745
GAGCACTACACCGTCC,745
TTAACACAAAGTAGTG,745
ACTGCAGTTCTCAGAC,744
TAATTATCCACCTAAC,744
TGAAAACGTAGCTACT,743
AGACAGAAGTTACATG,742
TACTGGACCAGACAAG,742
ATCTCCGAATACCGCC,741
AGCGAGTAACGTCCCG,740
ATCAATAAGCACCGCC,740
TATTGTATCTCCCAAG,740
ATATTTGCCATCACAT,739
GTAGCCAGCTATCGTC,739
TACTGAGCTTCTCGTT,739
ATGCTTTCGTGTCATC,738
CAACTGACAATACCCA,738
GAACCTAAAAACACAA,738
TAGGGTTTCATAAGGT,738
TTCTCACCCATTTAGT,738
ACGCCATTCGGCAACT,737
GATTTGCGATTGCGAC,737
TATGGGGTTCTAAGGA,737
TCGGAGCACTATGACT,737
TGCGATATAGTAACAA,737
AGTAGGCCAATAAATC,736
ATAGTGAGCAAGCTAG,736
AGATCTAGGAAATGGA,735
ATCAAGCCCCGCTTGG,735
CTACATTTAGACCACA,735
TAGACAAGAACCGGGA,735
TATTTAAGCTGCATCA,735
TCTTTTACCGTACACG,735
ACAACGTAGGACTCAC,734
ATAATTGAGCAGGGTA,734
ACAACATCAGTCATAT,733
TCAAATTGATAAGACA,733
TCCCAAACACGGACTC,733
TCTACAACTGACAAGT,733
AGCAGCGACTCCTACT,732
CTAAGAAGCCTGAAAC,732
CTGCTTTAGTATAGAC,732
CTTACACACAATATAT,732
GTGCGGTCGTTGACCA,732
TGACCGATGGATCTAG,732
TGCCACACCTTTTATG,732
TTATGTAACTAAAAGT,732
CGGACTAACAATGGTA,731
GGGACTCACGCATGAT,731
GGGCACACTAACAGAA,731
AAGACAAGTATAGGTA,730
TAAGCGAAGATAGAAG,730
AGAGGACATGAACTGC,729
CAAGAAAGTTTAATCT,729
CAAGTGAGTTAATCTC,729
CACTGACAGAAATCAC,729
CTTGGATACAATTGGA,729
TAACTTCATAAGAATC,729
TACTGCTACTGACTAA,729
TTCACGATAATTACGG,729
CGACGAGTAATGATAG,728
TTGCATTGACTTCATC,728
ACCCCCTCGGCAAGCC,727
ACTGAAACTAAACATT,727
CAAGCAAGCTGTTGAT,727
CCAGCTCGGATCTAAA,727
CTCCATTTGAGTGGTT,727
AATAATCATTAACTAT,726
CACATTATAGAGGCAA,726
CATGTAAGCCCACATA,726
TAACATACTGAACCAT,726
TTTAAGCAGACCCCCC,726
TACCACTACAGTGATC,725
TTAATAGCATACATAA,725
AAATTAACTCTAGACC,724
AGACTACCCACGTCAC,724
CAAGCCAGTGCTAAGA,724
TAACACACCGACTTTA,724
ACGGAAACATCAGCAC,723
TGTTCCCGGACAGCAC,723
ATACAGCACTAGTTAT,722
CCAGTTAATTATTCAA,722
GAGGCGGCTTAACTCT,722
ATATTATACAAGACTA,721
ATGCGTAGTTATAAAT,721
CCAGTACAGCGGTCCG,721
CTTCCGTACCACTACA,721
GAATCTCCAATAAGCC,721
ACCACAATCGTAGTAA,720
TAAGCTGTAAGTAGAA,720
TCACAGGCAGGCTGAG,720
AAGAACTAGTCCATCG,719
AGAAGAGCGATGAAAC,719
GTAAATGCAGATCCTA,719
ACATAATAAATACAGA,718
ATGAGAAAATCTACTG,718
CACACACTAATATGGT,718
AATGGATCACCCTAGG,717
ACACACGCCTGAGAAA,717
ACGATAACAGAAGTGA,717
AGACAATGGCTGATAT,717
CGGTGCAACTAATATA,717
GAGTTCATACACTGTC,717
GCAGGCTTTACAGGAC,717
TAAGGCCGGTCCAATG,717
ATACAATACAACAGAG,716
CGTAGCGGAGGTGCTG,716
TAGATCAAGCCCACAC,716
ACAACCAAAATTTCAG,715
ACAACTGCGGTAGTCA,715
AGGAATGTCGCTAGGA,715
AGTACCGAAATCCACG,715
CACAACGCATGAATGG,715
CAGACGAGGAACAATT,715
CCGAGGTATGCAAGAC,715
GGTGCTAGACGTACTC,715
TATATCACCCGAAAAG,715
AAGTAAGTCCAAGACA,714
AGCACTACTGCATTAT,714
CCTTATCGGACCCCTG,714
CGAAAATTACTTGCAC,714
TATGGATCATCTACTA,714
TGAAGCCTGATCTTTA,714
GTCTTCCAACCTTCGG,713
AGTTTTTGCGAGGCAC,712
TACCCCAACCACGGTA,712
TTGCGAATACGTATAA,712
ACAAGAGGTACAGTCA,711
ACTACACCTATCATGG,711
ACTTTCCTCGTCATCA,711
CAAAGACCTGATACCA,711
CAGTAACCCAGCAACA,711
CGAGCAACTATCCAAC,711
GAAACGTACGGCTCCC,711
TACCTTTTATCTAACA,711
TTCACAGTTATGGACG,711
TTTACCTGCAGAAGTC,711
CATCCACTGCGCGTAG,710
CCGAGGAAACGGTCGA,710
CTCCTGGCTAAATATA,710
GAATCTCCCTGCTCAA,710
ATGTCTTTACAACAAT,709
CGTTACCTAAAGATCC,709
CTATCGGGTTCAGTGC,709
TAACCATGCGCACAAA,709
TAGGAAGGCACAATGA,709
TCCAGTAATTAGTTAC,709
ACGCACAACACAGTAA,708
CCCGAGACGCACACCA,708
CCTGGGCTAAAAGAGG,708
GATGATAACTTGATGG,708
GCTCTTCGGATCATAC,708
TCACTATTATCCGAAA,708
TTAGTTCACGTGTTAC,708
ATAACCGAATAAGCAC,707
ATTTGTTTTGGAGCAC,707
CGCACTGAATCCGAAA,707
CTCAACAACTCTGATG,707
AATTGATGTTATCGGA,706
ACAGGCCGTAGTAGCG,706
ATAGCTCTACCTTGAT,706
CAGATCCTGCAGATAC,706
CTTGGAGTCTAGGGAA,706
TAATGGGTGACACCCA,706
TGATGCCCCCACACTT,706
ACTATCGCAGGCCCTA,705
CTACTAGCGTATTACC,705
GAGAACAGCGCACTCC,705
TCGGTGGTTCTATCTC,705
TGAATACGAATAGAAC,705
AAGTCAGTTTATGCCT,704
ATCCATAGGTAGCCCA,704
CAAGCGCCACGACCGC,704
GGGAGCAAATTAGCGG,704
CTCGCTTACTTACCAA,703
CTTTTTTAAGCTGGAA,703
TAAGACCGTTCTCTGG,703
TACATGGTTTGGTACC,703
TCACTGTGTCTTTACA,703
AACTAACAAAGACAAA,702
AGCCATATCTAAGGCC,702
CAGCAAGCTTCACGCA,702
CCGGCCTACGTTGGTA,702
TAGCTTAACAGCAGAA,702
TCCATCGCAAGGACCT,702
TGAGGCCCTAATAAGA,702
TTACATGAACCAACCT,702
AAGCGGGATCACAGTC,701
AATGACGCTGAGATAT,701
ACCACGCTTAACAATA,701
CATACGAATCTTGGGC,701
CCTACTGACTACTGAA,701
CGGGATCTCAACCCGA,701
CTTACAAGCTATAAAG,701
GAAAAGACTCCGATAC,701
GCATTTGGGAAGCGAC,701
TACACCATGCATAGCT,701
TATTTTGATCCGACTC,701
TCATTATAACATCATT,701
TTCCGTCCAGAAACAA,701
AGACAATTGTGATACG,700
TGGCCAGGTATGAAAA,700
AAGCGCATCGATTTGA,699
GAAAGTTAGGTTCCTA,699
GGATGTCACTGCGAGG,699
AAGACACTGCCTCCTG,698
ACGGACTGTTTCAGAT,698
ATACTGCTCCGGTATT,698
ATGGCACCGCTCTACA,698
CCACATTCGTCTTCGA,698
CCTAAGCGATACGACC,698
CCTGCTGACTAGAGTC,698
CTATTGCACCCAGGCA,698
GGAATACTGCGATCTT,698
GGTAGTTACTAACACA,698
TCACACTCTCCCTTAC,698
TGGAGTAATAGTATCG,698
AACGATCCTACTTGAG,697
ACCCAGGATCGCGGAC,697
ATAGAATTAATGGTTA,697
TAAAAATGACCAAAGA,697
TCAGCTGATCACGGTA,697
TCCTCTCATGCGGGTC,697
AAGCACACTAGGAGAC,696
AATCCGGAGGTGCCCT,696
ATCTCATACGTGGTGC,696
ATGCTTAAGTAATTGG,696
CCAGACTTCATTCAAG,696
CCGCTCTCAATCGGAA,696
CGCAGCACACATCGTA,696
CTGGAAATAACCACGT,696
GTGTCGCAGTTTCCCG,696
TAATGACCCCGTCCCA,696
TCACATGACTACTCAG,696
TGATAGTTCAGCATTA,696
AATCAAATTTGGGTAC,695
AGTATTGACCTTTTCT,695
CCAGGATAAGAACCAA,695
CCGGCAAATCTTTTCC,695
GGATTCAACGCACCTT,695
GGTGAGTTCAAGGCTC,695
TAATTCTCACGGACGG,695
TCTACCTGATGATGCC,695
TGGACAGTAGCGTGTA,695
ACGATTCGAATACCGT,694
GAATTGCGGTGTCTCC,694
TATCATCTAACAGCAA,694
TTAGGTGCTTGTGCCA,694
TTGGCCTAAAATAACA,694
ACCCCAGAGCCATAAC,693
ACTCCGTCGGTCGTAA,693
GACAGAACTATTATAC,693
GACGACGGGCCTCACA,693
TATATACTGACCCTAC,693
TGAAAGCAAAAAGACT,693
TTACGCCACTATCTTA,693
TTGAAAATAAAAAAAT,693
AAGACAGAGAAGGTAC,692
ACAAGGCTTATCATGC,692
AGCTGAAATCAACCTA,692
ATAATTTCCGCTTAAT,692
CGCAAATTTTCTCCAT,692
CTAATTTAGCTTCTAG,692
GAACAATCTTTGGAAC,692
GACAGATACTGACCCA,692
TCTACTAACATAGTAC,692
TGTTTACAATCTCGCT,692
TTACACCTCCGTAAGG,692
ACGAAACGAAATTAAA,691
ACTACCACAATATCCG,691
AGATACAAACTGAATA,691
CATAAAAATTTTACCC,691
CCTAATATTGATGCGA,691
CGGCACCTGTAACCGG,691
GAGTCTGTGTACACAA,691
ACAAAAATTTGATAAT,690
ACTAAACGGTCAAAAT,690
CACACCACACATAATA,690
CCCCAATCGATACACG,690
CCGCCATGAATGTTAC,690
TAGCCTGGATGGATGA,690
TATTTGTATCACCGAA,690
AATAATAAGACCAAGT,689
ACAACCGTTTAGGAAA,689
AGGAAACCCGAGTTGA,689
CTCTGCCAGACCCATC,689
GAGAAACACTGGCGTG,689
TACAACCGGCGATTCT,689
TTCGGATTCGAATCTC,689
ATAATACATAGAAATC,688
ATGCCAAAATCCGTCT,688
CACGACGGGACAGATG,688
CCCACGTGGCATGCCA,688
GAAATCAGATAGGATT,688
GACCAACGTCATTACG,688
GGCGGACAAGCAACCG,688
GTGCGAATTTCAGAAA,688
TTTTAATTGGGTATAA,688
CCTCATGAAACTCATA,687
GACCCAACATACGACA,687
GTGACCTAACGCACAC,687
ATAAATATAGCAAGGC,686
ATTGCGGCACCTCCGA,686
CGTCAGGAAAAGATTA,686
GACAAGCAGCAATCAA,686
GCATCCGTCTTGTGTC,686
GGAGGAGCCAAAAGAT,686
TCGTCTTACCTTATGA,686
TTTGCACATATAACAC,686
AGGAATACTATATCCA,685
CTTGAAAGATCTTCGG,685
GGGGTCACACGGTAGG,685
GGGGTTCGCGGTGTAT,685
TAGCTTTGCTCGCAAC,685
AAGAACATACAGATAT,684
AAGAATCCAATAAGCC,684
AATGTAGATCTGTGTA,684
ACTGACGACAGATTAG,684
CACTACACGCTCGCGA,684
CATCCAATGAACCCGG,684
CCATAAGCAAGGAATA,684
CGAGAGTACACTTGAC,684
CGATTGATTGTACATA,684
GATTCGCAGGAGTCCT,684
GTACTTAAATCCACTG,684
TGCGCAAGACCCTCCC,684
TGTGGAACCGATCCCT,684
TTGTGTGCGTCGACAC,684
TTTACCCCCAACCCAT,684
AAACAGAAAAATCGGG,683
AAATTAAAAACACGCC,683
ACACACCGTTACTTAC,683
CGCTACTCTTTTACGC,683
GACCCAAAGATTAATT,683
GATAACTGTTAAACTT,683
GGAACGCACGACCTAT,683
TCTTACACACGGGTCT,683
AGAAAACGCGGGAGAC,682
ATCACAACCCTACGAC,682
CATCAGTGACACATAA,682
CTACTACGGAGTGACG,682
GAATCATACATATCGC,682
GGATGTATAAAACCTA,682
TATCTGTTTGAATTAG,682
TCTTAATTGAACTAAC,682
ATGCGACAAAGTACAG,681
CAAGCACCTAAAACAA,681
CCTTGCAGAACCCGAT,681
GAAGGCAATAGATAAC,681
GCTCCGTAAGGTGATA,681
TTCAAATCGGCTGCAA,681
TTTCCCGCTAGTTTGA,681
TTTGAACGGCTATAGC,681
ATTCCGTCTCGGCAAA,680
CCATAGCAGAGAAAAG,680
CCCCTGAGTCAAGCCT,680
CGTACAACCCACGTCA,680
GTAGTGCATAACAGAA,680
TCTGGGAATTTGCGTA,680
AAGAAAAGAGCGACTG,679
AAGATTGACAGTTTAG,679
AGACATTGAGTTAGGC,679
AGTCGCACAGGAGAAT,679
ATACTTAGCCAGCTCC,679
CACAAGAGTACGAACT,679
CGTTTAACTATAACTC,679
CTAAGGTGTTGGTAAT,679
CTCATCCAGTTACATC,679
TCACGCCAGAATTAAA,679
AATCAGCGCCCCACCA,678
AATTCTACTTATTCAC,678
ACCTGTTGACTTTGTA,678
ATACATGAGCAACAAA,678
CAATCCATTATCTGGT,678
CTGATAAAAAATACAC,678
GACCCCTTTATCGTGT,678
GGAGCAACTTTCAGAC,678
AACCAATGTCCTTTAA,677
ACTCTGGTACTGGATC,677
CACTGATACGTTTGAT,677
CAGCAAATTGAGCCAT,677
CGACACAATTACATAA,677
CTAAATTCTAGGAGCA,677
CTCACCAATCCGTGAC,677
GAACCACGTCTACACA,677
GATTGGACACGAAAAA,677
GCACGTGTGCTGCCAA,677
GGCTTATGCACTTATC,677
TAACAACCAGCGCGAG,677
TCAGTGATGACATTAT,677
TCATCTGGTGAGACTT,677
TTTTTGACTCGATTAC,677
ATGCTCTTACTCCACA,676
CCGCTACAACTCGACA,676
GAAGTATACTCCTCCT,676
GGCGTGTTAAACCAGA,676
GTTCATTGTTAAATGA,676
TTGAAAGTCCTACAAA,676
AAGTTTCTCCCTTTAT,675
AATTTAATGGGAATCT,675
ACTTTTGTAACACATA,675
AGTCGTCATTAGAGAG,675
ATAGTCACAACCTGGT,675
CAGAAAAGACCAATCT,675
CATTATTTACAAGCGA,675
GATATGGAAATATTGA,675
GTAATACGTACATTAG,675
TGTTAAACGAAACTCG,675
TGTTTCTGAGTGAGAT,675
ATAAGCCCAGATAATA,674
TACGACCTGTTGACGC,674
TACTGGTAGAACATTT,674
TCTGAAAGTCTAAAAA,674
ACCGATAAAATCATTT,673
ACCTGCTGTCCGTTAC,673
AGAGCGACACAGTAGT,673
CATGAGAATTGATAGC,673
CCCCTTAAAAGTGGCC,673
CCGTACATTCCCTCAA,673
CGCAACTTTACTAATC,673
GACTCGACTAGCACTC,673
GTTTGGTTGTTAACAA,673
TAGCATTGATGCATAA,673
TTATCGACAACTTTCC,673
ACACTCCACACCGTGG,672
ACGCAACATCACATAA,672
ACGCACAGCAATTTAC,672
AGAGCCTGCACCTAAC,672
ATACAAACTTTGTTTT,672
GAATCACACGGGCAAA,672
GACTGTCTCGCAACCG,672
GTCATACAACTTGGCA,672
TCTAGTTTCGACACGG,672
TCTGGCTATCCGACCA,672
TGCATATACCTCCCTT,672
TTGCTACTTCGGTATG,672
TTTTCACAGCCCCATC,672
AACTCTTCTATTTTGA,671
ACGGAAGGACTTTACA,671
AGCATTTACAAAACGT,671
CAACCGTGGAGGCAAG,671
CGGTAACATTTTAGCA,671
CTATCGGGATCGTTGA,671
GATATACTCGCGAATG,671
GCGAAGTATGCAGGAG,671
GGGATAACGACACGGA,671
TACTTATTTTTATCTT,671
TAGACGTTCCTTATAC,671
TTATACACGGACGCAT,671
ACCAAAAAGGCAACAG,670
ATGTAAGTGACTGCAC,670
CGGACTATATACGGGC,670
GAAGACTGACATCTAC,670
GATCATGTGTTACTCC,670
GGGATAAGAATTATTG,670
TATGTGAGAAATAGAC,670
TGATGTTTTGTACCCC,670
TTAAGCAACATTCCTC,670
TTAATAAATCATTCAT,670
TTGTAAAGCGAACCCG,670
AATTCATTAACGCTTC,669
ATCCTCGACTCCCGTT,669
ATCTCCGATATCATAG,669
CAACTTGCATATGTAC,669
CACCATCCAAAACCGC,669
CACGCCGCAATCCTTC,669
CAGACTCACACACGCC,669
CCCGCGATAAAATACG,669
CGATGATCCGATCCAT,669
CTAGACATTGAGAAAA,669
GGTACAGAAGCTTCAG,669
GTGAGGCATTAAGGTA,669
TATAAAACACATAGTT,669
TTGCCATGATTGGGTT,669
AACTACCAGTTCACGT,668
AAGAGTAGGAACAGAT,668
ACAAGACACCTAGACG,668
AGGTACTATAATTTTC,668
AGTACAATACCTGCGC,668
CGGAAGACTGATTGAG,668
CTCAAACCGAAAGAAT,668
TTGAAAAGTGCATTAA,668
AACTTCATAAAACAAA,667
CACGAGGATTATTCAT,667
CCAAGAATTAAGAAGC,667
GAACAGCGATATTCCG,667
GCTAGTTCGAATCTAC,667
GGTACTAATCTCCGAA,667
TAACACGACTTAAAGC,667
TAAGTAGGAAATCTGA,667
TCTGATTACCGTGGTA,667
TGTCATACAATCAATT,667
AAACTTAGCATATTGC,666
AAGTATTGCGCACTCC,666
ACGAATCGCACCGAAG,666
CTGACCTCTAAAAACG,666
GATAATGAATCAACAT,666
GCCAGAATCCTATGCA,666
GTGATAGCACCTACGC,666
TAGAAAATAACCCCAG,666
TTCAATCTGAAATTGA,666
ACACTGGACACTTATG,665
ACTAAGCTTTGAAACT,665
ATCAATCTTAACAGTT,665
ATTCAACGGTACTAGT,665
CAGTGAAAACACCAGT,665
GAAGTCCTTACAGAGT,665
TTCTCACTTCGGATCC,665
TTTCAGTCAAAGAATG,665
ACATGTGTATTAAACT,664
ACTTACACAACAATGT,664
GAATACGACACTTGGA,664
TACACTTCAAATGTAA,664
TTAATGAAAACTGTCA,664
AACCCGTTATTCCCAA,663
ACGACTTACAAAGCTA,663
AGCATTAGATCCTACA,663
ATACGTAACAGTGTGT,663
ATTAACATCATTCCAC,663
CGGTGGCGCAGACAAA,663
CTATGTAACATATCTT,663
TAAGTTCCTATGACCA,663
AGCTGGCAATCCGTGC,662
CATTCAACTCACACCC,662
CTATCCTATAATATTA,662
GGGAATTTGTGGATTA,662
TACATAGTAGTAATAA,662
TGAAAGATACCGATCT,662
TGTTGCCACGCGAGCA,662
ACCTACTCTTCTCATG,661
ACTAAGGATCGATCGG,661
AGCGCAAAATATTAAG,661
CCCTCCCGTAAGGGAC,661
CCTAGCCACAGGATCT,661
CTTCCCTACTAATTCA,661
GAATGCTACCATAATT,661
TACATCGACATAAGGT,661
TAGGTCAATCTCAATA,661
TAGTTATTCCCTGCAG,661
AATAGGTCTTGCGTAC,660
ACATCTTGCTCTTCGT,660
ACCACGCAGATAGCGA,660
CGACAAAAATGCAATT,660
CGGCACTTAAAGAAGG,660
CTGCTCCAATTGTAAC,660
GAGTCATAGCATTGAT,660
GTATTGTTCTTATCAA,660
GTCCAAATCGAATAAG,660
TCGGACCGTATATAGC,660
TCGTCATACGTTCCGT,660
TTTTATAGTCCTGGCA,660
AATAACAGCTCCCATT,659
AATTTTCTAGAAGACT,659
AGAATTGAAATTTGGG,659
CAATTAGACATTTTAT,659
GTGACGACTTCCCAGA,659
TAACAAGTTAGCATTA,659
TCTTCCTTAACCACCA,659
TGAACAAATACTACTG,659
AAGGGTTAGTGGATAT,658
AAGTGAAAAAGATCTG,658
ACGTGCTGCACATAGG,658
ATTGGTCGGATCCCGA,658
ATTTCGGCTATCAGGT,658
CCGACAATAACCTGTA,658
GACCACCTGGCGTGCG,658
GCGCGCCCACGAAACA,658
GTGCGCCTAAGTACCT,658
TATGATCACATGATGA,658
TGTGCCGCGCAACATA,658
TTATCGGTATCTCTAT,658
ACACGACATATAGCAT,657
ACCGTATGTTCAAGTA,657
ATACAAGTTGGACATG,657
CGTAACCTCTGTTGGC,657
CGTTATCATATGCCGC,657
GACACTCAGAAGACAC,657
GAGGGACGAGGAAATC,657
GCAACCCATAACGTCT,657
TTCTTATCCGCTCTCC,657
AAAAATCGATGACTGG,656
ACCATCTGAAGCCGAA,656
CACACACAGAAGATAC,656
CCCTCTTTTTAAAAAA,656
GTTTATTGACGAATTA,656
TCACAGATACCCTAAT,656
TTAACAAATTTCACTT,656
TTACATAGAACTCACG,656
TTCCTCCTGAAGCGAT,656
AAGACGAACATGGCTA,655
ACTCTACGAACAAAAA,655
ATACCGAGTGTCATGG,655
CAATAGAACTGGGCCT,655
TAGTACCACAGCGCGG,655
TCATGGCGGAATAGCA,655
TCTATCCAATCGAGGG,655
ACCTAAATGGACAAAT,654
AGATCGCCCATGGACA,654
AGATGTCCATCTTTGT,654
CAAACATGGCACGAAA,654
CAGCATTCATTTTCTC,654
CCTCCACTGTAGTAGA,654
GACAAGCTTCGATTAT,654
GACTTATTAGAAAAAA,654
GATTGGCACAAGAGTC,654
GGACAATCACTTCTGC,654
GTTTAGTTGTCCCCAA,654
TAGCCGGCCATTCAGC,654
TATCCTCTATAAATTA,654
TATGCGATTCTGTATT,654
TCATCACGAATCGACT,654
TGTCTCAAGTTGCCGA,654
TTAAAGATGAGACATA,654
TTATAACTTAACGCTC,654
ACAGGGCGGGCCTCAC,653
ACGGACGAATAAAATT,653
ATCAAATGACATGGAC,653
ATGGTCCACCGAGTCT,653
CAATTCCTTCAATACC,653
CGACGACTTATAGCAT,653
GACAACTATCCACAGT,653
TTCTAGTTTTACGAAG,653
AATACAGAATCGATTT,652
AATTGTCCCCCCGTTA,652
CACATGAGCCTATTTA,652
CTACATTTTTAGTCCA,652
GAAATCAGCCGTACCC,652
GTAGAAAACCCGCAAC,652
TCTATACTTTAACCAA,652
TCTATAGCCGGCAACG,652
TCTGAGCAGATGCGTA,652
TGAAAAAAATATGCTT,652
TGTCACTCGAGAGGCT,652
AAGATGATTTACAACG,651
AGCACGACATTGACCT,651
ATTTGACAATATTCCA,651
GTAGGCCAGAAGAATC,651
TACGACACCCAAGCTA,651
TCAAGTTCCTTAGGAC,651
AACTGACAGAGTCACG,650
ACCAATCTACAGTACT,650
ACGAGACCTACGCATA,650
CAGGATAAAAACAAGG,650
CCAAGGATTGTGAGCA,650
CCAGAGGAGGTCTTAG,650
CTATTCCATCACAGCC,650
GAAATAATGATAGAGT,650
GCAAGACGATACAACG,650
GCCTATTCGCGTACTG,650
GTCAAAGACCGCTGTG,650
GTCTACCAAAAGTCCG,650
TTTAACGTCCCTGGAG,650
TTTGACGCCCACACAC,650
AACCTTTTTCCCTTCG,649
ACAAGCTTGCCTGCAT,649
ACTATACAAAAAACCA,649
AGGCATACTTACTTAC,649
AGGGGAGTTAAGAACG,649
ATAATTTATGGCCTAC,649
CAGGACGTTAATCGCG,649
CCTAGCCCTTTTACTA,649
GAAATATTAATCCCAT,649
GCCGCACCAGTAAAAC,649
GCTCCATTAAAACACA,649
TCAAAATTACGACATT,649
TTAACTGATCACGGTG,649
AACTTAGGCTACATTC,648
CCTAAATGAAAAACCT,648
TATACAGACGAGTGAT,648
TCTAGCCAAATACCTA,648
TCTCAGCATTACACAA,648
TTCGATAGGCTTAGTA,648
TTGAACAAGCTCATAG,648
TTTAGCTCCCGTCGAA,648
AACTACTTCTTACCTA,647
ACCGTACCTTCAATCA,647
AGTGAAACAGTTAAGA,647
ATGCCAGAATTAGAAG,647
CATCAATAATATACTT,647
GCTGGCAAATCAATAG,647
TCTACGAGTGGCCCAA,647
TGACAACAGATACTGT,647
TGTTCCTGCGCATCCG,647
TTAAGATTGTCATCAT,647
TTGCACACTCTTTTTA,647
AACATACCTGCCGCTC,646
ACACACTAGTAGGTTC,646
ATAAAAACTTGGCAAC,646
ATGCCATACGCGAATG,646
GTAAGGCAATAAATGG,646
GTGTCCTAACATACTT,646
TAATCAACAGATAATG,646
TACGAGATAAAAACCG,646
TCTTCATTGAAACCCC,646
TTAAGCAGAAACCTAG,646
AGAACCCAGACTGCAC,645
AGAAGTTCCCCGGAAC,645
AGGTCATGATGTTACT,645
CATGGAGTACCCCAAA,645
CCGCTAGGCCTCTACG,645
CTACATTAACCGACGA,645
CTATTGTAACCGTTAT,645
GCAGTATCCCCTCAGA,645
GTCCATATTCACCCGT,645
TGACGCATATTGTATC,645
TTGTAGAAGAAATATC,645
AATAATGTCACACAAC,644
ACCAATAACCTGCTCA,644
ACCCGTTGCCCAAATA,644
AGATAGTGTGTATAGT,644
AGTACCATCATTCAAA,644
ATAGCATCCACGACTA,644
CAGTGATTTACTCTAA,644
CTATATATTTTGAGCA,644
GATATGGTTAATACAT,644
GCATATAAGAACATCC,644
GCCGCACAAGCGCACA,644
TGCAAGCATGATAAGA,644
AATACAGGCTGCACCC,643
AATGACAAGAGCTCAT,643
CCAGGAAAAATTAAAA,643
CCGCAATAAACAATCA,643
TGACCTACATAATGCG,643
TTAATAAGAAATGTTT,643
ACGATTGGCTTGGCCC,642
AGCCTATCCAGGTTTG,642
ATAACACTGTTAAAAG,642
CAATACTGCTTTGACA,642
CATGTCACTATCCCGA,642
CCCAAACCATTACCAA,642
CCCCCAGTCCAGCACA,642
GAAGTGGCTCATGAGG,642
GTAACCAGCAGACACC,642
GTAACGACAAATCCCG,642
TTAGATCAAGAGCATT,642
TTAGGTAAGCAGTGCA,642
TTCTCTACTTCCACGA,642
ACATAAGTTACAATAC,641
AGAATAGAACAAGACC,641
AGTAATATGAACTTGC,641
CAAGAACCAACCTTGA,641
CTTGGAACATCCACAC,641
GACACATAAGGATCTA,641
TGGAGATTCAACACTA,641
TTGAAAGCTAAATCAT,641
AATAACATCACATTAA,640
AGACGAATACTACACG,640
ATATGAGATAAAACAA,640
ATTGGATACTTCAGCC,640
CGTATGAGCTGGCTCG,640
GAAATCAGGTACCCAA,640
GTCTAAGCACTATCCA,640
TCGGATTTGCCCTTAG,640
TCTCGGGGCTGAATAC,640
ACTTACATTTTTATGA,639
ATAGTGTAAGAGACAC,639
CACCACACCGAACGCA,639
CCATATCTTCCAACGT,639
CTGCTACCTGCGCCGA,639
GTAATATAACTGCTCA,639
GTGAGTCAAAATGAAT,639
TAATTCTTACCAAACC,639
TCAAAAATCCGACCAA,639
TCCAATACGTTAAAAA,639
TCTGAAACAATTATGC,639
TTTATCAACCTATGCA,639
TTTTAAATCAATCCAG,639
ACAGGAATATCCACGA,638
AGCAATAATACCAATT,638
CATGAATTAGCATCAA,638
GCCGACCCGGGAATAG,638
GCTCAAGATCAGCAAG,638
TCCATACCCATACATA,638
AAGCTCCTGTGTGATG,637
AATACTCTCCCACTCA,637
ATACCACATGTTGGAA,637
CACTGAGAACAATTGT,637
CAGTAACGTGGTGCGC,637
CGACTCATTACCCGCA,637
CTCTAACAGGTAGCCT,637
GAACGCTGATACAAGG,637
GCTTTAAGCTACCTAA,637
TAACGACCAGAGATAT,637
TTTAGATAACACCACC,637
AATAAAAGATCCATGA,636
CTCCAGGTCCCGGTGC,636
CTTAATTCCTCAATAT,636
GACCAACACCAGTCTT,636
GAGCAGTCAGCTACAT,636
GTGAAATGGATAGAGC,636
TTCACGAATAGTAAGT,636
TTCGAAAAGAAGCACT,636
ACTGGCGTACCAGATC,635
AGATTGACCGCTAAGC,635
AGTAAGAATATAAAGA,635
ATATATCATGCTAAAA,635
ATTCACGTACCTATTA,635
CTCGAATCAAATGGTT,635
GCTCAATGATAAGAAG,635
GTACTTTCTTGTGAAG,635
TTATAGTAATAAAACC,635
TTGAAAAAATAATACG,635
ACCAGCTAAATCCTAT,634
AGACTCTGAAATAGCT,634
ATTACAAGATAGCATT,634
CTAAAATAAAAACCGA,634
GAAGTTCTAACGTTTT,634
GACTATACCCGGTGAT,634
GCATCCTCCCAAAAAA,634
TTAACAGTAGTAAGGT,634
TTAACCAGACGTGGAA,634
TTAATCAAGGACAACC,634
TTGGTTCCATGAACTA,634
CAGACTGTGCACGTTT,633
CCTCTTTCAAAGTCAC,633
CCTTAATAAGGACGAT,633
GAAACACTTAAGGGGA,633
GATCTAAATCGAACAA,633
GATGTTGCGAATGGAA,633
TAACAACAGTTGATGA,633
TATCAGAATGTATATC,633
AGTCCCCTTGGCACAG,632
CGACAATCACGACGAG,632
CGAGTATAAAGCCTGT,632
CTCGACGCACAGAGTA,632
GAAGTAACAACTCAGT,632
TAATATTAATTGAACA,632
TATTATGTTCAATTAT,632
TGGATACTATCACGTG,632
TTTAAAGGTTGCTACC,632
AAAGGTCTAAGCCAAA,631
ACCCCGGAGATAAAAA,631
AGAAGGCTTGAAACGT,631
AGGCTCTTAAAATTTT,631
ATAAGGATGCAGAATA,631
GAAGGCCAATCTAAGC,631
GAATTCTTGAATTACC,631
GCCACCCAATTATAAA,631
GGAGCAAGTGTCCCGG,631
GGGCGCTACCAAAAGC,631
TTGAAGCAAATGATAT,631
AATTACATCATGAAGT,630
ATAGTATGAACACCCA,630
CAGCATTGCATGTAAA,630
CTAAAAAACCTATCTG,630
CTAAAATAGCAAGTAG,630
CTGATAAGTAAATGAC,630
GACTCCGGACCTCGCG,630
GGTTTTTGCCTTGGTA,630
TAAGCACTCACCCGAA,630
TAATAAGTGTAAGGGG,630
TGCGGTTATTCACATG,630
TGTTTTCCATGTTTCT,630
TTCTTCCATATCCTAG,630
TTTTGCAAAAATCTTG,630
CCCTCGGGTTAAGAAT,629
CCTCCTGAAGGGCTTC,629
CGTCCATCATAATCAG,629
GAACATAAATTGAACT,629
TTATACTAAGATGACA,629
TTTTTTTCGGTTTAAA,629
ACAAAGAAGCATATGA,628
CCGATAACTGCGATCA,628
CTCAGTAGTGAGCATT,628
CTGGAAACAATCAAGA,628
GACAATCCAAAGTTCT,628
GCCTTAACGGTGGTTA,628
GGTCGTATCTCATTAA,628
TGGTAGCCGGAGCACT,628
TTAACGTATACCGCCC,628
TTCCTACTGATTTATC,628
AAGTTCAGCAGTTTAA,627
ACTGCTGGTGGATCGA,627
ACTGTCTGTGGTCCAG,627
ATATTGTCGAAATACG,627
CAACAATAAGTTAATT,627
CCAGGAACGTTACTTG,627
CTAGCATTATTGATCC,627
GAAATACTCCAAGGAA,627
GAACGAACGTATAATG,627
GACGATCAGAAAGGTG,627
GATTTCTTGTTGATTC,627
GTCGCAACTACATTCA,627
GTTACGAAAGTCATTC,627
AACAGTATATACTTAC,626
AAGAAAGTCCATAGTA,626
ACAATCCATCCAAACT,626
ACAATCTTCCTCAGAT,626
ACACACGCACTCAATA,626
ATTCTGAGTAACCACC,626
CAACAAAGTATAATCC,626
CGGATAACTGGTTCTA,626
GAGAATTAAATTCACA,626
TACTCAAGATCAAAAT,626
TGATTGTTCCCGAAGA,626
TGCCCAAAGGGACAGA,626
TGGGATCAATAAGGCC,626
ACACGATGGGCACTCC,625
CTTAAAACTGAGAGTC,625
CTTACAATTCGCCAAC,625
GCGTTGGATCACTTAA,625
AAGAACACCACTAAGT,624
AAGTGAAATGTCTTTA,624
ACCTAATTTTAGGAGC,624
AGCATAACACTCTCTA,624
CAGATACCCCCCCAAT,624
CCAGAGGTCTCATTCA,624
CGAAACATCACAGCAA,624
CTAGGACTTACAATAA,624
GCGTTCAGAGTTTACT,624
GTCTTAAATTAGCCAT,624
TCAGGCAGACAACGCC,624
TTCAAAAATCAACTCT,624
AGGGTCTAAAAACGGC,623
CAAGAGTGTTGCGAAT,623
CGCCTACAAAATGTAC,623
CGGGCAATGTATCGAA,623
TAACGAGTACGACGTC,623
TACAACATATTATACA,623
TCAATCGCATCCGCCA,623
TCACGATATAGTAAGC,623
TCAGAGCGTTGAAAAT,623
AACAAGTCGCATAAAT,622
ACGAGTCCTCAAGTGC,622
AGACATAACACAGGCT,622
AGGAGCAAATAGCCGC,622
CCAAAAGGAGTCCCCG,622
CGAAATACGGAGCGCC,622
GAGGAAAGGAGATATA,622
GATAAAATTCAATCAA,622
GCCAATCCAATCGTGA,622
GCCTCTCAAAGCATCC,622
GGGAAACATGAGCAAC,622
TGACACGGACATGAGA,622
AGCATTCCCTATTGGT,621
AGTAGCCAGAGCAAGA,621
AGTTCTCGCCCCTACT,621
ATGTTGAGGTTTGAAA,621
CTAACGCAACAGACAG,621
GAAGCTATCAACATCA,621
GATTGACGAAGGTGTA,621
GGATTCGACAATTATC,621
GTCAGGTAAGAGACTA,621
GTGACAACGAAAAAGA,621
TAATTAGCAACAACCA,621
TCTCACACAGCATTGA,621
TTGATTTACAATTTTT,621
ACCTTGAATCAAATTG,620
ACGCAGTGAGGAGAGT,620
ATTCCAATGAGAAAGT,620
CGCGTGAAAAAATAGA,620
CGGTCGCTCATGCATA,620
CTTTTAATAACTCACC,620
GCTTACACATTCCAAG,620
GTCATCGACCTCTGAG,620
TATCAAAACACTCTGC,620
TCGTCCACGACTAGCG,620
TTCTGCTCGCGCGATT,620
AACATGAGTTTTCTTA,619
AATTGGCTACACAGAA,619
ACACTTAGCTTACCAC,619
ATAATGTAACAATCCC,619
ATCATTTTGAGTGTAA,619
ATCCAAAAAACTCTTA,619
CAGGGGGTAGGAGGAG,619
CATCAGGTCGTAACAT,619
CCAATTATGACATTAA,619
CCAGCGACAATGTATT,619
GAACCGTAGTGGATAA,619
GCTTTTTCTACTAAAT,619
GGGCTCCAAAAGAGAG,619
TCTGTGACTACTAAAA,619
AAGGTGGAAGAAAAAT,618
AGATTCTTAATATAAA,618
CCGAAGGGAGGAATTA,618
CGAAACGAATCCCAAT,618
CTTAAAAGGCTTAACT,618
CTTGGAAGGTTTAGCG,618
GATCAATGACTCAACT,618
GTACCCGATATGCACA,618
TAAGCCTATTTTCAAC,618
TACCCCAAAATTTAGA,618
TATAAAGAAATCCTTG,618
TGGACCTTAGGCGTTA,618
TTATAATCTTTTCTAA,618
AACAAGTTCATTGGCA,617
AACAGTTACCACAATA,617
AAGTTATGGACAAACT,617
ACCCAACACTGGGGCT,617
AGAGATACACCGTCTG,617
AGCAGAAAGAATATCG,617
ATGCCCATTCATCAGT,617
CACGAAGAAATCACAA,617
CTTATCCCCTAAGTTA,617
CTTGGAAAATTAAGTG,617
GATTTTACGAATCAAA,617
GCAAGATAGTTCGTAT,617
TCACCGGCTGAACTGC,617
TCCCATATGTCCATCC,617
TTAGAATGTCTTACAA,617
TTTACCGTCACCGTCT,617
CAAGGAAGAAAAGAAA,616
CCAACACCCAAATCGG,616
CCACTGACAGATGTGA,616
CTTGGGCTGACTAACG,616
GCAGTTTTTCCATAGG,616
GCGCCTCCATACAGGC,616
TACACCTATTTTTAAA,616
TTTTACGGAAAAAAAT,616
AAGGTATTGATAACAT,615
ACAGTTTAATCAAAAC,615
AGTACTTTTAACTCTG,615
CACTTTCAACCCTTTT,615
CGCCTCACAATGTAAA,615
GTCGAAATCGGTATCG,615
TAATTCGTCGTAGATA,615
TCACTCAGGTACTCAA,615
TCGTTATCGAATTAAA,615
TGACCAAGGAGGATCT,615
TGCTACTAACCAAGTA,615
TGTGATCTACACTATG,615
TTACATTCCAAAACAA,615
TTTTGACTAGAGTAGC,615
AAAAAAGCAGTATGGA,614
ACAACGCACTGTTACA,614
ACCTACCTCACATCCT,614
ACTTCCTACTGGGGTC,614
ATCTTGATAGCAGACG,614
ATTACTATATACTCAA,614
CTACACAGGAACAATG,614
CTATACCAATGTATAT,614
GGCTTGAGAAGCATCC,614
GTAACCATTAAAACAA,614
GTGGCGACGCACATTG,614
GTTTTTAGTATCATTA,614
TAATTGCCAGCCTACA,614
TATCGATATTAAGTAA,614
TCACCGGACTATTATA,614
TTAACACCTGCAAATT,614
TTTCATCAATCCAATA,614
ATAACCAGTGGGTCCC,613
ATACAATCTGTACCTA,613
CTACTCGACCGGTGTA,613
CTGAGTTTATAGATGC,613
CTTAGGCTACAAGCTA,613
GAAACTCCCTAAAATA,613
TGTACAGTGTCATATG,613
AACTCAGGCGAACACC,612
ATCCTTAAAGGATGAG,612
CATTTCTACTTGATTA,612
GATCCCGGAAAGACCA,612
GTTTATTAAGCCTACT,612
TAGACTCTCTTGATAA,612
TAGTGCTAATCATTCA,612
TATAAAAAATTGAAAT,612
TATACCAAAGGCGCCC,612
TGGAAAAGCAATAATA,612
TTTACATGAAAACCCT,612
TTTATTTTGATCGAAT,612
AAACAAAAACGGTCTT,611
CAAGAAAACGCTTGTA,611
CTTCGATGTGGTGACA,611
CTTTTGTAGTGTTCGC,611
GCAGCCCAAAGAGTAT,611
GGACCGTTAGGCAAGG,611
TAATTTTGCTATTTAA,611
TAGGCTTAAAGCTACG,611
TGCCGACATACTTTAA,611
AACAGCCTTAGCGGTG,610
AATCCCATCAACGCAA,610
AATGATGGCCGGTGAA,610
AGTTAAATGATGCAAG,610
ATTGAAAAAACCGACG,610
CCCAACATACTAGGTC,610
CTAACAGGGTACCGCT,610
TCATCCTAGTTCGGCT,610
AATAATTAAAATAGCA,609
GACCTGTGGAAACAAT,609
GGATCACTATCTACGA,609
TCCATATTGTACCCCA,609
TCGATAGACGCTCAAG,609
AATCCGCGACCTAATA,608
ATAGCCATCTCTCTAA,608
ATGGTAGAAGTGCACT,608
CACTCGGACCCCTAAG,608
GAAAAAAATTCGAGGA,608
GACAAAACTTTGTGCC,608
GACAAATGAAAGACAG,608
GACATGTATGAGAACC,608
GCATATGCTAAAAACA,608
GGTCCAATTTGCTAAA,608
GTACGAATCACGTCGG,608
TCCGTAACACGCCATA,608
AACCGTAACACGAGTA,607
ACACTATTAATTTAGT,607
ACTTCTGTCAAAACCT,607
AGAGAATCGTGTCCGT,607
ATGATAGTTATGTAAC,607
CAAAACATAATGTCGG,607
CACTAACCGCCGTCGC,607
CTCGAATATAAAAAGA,607
GGACTATCATCCATTT,607
GGGTAGCGATAAAATT,607
TTCATCTAAATCCACA,607
ATTGACTAAAAAATCA,606
CAGGTAACTATGCTCA,606
CTCATGTACTACAACG,606
GAAGTTACCGGCCACA,606
GATATAAAGGTTGGAG,606
GGAACACCTTAACTCC,606
TACGGCAGGATATGAA,606
TCGTAGAAGTTAAGTA,606
TCTGCACCCTTATCGG,606
AACAATGATACAGTAC,605
AATCTATTCTAGGAGA,605
ATAGAATTGGGTAGTA,605
CCAGAGTAAGACCCAT,605
CCATCCTTGTTGCAGT,605
CGAACCTGATTAATGC,605
CTATTTGGGTAAATAT,605
GACTAACTTTTTTTCC,605
TCCCTAAAAACACATC,605
TGTCTTCACACATACC,605
TGTGCCTTTTACTATA,605
TGTTCCAAAACTGCAT,605
AAGGTACATTCCGTTA,604
AGCCCATTTTGTAAGA,604
ATAGACTGATAAAAAA,604
ATGATTAGACGCTATT,604
ATTAAATTAGTGGTAT,604
CCATTGCCAATTATAT,604
GATGAAATGAGTACTA,604
GTCTGAGAATAGAAAA,604
TGACACATGATCGACA,604
TTAATTCGATGGGACA,604
TTATTATAGCCGGGGA,604
ACTGTACGAAATCTAA,603
ATCACGCCCAATATGA,603
ATGACTTGATGACACT,603
GTTCGTAGAATGGATC,603
TATTAAGGGTCGTAGA,603
TCCTAGTAAGCCACAA,603
TCTTTTCAACCCAAGG,603
TTATCGGATTATGCTG,603
ACACGTGAATAGGTCC,602
ATTTAACGATGAACTA,602
CAACAAGGGTCGAAAA,602
CGTTATCCCTATAGCA,602
GAGATTAATTCCGTTG,602
GTGCGATCTACTGCGT,602
AAGACCCAACCTCAAT,601
AAGAGTGAGCTACAAG,601
ACAATAAAAGGTAAGG,601
ACATAATCAACATAAT,601
ATAGGATGGTTTATAC,601
CCTGCACGAATATAAC,601
CGTTAAATCCTTCTAA,601
GAATTTAACTATTAAA,601
TCACCTGATAATTCGT,601
TTCCAAATCAATCTAA,601
CAGAGTACAATCGGGT,600
CAGATCTGTCAAACCT,600
CCAACAAGTGTCTTCT,600
CCACTGAATATTCGAA,600
CCTATAAGATCAAACA,600
CGATTGAATTATATTA,600
CTCAATTATAAAAACT,600
GAAATTGTCTTGCACC,600
GAATTTCGATCGAGCA,600
GCAACTATCTATCATC,600
GCATACCTAATTACTA,600
GGGAAATTAGCTTGCT,600
GGGGCTGAAGAAGCAC,600
GTGTCACCACCGTGCC,600
TGATCCCCAGTTGAGA,600
TGATGCATATGCCTTT,600
TTATACTTGCAGTCTA,600
TTCATAACTTATAGTT,600
ACCGAGTACAACCCCA,599
ACGGAATTAGGGTTTA,599
ACGTTCTCCGAGACCG,599
CAGCCGATTTACATAG,599
CCTGAACTTTTTTTGA,599
CGTAGTACCTTTCCAC,599
CTCTATTCACGCTTGA,599
GAATCTGCAAATGGAA,599
GAATTAAGCGCATCGT,599
GACACCAACTCAGACT,599
GATCACCTTAAGGTCC,599
TAGGGCGGCTGAATTT,599
TGTCCAACCCATACTC,599
TTCTGACAATTTAAAG,599
AATAGAAAATGAACAT,598
ATCAGCGCCGCGTGTA,598
CGAGATCTTTTATGAA,598
CTAGCCCTGAAACTGG,598
CTCTTATTTGACAGAC,598
CTGATTGTTGAATTAA,598
GGATACACGAGACATA,598
TATGAGCCTCTATAAT,598
TGTATATTATAAGAAC,598
AAAAATTTCCATCATG,597
AAAACTGCTGCAATTG,597
AATCAGAGTACGTGGA,597
AATTATCCGTTCATAA,597
ACTAACTATAGAATTG,597
ACTAGGGGCCTCAGAT,597
AGAGAAAATCAAATAC,597
ATGGAGCGTTAAGAAC,597
ATTGAAAACTCGTAAA,597
CAGTAAGACTACGATG,597
CCCAAAGACTGGAACA,597
CTGCATATGAGAAGCC,597
TAAGCATTAATGGCGT,597
TATGAAGATTTACGAA,597
TGTTAACAAAAGATAA,597
TTAGTGGAGAAGTACC,597
AATAAAAACAGAAATA,596
ACCGCCGCTAATAACA,596
ATACAGATTTCCATTG,596
CATACAAAAACCGGAC,596
GAGAATTGGAATCGCA,596
TACCCCTAATTCGCAT,596
TATCTTATTAGAAAAA,596
TCTGAGCCAGCCGCCA,596
TGGAAACCCTATAATA,596
AGCTAAAAATATGGAA,595
ATACTAAAAACCAACC,595
ATATCACCCAAAGAAG,595
CCGGTCCGTGCAATAA,595
GCACTCATACTCTAAA,595
GGAAACCTCTCAAGGT,595
TGCACGCTCACTTAGG,595
CCAAGGCCAACTGGTT,594
CCGTTTAATCAGAGAT,594
CTAACTGATGATAATA,594
GAAACTGCTTAGAAGC,594
GAACTAAAGCCCCATT,594
TCAGATATCGCTTTTA,594
AAGAAATAGCTTTGCA,593
AGGACGTATTGCGCAC,593
ATGGTATCTGGAACCA,593
CTACCTATACTACCAA,593
GAAAAAGCGGATGGTT,593
GGTCTCAAGAAAACTG,593
GTCGATTCTGTTCGGT,593
TTAGTATCTAATCTAT,593
AATGCCTACCAATTCT,592
ATCAAATGACCAAGTC,592
ATTATTCCAATCATAG,592
ATTTAGCTATTTACTT,592
CGGACGAAATGTACTA,592
GCCTAATAAAGAAACT,592
TAGAATGTTCTATATA,592
TCAAGCCATCTCTTCC,592
TTTAAATGGAATAAAT,592
TTTAGCCTTTGTCGAC,592
AAGCACATTATGACCA,591
AAGGAGGTCCGTTCCG,591
ACATTAACAATGGACA,591
AGCGATTGATATAAAT,591
ATTTTTATACGGGGAG,591
CATTTACCCCCATTCC,591
GAATAAACACACTCAG,591
GAGTGCTCATCAAAAA,591
GATAGAATAGTGGGCA,591
GGACGGTTAAATCAGA,591
GTCACCATTTCAGATA,591
TAAGCAGAAAACCCTT,591
TTATAAGAATTCATTC,591
AAAACGTGCAGTACTG,590
AGATTAAATCTGATTG,590
CAGGCTAACTTAACCT,590
CCAAGCACCTACAATA,590
CCCCTTGAGGTAGTCA,590
CGATAAGAAACAAACA,590
CTCTACAAACAGAAGT,590
GAACAAAAATAGTATG,590
GAGGGCACTGGGGAAC,590
GCAATGTGCTATGAGG,590
GCTACCGGCGCATTAA,590
AGAAGAGTGCTAGGCA,589
AGTCACAAAAAACACG,589
CAAGATTAGCGCTTCA,589
CGATCCGGGAGTAACG,589
GACGGCGACAGTGATA,589
GCTGACCAACAAAGGT,589
GGAAGCAAATGGGCCC,589
GGAGAACAGATACATC,589
GGGTCTGAACTCACTG,589
TACCTATTGAATCACC,589
TCATAGGAAAAACCCT,589
TGATCCAACGAGGGCC,589
TTAAATGAGTATTTTA,589
TTAACAATGAATCTCA,589
AAGAACCCCGGCTCAA,588
ACTTCTGTAATTTCGA,588
AGGTCAATATACCAAA,588
CATAAACAAATATAGA,588
CCCACGTCATTCGGCC,588
CCGATGCCGTAGACCA,588
CTCAGAGCACAGTTTA,588
CTTCACGGTGCACGAT,588
AATATTGATGAGCTAA,587
ACCCTTTTTCAATCAG,587
CGACGAGGAACCTTTA,587
CTAAAGACGAACAAAC,587
CTTTACTGTTTGTAAA,587
GACGAATGGATAAGTC,587
GACTGGTTCCTACAGC,587
GTGTGAACAATCTTCT,587
TGTCAATTCGTAGACA,587
TTATCCTTAGAGAATA,587
AACAAGGTTCAAATCG,586
AACCCATGGCAAAGAC,586
ACGTAACTTTGGTGAC,586
GAGCGAAATGAAAGTC,586
GAGTAAAAGCACCAAC,586
GCGATTGGAAACGGTG,586
GGCACCCGTACTTATC,586
GTGAATAAATCGCCCA,586
TACTTGAAAACATCAA,586
TGAGCTGAAGATACCA,586
TTTATACGGTCTAAAT,586
AAAAAACATGTCGGAC,585
AAGTTTTGTAATCCTT,585
ACTTGAACTAACGAAC,585
ATAATTACATTACTAA,585
ATCCATTTAGCAAACA,585
ATGCATAAGTTAACCT,585
CGTTAACAATTTCAAC,585
CTATCAATAACAAATA,585
GAATACACATGTAATT,585
GAATCAAAACAGTATA,585
GATCGGCTATCACTGA,585
TAGAACCTATCTGGAA,585
TTGAATATCTAAAATC,585
AAATATACTTCTGTTG,584
AACAGAAGTGTCTTTT,584
CCCGTCCAGAACTAAA,584
TCCGATCGAAGAGTGA,584
AACGATTAACAACCAA,583
ACAAGAGAACCTTGAA,583
AGAACGTAAGAATCTT,583
AGTACCATCGCTCTTT,583
CTAAGCTCCATTTCCC,583
GCTTCAACCAATGTCT,583
TGGAATAGCTTAAATA,583
TTGTTACCGTAATATA,583
ACCAGATGTATGCCCT,582
CCTAATACACGCACGT,582
GAGTGATAACTTGATA,582
GCCCTCATCTTCGTCC,582
GCCTACATATTACATG,582
GGGGATTTGAAATCAT,582
GTTACCCTGAAAATTC,582
GTTGCTGATAACGAAG,582
AACCAAACCACGCTGA,581
AAGACAAGTGAGGCAA,581
AGAGCTTAACAGAAAG,581
ATAAACAATCCTTATG,581
ATGAGATTCAAGGTCA,581
GACAGACCCTTATATT,581
TTAACCTGAGGTCAAT,581
TTCAACTTATAAAGCA,581
AACGTTAATAGGCAAA,580
AAGAAGCCTGCTAAAA,580
AAGTGAGACTTACCAG,580
CCATCGCAACATTAGC,580
CTCGCCTCTGCATATT,580
CTTTAAACCTACTTCT,580
GAAATCCCCAGGGACC,580
GAGACAAAGTTACCCC,580
GATATTTGCAACCAAA,580
GCATTCGGACTTTGAA,580
TCACAAATAGCAACGG,580
TTGTAGCCCTTGAATA,580
AAATGCAACCGTGCCT,579
ATGAACTTAAAACATC,579
GAAATTGCAGTGGAAA,579
GACCCTAAGACCAATC,579
GACCGATAAAATATAT,579
GCCCTTTAACGCGTAA,579
GGCTCCGAAGAACTGA,579
GTCTTAAATATATCTT,579
TAATATGATGAAAAGG,579
TGTCCATTTAACGCAA,578
AACACCATGAACTGCG,577
ACACCAAGTGCAGCCT,577
ATAGATAGTGTACCTG,577
GCTTCAAATTGTGATC,577
GTCCGCCTACACGCCA,577
TAAGAATTAGGGTTGG,577
ACTCCCGATATACGCT,576
ACTGGTAACCCTGAGA,576
ATCTGGCGTGGCCTAA,576
ATGATAGCTTAAGGCG,576
CACTCCTACCATAACG,576
CGACCCGGAGCGACAA,576
CTAACTCAAGGTGTTT,576
GACCGTTGAGACCACT,576
GCACGGTTGTCAGCAG,576
TCAAATCGTAATGAAC,576
TCCCGAACTCTAAAAG,576
TCTATTTGTAGTTGTC,576
TTTATGAAACCAATAT,576
AACCTTAAGTTAGCTT,575
ACGAATCACCGAAGCG,575
ACTATTTATCTATCTG,575
AGACAGACTTATACTC,575
AGCAGGTAGTGCTGTC,575
AGGGTAGAGATCATTA,575
CGGCAACCAGTGAGAC,575
GACACCAACAATTTTG,575
TCATGAGAAAAAATAG,575
TTTAGTGCAATCATTT,575
TTTTATGCTAGAAGAA,575
AACCAGAAGATACAAT,574
AAGGGGAAACTTCCTC,574
ACATAAGGACAGTTCA,574
ATTAGATAAGGATTAA,574
GAGAGCATTAAGAAAA,574
TACGAAAAATTAACTG,574
TCACCCTGACCCAACT,574
AACTAACAAGAAACAG,573
CATATCAAGTAAAGAC,573
CCCGGTACCAACAATC,573
GAAATTTGATAGAGTC,573
GAATAGCAATAATCAC,573
GAGGAACTCCCCAACA,573
GTGACCTGTAATTCCA,573
TATAAGATAATAATTT,573
TATACACCCACAAAAT,573
TCAATTTGACCCGCCA,573
AAGTAAAAATTATTGA,572
ACCCTATCACTACCCA,572
AGTCGGTAACAAGGAA,572
ATCCATGATCACGGAA,572
CAGGACAAAAAATAAA,572
CGAGACATAATTAAAT,572
GCATCGCGTTAAAATA,572
GTTAACCTACAGTCAT,572
TAATGTGTAACGGAGA,572
TAGGCTAGCCAGTAAG,572
TCCTTATCCGCCAAAG,572
TCGAAAAAGAATGAGA,572
TCTAGCTACCATTTAA,572
TGTTCCGTTAAGAACC,572
AAATCGCCATATAACT,571
ACTTATCGTCGACCCT,571
GAAACAGATACTTACA,571
TAACTTAGCAAATGTC,571
TTCTGAAGTCTAGAAC,571
AGTCTACCAACGAAAA,570
ATGGTTTTTGAGACCC,570
ATGTTTTTGAAAAAGG,570
CATAATTTACAAGCTA,570
GCGTTCGACTCTAAAC,570
GGAGTAAAATGACTGT,570
TTAGTAGAACGAAACA,570
ATAAAGTATTATAATT,569
ATATCTAAAAACATAA,569
TATGTGCTTGAATATA,569
ACCAACCGATATCAAA,568
ACTTGACCCTCAATAA,568
AGATTTTACATTCTGG,568
AGTCCCGATGATCGAG,568
CAAATTAGAGACCCCG,568
CCGGACGCGCTAAGGG,568
GAACACAGGCTGCGGA,568
GAGAACCTTGTACTCA,568
TGCCCAAAGTAAATAC,568
AAATTTCCTCCTAAAG,567
CCTTTATACAGATAAA,567
GAAAATGCTGAGTCCT,567
GAACACTCATTCAGGA,567
GAGAGACATTTCTCTA,567
GTAAGAACGTACCATC,567
GTCTAAAGTTATCATT,567
TTCCCATGCAGCATCC,567
AACACATGACTTTAAG,566
GTTAATATTCTGTATA,566
TAGTGTCAACCCGTAC,566
ACTGCATACATTCTTG,565
CAAGATCGAATATTAG,565
TAAAAATCAACGCCTT,565
TAACATACTAAGAATA,565
TCGCTTTCAAACTCCA,565
TGAATTTATACTTAGC,565
TTTCCTTTAAACTTTT,565
ACATCAGCAAAGCACG,564
ATATGCTCTGGAGCCA,564
GAGTTAAGCTCAGTGC,564
GGCAGGATTCGATACA,564
GTTCTTCAACTCTAAA,564
TCAGATCGGACGAGGA,564
TGTATAGGCTTGCAAA,564
TTAAAATATCCTATCA,564
AATGATGCGTCAATCA,563
CATTAAATACGAGTTC,563
CCCCAGTAGACCAAGG,563
CCTATTAAGTCCCGAA,563
CTAAGCTCAAATAACT,563
GACTTAGAGATATTCT,563
TATGTTAACCCTGTGA,563
TCTAGAAACCCGTTAT,563
TGTGGCCTCCAATAGA,563
ATTGTACACAAAGCAT,562
CAAGAAACATAAATTA,562
CACGCAATGTACATCA,562
GAGCAACACCCACTTT,562
GTGAACTATGATATCA,562
TATCGGCTACGCGAGA,562
TTAATATTACCGTCAG,562
AAAAAGCCGCTCAAAA,561
ACCTTAAAATGTACTG,561
AGAGAAATATCACCTA,561
CCAGAGAGACCAGTAT,561
GAAAACTTATACCCTC,561
GGAGATTACTCACCAA,561
TTTACCTTTATCAAAC,561
AAAAAAGGGTTACTAG,560
AATGATACAAGATCTG,560
ACAATATCAAGTGAAG,560
ACGCCCAGAGTATACA,560
CCATGGCATGGCATAT,560
CCTAAGCTGGGTCCGT,560
AAAAGTTAATTCTAGT,559
TGAACTATACTCTTAA,559
AAGTCCTGAGGTGCAT,558
AATCTAAACCCACCCA,558
AGAAAAGAAACTATAC,558
CCGCCCCCATGAAAAA,558
GTACTACGGTATAGAT,558
TCTACCATAAAACCAA,558
AATAATCAAAAAAAAA,557
ATGTCAATACAAGAAG,557
GATGTGAATCCTTGGG,557
GTCTGCGCAGACATGC,557
ACGATACTAGACAATA,556
AGGTACAAAAATATAA,556
ATATCCAATCAAATAA,556
CTGCGTATCCTTCTAG,556
GAAGCAAATTCATATA,556
GAATCCACTAAAGATT,556
TAATCTAAACGTGTGA,556
TATACTATTAGATACA,556
TATCTGGCCGATCACG,556
TGATCAGTATCATAAA,556
AAGCAGGATAATTGAA,555
ACGAGAGACCTACAAC,555
ACTTCAACTTCAAATA,555
AGCACCAGTGTAACCA,555
AGGCCTAAGATCAAGT,555
CATAATATAATATTAC,555
GGATTTGTGTTAGCAA,555
GTACGTTTTTGAAAAC,555
TAGGTCAGAGAAAATC,555
TCAATCGAAATAAATC,555
TGAGACATCTAATGAA,555
AAATGCCCTAAGCCTT,554
ATTACCTAATAGCAGA,554
GTATCTCAAGTGTCAA,554
TCAGGTACAAAGACAG,554
AACTCGGTAGAAACTA,553
ACCACACGGTCGAGAG,553
CCCATTTAATTTCTTA,553
CCGCAACGAATACACT,553
GCAAATCCTAATCACC,553
TAACAAATATCATATA,553
TAACTAATAGATAATA,553
TCAGAGCTATCATTAA,553
TTAACTGATGCAAGCA,553
CCATTTACATCAATGG,552
TCTATTTTTCCGGCAG,552
AGTTTTATAATTGAAA,551
ATTTACGCCTACAGGC,551
CTAATTAACAAAACGT,551
GCAACTCAGGGAGCCA,551
GTCAATAAAACGCCAC,551
TAAGTACAGGTGTGAA,551
TTCCCCACTAGTATTG,551
AAAACCTACATGACAT,550
AGCCATTACAAAAAGA,550
AGGTTAAACCCAAGTG,550
ATCAATTACAATCCTT,550
GGTTATAATAAGTGCT,550
GTGACCACGGGGTTAA,550
GTTCCCACGAATTACA,550
TGAACCTAGTATACCT,550
TGAACGAAACAACGGT,550
TTAAACACTTGATGCG,550
AACACTTATACGCTTG,549
ACCAAAGTCACACCAC,549
ACGACCTATCCAAACA,549
GGCCCCTATATCACAA,549
TAGTTAAACTCAGGTA,549
TATATGTAGTTAAACT,549
TTATAAACTCCTCACC,549
AATTAAATAAACCATA,548
CGTTACGTCCAGATTT,548
ACGTAAATACAGGGCC,547
AGAGAACACACCTTAA,547
ATAAATCCTAGTCTGA,547
ATCGACAAAACTCGCA,547
ATGATATGGATCGCAG,547
ATGTCCAATACGACGC,547
CGCACCGAAGGCACTC,547
CTGATACACCACAAGC,547
GACACGTAGGGCAACA,547
GATGCCATATACCCAA,547
GTATCTGTAATATTGA,547
TGCCCATTAGTCGTTG,547
ACTTAAGAAAGGAAAT,546
ATTCAGTCTCATTTGG,546
CCAAACAGAATAAAAA,546
CCTCGAAGAAAATTAA,546
TTACACCACCATACCC,546
ACAAAATCAGTATGTA,545
AGCAATCTCTGTTCCA,545
CATTTTGTTTATAAGA,545
CTTAAAGAACCCTATC,545
AAAAGCGTATGGCAAG,544
AACTCGAGGAGCACCA,544
AAGTCGTTGCAACGTA,544
CCCAACACAGAGAAAA,544
GTTAAGGACGTGCGAT,544
ACTGATCTTCGCAAGA,543
ATATATTATCTTCCAT,543
CACTGTAACTCCAGTC,543
CATAACCGCAACAAAC,543
CGAAAACGCTTCAGCC,543
GAGGACAGTATGAAGA,543
AACGAAGAAGCCTTGA,542
GAATTTTAAAGCTCAG,542
GATGATAAGATCCAAT,542
GGAAATAATTTATTTG,542
CACAATTAAATAAACC,541
CTCAAAATATATACCG,541
TTTCATAATTATTTAA,541
ATAAGAAATTACGACT,540
ATCGCATTTCCTTATG,540
ATCTTGAGAGCACTAA,540
ATTGCGTTGTGATAAC,540
CTAGCAGATGATTCGT,540
TTTAGAGGATTAAGTA,540
AATAACGACCGCCAAG,539
AGTCCAGAGTTAGCAT,539
ATGATCGGTTCAGTCC,539
CATTCCCTAGATATTA,539
CTCGAATTAATGGAGA,539
TAATCTCAATACAATC,539
TATCCCAAACTACTCG,539
TCTAAGCGGTGAGATC,539
TGTATATAAGTTAGTT,539
AAGTACTGACTGACAT,538
ATGAGCCGACCATGCA,538
CATCAACAGCTGCAGA,538
GAGCAGTACTGAATAA,538
ATTGAGCGTTTAGGGG,537
GCACTCACCCGTAAAG,537
TTGTTTTTGCGGATCC,537
ACACCCGAAGATAAAT,536
CTCGAAGAGTGCCCAA,536
GGCAGCATGACAGTTT,536
GTTCGCGTCGAAAGAC,536
TCTAAAAAATAATTCA,536
TTAAGCTCGGATGAAA,536
ACGACAACAGCACCAA,535
ATGACATAAATGTTTA,535
GGCTACACTCATGAAG,535
GGGCTGCATAGCCGAA,535
TCTGAGCTTTAAATCA,535
TTCTCAGGAATCACAA,535
AATAAAAGAGGATAAC,534
CGAACACAAAGTCCCG,534
CTTTTAACTTCCATGT,534
TCCTCTGCAAATAGAT,534
TTCATACAACTAAAAG,534
AACAGACCGAAAAGTG,533
CTCCACCCCAATGAGT,533
CTTGAAAATCTATAAA,533
GAATTATAAAAAACTG,533
GGAGACAAACAACTGC,533
GTCACTGCGGAGGATG,533
TAACGACTGGCAAAAT,533
TAATGAAGACTACTTA,533
TATTCATTGCTCAACC,533
TGAACTGCAAAGGAAT,533
AAATGCATAACAGTCA,532
ACAACCTTAAGACTTA,532
ATTCATGGCTATAAAA,532
CGATAACCAGAGTATA,532
CTTTTAATAGTCATGC,532
GCACCAGGTGTTGAGC,532
AAAAGCTAAATCACGA,531
ATCAACCTTAAATGCC,531
CACTAATAACCATACG,531
CGTTATTCGCCGCGCC,531
CTCTTAGATTTAAAGA,531
CTTAATCGTTTTAATT,531
GAAGTCTTCGCGTTGC,531
GCACTAAATCAAAATG,531
GCTGTGGGCATTTAAA,531
GGGAACGATGAGAAAT,531
TCCACAAAGAACTTGC,531
TTATGACGATAAATTA,531
ATGACTTTCCTATGAT,530
GATCTTAACAAGAAGT,530
GTACCATGGCTGAAAA,530
GTCTTAGAAAATCGTA,530
TAGTTAAGAGGCGCTT,530
TCGTAACTTCTGTAAC,530
AGACTGGCCAACTAAA,529
ATCACCAATCACGAAG,529
CAGCGATAGATCTCCA,529
ACATCATCTGATCGCC,528
CTTATCCGTATTACCT,528
GCACTCGTATTTTACT,528
TACCTCAGAACAAAAA,528
TTAAAAGCCGCATTAA,528
TTAAACCCGCAAAATT,528
TTGGTGACATCAATAC,528
ACATGATTATTTTGAA,527
ACCAAATAAAGAACGG,527
CCAACACAGGTAGCGA,527
TTTAACTATATTGCAA,527
ACAATCTTATTATTTT,526
ACTTGACCAAAGAAAA,525
CAATAAGACCCCATCA,525
CACAAGAAACACATCC,525
CGACCAAAGTATAGAA,525
CTCCAACCTTCGATAA,525
TACCTTCTCAAAATAC,525
TCATTGTATACTGAGA,525
TCTTAGCAAAAGACCC,525
ATGTCAATACATCAAG,524
CGGTTGACTAAGAACT,524
CTTAATCTGTAACAAC,524
GAGCAAAGTGGGAGCA,524
TGTAAGACAAGCATAG,524
TTACTCAATGTAAAAA,524
AACGCCTATGAAAAAC,523
CATTAAAGCGCACTCT,523
CGAAAGAGAATTCAAC,523
GGCCCTACCTATGCGC,523
TAGCATAACTATTCAG,523
AGCTGCAAATAAGATA,522
AGGACGGATACGAACG,522
GGCCTCACAAATCTAT,522
AGCTCCAACTTATATC,521
CATGTATTTTATATTA,521
TAGCATTAACTTCTTA,521
TCACCTAAATAAATAA,521
ATGTTAAACCATTGCT,520
CCAGGCCTTTCCAAGA,520
GGCTCCCCTCGGAACC,520
GTACCACAGGTGCAAG,520
TACATGGATACGAAAA,520
TATAAGAAACACAGTT,520
ATTCCGCAAGTATTCG,519
CACTAAACTCATATAT,519
GTACCCCAGCCTAAGT,519
ACATTTAGAAAAGAGA,518
CATCAATGCAAATTTC,518
GGAACACAATTAATGG,518
GTAAAGAGAGCTAGCA,518
TCTAGATTCTATCATA,518
TGACCTCTTCTCTGAT,518
AAAGAGCAGTCCACGA,517
AGTACACCTAAGCTGC,517
GGAGCCTAACTCAAGG,517
TAATAACCCTTTGGTA,517
TCAGTGATTGCCTGTC,517
TGAAATTCAGATGGGT,517
AACGCTCAAAGCATAA,516
ATATTGCTAAAAGGTG,516
CATAAGACGATAAAGT,516
CGAACGTGTGACCCCA,516
ACCAACTCTATCGACG,515
CCCGCTAACACCAAAG,515
CGTCTAACACGTCCCA,515
GGATATTTTGCTGACC,515
AAAATTAGTCTAACAA,514
ACCACAAAAAACAGTA,514
CCCGTTCTAAACTTAA,514
TCTGTTTCTAACAATT,514
TGTTGACACAAAAGTT,514
TTAAACCCACACTTAA,514
AAATTTCTTCACTACC,513
ACTTGAAACAAAATCC,513
CAGAAAATACGAAACC,513
CCACCAGGGAGCCATC,513
CCTATAAATTAGCCAA,513
TAATCAGGTGCCCGGA,513
CAGGCCTCGATTGATG,512
CTATCTCCTGGGCCCA,512
TAGACAATTAACCAGT,512
TCCACAAAGAAATAGC,512
TGAACCGAGAATCTAA,512
TGGAAAGATGTAGTTA,512
AAAAAGTAGACCATAC,511
AGATCACAAAGAATAC,511
GAGTGACGGCGCGGTA,511
TATGAGTAAACGCTCA,511
CGTGAGAAGAATTAGG,510
GGGCAGCTAATCGGGA,510
CAAATAAGCCCCCCAT,509
CCAATGCGCTTTTTCC,509
GAATACATCCGTTTTT,509
GAGGAGTAAGGTGATA,509
AAACTTGACCTCAGGC,508
AAATAACATACAAGCT,508
AACCGGCTGGGTATCA,508
AATACCCCATATTAAC,508
CGTAAGCTAATTAATT,508
CTAAAAGTGAGATATA,508
ATACCATATCCAGGTT,507
GATCCAATGAAAACAA,507
GGACTCAGACTCATTG,507
ATAAAGAATGTGCCCA,506
CATATTAAAAATAATA,506
TCACGTCGTTTGATAG,506
ATATGTTGCAACCTTT,505
GCATTAATCCGAACAC,505
TCACTAGTATCGGCCA,505
TCATTCCAAAATGCTC,505
TTACAGTTCAACAAGA,505
AAGTCAAATATAAACC,504
ACAAAGTTACCCAGCC,504
AGGCGACCTCCAGAGA,504
CCAATACTAACGTCAA,504
CCATACCGGCCGTGAT,504
CGGAGACACACACAGA,504
CTTTTACAGCAACCCA,504
GCAGGCGTCGCTAATA,504
GGACAACAGAGAACTT,504
GTATGAAGTATGATAT,504
TAGCACTCCATCGGCG,504
TATCAATGAAGAAGAA,504
TCAATCCGATCAAAGG,504
TTGTAATAACGCGCTA,504
TTTAGCCCTTAAATAG,504
GGTCTTGCACGACACC,503
TACAGACCTAAACGTT,503
AAAAGGAGCGACTTTA,502
AAGCACTTGGGTTAAA,502
CACACCTCATGGCTAT,502
GACCAAAAATGAAGTC,502
GTAAACACGTTCAAAG,502
GTTCGACATGGCAATA,502
TGTAAATACACACACT,502
AACAAAATATAATCAT,501
AATAATGAATTAAAAA,501
TATAAAAATTTCTATC,501
AAATATATAACGCCAA,500
AACTACGGATACCAAA,500
ACACCCAAATCAGAGA,500
ACTATAAAAACCATAA,500
CACAGGTCACAAACAA,500
GAAGAAGAGACTCAAA,500
GACGAACATGGTCGCT,500
TTGCACCTACGATAAT,500
CCGAGCCTTAGAGTAG,499
CTTCTGTATGAATAAG,499
TATAAGTAAACCAACC,499
ACATACAATATGTTGC,498
CCTCGCGAACGTAACA,498
CGGTCACAGGCAACAA,498
TTAAATCACCAGTGCT,498
AGACAAAACTAAACCC,497
ATAGGCTTTAAAGTTT,497
GCAATACCCTGGGGAT,497
ATTTTAGTCACTACTT,496
CACAAGAATTATAGTA,496
ATCCCATCAACGCGTG,495
CCCCAACACAAAAACG,495
TAATAGGCCGGATATG,495
TTAATATAATTCATAT,495
AAGAAAGATGTCAGAC,494
AAGTCTCATTTTCAAC,494
CATGGCGTTAAATCAA,494
CTTAGCTCTATTAGAT,494
CCACCAAAATACCCAC,493
CGGATTGCATCCGACC,493
CTACCGATTTGCAAGA,493
GTACCGATCCAACAAA,493
TCATGCTTAAACACTG,493
AGGCAAAATCACACCC,492
CGAACATAACTAACCC,492
AACTGGTTACACTAAA,491
AAGAAAAGATTACTAA,491
ATATTAACTTTGTTTA,491
CAAGAACACTATGACC,491
CAGATATAATACATAA,491
GTAAAAAGAAGATTTG,491
GTCTGAAAAAATCGCA,491
TAAACATTGAACTCCG,491
TTGATTAAAGGCTAAA,491
AAAGCTTGCAAACCAA,490
TGACGCTCATAAATTT,490
AAATACGCCATAAAGG,489
AATCAAACTATGAATG,489
AGTACCATTAATAGCT,489
GAACTTAACATTATGT,489
GCCTTCCATAAACCCT,489
GTACGGAGTTTATTAC,489
TACTTATATAAGCTAT,489
CAACGCTCTTATTATT,488
CGACATCGTCAAGCAC,488
AAAAAGCGAACTTGTC,487
AGGGATCCGTGAACTC,487
CTGAGCCATAGTTTTT,487
TGTCCAATACCCAAAA,487
AAAAAAGCGCCAACTT,486
AGAGTCAATCTATGAT,486
CACTACCAAAAACATC,486
TTTACCCTTCTCCCAA,486
AACAAGTATTCTTTAG,485
ACAAGGAAATACGTGA,485
ACAATTTCAGCCACAT,485
ATAATGTACAGCGTAA,485
CTAAGCTAACCATTAA,485
TCTAGGACCCTTTTGC,485
AGTCCTTTTGATCCCT,484
CTATATTATAAGACTA,484
GTAGGAACGTATTCTT,484
TAATAAATCGGGAGCC,484
TCACGCCAACGATACT,484
AAATACTAATGTTCCT,483
CACTAGCCTCACAACA,483
GGATAAAAGAATTGAA,483
AACGAAGACGCTAAAA,482
GGACCTGAGACTCAAC,482
TAAATAAAGTATCTCT,481
CTAAAGCAAAATCGCA,480
GAGATAGAGTTCAAAG,480
TAAAACTGACAACAAC,480
ACTATTTCTGCCAAGA,479
GAATTGACCAACACTC,479
TACCATTAGATACAAT,479
TGTACTTCAGCGATTG,479
CTGCCGTGTTACCACT,478
TTCAAAAAAAAGCCAT,478
AAAACTTCTGAGCCCA,477
AACAAAGCAATATGAA,477
TCTGGAAACAACAAGA,477
AAAGAAATCTTTTGCC,476
CTCCCATTCAAGTTTC,476
TCTATCTTCCCCGAGA,476
AACGGGTATCGAGGCG,475
GGAAGATAATAAGGAT,475
GGTGTCCAGGATGACC,475
TTTTAAAGTGCTATAA,475
ATCTTGCAAAGTGCTA,474
CACTGCAAAAGTTATA,474
CTATTATAAAACTCAG,474
GAACCGAACTTATTAT,474
GAATCTGACGAAAGAA,474
TTAAAAAATAAAGGCA,474
TTTTCCGCACTCAAAT,474
CCTTCAGCCTCTATAA,473
TTCGAGAACCCAGAGA,473
AACACGAGACCAGTCC,472
ACACTTACACGAATAA,472
GACACCTAGTCACATC,472
GCATGAGTCCAATACA,472
TCAACAATGAATTGTA,472
CTGAACTAGAGTGTAG,471
CTGCAAAGCGGGGCGT,471
ACCAGGACACATCGTT,470
AAGGATTTACAAACAT,469
GTAAATATGCAGGAAT,469
TAAATAATCAAAATAT,469
GCCCAGAAAAATAAAC,468
GCCTAAATATGAACAG,468
GGCCATTAATAAATCA,468
AAATACGCACAACCCC,467
AACCAAAAACGGTGGA,467
ACGTAAATGACAAGGT,467
AGAACATCTAACCATG,467
TACAAACAAAACAACA,467
TACGTAAAGTCTATAG,467
AAAGGCTTATGTGATT,466
AATATATAACTAAATA,466
AGAAACCCTGACCTCT,466
CCGTCCATGGACAATA,466
TATTCAAAACAATGAA,466
AAACATGACTACCCTA,465
AAATGGAGCCGAAACT,465
AAATGGTACGATAACC,465
CTCTATAATCATATAT,465
CGAACCACTCTAAACA,464
GAATATTCGATCGTTG,464
TGCTGGCTGGAGCTAG,464
ATAAACATCACCCAGT,463
GGCATAGGATTATTCA,463
AAAACAGGCAGAATCT,462
TATTATAGCAGAAAAC,462
TCGAAATAGATTGTTA,462
TTACCCCTGTTAAGCT,462
CACCCACCCTTGGGCT,461
CTTCATTATATAGTAC,461
GCAGATGCTAACGAAA,461
GGAAATCTCGCCCATA,461
GTCTATAATTAAAAAT,461
TACTATTGCGTATTTG,461
TGTATTATCCTTTGTA,461
AAACAAAAGTGAGCAA,460
AAAGTATAGAGGTTGA,459
ATAAGAGACATAGAGC,459
CATGAGAGGCGGTAAG,458
TGAACTAAACACACAC,458
AAAGTAGTGATCCTGT,457
GATAAAAACTGGAAAC,456
TAGTCAACTAAATAAG,456
TCATAAACCCGATCAC,456
TGGAGTTTTCCGAGAA,456
CCACAAATCAGACCCC,455
TACAGGGCCACAAACG,455
AAAATTCTGCATGTCA,454
CGCACATAAAGGATAT,454
GATTTATACTTTAATA,454
ACATAAATAAAGCTAC,453
CGAAATCTTAAAGCCT,453
ACGCATACCTCTGCAC,452
AAAACTTAAGACTAAG,451
AATCTTGAGCAATAAA,451
GTAGAATATATTAAAT,451
TACATATCATTAATCT,451
AGGCTTTCAGACCAAA,450
CTCCCCAGGCAAAAAC,450
GTCACGGGAGTATTGA,450
CGCTATACACCAACAC,449
GACCATAAAACACCTT,449
CGCCTAGAATATAAAC,448
AAAAGCATACGGACCA,447
ATGCCCATTTAGAAAA,447
CCACTCTAATTCGAAT,447
CCCCCGGAAATTTCAA,447
CTATAATCCACAAACA,447
TAATAAAATCCCATTT,447
TTAAGCTAAGGGGCCT,447
AAAAAGTGTAAAAACA,446
AAAATAAGGGCAACGA,446
ACGTGGCTAGACTGAA,446
CTTAAAGACAAGTGAC,446
GTCCCACATTTAACCC,446
TAAGCCCGCAGCTCCT,446
AGCGATTTGATGGTAT,445
AGACCACAAACAATCC,444
ATACCTGTCAATAATT,444
GTATAACCTAAAGATA,444
TTACTATAAAGCATAA,444
AAATGAGTAACATCAG,443
CCAAAATACATCAAAG,443
CCAAATAAGGCGGAGA,443
CTAAGTAAACTCATAG,443
GTAATCATGTGGGTCG,443
TAACCCTTTAGTAAAC,443
TAGTTTAAACGATGAT,443
AAACAATCTATCATGG,442
ACTAAAGTTACGACTA,442
AAGAATAAAAAAGATA,441
ACACAGCTGTGCAAAA,441
ATGTTTAATTAGTAAA,441
TACATAGATATAAAAG,441
ATAAATTTAACAGAAA,440
TTTGCCTTAAAAAAGA,440
TTTTATGCTTAGACCA,440
GCACAAATTAAGACCT,439
AAAAGAGCATTATCAC,438
AAATGTATTAGACTGC,438
CAAAAGAATTTAACCC,438
CTAATAAAGAGCAACG,437
GATACAAAGCACTCGG,437
TGGATCCAACACAGTA,437
ACTCAAACAAGAGCGT,436
CTTAAAGCACTTTTCC,436
GTTAACTAGGTGGGGA,436
TTTAATCCAAACGCAT,436
AAGAGATAAGATTACC,435
ATTCAAATACTCAATA,435
CCCTAGGCAACTGTGC,435
AAACTATTAATTTTAA,434
CACAAATCCCGCTTCA,434
GAACTATAAATTCTTG,434
TACATTGACGCTTACA,434
TACCTGATTCAATCAA,434
TCTTACATAGTGTACT,433
CAATAGGCATAAGTTT,432
GGATGTAAAATACCAA,432
AAATAAAAAGTTTTCA,431
AACAAGAGTAGAGAAA,431
ATTTCAATAAGCCCAA,431
CCACTCTCCAATCTGT,431
GGCAGCTAGATCGTTC,431
GTTGATATACCGGTTG,431
TATACCGGAAAGTCTT,431
TATCACAAAAACGTCT,431
TTTCGAGCCAGAGTAC,431
AAATAATTCATAAAAC,430
CCGCAATAAAGAATAT,430
TGCAAACAAATTTTGA,430
TTAAACCAGTTGAACA,430
GAACATAAACCCTTGC,429
AAAGTTATAGCTGTGC,428
AAGAGGGTTTCTTAGA,428
CGTACTGCAAATTGCA,428
GCAATATATAAATTGA,428
TTTAATGGGATAGAGT,428
TTTATTATACACAAAA,427
AAAATAGCAGATCTTC,426
ATTGAATCTAGTGAGC,426
CGAAACGTTCAGAGCT,426
TTACGACGATCTGCTC,426
ATATCGAACTATACGA,425
AAAGTGAGATCTCTGC,424
AATCTAAATGTTTTAA,424
AGAAATTTAAGTATAA,424
CGAACCTAATTGCTTA,424
GCCGCAAACGAAGCCA,424
TAAAACTTTTTACATT,424
AAGAGAACCTGTAGAT,423
AGCGTACATATACCTT,423
ATACATCACGGAGCAT,423
GTGGTTCACCCACATC,423
AAATTCGATAGCTACG,422
GTTTAAGACTTTGCAA,422
AGAGACGACACATTAA,421
CAGAACTATAGAATTC,421
TCGTCAAGTCTAGGCG,421
AAACAAGGATGACGGA,420
AAGCAAACACGTAAAT,420
ATTTTAAGGTAAATAG,420
CTTGTATCAAGACTTA,420
TGAAACAAACCTCCGT,420
AAAAGAAAATTATTAG,419
ATACAATAAACAACAA,419
CGCACCGCGACCGAAA,419
AAACAACATAATCTTC,418
AAAGACCCAAAAACTT,418
ACTAGGGCTACTTACA,418
AAACATTGAGTGACCG,417
CGGGCTAGATTACGAT,417
GTTGTAACTTATTGCA,416
AAAGAGAATAAGACTG,415
CGCCTAAATCTCAAAG,415
CTCAACAAACCTTAGT,415
GTAAAAAACAAATATA,415
TGCGCCTAAAAGAGTG,415
AACCCTTAAAACCAGA,414
CCAACATAAAATGAAA,414
CGCAAGCAGTCGGATT,414
TAAAATGGTCCTAAAG,414
ATTTAAACACTTAGAA,413
GATGTCGGATACAATA,413
ACATAAGAATTATTAA,412
GAACACTTCAGCAAAA,412
GCAAAATTCCCAGTAA,412
TGTTCGCACCATAGTG,412
AACGAGATCTAAAAGT,411
ATAATCTCACTAGAGA,411
TCTAAAAATTAATTCC,411
TGGAACAAAAACCTAT,411
AAAATTCGTAACAAAT,410
AGATAAGCAAGACGCC,409
CGTAAGAAAAACAAAG,409
CTTAACTCTAATAAAC,409
TGTGATACAAATATAT,408
GGCGATTACAGCAATA,407
GTTAAACGGCAGTATA,407
TAATTACTATAAATCT,407
ATAAAAACTGTAAACA,406
CAAATCAGCTCCGAGT,406
CGAAATACATAAAATA,406
TACATTCTCTAATAAC,406
TACTTCAAGGACGAAT,405
GCTCCGAGATTCGGAA,404
AAAATAAGACGACAGG,403
AGCTTCAAACGTAAAT,403
TCAAACGTTCGACATG,403
GAACTTATAGGCCAAC,402
AAAGTCCTATCTTATC,401
TTGTGGGCCAACAACG,401
ATCGGAGCTTAAACTC,399
CAAATACAACTACTTT,399
CGAACCCCACGAAGTA,399
TAGAATATCAAAGCAA,398
TCAAGTCCCCCAGTCA,398
GATATACAAATCATTC,397
TGGGAATGGAATCACT,397
TTGGCAAAGTCCCACC,393
AACAGAATAAATAATG,392
TCATCGAGCGTGGTTG,392
AAAATATAAATCTGAC,391
ATAAACCGCCATGAAA,391
GCAAATATAAATAAGA,391
TACCTGGTAAACTATG,391
GCCAGAATACAAGAAA,390
TAGAAGACGATTGTGG,389
AAATAAAGTCATTTGT,388
AACTAGATCTACGGAG,388
CTGACACATCCCGGTG,388
TTATCAGTCCGCATCT,388
ATTCCTTTTATAGTCA,387
CACCTCCAACTAAACA,387
GAAAATACATCGTGAC,387
GAGATAGCACATATCG,387
AAAATATGAGCATTGT,384
TGCGTACCGTTGAAAC,383
TTTAATGCACCCCGTA,383
GGACCATCACCTAAAT,382
TCACCGCTTCCCAGAA,382
TTACTATATTAGTATT,382
CAAAACGTTGACTCAT,381
CGCACAATATACACAG,380
TGACGCGCCACTCTGT,380
AAAGCCTATAGTGCCA,379
TAAATAGATAAGACGA,379
TTCTAAGCTACGGCCG,379
AATCAGAGATACCTTG,378
ACGCGATGACAATGTT,378
ATTGTCTGACCCACTC,378
GCAACAAGACCTAGTA,378
TTAGCTAATTAAAAGC,378
AACTCAAAGTAGCAAC,377
TAAAAGAACTCTTCCC,377
TCAAACTTATGCACAT,377
TCGGAAAGCGTACCCT,377
TCTAAAATCTGCAAGA,377
ACTTGTTACATCCTTA,376
ATCTTTCACAAATATA,376
CATTACGTTGACAACA,376
CGCCGTAAACATATAA,376
AAAGCAATATAACGCC,375
GAGGTCAAGTGATAAA,375
TACTCGCAACAGTCAT,375
ACATCTGCATTGACGT,374
ATTGACATGACATATA,373
GACAAAATATCTAACA,372
AACTAATAACGCTTAG,371
TAACCGTAAAGTTAAA,371
CGATATAACAGTCATT,370
CTATTAACTCAAATAA,370
AGTATAAACTGGTCGC,369
AATACTATCAGAGGCA,368
ACAATAGGACAAAAAC,368
CATACAAAAAACGAGA,368
GAGCATGGCAAAACTC,368
ACATAACTGTGAATAG,367
AGTCGACTCCAAGATA,367
GAAGGCTTGCTAGATA,367
GTAAAAATTAGCTGGA,367
TGGGCCACCAAACGAT,367
AACTCTTCACAAATCC,366
CCCCACAGTAAAGGTG,366
CCTGATCTAAAATCAC,366
CGGGAGCGTATGTCTC,366
TAGCTACCAAGATTAT,366
AAAATCCCACTGTCTA,365
ATATAGGGCCATAAAC,365
GACAATTCGATGCTAG,365
GAGCGACTCTATAATG,365
GTTTAAAAAAGATAAC,364
AATCGCAGATTGCAGT,363
GCACCTTCTCGCTCAT,363
GGTTCATCAACTAATA,363
TAAAAAACCTACTATT,363
CAAAGGTGATATTTAA,362
CCTCTATTAAATAATA,362
ACGCAAACAAAAGTGA,361
AGCCATCGTAAAGGAC,361
TTGTACTACCGAGTCC,361
ATTTACGGTTCGCGAC,360
CAAAGATAACTCACGC,360
TAAAAGAGTTTAAAAA,360
AAAGGAAGAACACAGG,359
AAAATCACAATGCTAT,358
ACAAAATCGGATAAAT,358
CTGGCTCTGTTGCAAT,358
GAGAAAACTAGAGAAA,358
AAATAAACTTCTTAAC,356
GTTCACGACGACCCCG,356
CATGCCACCATCAGAA,355
CGCTAATGGAGAGTAA,355
TATCCATCATAAACAT,355
TCCGCCCTTGTTGCGA,355
GAGGAAGAGCACAATG,354
TCAGATCCAACTCGAG,354
AGCCCACAAACCATAA,353
CCAACTCGCGAAAATA,353
GAATATGCATGGGAGT,353
GGAGTCGTATACTCGC,353
CAAAAAACGAGACACC,352
CTAAACTCTTCCGACA,352
GCCCCATACCTGACCA,352
AAAAAACCCAATGACA,351
CTAGCGAGTGGTATGA,351
AAAAAAACAATCATAA,350
AGAATTTCGAAATTGT,350
AAATGGCCTTAATTCT,348
ATACATCCTGACCAGG,348
GAGACATACCAAGACT,347
GCCCACGGCATAACCC,347
CCATTTATACACTCAT,346
CCTTGGTAAAAGAATA,346
TGCTCTAAAGTATGAA,346
AAACTGACAAGACCTA,345
AGTTATACAAAGTAAA,345
GTCCAAAGTAGTAAAC,345
AACAAACGATTATAGT,344
AAAATAAACCTACTGT,343
CACAATGAACCAGGAA,343
CAGAATGAAGAAACCC,343
AAAACAAACAGCCCAC,342
ATCATGTACCGTAACC,342
TGACAGTAAAATACTC,342
TAAGGATATACAAACC,341
CGAACCAGAGGCGTAA,340
GAAACCGCTCGCTCGA,340
GCCCCTATAAATAGTA,340
TTCACTTCCAGTCAAG,340
ACGCACCAAAGCTTCA,339
TAACCGAATTGATGCC,339
TGAAACAGCTTAAACT,339
ATAAATAAATTTGGAC,338
GAGTGTAGTACCCTAA,337
AAAGGCTCTGATTATT,336
TCAACACTAACGATAT,336
AGTCGTAATCCCACCG,335
GGTAGTTGTTAAAAAG,335
TTAACCCTGACTTTAA,335
AAAATGAATCTATAAA,334
ATAAGATCATCACTTT,334
TATAATAAATCGGCCT,334
AAATTAAAAAAGCTAT,333
AACCAAGAAAATCTGA,333
ATTCCAATTCTAAGTA,333
GCGCGATGACTGACGT,332
ATATTATAAACCCCCA,331
TCGAACTAATCCAACC,331
ACCTATTGTCAAAAGG,330
AAATATTATAAAGGGG,329
CAAAACCACACTAAAA,329
CTTGTATAACTCTAAG,329
GACCCCAAGTGGGACA,329
AGCAAACGCGGACACT,328
ATCACCAAATAACCAC,328
CAAAATTTATTGAGGG,328
TATAAGCTCGACGAAT,328
TCTAGATTGAATAATC,328
AACGGTGCTGTGTTAT,327
ACGTCTATTAATTAAC,327
CTAAAATCGTTACTCA,327
CAAAGACCTTGAATTT,324
AATGTCTTGAAAAGGA,323
AATTCCAACAAAAGAC,323
GCTTATTGCACTCGTT,322
ATAACAAAAGTTAAGA,321
TTACAAACCAACAGCA,321
AAAACCGTATCTTATA,320
ACAAACTTGGGTTAGA,320
CACTCTCAATGCTTCG,320
TACGATATGCGTTCAG,320
TTTCCCTGTCAAGACC,320
AAACATACAAGTGCCA,319
AAGCCCAGCGTCTAAC,319
CTGGAGGTGTTGAAAG,319
TCTGAAAAGGCATCTC,319
TGAAGGTTAAAACTGT,319
CGTAGCCCTACTTAAA,318
AAAAGCCTGGAAAATC,317
AAACATGGTAGAAACC,317
GGACTATAAGTTTCCA,317
AATGAGTCCGTCCTCC,316
ATAACATGTAAGGTGA,316
CCGACTCAAACGTACC,316
AAAACCAGTGTAGTCA,315
CTATATGCTTTAGGGT,315
AATGCGGAGCAATTAT,313
GGATTCATTCGTTAAC,313
ATGTAAACATAAGCTC,312
CGAAAAAGAGTAAACG,311
GCAGACGACATAAAAG,311
AAAACTAAGGGTAAAT,309
AAACATCTTGAAGACT,309
AGAGAGTTTACCTTAA,309
ATAAACCATTGCAAAT,309
AAACATACCCTTGCAA,308
CTAAATTAGTAATCTT,308
GATTGTGGCAGAATCG,307
AGGAAATTAAATATTA,305
ATTGATATGGAGATTT,305
AAAAACTATAGAGAAA,304
AAATAAAAATATTACC,304
GACGATCTACGGCTCA,304
TTACCCGAACGTCTTA,303
GAAAAACAAGTTCTGA,302
GCAATGAATTATAAAA,300
TAAAAATGAAAAACCA,300
ATCGGAATGTAAACTG,299
GAATAAGCTTAATAAC,298
GATATCGCTACATTTT,298
ACGGAAGACCACAATG,297
ATTAACCCACACATGG,297
AGTTTCCCGTATAATC,296
CTAAAGAAACATACAG,296
TGTACAAGTTGTGGAT,296
AAGTTCCATGATCTGC,295
TAAAAAAAAAATAATG,295
AAACATGACCTAATTA,294
AATCTAACAACACCAA,294
CTGCCACGAGGAGGAC,294
AAGTCAAGTTGGGAAT,293
GCGTCGAACTAGCGAG,293
GTATTCTAGAGCATCA,293
TACCGTGAGACCATGT,293
AAACAGAAGGTAAAAA,292
ATTATTTTAAAACCTT,292
TACTATGAGATATACG,292
AAACTGGAGGTGAAAG,291
ATTTAGTTTGTACGAA,290
CAAATCGCCCGTATGC,290
ATCCTCATGTATCAAT,289
GACCGAAGACTGGGAA,289
GCGCTCCAAGTTAACG,289
TAAGGAGATTCACAGC,289
ACTGTAAACAGTGAGG,288
GTCCCTACAGGTAAAC,288
AAGCCATATTTTCATT,287
AACGCAAATTATGATC,286
ACAACAAAACGACATG,286
CGATCTCCAAATCCTA,286
GCCAATACATCCTACA,286
AAAGCACGAGAACAAT,285
ACGCCGAATGCGTAAT,285
ATATATAATATGGGAT,284
GACATAACCTGATAAT,284
GAGTGTGACGATGGGT,284
TTCTCGGACCACAAAA,284
AAATATTAACCGGGCA,283
TTAAACTCCTTAACAT,282
ACTTTATTGCCAGTAT,281
AGCCTGAAACAGTCGC,281
ATGGGAGCACTGACCG,280
ACAAACAAAACCGAGA,278
ACCGACCCGTGCAATC,278
AAAGGTATTCGAACGA,277
CATACTGTGAATACTC,277
CCCACAGGCGATTCTT,277
AAGAATAGGGCCCCCG,276
GTGAGTAGTGGCAGGT,276
GGACGACAATAAATAG,275
TACTAGCATACAGCTC,275
AAACGATCGACTAACG,273
CAACTAAGTAAGCAAT,273
CATAAACCAACAAGAA,273
TAGTCCGTTACGAAAA,273
AGTCTGGATCGTCACC,271
AAACAACGGGAAGTCA,270
CAGGAGTCCACTAGCA,270
TACCGTAGAATCCGGG,270
AAGGTTCAGCTAGTAC,269
AAACCTATTAGTCATA,267
ATCATTCGTAAACAAT,267
TACGAGACGAACCTAT,266
TCACAACTGAACAAAG,266
AAAAACCTAGTGATTC,265
GGAGAATACTAATAAA,265
CTAACCATCACGATCT,264
GCATAAACACCCCAAT,264
TAACTGGACCTCTAAA,264
ATAATCAAACTAGGAA,263
CATAAAAGAATCAACC,262
CCGCCGATCCGCATTG,262
GTAAACTTGCCGGAAA,262
CACGAAGCATTCCACG,261
GAAAAGTGATTCTAAC,261
TCTCGAATACTACACA,259
AAAATTATAAAGCTTT,258
TCCAAAGATAAACCGC,257
AGAAGTAGAATTTTAA,255
ATATATGAATTCTTTG,255
CTCAATACATAATTAC,255
TGCCAGTTGTGCGTAA,254
CAAATTGTTAAGATTT,253
TCACATTAAATAAGTA,253
AAACCGCTTAATGACG,252
GAAAACAGATCGCTAG,252
AAGTCTACCACGTACC,251
GGTTTAAATTTGCACA,250
GTGTAAAAATTCGTCG,250
CACAAACCCCAGTCGC,247
AAACTGGTTGGCCTAA,246
CTATATGAAAGCAAAA,245
GTTAGCCAAATGTGAC,244
CGATCATGCCAAACTA,243
TAAATGATAGCAAAAT,243
CAAATTAAATATAGAC,242
CTCAGGTCAACAGATA,242
GATAAGAACAAACCCC,241
CTCTGAACTCTTGCCC,240
AAACTATACTCTATCG,239
AAACTTAATCAGGAAA,239
AATAAAACCCACAAAG,239
ACCATATACAAATATT,239
AAAGTAACCTATTATG,238
TACACTCCCGAAATAA,238
CAAAAAAGATTCTGGA,236
GTAAATCACAAATTAA,236
AAACTGTCCAGAACTG,235
ATATATATAAACTCTA,235
TATCATATTCAGATGG,235
AACAATAGCCAAAACG,234
AAAATAGTTTGCACTA,231
TCCAAGTACTTCAAAC,230
TGATTTTGTAAACGGG,229
AACCCTTTAATATTCG,227
GTTCATAAAAAGGTGG,226
AATGGCGGAAACGTAC,225
ATGACATAAGATTTGA,225
GCAAACCCCATATTGG,225
AAACACTTTAACATAG,224
AGGCATATCTGCCAAG,224
CAACAACAGGAAACTG,224
AAAATGGGCTACAAAA,223
CAAATTGCGAACCTAA,223
TAGTTGAGTGATATGG,223
ATCAATACCCGCCGGG,222
AAACGTCGATGAAGTA,221
TAAAGCGAGAATCAGA,221
AAAGAAATTATTTTAG,217
GAGATAGTAAACTGAT,216
GGAACCCAAGCCCCAG,216
CAAATAAGGTGCAGGC,215
TTTAAGATTGACTCAA,215
TAATACACTAAGGGAA,211
TCCTGAGATGTTTCAT,211
AGCCTGCCGAGTTGCT,210
CATCATATCTACTGAA,210
TGTCCATCCGTCTATA,210
CGATAATAGTCAACTC,209
GTATTATGCAAAATAG,207
GTTGCAATGCCATCAC,207
CAAGAATTTATAAATT,206
TCGAGAATCCACAAAC,205
TTACCATACACCAACG,205
TAAAACTGAGATGCAG,204
CAAATGTGGGAAACAT,203
TGCTAACGCAAAGAAA,203
CCAATACACACCAAAT,201
ACAATCTAAAAATATA,200
TAAAACAAGATGAAAG,199
CAAAAGTGCCGTTATA,197
TACGGCATATTACGAT,197
CGGTGGTTCAATGTGT,196
GAGGAAGATAAAACAC,196
TAGATCGAACAATAGA,196
TGGACGGAGCTACGAT,193
CGGCGACCGCGATCTA,192
TATTCCCATAAGAACA,192
TGCTCTACCGCAAAAG,192
TACTCACACATCTTAC,191
AAGACAGAAAATAACC,190
TAAACGTTTGTGATGC,189
ATGCAGACAGTACGGA,188
TAAATAAAAAAGTTTC,188
TTTACTGCCTTCTTCC,187
CGTTTGAGAACCGGCA,186
AAACTATTACCACTAA,185
AAAGAAATAACAAAGT,184
CATACCTATAGAATGA,184
GAGACAGCGCGCCCTG,184
AAACAAATTCTTGTAG,183
AAACGAAAAAGAGTCA,183
AAACACCGGCCTATTT,180
ATTGTTAAAACATTTT,180
ACCGATTGCTGAACTG,178
TAGTCATGTAAACTCC,178
ACACTCACTAGTAAGG,176
CAAACACCAAAATTCA,176
GTGGCTTTAAAACCTC,175
ATTAAAAAATAGCAAC,174
GAAACTTCACTGCAGT,174
GCAAGTCGCACCTCGA,174
TAACGGCTATCAAATG,174
CTCACGCTAATCTAAT,172
TGAGAACCAATGAAAT,172
GCAAGAATGTAAATTA,171
TGCTCAATGCAATAAG,170
ACTAAAAATTCAAATA,168
TAAACCCGCAAACATG,168
ATCCAGAGGCGTGGAA,167
CGTTACTCGAAATCTC,167
CTACTACGTTAAGAAA,167
GTAAACTGGAACCACG,167
GTTCCTACGGCAACGA,167
ACCTCAAAATGAACAA,166
ACAATGGTAGGGGCCT,165
CCTCCTAACTTCCCTT,165
CAAACGTTAGATAATG,164
CCAATCTTAGAGCTAA,164
GTCCTGGTTATCGAGT,164
TAGGAGCTCATGATCC,164
GAAAACCGATGAAAGC,163
TCTCAAACGTTGACTG,163
ATCGAAAAAGGTAAAC,161
CACACTCACCACGAGG,161
TACCAACTCGAAGTGA,160
ACAATAGTATTGAGTG,159
AAAGAGAAACGGTTCG,156
CAACTAAAATAAGAGA,156
GCACCTCTCGCCCCGT,155
AAATAGGCATTATATA,153
GTCTTTTTTCAAACAC,153
CTTTCTTGTTGACCAC,151
CACAAACCATCCCACC,150
TGAGCATCGTAACACT,149
CGACAGCGGGTCATGT,147
CGTGTCTTCTATTTGT,147
AACTCCAGTTGCGTAC,145
CAAACTAATCAGGAGG,145
CATCTGGATATGGAAA,144
TAGGACTAACTCAATC,142
TCATAGAACCGTAAAT,140
TGACAAAACAGTAACG,140
AAATTTATCTGAAACA,139
AATTCATAGCAAATAA,139
ATATTCACTGTTTAGA,139
CAAACATACAAACTTA,139
AAGCACTTCAAAACTA,138
ATTAGTCAATGGTATT,137
AAACTCGCAAATATGA,136
GTCCCTTATCGTACAT,131
TGAGAAAAGTTATGTG,131
AATTTTAATGAGAGTA,127
GATCAACCTAAATTAT,127
GTAAACGGGCCCTCCT,127
GTCACCGCTAAGGTAA,126
CCAACTCTTAAACGAT,125
CACCTTTACATAGTTA,117
AAGAAAAACAACGTAA,116
CTTCAACCTCTCTCCA,116
TTTTGCGTTACAGCAA,116
AAACTCTGATAACCGA,114
CCAGGCATCACCTAAC,114
CAGATTCTCATCAAAA,113
GCAAACAGACCGAATA,113
AAAGTTAGAGTTGCGA,112
GCTATACAAACGATAT,112
CAATTTACACCTAGAA,111
TATTTACCAAGCTTTG,111
AAACTCTATAAGTACA,110
CAAGCGTTTTACAAAC,107
TTTCAGTCTGGATCCT,107
CAAACCGGATAACATT,106
CACATGCAAAAGCATC,106
CTACGGATGCCTGCAT,105
ACCGGTAGCCTGTTTA,104
GGATGACAGTCAAATG,102
TCCTATTAAGTAATAA,101
TTACTCTGCAGTGTAC,99
AAACTAACATTATCCC,97
CTCGACTCTTTCATCG,96
ACCAGTCTCAGATATC,95
GACCGCGAGTCCGCTG,95
TACCAAAACGTGATTT,95
CAATGATCTTAACCAT,92
GAATATGGACGGGTAT,91
TAAACGAGAGAAACTC,90
AGAATTTCTCAATGAA,89
AGCGCAAAAATTAATA,89
ATATAAGACCATTTCG,89
TGAACAGGTTATAACA,89
TCAATGATAAAGCAGT,87
CTTTAACATAAGATAA,86
GACCTAATACCAAACA,85
GAGCAAAACGCGATAT,85
TTGAGCAGCGTTTGAA,85
ATTCCTTTTACGAAAA,84
CCTATTCCTACCGGGA,82
GACAACCCGATTATCT,82
GACCCTACCTAACACA,82
ACCTATCAAATAAGCG,81
AGTAAGAATCGAGTAT,81
TAAATTATGTAGTTAA,81
TCATCTCGTGATTATA,81
TCTAGTATTAGCAAAG,81
AATGCTTAGCACCTTC,80
ATCTTCCGTCTACCTA,80
CACGGAAATGCTAGTG,80
GGACCATTATGCACTC,80
TCTAACCTTTCACGTC,79
CTGAGACTGTTAGTTA,78
TAGCTGATGTGTCATT,77
AAAACTCAACAACACG,76
ACAAAATTAATAAAAC,76
ACGGCCCTGCTCTTCA,76
CTCAACTCAACGACTC,76
GAACGCAGCACAAAGC,75
CATTCCGAAGCGTTAG,73
CGAAAAACAAAGAATA,72
CATTTGACAAGTGGAT,70
CGATCTACTGAAAGAA,70
GTCTGTTCATTGAGCA,70
ATGCACGCCAAACCAC,69
ATTCATTTGCAAAACA,69
GACCCGATGCATAGAC,69
TTGTATGTATAAACCA,69
CCCAAGAAAACATGCG,68
GACATTACCATCTTAG,68
TCTGCAAACCCTCATA,68
TTCTGATCACATTCTA,68
AAACCAACAAAAGGTT,67
CTATTACAGATCAAGC,67
TGGGTAAACTAGATAA,67
CGAGACTCAATAGAAC,65
TTAATACTCAGGCATA,65
ACTATCTACAATAATA,64
CCAGCATACCGCTACG,64
CGGCTACCTAAGTACC,64
GCTGGTAGTTTGGCCC,63
CATATTAATTGTCACG,62
CCAACGCCAAACGATA,62
GACAAACTCCAAGATA,62
GTTTCCCCTCGGAATG,62
TCACAAAATGAGTAAA,62
AACTTACCAATTACTA,61
CAAACCACTAAATCAA,61
CACTTAAATTTTAATT,61
TCCCCTGGTAAGGAAT,61
AAACTGATTGCAGAAT,60
CATTCAAAGATCCACA,58
ATACAACCCAAGGCCA,57
CTCCAAGCAGACTAAT,57
TACAGTCAAAAACCAT,57
TCAATGGATTAGACCT,57
ACGTCTCCCATGAACC,56
GCCAACGGATCGAAAA,56
TACTAGAGAACCCAGA,56
CAACTGGTTCGTTGAT,55
CGAGCGTGTTCTCTTG,55
GAGAATAAAAACCGAT,55
TCCCAGACACGCGACT,54
AACAAGAAGAGTTTAA,53
AACGAATTGCTACGAA,53
CAAATAATTAAGCATT,53
GCGGCTGCCTAAAAAC,53
ACAACGGTTTACACAC,52
AGCGGCATATAAAATA,51
ACCGACGCACTGCAAG,50
CAAGTGAGGCCACTCT,50
CACTAATCAGTTGAGG,50
GCAACACACACATCAG,50
ACCTCAGTTTCTGCAC,49
ATGACCACCAAAACCT,49
CTCCTGCCTACTCATC,49
GGCATGTTTACCAAAC,49
CAGCTGTAATTTTATC,48
TCTCAAAAAATGCTTA,48
TGATATTGTAACAACA,48
ACAATCGGAAATCGTG,47
ACCGCACTAACACGAC,47
TCGCTGGCATTATCCG,47
TGCCAGACTATCCTTG,47
AGAACTCTGTCCTGCG,46
CAAAATTCCCCTGTAA,46
GAACACTATAAACATT,46
TAATTGACAGATTAAA,46
TATATTTCCCCAAAAG,46
AACACGGATTCGGAAT,45
AACTGAGGACTTAGCA,45
AAGTAAAAACCCAACA,45
ACCGATTGCCCAAACC,45
AGAATATATTTATCAT,45
ATGTATCACCATATAC,45
GTGAACTAATCCAGCG,45
TGGGATATGAAAGCAT,45
TTGGACCTCGGAATAA,45
TTTAAACCTGTAGCGA,45
ACTACAGTTTCAGACA,44
ATCAGTTTACTTCCTT,44
ATGACCAAGCCTAAAT,44
CAGGAAGTATACACAC,44
GACCAACTATCTACAA,44
TCCTCAAACGGACTAG,44
ACGTTCACTCCTCGCT,43
CAGCTGCGCATCCAGA,43
CCATTAAGTACTGATC,43
CTAGCATGGGAGTAGC,43
GATTCAAATAATAATA,43
TTCGCTGAATCATCCC,43
ATGTTCGTGAAACGAC,42
ATTTGACTGAAATTAC,42
CTTCTAAACATATACC,42
GAACTCAACTATACGA,42
GATAAAAAGGTCTAAA,42
AACTTACCTAAACCCC,41
CAATTTACACAAGCAA,41
CCTTCCAGTACACTTG,41
GTTTAGAATGAGGTTT,41
TAATAGCATTTATCAG,41
AAGCCTTCTATAACTA,40
ACAGTGAGAAACGTTA,40
ATACCACATATCCCAC,40
CACGTTCACTGCCTCT,40
GAGTACGACGAGCTTG,40
GTAATTGCATCCCGTT,40
GTCTCCTAGTGCTCAT,40
TACGAATCACCCTAAC,40
TTACCACTCATTATCA,40
ATCCTACGGAAATGGT,39
CGAAATTGTTAATCAT,39
GAACAGAGATATTTTG,39
GCATAACTTCTGTAGC,39
GGAAAGGCCCAAACTT,39
TATAAGACACGACAAA,39
TGCAATAGCCAATGAC,39
TTGAAGTTGATCCGGC,39
TTTAAACATAATAGCT,39
AGTACACCGTGTATAC,38
GAACATACTAAACAAT,38
TAGATGGCAACTATAA,38
TATACTCCAAAAAAAC,38
AATGCCGAGCTTAACG,37
ACGCTAAGACCAATGC,37
AGTTGTATCGACCCGT,37
GTACATTATCCTTAAA,37
AAAAGAAGGCAACCTT,36
ACGTTATCCCGTCGGT,36
ATAATTAGGATATAAT,36
ATGTCCTTCTGATGAA,36
CATGTTACACATCCCA,36
TAATACCTTACCTCAG,36
TAGATAAGTTATACCT,36
TCCTTTCATAAAAGCC,36
AACATTCCCCCAACAA,35
ATGAAATGGTAACACT,35
ATTACACTGACTCTCA,35
CCCACTGTAACTCAAC,35
GAAACGAATTGTACCG,35
GAAAGCAATGCGAGCT,35
TATGATTCCTCAGCCT,35
TTCATCAAATGAAAAG,35
AAGTTACATCAGGCTT,34
ATCAGACTGATGTTTG,34
CACATAGACGAAATTA,34
CCTAAACCTGACTCTT,34
GATAACTATTCATAGC,34
GGTTAGTTCATTATCA,34
TCAATAAGCCGTAGCC,34
TTCCATGAAATAAACT,34
TTCGTCCTTCAAAGAG,34
GAATAACACTCGGGTA,33
GCAGATTCCATAGAAC,33
TGACAGAAATTCCGTA,33
AATGGAAGTAAATTTG,32
AATTACATATGGCTAG,32
ATATACCTTAACAGTT,32
CAATATATTAGAAGAA,32
CACGCATATTATTCTC,32
CTTAGTTTGACAAACT,32
GACACTAATATTGCTC,32
GATCGCAAACATAAAC,32
TACGTACTAAGCTCGG,32
TGAAATGTTAGCACGC,32
AACCAACCTGAAGAAT,31
AATTTTCTAACAGGTT,31
ACTCAGTGTTTGAAAA,31
AGGCAACATACATCAA,31
CCGCAACTTTTTGTAC,31
CCGCGAAAAATAAAGT,31
CTATGGTAATTCGGGT,31
TGCCTCACGAGTGGCT,31
TTATCGAGCACGCACC,31
AAGCAAGTCCAGTGAC,30
AAGTGACTGTATGAAA,30
AATCATCCACAACGAA,30
AGGAAGTCCACGTGGA,30
CCACACGCATCACCCA,30
CCCTGCACATAAAAAG,30
CCTTAACATTCCTAAC,30
GACAGTCCCCCCGTAT,30
GGTTGACTGGAAAATA,30
TACTTACCATAATTCA,30
TAGATATTTAGTATTT,30
TAGCAGGTAACCAGTT,30
AATCGGTGAGACCCCT,29
AGCCTAAATATTACCG,29
ATCAGATGATTTCTAA,29
CGAAAACCAATTGGTA,29
CGTTCAAGTTTAATAG,29
CTATCCTTAACCCAAT,29
CTGACATCCCGACCCA,29
CTTCAGATCTTGGATA,29
GAAAACTAACATCCAC,29
GAAACTGACGATTACA,29
GCACCTGATCATAATA,29
GCGAGACATTTAGAAA,29
GGGGCATATGACAGCC,29
TCGCTACCACACCTGA,29
ACCCGAAGTATCGAGA,28
AGAAAGACGCTATTAG,28
AGACCTCTGTCCACTG,28
AGTACAGAAGGCTCAC,28
AGTCAATGACCCTCAG,28
ATATCAGAAAATAATA,28
ATGATGAACCGACTAA,28
CAGTCGACAACTCTAA,28
CATATACCATTGTGAC,28
CCGGCAATACATTACC,28
CGAACTTACACGAATA,28
TAATAGATAAGATGGC,28
TACTGGAATGTAGTGC,28
TATCACTAAAATATAT,28
TCAGGGTAATCGGTTC,28
TGTTGTTACGAAAAAT,28
ACAATAGGTTCAAGAC,27
ACACAATGGCTATAAC,27
ACATACGAGCCTCATC,27
ACTGATTTACCCATAT,27
ATAAATAAACATTGAC,27
CACACTGGTTCCTAGA,27
CATACAACATGCCCCG,27
CCCCGAGTGTACATAA,27
CCTACAATCCTAACAA,27
CGGCAAGTAACCGTGT,27
CTACGAATAACTACGA,27
GGTCCTGAACTACATG,27
GTATTAGGATTCTATG,27
TATAATCCCTCTGTAC,27
AACACCGAGTCCACAT,26
AATTAGGTCCACAACA,26
ACCGTCTGATATAAGT,26
ACGTAAAGTTTTGCTA,26
ATAGCAATCAATAGCT,26
ATGCATTCCTGCTGTT,26
ATTCGTACAATCCCAC,26
CAATAATGTACACCCT,26
CAATCTAACATTGGAA,26
CAATTGGTTGCCCTGC,26
CACCAATAGGAAGGCT,26
CAGAAGGATCAAGCTA,26
CCTCCACAGGGCAATT,26
CGACTATATAATCAGT,26
CGGTTTACTGGCAGAT,26
CTCAAAACGCGGAACC,26
GAAACACCAGCAAGTC,26
GAATAATATCCTTTGC,26
GACCTATAGCAGGTGG,26
GGTCCGTACAATCTTT,26
GTCCAAGCACCGTGGC,26
TAGATCCGATTTTAAA,26
TATAAGTAGAGAGATA,26
TATATTAAAAATTTAG,26
TATCCGACCTAAGCCA,26
TGATCCCCGGGGTGAT,26
ATAACTTACATTTACA,25
ATCAGAAAACTTAAAC,25
ATTGCGAGGATCAAGC,25
CACAGGGTTGAATAAC,25
CATTTGTTTACCAACG,25
CCCATTAGATAAGAAA,25
CGAGAAAGCATACATG,25
CGGACACTACCTTTAA,25
GAGCGCACCATGTATA,25
GATATGAAAGTACCTA,25
GATTTAGATGGTAACA,25
GCATCCTATGAGTTTG,25
GCTACAAATACTCATT,25
GGCAGTAAGCCACAGC,25
GGCGCGGTTAACGCAC,25
GGGGACGAGGTTTGTC,25
GTACCAAATTTCAAAA,25
GTTGACAGATGCCTAA,25
TACCGGACCAATGACA,25
TAGAGCGATATCAAGA,25
TCCCAGCACACAAGCT,25
TCGCCATGGTACTAGC,25
TGGCCAGTAAATCACC,25
TTTCAAAGCGTAAGGC,25
AATACTTATTCACACT,24
ATAGACCAAACTCTAA,24
CAACTATAGATTGTTA,24
CAATAGGCCATATTTT,24
CCCGAAAGGGCCACAT,24
GAGAGGTACTCCAAGG,24
GCATGAAACTTCCTGT,24
GCTGAGTTGATAGTCA,24
GGATCGTCGAGCACTC,24
TAGAAGTCCTACCCAA,24
TCTTAAGATATTCGAA,24
TGAAGATAGAAGACTC,24
AAAAACCAGTGCACGA,23
AACTTAAACGTTCTTT,23
AAGAGACGTTCATTAC,23
AAGCCATATGCTACCT,23
ACGTAAGTTTGGTCAG,23
AGCGAATACGTAACCT,23
ATAGTAAAATCTAAAA,23
CAAGTAACAACCATGA,23
CCAACCTTTTTAACTC,23
CCTACAGAGCGTATCC,23
CGAGCTGATGAAACAG,23
CTATGCCCAGGCCCGA,23
CTATTTCTACCTAGTG,23
GAAACAGTGGGATGAA,23
GAAAGGCAACAACTAG,23
GACTCACAGTAACATC,23
GAGGAGACTTGGCACT,23
GCAGGACGATCGACTT,23
GCATACGCCGCATCCT,23
GCCGACCTGAGAGACT,23
GCTCGCAAAATCAAGG,23
GTTCTGGCCGCCGTCA,23
TAAGAAAGCATATCCA,23
TATCAGTAAGGATGTA,23
TCAACGTTAATCAGTC,23
TCACCCCATTAATCGA,23
TGACAGCACTTTACCT,23
TTAGAATCCAGATACG,23
TTGATGCCGAACCACA,23
TTGGGATACCGACCAG,23
TTTGTGCCGGACGAAT,23
TTTTACGCCTACGAAC,23
AAAAAAAGACTCGGTA,22
AAACCTCAAAAAAGTC,22
ACCACCTTGTAACGTC,22
ACTACGTAGTTATCAT,22
ACTATATCCGTGTACC,22
ACTATCGAAATTAACC,22
ATATCCATGCCACTAT,22
ATCAAGTGGAGATCTG,22
ATCCGAAACTATATGG,22
ATGCACTATCTCATCA,22
CACGCGGCTCAGAACT,22
CACTTGGTAGAGGGAA,22
CATTCTACCTGTCCCA,22
CCGGATCGTTACACGC,22
CCGGGGAACACATGTA,22
CGCTTTTACAATCAGC,22
GATCAAATCTCCAATA,22
GCGCGACAACATAAGT,22
GCTATTTTAGAGAAAA,22
GGTACTCACGTGTTTT,22
TAACTCCATAAAGTAG,22
TAAGTTAAAATTTAAG,22
TAGGCTCCGTCTCTAT,22
TCACTTGACTAGGACG,22
TCCTCCCACAAAAAAG,22
TCGATTTTACAAAACT,22
TCTAATCAGTATGGAT,22
TGATAAACAATAACAA,22
TTAAAATCAATAGTAA,22
TTATAGATCAGAGTTG,22
TTATCCAAATTGGTGT,22
TTGGCCGTATATACAA,22
TTTTACTCTCAGAAAA,22
AAAAGTCATCCTCAGG,21
AAATCATCTCTGATCA,21
AACGCGTATTGCTTTC,21
AATTACAACTGGAGTT,21
ACCTCGGGCAATTAAA,21
AGATATCGCTGAGCGG,21
AGGAAGTCATTCTCCA,21
ATACACAGACATCAGG,21
ATACCCCAGAAGAGTG,21
ATTTCTATTGCATAGT,21
CAGAGCCGGACTCCCT,21
CCACAATTATATACAG,21
CCCTTGCATACTCACA,21
CGTTCAACATCATTAA,21
CTCTCAAGCAGTCGAA,21
GAAAGTGATATACACA,21
GATAGTCATTTAAATT,21
GATTCAAAGTTATATG,21
GCTGAAAGATACTCTG,21
GGGGTATGACGGCACT,21
GTAACCTCCCAATGAT,21
GTGACTACTAATCATA,21
TAAGCTAAAGGATCAC,21
TAATTTTGGGATAAAT,21
TACCACATATAAAGCA,21
TACCTCATGATCAAAA,21
TCCGAATTAAGTCAAG,21
TCGCAACCAATCCAGC,21
TTAAAGTTGACTTAGC,21
TTATAGTGTTAAATGA,21
TTATCACCCCTAAATA,21
TTGTTCCGTTTTGATT,21
TTTTGAATACCAAGCA,21
AAAAGTGGACCACGAA,20
AACGACTTGAACAATC,20
AACTTATGTTCTGAAT,20
AATCCTCGTTCATCTA,20
ACGCTCCCCTGTAGCA,20
AGAAACTTAACATTGA,20
AGATACTATGTTAATA,20
ATAACAGGTGCAAATT,20
ATGCGTATCTAACAGT,20
ATGGTACCTTGATGCC,20
CAAAAGTGTTATCCTT,20
CCAAGCAGTGAGAAAT,20
CCATACTACGCTTCTT,20
CCATCGAAAGGGTCCC,20
CCCTAGCCAATACTCC,20
CCGAGCTATATGAACT,20
CTGACTACTCGCCTTT,20
GAAAAACAATATGACT,20
GAACTAATTGGAGCCC,20
GACACGTTGATGCCCC,20
GAGCCCCCAAACGAAG,20
GGAATTTCCATTGCTA,20
GGTGCGAAACCTTAGA,20
GTTACCCTTGACACCG,20
GTTGATACGGATACTT,20
TAAACACTTCATGGGC,20
TAACAGCTTTACAATT,20
TAATATCAAAAAACAT,20
TAATGATAAGTTAATT,20
TCAAATAGCTCGGAAT,20
TCACATGGATATAAAA,20
TCACTATGCGCGTCTA,20
TCTTGAACACGGAACA,20
TGATAGGACGGTTCTT,20
TGCTGTTGATGCCATG,20
TGTAGTTAACAGCAAT,20
TGTTCTAACGAAACCA,20
TTAGTAATATCCCATA,20
TTGAAAAGAACTCGTG,20
TTGCGACCAGGCCTGA,20
AAATTACGCATCCTTC,19
AACAAGAAACTCATAA,19
AACGGATTATACACCC,19
ACACACGCAGATCCCC,19
ACATTTAAACACCGTC,19
AGCCAATAGTACCAAC,19
ATTAGACGTGAGACCT,19
CAACTCCTATTGAACA,19
CAACTCCTCACCTACC,19
CAAGAACACGACAGAA,19
CACATCAGATGACTCG,19
CAGATCCTGTGACTAA,19
CAGCCCCTTTACCACC,19
CAGGCACGCTGATAAT,19
CCCACTTTGTGTGGTT,19
CTACTGATTAAAGCTT,19
GAAAAGCGCCCACTCA,19
GAAACAACACTAAACT,19
GACCCCCTGAACGTAA,19
GAGGAGACACATTAAG,19
GATGGATCCAAGGACG,19
GATTAAAAGCCAACTA,19
GCTCATATTTGCATAA,19
GGCTGATATCCGCAAT,19
GTAGTCTACTGTGTGG,19
TAAAACCAAAGTCGCC,19
TACCTCTTGAAAATCC,19
TAGATAATCCAATTCA,19
TATTGTCCGCCCATGG,19
TCACAAGTTGCTTCTC,19
TCTACAAGATATTTAT,19
TGAAGTGATGCGCCTG,19
TGCCCGATGCAACGCC,19
TGTCATACAGATCTAA,19
TGTGTCAACGTGAATA,19
TTAACAGGTCCTAAAC,19
AAAGTATATTAATACG,18
AACATGGAATTGCAAC,18
AACCTCATGGTCTATT,18
AAGCGCCTGTTTCCCA,18
AATTAATATTTGACAT,18
ACACTAACCGTCCCGG,18
ACAGGTCTGATAGCCA,18
ACATCACTACCAATCG,18
ACCAGATTAAACCCGA,18
ACCCTAATACGCACAG,18
ACCGCATAACCGAAAG,18
ACGCCTCGTCGAAATG,18
ACTATACTTCGGGTAA,18
AGAAATACTAATAGGT,18
AGAACCAATTTATGAG,18
AGTCTGAACGAGTGAA,18
ATAGGTTTGACTCGGT,18
ATATGCTGAACAAGGA,18
ATTAATACTTGAGTCA,18
ATTAGAGTGGACTTAC,18
CACCCGACTTGATACC,18
CAGTTACAGAATAGCT,18
CCACATTAATCCACTG,18
CCATTGCAACACCGAG,18
CCCAGGCTCTGTACGT,18
CCGAAAGCAGGGCCAT,18
CGAACAACTATAATCA,18
CGATCCGTTTTAGTAA,18
CGCTTTAAACTGAGCT,18
CTGTAAATCGCAGCAT,18
CTGTTCACGAGACCAA,18
GAAGCGAGCGATACAT,18
GACAGTCGAGCTGAAC,18
GATACTATCAATACGC,18
GATCTATAAAACAGCA,18
GCCTGTTCTACAAAAG,18
GCGGTAGTATACCAAA,18
GGGCCCACTAACCGCT,18
GTACAGATACGGTAAT,18
GTTTTACTCCGCGTGG,18
TAACAGACAAAGACTT,18
TATAATAGACATTGAT,18
TATTCACGCCCACAAG,18
TCATACTCCGACAATA,18
TCCCACCAACCAGTCG,18
TCGGAACGCTCCAAAC,18
TGCACCTACCTAATTA,18
TTACATGCTAAATAAA,18
TTCAAAACCCGCTACG,18
AAAGATTAATCCGCGC,17
AAATACCCCTACAACT,17
AACCGTATTCAGCCTC,17
AACTCAATAATCCACC,17
AAGCGACCTAATACTG,17
AATATGAGGACACTGG,17
AATTGACCGATGTGTA,17
ACATCACATTTGTCAC,17
ACCACGGTTTCCGATT,17
ACTACCAATGAACATC,17
ACTATCCAGTATCTCG,17
ACTCATACAGGCGTAG,17
AGAAGATAATTAGTAA,17
AGCATTTACAATTACT,17
AGCTGCCTCAATTTTA,17
AGCTTTAACCTATCGA,17
AGTGATTCTCAGAGCT,17
ATGTACCCCCTGAAAC,17
ATTAAACCAAATATGC,17
CAAAGTGCCACACTAA,17
CACGAGTCCAATCGTA,17
CATAATACAATTATTA,17
CATTTGACCCATGATT,17
CATTTTTAAAACCATA,17
CCACGGCCAAGAAAAA,17
CCACGGCTTTTCAAAA,17
CCGTAGATAAAACCGG,17
CCTACCCCAGAATCCC,17
CCTTCAACATAGACCT,17
CGATATGTGACAACGG,17
CGCATAACAGATTCTC,17
GAAAAAAGTGGCCTGG,17
GAATAGACAATAATAA,17
GCACACCGATAAAAGA,17
GCTGGTCAGAATCTTA,17
GCTGTTTTTAACTTCA,17
GGAAAAAGATTTGATA,17
GGAAACATGACACTAC,17
GGAAATCCTGTCAATC,17
GTCACAATAGAGATCG,17
GTTAATCTTTTCCTCA,17
GTTCGTCGCAACTTTG,17
TAAAAACCACACCTAT,17
TAATTAACATGGTAAC,17
TACACGTTGATTCGAT,17
TAGCCAAAATAATTAC,17
TATGTTCAAAGCAGAT,17
TCTACAGACATTTTAA,17
TCTCAAGCCATATTAC,17
TCTGGAGTGGTACGCC,17
TGACATTTAACCCATT,17
TGACCAATCACAATCT,17
TGCACCCTTAGATAAT,17
TGGCAAGATTCCTCAA,17
TGTATGATTTCCACTG,17
TTATGAACCATAACAA,17
TTCGGCAACTTTACAA,17
TTCTCGAACAATACGA,17
TTTAACCGCTTAACTC,17
TTTACTGGTCTTGCGG,17
TTTCTTGCATGAGTGT,17
AAAAAACTGCACTAGG,16
AAAAAGAGAACTTTTA,16
AAACATAAAAGTGACT,16
AAACGTCTCTAAAAAA,16
AACAAAACATTGTGAA,16
AACCCGCATGACGCAT,16
AATTACAATTCGCACC,16
ACAATCGTAGCACGTT,16
ACAGATTAATTCATAC,16
ACGACTAAGGATTTCT,16
ACGCAGCACCGCCATC,16
ACTCCTGCGGAAATTC,16
AGGGATATTTGATAAT,16
AGTCGCTAGTAACTCC,16
ATAGGGCAGTAAAGAC,16
ATAGTAAGACAAAGAA,16
ATCACTCTCAGCCGTT,16
ATGCAGATTAAGATAC,16
ATTACATCTAATCAAT,16
CACACATTAAGTGCCA,16
CACATCAAACGACCTA,16
CAGGATGTGCAGCATC,16
CAGTGATAATAACCAG,16
CATAACCAGTTAAACA,16
CATGCACCCCATATGA,16
CATGTGGGAACATCTC,16
CCAATTCCCTATGAAG,16
CCACATCCTAGAATAT,16
CCAGACGAAGTCAAGT,16
CCGAATTAAAACACGT,16
CCGAGCCACATGGGAG,16
CCTAAAAGACAAAATT,16
CCTAAAGATCTTTTAA,16
CGAGCGGTTAGAGTCT,16
CGCGAAGTGACATATT,16
CGCTCAGCGCGGGCCA,16
CTAAAGTGTGCCAAAT,16
CTCAGCAGCTCAATAC,16
CTCCGAGATTCAACTT,16
CTGAGTGCTGATGAAC,16
CTGCATCGCAAGACCG,16
CTTCCCTATATGTATT,16
GAACAATCTAAACGAA,16
GAAGTATCATCACCTT,16
GAAGTTGTAATATCTT,16
GACAATCCGTGTTAGG,16
GACACTAAAAAGACTA,16
GAGCGGAAACAAAGCC,16
GATTATAAGAGCACAG,16
GCAGGAAATGAGGGTT,16
GCGCCTCTTGTAACAG,16
GGGCGCGCAAGTATGT,16
GGTCGTATACAAAGCG,16
TAATAAATGGCGAATG,16
TACAAAAGTCATCGCG,16
TACAAGAGCCAAAGAT,16
TACGTAACCAAAATGT,16
TACTAAGCCAAACAGT,16
TAGCTATAAATGTGTT,16
TAGGCGCAATTTAACA,16
TATACATATTTCTACC,16
TATAGTCTATAAGCTT,16
TATCCCGCCGTCAATG,16
TCATGTTCAGATTATG,16
TCCGATGAACTCATCA,16
TCCTACACACGTTCCA,16
TCCTACAGTTCCATAT,16
TCTACCCGGACTCCGC,16
TCTTAGACAATAAATA,16
TGGTCAAAAGGTTGAT,16
TGTATGGATGCCAGTA,16
TGTTAGTATTAGTACC,16
TTAAAAAAGCAACCAG,16
TTAACTGAAAATAGTA,16
TTTAAGCGAACTGATG,16
TTTTAGTAGAATGAGG,16
AAAAAACACTTCATAA,15
AAAAAAGCCAAGTCAA,15
AAAGGAAGTTTTCCAA,15
AACATCACGATATAAA,15
AAGAATATCCTGAATG,15
AATCGTAGAGACAAAA,15
AATGTAAAGTACAATA,15
AATTAATATTCTACAA,15
ACACAAGCAACCCAAA,15
ACACTTTGAGCCAAAC,15
ACAGTGTCAAGAGTCT,15
ACCCATAAAAAGATGA,15
ACGCCCATGTTCAAAG,15
ACTAGGACAAATACTG,15
ACTCCGAACCATTTGT,15
AGACATAATACACACG,15
AGACCGAACACAGAAA,15
AGCTGTCGTCATCGCG,15
AGCTGTTTTGAACCAT,15
ATAGAGCCTTAGAAAT,15
ATGAAGGGCTAAACGA,15
ATGAGTTAACACAATC,15
ATTGCTAGATTGCTAC,15
ATTGTGTAATATATAA,15
CACAATCACAGACCTA,15
CACACAATATTTAACA,15
CACGAACACGCATAAT,15
CCAATAGCATGAAATA,15
CCCTATACCGAAAGAC,15
CCGAATAGAAAAATCC,15
CCGTTCTCATACATAC,15
CCTAAAGGATATGTAC,15
CCTATAATATAAGAGG,15
CGGCAATAAGAACAGA,15
CGTCCCAATTTATAGC,15
CGTCGTTGGCCTTTAA,15
CGTGATTCGTAGGGAC,15
CTCAGCTCAGACCTTG,15
CTCCTATGTGTGATTT,15
CTTAAAGATTGCGATT,15
CTTTCAAAAACACTCA,15
GAAAATGATACACGGC,15
GAACTCAAGGCACATA,15
GACTTGCCGAGCTGAG,15
GAGCCATAAGTCCCAG,15
GAGTCCAAAATCTCCT,15
GATACGACTAGTACAC,15
GATAGATAACACTCCA,15
GCATAAAATAAGTATA,15
GCATACATTTTTATAC,15
GCATTGCCCATTCTTG,15
GCCTGCGAAAAAACCG,15
GCTAATTGCGAGTGAC,15
GGACACCTGTTATCCA,15
GGACCTAGACGGAGGC,15
GGGCTAGCAGCTGTAA,15
GGTGTTCAATGATGTA,15
GTATAAATTATAGTCC,15
GTCCTATCAAAATCAT,15
GTCGGGCGGACTCAAT,15
GTCTTGAAGACAACGG,15
GTTAACGAACTCAGAA,15
TACAAAAACCGAATCA,15
TAGGAGGTAATTTGGT,15
TAGTTTGGTGATAAAC,15
TCAAACATTGTTTTAC,15
TCAACGAACATCATAC,15
TCAATCCGATAGATTA,15
TCACCAAGGGGTCTAC,15
TCCCGAACGTATCAAA,15
TCGAAATTGAAAGCAC,15
TCTCACTAGCTTTGAC,15
TCTGAGTCCGTTTGAC,15
TCTTACACCATCCATC,15
TGACCCCCAACAAGGA,15
TGACCCCGGATATAGA,15
TTACAACTTAGTAGTT,15
TTATAAAAGATGGACT,15
TTGAACCGTAACCGTT,15
TTGCCATGTAAAAAAT,15
TTGGTTCTTGAATGAA,15
TTTTGACAAATATAAA,15
AAACCCAACGCAACCC,14
AAGGAAGTTATGGATT,14
AATAAAATACAAGTAC,14
AATGAAAATGTTTAAA,14
ACAAATTTTAACCTCA,14
ACATAAAAGACTGATT,14
ACATAGAAGTTGTCCC,14
ACGAAATGACAATCCA,14
ACGAGCTATCTGGAAC,14
ACTGTACCCAGCATCT,14
AGAAAGACCACCAAAA,14
AGACAATAATAGCACA,14
AGACAGATTAACATCA,14
AGCTCTACGGACAAAG,14
AGTTTCGAAATCTACT,14
ATAACAACACTTTTGA,14
ATACTATGCAAATGGA,14
ATCCAAGGACACATTC,14
ATGTGCCGACCGCACA,14
ATGTGTCCAATTACAC,14
ATTAACCACAATGATA,14
ATTCCAGTAACCACCA,14
ATTCCCCGGTTCCGTA,14
ATTGAACAAATATGAA,14
ATTTCAAAGGGGCGAC,14
CAATCAGAGATCGCGG,14
CAATTAAGCCCCACAG,14
CAATTTCACTATATCA,14
CACAGGATACACAGCG,14
CACTGGAATTCAAAAA,14
CAGTGGCACAACAGTA,14
CATGAAGAATCACTGC,14
CATTCAAAAGCCTTGA,14
CCAAGAAGTGAGGTAG,14
CCACTTAAGCCCTGAT,14
CCAGACGCTGAATGTC,14
CCCCGACAAGTAGAGC,14
CCTCATTAAAATCTAA,14
CCTGAACTTCAGTTTA,14
CCTGAATTGTTTAAGG,14
CCTGTAACTCCATGTA,14
CCTTGAAAAAATGACA,14
CGAACCTGGTCCCACG,14
CGCAAGACCCTGACAA,14
CGGTTGAATGCCTCTT,14
CGTGCATGTGACTACC,14
CTATCACTCAGATAAG,14
CTCACCCACTGCGTTT,14
CTGTTCCTTATCTGAG,14
CTTAGGGCTAGTCATT,14
GAAAATGCGTAAAACG,14
GAAGCGGGACAAAATG,14
GAATCGGCGTTTGGGG,14
GAATTAGGCTTAGAAA,14
GACAAAACTACTATTA,14
GACATCACTTCTAAAA,14
GACATTAAAGTACGAC,14
GACGTAGACTTCCACA,14
GAGTGTCGAACTTGAA,14
GATTACTGCTGTGATA,14
GCAACAACAGCATGCT,14
GCAATCGACGGGCTGA,14
GCCATTGGTGTTAGAT,14
GCCCTCAGACGGACCA,14
GCGATGACAATAGACA,14
GCTCTAGTAATGATCG,14
GGGAGCAGATTTATCC,14
GTAAAATCTATACCGC,14
GTACGGGGCCGTCTTA,14
GTATCCTATCACTCGT,14
GTCAATCTGGTTACTC,14
GTTCCCCCGCACCCGA,14
TAAGCTGTTTAGTGGA,14
TAATTGGACCCTAATG,14
TACAATTTCCATCATT,14
TACTTAATGTTGGAAA,14
TAGGTAACGCGACGGA,14
TATATAACCCAACGTC,14
TATGTACCGAAGGACA,14
TCAACTTCTTACCGTC,14
TCACTGTCAGACTATA,14
TCAGCTACATCTGAGT,14
TCCAAACTGATCCGAT,14
TCCAGTCACACTGAAG,14
TCGATGACTGGATACT,14
TCGCGACGAACGCGAA,14
TGACCAATATCGTAGA,14
TGAGATAAACGGTGAT,14
TGCACCAAGACTAAGC,14
TGCACGATAGAACTAA,14
TGCTTTCCAGCATTCG,14
TGGTCCAAGCAGTCAT,14
TGTCGAAAATCATGGT,14
TTACAAGCGGTATTTA,14
TTAGAACCACCTAATG,14
TTAGCAAAGGCGCTAT,14
TTCGGCTTGACAAGAC,14
TTCTTTGAGATATCCA,14
TTGTAGCTAAATAAAA,14
TTGTTGTAGAATAAAA,14
TTTGCTGATCAATACA,14
TTTTAAGTTGTATGGC,14
AAAAATAAACTAGCGA,13
AAAATAAAATTCGAAG,13
AAACAGTTACAACGCC,13
AAAGAAACGAACCTAC,13
AAATACCCTTCTGACC,13
AACAGCAATTATGTCT,13
AACCGAAAAAATGCGG,13
AACCTTACGACACAAA,13
AACGATTAAATCAGGG,13
AACTAAGACAGATATA,13
AACTAATACTAGAATC,13
AACTATTATTCTCAGG,13
AAGTTTTGAGACACTC,13
AATATCATATCTAAAT,13
AATCTATGGTACCAAA,13
AATGTTATAGATATAC,13
AATGTTCAAGATAATG,13
AATTGACACATCTCTT,13
ACACACTGGTCAAATC,13
ACCTGTCACACCTTAT,13
ACGTAATAACACATGC,13
ACGTCGACTCCTCTCA,13
ACTCCCGCTGAGTTCC,13
ACTTCACTACGCGCTA,13
AGACCCCAGAAATGGT,13
AGAGAGAGCATTCGGC,13
AGATATTGATGTGAAA,13
AGCAGTAAGTTCCAGA,13
AGCTAACACTTTTGCC,13
AGGATGTGACGAAACA,13
AGTAAGAAATAGGCCA,13
AGTGTATTAAAGCAAT,13
ATAAAAAAATAGAGCG,13
ATAAGTCTAGCTCATG,13
ATACCGTTCCAAAATT,13
ATACTACTTTAATACA,13
ATACTCTTCTGAACAA,13
ATAGTTAGTAAACACA,13
ATATATTTTACCAGTG,13
ATATTCTACGGCAGAA,13
ATGAACACATCTACCA,13
ATGCAAGGGGACACAC,13
ATGGTACCTAATGTAA,13
ATTCATCATGAATGCC,13
ATTGGATACACGCCAT,13
ATTTCCTACCAATCAA,13
CAACAGAAAGTATTTG,13
CAACGGTTACACACGT,13
CAATCATGTACACGGC,13
CACATAACAATATAGC,13
CACCAAACCCCTAGTA,13
CACCAATGAAAATACT,13
CACGAATACATTCTAT,13
CAGAATGCTCCATGGG,13
CATAATCAACCAGAGA,13
CATAGGTAGAGCGATT,13
CATATGAAATTTTATC,13
CCGTGGATTGAAGTAA,13
CCTACTTATGAGGAAA,13
CCTGTTACTTGACTGC,13
CGCATCTCAAGCCGAA,13
CGGATATAGCAAACAA,13
CGGATTCCCATATTCG,13
CGTGAAAACATTTGGG,13
CTAACTAACTAACACA,13
CTACCCTGGCAGCACC,13
CTATTTTATGCTACAA,13
CTCAAGTATGAATGGT,13
CTCACGTTAGTAACGT,13
CTCTAATTGCTGTCAC,13
CTCTCATGTTATACCT,13
CTTAGCGCCTGCACGA,13
CTTATAGCACTAGAAG,13
CTTATTTTCTCTTCCA,13
GAAAAAAATCTGATGA,13
GAAACAGCATCAAACG,13
GAACAAAGCTATATTT,13
GAAGTCTGCCACAGCA,13
GACACTTCTTCAATCA,13
GAGACCCCTCATTAGC,13
GAGCACACTTCTATAT,13
GAGGCCCATTTCTTCC,13
GCAAGTTCAATTTTGT,13
GCAGAATCGAATAAAA,13
GCCACCCACAGAGCTC,13
GCCCCGCAGGATAATT,13
GCCGCATTCTACATAT,13
GCTAAACCAATTAACT,13
GCTACACCTGAGTAGA,13
GCTTGTCATGGTATTC,13
GGCCATCGAATCGTGC,13
GGTAAATATAGATATC,13
GGTAGTTGATAGACAA,13
GGTCAAACCTTCGGTC,13
GTAAAAAAATTAACTG,13
GTGGGTGTAACAAATA,13
GTTACGAGGATATCGC,13
GTTTAATGATCCCAGC,13
GTTTGAACTTTAACAT,13
TAAATTTCGTGAAAGG,13
TAAGCAAACATCTCTC,13
TAAGCCCTCACTAACA,13
TAAGTAGATTTACTAA,13
TAATCTCGACTTGGAA,13
TACCGCCCAAGTCGTG,13
TACTATTTCATCAACG,13
TATAATTCCTCCTCAA,13
TATTCACCATAGTTGC,13
TCGAAGCATCTAACGG,13
TCTAAGCTCACCTACG,13
TCTAGTACACTCGCAT,13
TCTCCTGATCACATGC,13
TGAAGCATACACTCAT,13
TGAATTATAACGCCGC,13
TGAGGTAAATTGGACG,13
TGCCAGAATTAATTAT,13
TGCCAGCAGAACCTAT,13
TGCTTCACCCCATGAT,13
TGTGATGAATCTGGAT,13
TGTGGAAGTCTAAACA,13
TGTTGAACTCGTCTAT,13
TGTTTCAACGTTCCCC,13
TTATCTTGACAAAACA,13
TTGACGACCGCGTATC,13
TTTAAGAAAAAGGTAC,13
AAAGAGCGAGCTCCTC,12
AAAGCTATTGCATCTC,12
AAATACAAATAATGCA,12
AAATACAGAAACGAAA,12
AACAAAAAAGAAGCCA,12
AACACTAGTATATAAT,12
AACGAAAGAGGCAAGA,12
AAGGAGAATATTAGAC,12
AAGGTAAAAGCAACGT,12
AATAATGCAACTACCT,12
AATACAATGGACTAAC,12
AATCATATCAGCTCGG,12
AATGTGATATCGCACG,12
AATTTTTAAGATGATT,12
ACAAGTACAAGCAATA,12
ACAGCGTTGATCTTCA,12
ACAGGCCGAGGTGTCA,12
ACAGGTATACCACCAG,12
ACATACGAACTCACAT,12
ACATCAATATTACAAT,12
ACCAAAACAATAAGAT,12
ACCAATAAGAATACAC,12
ACCATATACAGTTCGA,12
ACGTTAATAGATCTAG,12
ACTAATAGTACGCAGA,12
ACTAGGTATATAATAC,12
ACTATAAAAGCCCAAT,12
ACTGAAGTAATTGAAC,12
ACTGAGGCTATTCCGC,12
ACTTACATTATTGCAA,12
AGAATACATATCCATA,12
AGACAAGCGAAGTTAC,12
AGACTTCCCTGTACTA,12
AGAGATAATACATATT,12
AGATCAGTAGAGACCT,12
AGCACTTTAAGATAAC,12
AGGAAATGTCAGCCAC,12
AGTACAAGATGGATTT,12
AGTCAAATGAAGTTGA,12
AGTCCATGTCTCAAAG,12
AGTGTACGTACCCCGA,12
ATAAAGAGATATACCT,12
ATAAGATAGCAAAGCC,12
ATACAAATACATACCA,12
ATACACTAAACTAACC,12
ATCCTCCAAGCTTCAT,12
ATCGAGCAAGTTTGAA,12
ATGGTCCCAACATGTT,12
ATTAAGTGAAAAAAAA,12
ATTAGTAACAAAGAAG,12
ATTCGCTGTGGACTTC,12
ATTTGAAGAAGCAACT,12
CAAAAAATTAACTTCT,12
CAAATAGCGATAACAA,12
CAAATTTTTTGGTAGC,12
CAACGCCAAATGACAC,12
CAAGCGAAAGACATAC,12
CACATCCCTCCAGCTT,12
CACTTATAACAACATA,12
CAGAAGGCGACCAAAG,12
CAGCAGCCACTGCTCG,12
CAGCTGTCCTAACAAT,12
CAGGGTGACAAATATG,12
CATCCACACCTAAAAG,12
CATGTAATGCTAGGTA,12
CATTGGTAATCCATCA,12
CCAACTTCAATAAATT,12
CCAATTGACAACACAA,12
CCAGGTGCAACTGGTC,12
CCATACTATTCCGGGC,12
CCGAAATGACTTCTCG,12
CCTATTGGATCCCAGG,12
CCTCCGTGCGATTCCA,12
CCTGATAAATCGTCGG,12
CCTTCCATCAAGGGTC,12
CGAAAACTAGCCGAAA,12
CGAGCATACCTCCAAA,12
CGATTGGCTCTTAAAG,12
CGGCTTTAAATTAAAG,12
CTAATAATCAGAGGCT,12
CTACCATCCTCAAAAA,12
CTACTACCCGACGCAC,12
CTACTTGATAACACAG,12
CTGCAAGCTGGAGACT,12
CTGCTCGCACTCAACC,12
CTGGGCCCGCCACCGT,12
CTTTATGACTGAAAAG,12
CTTTGGCTGAAGTTAC,12
CTTTGGTCACTGTTCA,12
GAAAACCAAACGGCGA,12
GAAAGCGAGTAAAATC,12
GAAATCATCCAGGTAA,12
GAAGAATACCAGAGAT,12
GAAGATAAACTCTACC,12
GAAGCCCCCGGTGCAC,12
GAATGATAGAACCTTA,12
GAATGCTTTCAAGGTA,12
GAGTAGTGGGGATACT,12
GAGTTATCCTAGACAA,12
GAGTTCGACTTTCACT,12
GATACCGTGGCGCATA,12
GATCCTATTAGGGTAT,12
GATCGTGGTGTTTTGC,12
GATGACGAACTGCAGA,12
GCAAGTAATAATTAAT,12
GCCAACATTACAATAC,12
GCCAACGATACATGAG,12
GCCATATAATTGACTT,12
GCCCGTCCTGTCTCCC,12
GCCTGTAATTATTAAA,12
GCTACCCCCCAAATGC,12
GCTCTAAAGGACGCGG,12
GGCAACTCGACATCAT,12
GGCGGCCAATATTGAT,12
GGTACTCTAATAGGCC,12
GTAACGTTAACCTAGG,12
GTACTAAAAGTACCGG,12
GTAGATGTGAATGAAG,12
GTATATTTATTGCTAT,12
GTGAGAAAAGAATTCC,12
TAAGCGAGGACGCTAA,12
TAAGTTGAGCGCAAAC,12
TAATGACGACAATGAA,12
TACAAATGGGACGAAC,12
TACACCAGTATGATAC,12
TACCCACACAGACATC,12
TACCCATGTCCATTGA,12
TACGAAATCCGATCTT,12
TACTACGTATGCTAAG,12
TAGACGTGTATCATCC,12
TATACAAACCTTGCCG,12
TATGTATAAAGCAAAG,12
TCACAATCATTTAATA,12
TCACGCTGCAGACGTA,12
TCACGTAATACATCTA,12
TCATACATAAGCTTGT,12
TCCCCTGAGCGTCCTC,12
TCCGAGGTACGACCGC,12
TCCGTAAATAATGACA,12
TCGATATAAGATGCAT,12
TCTAAAGCCTAGACTA,12
TCTAGGTGTTCTTCTC,12
TCTATATATGAACCTT,12
TCTTTCTTAAACAACT,12
TGAAACATGCCAAACT,12
TGAAAGACGATATTAC,12
TGACATCAATAGACAG,12
TGAGGTCCACGCCTGA,12
TGGTAATGTACGCGAT,12
TGTCCATGTCGTCAAA,12
TTCAATAAACAAGCAC,12
TTCGTAGTAACGTAAC,12
TTCTAATCCACTACAA,12
TTGTTAATATAAAAAA,12
TTTGGCCTCAAGAATA,12
AAAAAATTCATTCTGG,11
AAAATGAAATAATACT,11
AAAATTATGGCGGACA,11
AAAATTCATCTTATAT,11
AAAATTTCAAGGACTT,11
AAATCTCCACTGACGA,11
AAATGTACAACTGATT,11
AAATTACCAGAAAATC,11
AACAAGAATCTTTATG,11
AACGATGTATTGACAC,11
AACTCTCGGAACCCAT,11
AAGACTACCTGACTGT,11
AAGCATAGGTTAACAA,11
AAGCTTATGTAATCAG,11
AAGCTTTACGGATCTT,11
AAGTAGCACCCATAAC,11
AATCTAAATTTGAATT,11
AATTCCAATTAGCCAG,11
AATTGCGATTTGCTAG,11
ACAATAACCGACTCCT,11
ACAATATTTATCTAAG,11
ACACAAGTTAAGTCTC,11
ACACCCACGGACAATA,11
ACACTAACCCGCTCTG,11
ACATTATTTGGCTCAA,11
ACATTTTAAAATTGAC,11
ACATTTTCTAACATCC,11
ACCACCTCACTACTCC,11
ACCATACAGTGGGCAA,11
ACCGTTGAAACATAAA,11
ACCTAAATATCCATTA,11
ACCTCAAATACGACGT,11
ACCTCCTATACAAAGT,11
ACGAGGAAAACCAATT,11
ACGCACGAAAAATCAT,11
ACGGTAACTGTTCAAA,11
ACTAAGAACCAATTAC,11
ACTGTACACACCAAGA,11
AGAAGACGTTTCTGTA,11
AGAGATATATATGACA,11
AGATTTAACACCGGAA,11
AGCAAGGGGAAGCCTT,11
AGCTGATCCCAAAAAA,11
AGGGAAGGAAAGAACC,11
AGTGTGATGTAAACCT,11
AGTTAAGATAACCCCG,11
AGTTACACTTTCTGCA,11
AGTTATGCACGTATAA,11
AGTTCTTACAATCTCA,11
AGTTGTCATTATCGAT,11
ATAACAAGAAACAGGT,11
ATACACCTATTCTTAT,11
ATACCTGAGCCCTACA,11
ATATACGGAATGAGAG,11
ATCAGGGAACAAATGC,11
ATCCCTCTCAAGCTAT,11
ATCGCGTGTAAACTAA,11
ATCGGCATGAATGAAT,11
ATGAAGTCCTCCCACA,11
ATGAGACGACACAATT,11
ATGATAACATCATATG,11
ATGATCTAAGATTGTT,11
ATGCAACGTACGAAGG,11
ATGGAGTCCAAACTAG,11
ATGGCAATAGGCACAC,11
ATGGGAACTAATGAAA,11
ATTAAGACCGTACCAT,11
CAACAATGCAATCAAT,11
CAACACCAAACTTTTG,11
CAACCGACTGGGTTTC,11
CAATAATACCAAGCCA,11
CAATCATCAGATACCT,11
CAATCGGTTCCTGTCT,11
CAATGTAACTAAGTTA,11
CAATTCGAGCGACTCT,11
CACATGTAGGCTTACT,11
CACCAAGCCAGTGTTA,11
CACCAATGAGAGAACG,11
CACGAATTGCGGACAA,11
CACTGTAGAGGGTTGG,11
CAGAAGTTATAGCACC,11
CAGATACAGAAAGACT,11
CAGCTGAACTGAAGTA,11
CAGGGCTACATTGTCT,11
CATATACTACAATAAG,11
CATCTCAAATAGTGCC,11
CATCTCCAATACGATT,11
CATTGCTTTACAATTA,11
CCAAGGTACCTGGGCA,11
CCACCGCAACTTAGGA,11
CCATACTAAGGGTTAG,11
CCATCCCGAATGACAG,11
CCCTAGTGGATACCAA,11
CGACCTCTACAAGGAG,11
CGACTAGGATTGTTTA,11
CGAGCGCATAAAAAGG,11
CGAGGAGTGTTTGTAG,11
CGATGTTTAACGATAC,11
CGCGCATATTAAGAAT,11
CGTCTATGATTAGCCC,11
CTACAGCACATATACT,11
CTCAAAGCACACACAT,11
CTCAATTAAATATGAG,11
CTCTTAATAGTATTAG,11
CTGAAAAGATGACTTT,11
CTTCGGCCCTGCTCTT,11
GAAACTAATAGTCCAA,11
GAATCAACTAACGGAC,11
GACATAACTGATGTGT,11
GACCAGGCCATGAGGT,11
GACCTGACATTTCGTA,11
GACGATCTAATATTCC,11
GACTACACGAACTAAA,11
GACTTACATTAATCTT,11
GAGAAATTTGTGTTAG,11
GAGAACATCCAGATTC,11
GAGAGAAAAGATGTAC,11
GAGCCTATTACGAACG,11
GAGGTTATACCGAATA,11
GATATAAGGTACAGCT,11
GATTGATACCTACACC,11
GCCGAACCAACACGGG,11
GCCTGTTTTCCTTCCC,11
GCGATTAGGCCAGTTT,11
GCGGAACCCCAGATTC,11
GCTTGTTGGACTCGAG,11
GGAAATCTAGTGATTA,11
GGACCTGACTGAGCTA,11
GGAGTATTGATTTACG,11
GGATAAAATTATATAT,11
GGCGAGACTCACGGCG,11
GGTACAATAGATCCTG,11
GGTATAAGGACCTTAT,11
GTACACTACTTTAATC,11
GTACATAAAATGTCCT,11
GTACCCCCATCAGACT,11
GTATAGCATGAGTGAT,11
GTCACTCTTCCGACAA,11
GTCCTTAGTGCTTTTA,11
GTCTTGTCAATTCAGG,11
GTGATAACCTCTGAAA,11
GTGCAAGAACAATTAT,11
GTGTAATCGACTATTC,11
GTTTCCAGTTTAAATG,11
GTTTGCAAATAGCTAG,11
TAAAAACACAACGTAA,11
TAAACAACACTTACTT,11
TAACAGCTACAATTCA,11
TAATCCTACCTACAAT,11
TAATTGAACACAAAGG,11
TACGACAAAATATTTT,11
TACGGAATCCACTAAT,11
TACTCTACACGAGACC,11
TAGAATAATGCTTAGT,11
TAGTGTTTCCAACTCT,11
TAGTTTACCTCTTCGC,11
TATACAACCCTGCATA,11
TATCATACATGGCCAC,11
TATTTGGGCCATTTAA,11
TCACACTGCGCTTGAG,11
TCACAGTGTAATTACC,11
TCAGAAGGCCAGTTTC,11
TCCACGAATGGTACAC,11
TCCACGATCCTTGACC,11
TCCGAAAGATTCCATA,11
TCCGAATACCAGCCAT,11
TCCTCTAAAACTTACG,11
TCGATAGTAAGCCCTT,11
TCGATCGGATGGAACA,11
TCGGACTTAAAAACTC,11
TCTTACCAAATCTAAA,11
TGAAAAATGCTCTAAA,11
TGAATTAATATAGAGA,11
TGACATTAAGCCAGAG,11
TGAGGGAGCTAATACC,11
TGAGTGAACGATGCAC,11
TGAGTTAACAGTCAGC,11
TGATGTAATTACCTCT,11
TGCAACTTGCTCAATA,11
TGCATACGTTGCAAGA,11
TGCGACTTGTTATTCT,11
TGCTATATTCAGACAC,11
TGCTCCTTTAATTTCG,11
TGGAATAAGACGTACG,11
TGGCAAGTCGGAAGCT,11
TGGGCCTGACAAGAAG,11
TGTAACTGCAGGCAAC,11
TGTATAAGCACATACA,11
TGTGCATCTAAGACAA,11
TTATATTACCCATAAA,11
TTCGAACGAAGCGAGG,11
TTCGGTACGTCTGTGC,11
TTCGTACATTTCCACC,11
TTCTAAAAGTTGTTAG,11
TTGATAGGTACCATAT,11
TTGGCTCCTAAGTTAA,11
TTTCAAATTAAGCAAA,11
AAAAAATAAAGTTTGA,10
AAAAACTATACACCAC,10
AAAAAGAAGGAAGCCA,10
AAAAATTCAGCCCGTT,10
AAAAGCTCATGACTAT,10
AAACTAATGTCTTGGA,10
AAATAAGTAAAGATCT,10
AAATTACCAAATACAG,10
AACCCAAGCGTGACCG,10
AACCGAGTCTTTCTTA,10
AACGACTTTTTCTGAC,10
AACGCGGGCTCTATTT,10
AACGGATTATGTTCCT,10
AACTATTGGAAGAACA,10
AACTTAATACGAGGAG,10
AACTTTATAATAGTAA,10
AAGCGTAATAACGCGC,10
AAGGAAAACAAGAGCT,10
AAGTATACTCTGCTAC,10
AAGTGCCTATTAGACT,10
AATAATGAACATATTA,10
AATAGCCCGGTGACAA,10
AATATCATTTCGTGCA,10
AATCTAACATAACACT,10
AATTATACTTCAAAGT,10
AATTCATTCCCCTAAC,10
AATTCCATGCAGGATC,10
ACAAAAATGCAGACCA,10
ACAAAATCAGGAATAA,10
ACACCACCGAAACCGT,10
ACAGCGCGCCCAATAT,10
ACATTATACCAATTGC,10
ACCATAGTCGGCGGCA,10
ACCATTTAGTTGCTAA,10
ACCCACCCAGCCTGAC,10
ACCGAGAACTTGTAAA,10
ACCTACTCTGCCCAGT,10
ACCTGGTGTTACCCAA,10
ACGCCTACCTTCTTTC,10
ACGTTAATTACAGCCT,10
ACTAGAGAAGCTAACG,10
ACTCTCCGTCCTGGAG,10
AGAAACACCCTATGCG,10
AGAACAGGGTGTAACC,10
AGAGGTGTCACTTAAG,10
AGAGTAACATCCATCG,10
AGATGACTTCAGAAAA,10
AGATTATTAGACAGAT,10
AGCATTTTTGTGTACA,10
AGGAACTCCCCCGCAT,10
AGGCGTCGATGTACTT,10
AGGCTCGTCATTCGTA,10
AGTATAGAGAACAACA,10
AGTCAAGATTTTAAGA,10
AGTCCCCCAACACCTG,10
AGTCCGTAAAATACAA,10
AGTCCTACCCGGACCT,10
AGTTACGAGCCGTCCG,10
AGTTGTCTGCAAAGAC,10
ATAAACCCCTAACCGT,10
ATAACAGCCACAATCA,10
ATAACTGAGTTTTTCC,10
ATAAGCTACGTCACCC,10
ATAATTTGTATTGTAT,10
ATACAGAGCCTCTGAA,10
ATACCGCAGTAATCAT,10
ATACGTAAAAAAGCAT,10
ATAGAACCTTAACAAC,10
ATAGCTCTAGCCGTTC,10
ATAGTAGCAATACAAC,10
ATAGTATCACATGACT,10
ATATAGAGTGATTATA,10
ATATATAATAGGACTA,10
ATCAACAACAATGGCA,10
ATGTATAGATTCATTC,10
ATGTATGCAACCGCCT,10
ATTATAGCCACGTCAA,10
ATTCTGCGAGAGGTAC,10
ATTGGCACCCACTATG,10
ATTTGATGTAACGACT,10
CAAAACGGGAGGACCT,10
CAAAGACACCACGCAA,10
CAAATACATTCAGAAG,10
CAACATATTCAGAACG,10
CAACATTTTAGAACCG,10
CAACGGATAATCTCAA,10
CAACTGAGCCTTTTGA,10
CAAGACCAAAAAACTG,10
CAAGACTAATATTTCA,10
CAAGTAAGGTGTAAAA,10
CAATCCAGATTACTTA,10
CAATTCTATAAACGTG,10
CACGCGATTCAATAAC,10
CACTTCGTAACCCGGA,10
CAGATAAGAATAAGCA,10
CAGCTCTTAATGCGAC,10
CATCTGTTAGCGGGAT,10
CATGTTAAAACATACA,10
CATTTGACGCTGGTTA,10
CCAAAAATGAGGTATT,10
CCACAAGTATAGTACA,10
CCACATAAGCATACAC,10
CCACCCAAATAATTAA,10
CCCATAAGTAAACTGT,10
CCCATACGCGACTAGG,10
CCCCTGTAAAATTGAA,10
CCGGCTTAAAGTTAAA,10
CCTAAAGTGCTAAGAC,10
CCTCTAACATGTAACA,10
CCTCTACGAAGATCGA,10
CCTGCTTCGCAAGTTC,10
CGAAAAATATCCTACC,10
CGAACATAAGAGACAC,10
CGATAAAGAGCGGATT,10
CGATACTCACACTAAG,10
CGATATATTCATAGCC,10
CGATCCTGATTATACA,10
CGCAAAAGATATCGGT,10
CGCAACTTCGTCAATC,10
CGCATAGTCCCCTTAA,10
CGCATGTATCCACACA,10
CGCCAGTAATGGAACA,10
CGCCCGTTAAATGAAA,10
CGGGTCCACCATCTTT,10
CGTCCATCCATTCTTA,10
CTAAGTCAACCTATGA,10
CTAATGGAAGACTCCT,10
CTAGAAGGCTTATAGA,10
CTATAGTTTGCCACAG,10
CTATGAGAGTAATTTG,10
CTATGTCTATCAGTTG,10
CTCAACAGCTCCTCTA,10
CTCCTCGTCAACAATC,10
CTCGCGACTGAACCCG,10
CTCGTACGAAACGAAA,10
CTCTGACCCTGCGAGC,10
CTGGCCACTTGAATCA,10
CTGGGCTCTATCAACA,10
CTTAAGTAGTTTGCAA,10
CTTTACTTCGGCAAAA,10
GAAAAGAAATAATGCC,10
GAAACCCCTAAAAACC,10
GAAATCGTCTTGGCAG,10
GAAATTACCATCAATT,10
GAACCAAAAATGCCTC,10
GAAGCATTAGTCTCAA,10
GACCAGCCAAAACATC,10
GACTCTCAACACTTTA,10
GACTGAAAGTCAAAAT,10
GAGCAATTATCAATCT,10
GAGGAGCAGATCATAA,10
GATGTCGTAGACGGAG,10
GATTCACCGGCCAGAT,10
GCAAAAGCTCAGGACG,10
GCAAACAGATTTCCTG,10
GCAGTCGGTCTTTAAA,10
GCCAAGCTTTGCCAAA,10
GCCAGCCATTCACAAC,10
GCCCGCTCGATACAAT,10
GCCTGTTCCCCAAAGT,10
GCGCTGCTAGGTCTAC,10
GCTGAAGACTTAGGCA,10
GGAAACCCAAAAATAG,10
GGACAATACTTAACAA,10
GGATTCACAACGATAC,10
GGCAAAAGGTGGGATA,10
GGGAATATAAAATGAA,10
GGGGAAATCTCCTTGG,10
GGTACAAGTGATCCTC,10
GGTATCTTCCAGCTTT,10
GTAAAAAATGAGAACC,10
GTAAAAAGTACTGAAT,10
GTAAACCGAAACTCTT,10
GTACAAGATAGATTAT,10
GTACTGCAACATATTG,10
GTCCACAATGAGGAAC,10
GTCTGCACAAGAAGAC,10
GTCTTACCTGCAACAC,10
GTGCACCCCAGGCCCC,10
GTGCATCTAAAAGCTG,10
GTGGACTAAGTTGCCC,10
GTGGTCAACAGTAATA,10
TAAAAATCTGAAGACG,10
TAACATAACGAAAAGA,10
TAACATGACCGCGCAG,10
TAAGGATTACTTTACA,10
TAAGTACTGAAATGTA,10
TAATCGGAATCAATAT,10
TAATTAGAATAAGCAA,10
TACAACAGATAGTGTA,10
TACTCTTACCAAACTA,10
TAGGGTGAAGTATTGC,10
TATGGATTATTCTATG,10
TATGGGCCTATAAAAG,10
TATGTTACGTACACCC,10
TATTGGAATTAGCCAG,10
TCAACACAAATTCTCT,10
TCACAAGTAATATTAA,10
TCACAATCGATGCAAA,10
TCACATTCCCAACCCC,10
TCACTCCGCATCCAAA,10
TCAGCAGAAGATACGC,10
TCAGCCGCAGACAGAC,10
TCATATTCCTCCCGCC,10
TCATCTAATTTCGCAA,10
TCGATAAAACAGCAAC,10
TCTAAAACCATTAAAT,10
TCTGTAGTTCATGCAA,10
TCTGTATTCCAACATA,10
TGAACTGAGTTACCCG,10
TGAAGACCACTGTTAA,10
TGACACCGAATGCCAC,10
TGACTACATACACAAA,10
TGAGACGTCCTGGTAA,10
TGAGGTACACAACCTA,10
TGATTTCTGACATAAC,10
TGCAATAAAAAATACT,10
TGCCCGTCTAGTACTA,10
TGCCGACATCACCGTA,10
TGGCTGGTAATTCCAC,10
TGTCCAACAATGAGTG,10
TTAAGACATCCTCAGC,10
TTACTCCGGAGTAAGC,10
TTACTCCGTCTAATCA,10
TTACTTCAAAATTTGC,10
TTAGTGTGAGAAGACA,10
TTATAATCGTAGGGAA,10
TTATAGAGTGACTACC,10
TTCAACCTAACTGATC,10
TTCCCTCAGTAAAATT,10
TTCGAAAGACGCTTCA,10
TTGACATTCGAAATTT,10
TTGATAAGACATTTTA,10
TTGGAACACCCGAAAG,10
TTGGTTTGAATCCAGG,10
TTTACGCCATCAATCA,10
TTTACTCAAAACTTAT,10
TTTGAGCAATGAAGAG,10
TTTGTCTGGCCGCTTG,10
TTTTGGTAATCACGGC,10
AAAACATAAACTGAAT,9
AAAATACGTCTGATTG,9
AAATATGACCACGCAT,9
AAATCCGACCCTAGCA,9
AAATGTGAATCGATAC,9
AACAAAACATATCGCT,9
AACAATATGAGCCACA,9
AACAATTTAGAACTTA,9
AACACCAAAGGACGCC,9
AACAGATCTCACCGCC,9
AACATGAACACCTCTA,9
AACCAAATGGCTATCA,9
AACCAGTACCTCGGTT,9
AACCCAATTAAAAACT,9
AACGATACTCTCGCAA,9
AACGCCAATAAACAGG,9
AACGTGGATGCTGTAT,9
AACTCGTAATAATAGA,9
AACTGTGGTCATGCAT,9
AACTTCCGAACGTTAG,9
AAGAGTCTAAAATAAG,9
AAGATTGATCACAAAA,9
AAGCCGAAAACCCGAT,9
AAGGCGCTATGTCTTG,9
AAGTCCACAATATGAC,9
AATCCACACGCAGGCA,9
AATCGAACTCGTAGCA,9
AATCGCAAATTATCCG,9
AATCTGACACATGGTT,9
AATGACGACTTAAAAT,9
AATGCGGATAAAACGT,9
AATGCGTTCACTGAGC,9
AATGGAATAATGGAGA,9
AATGTTCAAATATCGG,9
AATTTGGTGTCCATCC,9
ACAACCACAATCCGAG,9
ACAACCGCGACCACGT,9
ACAATCTCAAGTTAAG,9
ACAATGCGCATTGTCA,9
ACACAGATCTGTGACA,9
ACACCGTTTCACAACG,9
ACATAATGTCGCGGCC,9
ACATACAAACACGGTC,9
ACATGGTTCACGAGGT,9
ACCAAGCAACATCAGA,9
ACCATTAACAACACGG,9
ACCCTAGTAGCGACCT,9
ACGACTCAAGAATCCT,9
ACGAGAACACCGGTAT,9
ACGATAACACTGGATT,9
ACGATACTTTCCCATA,9
ACGCTCTGAGTAAGGA,9
ACGTACCGACGTTTAA,9
ACGTCCAATTACATCA,9
ACTATCGATGCGTACT,9
ACTGAACAACCTGTCG,9
ACTTTACACCTAGGAA,9
AGAACAATAAGGACCC,9
AGAATACTTTAGTGTA,9
AGACCAACATCGTCTC,9
AGACCTAACAGAAAAT,9
AGATAAGTGCTTATTA,9
AGATCCACACACAATA,9
AGATGATGAGAGTTTA,9
AGATTGCACGCTAAGG,9
AGCACGGGTGCCACTC,9
AGCATTAGTCGACTTA,9
AGCCCTCGACGAGCCA,9
AGCGCAACGAAGTAAT,9
AGGCTGCTTGTATCTT,9
AGGGACCTAAGATTGC,9
AGGTCTTGCTTATAGC,9
AGGTTATATTGAGTAT,9
AGTACGATAGAACCAT,9
AGTCGGCAGCACGAGT,9
AGTGCGATCGAGCTGC,9
AGTTCCGAGACCTTTC,9
ATAAGCTCAGTGAACT,9
ATAAGTCATTACAATC,9
ATAATGGACTAACCGT,9
ATACAGCACCAAGATG,9
ATACCAGTAAAATTTT,9
ATACGAAAATACACAC,9
ATACGAGGTAGCAGCA,9
ATAGGGCATCATATAT,9
ATATCAAGCTAGTTAA,9
ATATTAGCTACGCAAC,9
ATATTTAGATTTGAGA,9
ATCAAAGTAAAACAAA,9
ATCCAAAGGAATAATA,9
ATCGCTACAAATGATG,9
ATCGTAGACACACACT,9
ATCTAAGAATCACTAT,9
ATCTAATCTAAAACCC,9
ATCTCCCACAAATAAC,9
ATCTGCAGAAAGCCAT,9
ATCTTTTCGAATTTGT,9
ATGACCTAAGGTCGAC,9
ATGAGCTTTTTTCACT,9
ATGATCAGACACTGGA,9
ATGCACTCAAGAACTC,9
ATGTAGCATGCTCTCT,9
ATGTATACATCCAAAA,9
ATGTTCCTCCGAATGA,9
ATTATCTAATTGCTAC,9
ATTCAGGACATCCAAA,9
ATTCGTATGAGTCGAA,9
ATTGGAGTGAATCACA,9
ATTGTATGATACAGAA,9
ATTTACGATCTAAAAT,9
ATTTAGACAAGACCCC,9
ATTTATTCAGATTTGG,9
ATTTCATCACCGTGAA,9
ATTTCGGGCCGCCGGG,9
ATTTTTGAAACAGATA,9
CAAAAAAAAAAGCAGT,9
CAAAGTTGGTATAACA,9
CAAATACCCATGAAGT,9
CAAATATTTAAGTACC,9
CAACCCAACGTCACAT,9
CAACTAGTCCCAACAT,9
CAAGGAAACTTACTCT,9
CAAGTTCTATGCCACG,9
CAATATGGACACACGG,9
CAATCGGACATATATA,9
CACACAATAGTTCATA,9
CACACTACCCTTTACT,9
CACCCACACTATTAAT,9
CACCTGCGCTACTCGA,9
CAGCATGCATGTGTTG,9
CAGTAGTGCTGCTTCA,9
CATACAAGCCCAAGGC,9
CATATACCTAAGTCGT,9
CATATCTAAGTAGAGG,9
CATCTTTGGGAGCTAA,9
CATGAAGCGTCCGATC,9
CATGATTCCTGAAATG,9
CATTACTAGATCAATA,9
CATTATCTTGCTCCTA,9
CATTCCATCAGCTGAT,9
CCAAAACCCATACCAA,9
CCAACGAACAATGTCA,9
CCAATTTAAGATGGGC,9
CCACGGGAGACATCAA,9
CCACTAAGATATAGCA,9
CCACTCTGATACGAAT,9
CCACTGAGAAACCGTT,9
CCACTTTGCATGACGA,9
CCATAAATAGACTGAT,9
CCATTAAAATAAGGTG,9
CCCAGTTAAGCCTAAC,9
CCCCCTATATGTTACA,9
CCCGACCATCCAAAAA,9
CCCTACGAGTAATTTA,9
CCCTGAGTGATCCTAA,9
CCCTGGGGCAAACAAT,9
CCGACCATACCCAAGT,9
CCGATACACCTCATCC,9
CCGCCAATTTCCCTGC,9
CCGGGGGGTGCATGAC,9
CCGTAGTCGATCATAA,9
CCTAAAACCTTCGTGG,9
CCTAACTGTATAGAGT,9
CCTAAGTGGGGGACAT,9
CCTAATAACTAATTCG,9
CCTCGACTTTTCAGTC,9
CCTCTATACGTCAATC,9
CCTGAGACGACTCTAA,9
CCTTCTAAATTAACGC,9
CGAACCAGTAAAAGAA,9
CGACCCGTTATCCTCA,9
CGACTTAATTTTAACT,9
CGAGACGATGTAAAAA,9
CGGCAGACACGTTAAC,9
CGGCTGACGAATCTAT,9
CGGGTAATGAATCACA,9
CGGGTGCTTGCTTAAC,9
CGTAATTTAAAAAGTG,9
CGTAGATCCAAAGACC,9
CGTCCAACAAGAGAGA,9
CTACAGTCTTGGTCCG,9
CTAGTGCAATACTTGA,9
CTAGTTCGTTTAATAG,9
CTCACAATGCTCACTC,9
CTCAGCGATGCTGCCA,9
CTCATTCTAAAGATCG,9
CTCCTCACACATTGAG,9
CTCGGCTTGCACTGCG,9
CTCTAATTAGTGAAAA,9
CTTACCGGTCAACAAA,9
CTTACTATTTAACCGT,9
CTTAGGACCTTGAATA,9
CTTCATATATTTGTGA,9
CTTGGTAAAGTGACCA,9
CTTGTCATAATATATC,9
CTTTACACATGTTAAT,9
GAAACGGCTCGCACCA,9
GAACAGACCGAACTAC,9
GAAGACTCACTTGATC,9
GAATAATAAGGTATTC,9
GAATGACCACTCTATC,9
GAATTGGCAAGTATCA,9
GACAGAGATGCTAGAT,9
GACATTATACAGAACC,9
GACGAAAGTATAAATT,9
GACGAGGGCCAATGTC,9
GACTAGAAATTAAGCA,9
GACTATTTAAATACAG,9
GACTTAAAATAATACG,9
GAGAGATGGACACCTA,9
GAGCATACTACGCTAA,9
GAGGACGAATGAACCG,9
GAGTAACGGTATTATA,9
GAGTATAGCAGTAAGA,9
GATAAGGTGATCCATC,9
GATAGAACACTAGCCT,9
GATAGTAAAATGGCCA,9
GATATCTTATACACTT,9
GATGACAAGAGCACTC,9
GATTATACATACTACC,9
GATTTCCTCTGCGAAT,9
GCAAATAGCTGTCACG,9
GCAATCTCAATTCAAA,9
GCATATCATAAAGCCA,9
GCATATTTTGACGGAT,9
GCATGTAGAGGCTCTC,9
GCATTAACTTGACTAG,9
GCCATGTCTCTTTTGG,9
GCCCAAGTATTGACTA,9
GCCCGTTATAAACTAG,9
GCGTATGCATACACAG,9
GCGTTCGAAAACAAGC,9
GCTCCCACTATACACC,9
GCTTAGCTGCCTAGCC,9
GGAAAAAAATGCGAAT,9
GGATCAGTGATTGCAA,9
GGCAACAGTATAACGC,9
GGCAAGTATAAAAATC,9
GGCCTTACAGCCATAC,9
GGGACCCATTCGCTAA,9
GGGGCCTCGGTGAAAC,9
GGGGCTTACTAAGGAG,9
GGGGTAGTCATTATGA,9
GGTCCGACTAAACAGG,9
GGTTGCTATACATACT,9
GTAATCAAGTAATCCG,9
GTAGAAGCGGTTGCCA,9
GTAGCTCAATCGTATA,9
GTATAAAGGGCCTCAA,9
GTCAATAGTCTAGGCA,9
GTCCTCAACATTCTTA,9
GTCCTTAAATATGAAT,9
GTCGAAATCGAATTCA,9
GTCTAGACTCTATCCG,9
GTGACCCAAAATAGTA,9
GTGAGAACTCAAATTG,9
GTGCGGCGCAATTACT,9
GTGCTTCCACTCCTAA,9
GTGTATTCGACTAACA,9
GTGTGAAAAGTCTACA,9
GTTAAGTTCGTATAAA,9
GTTAGTCATACAACAG,9
GTTCACAATCTCAAAA,9
GTTCAGAAGTTAAAAT,9
GTTTGAACAACGCCTT,9
TAAAAACATAAATTAA,9
TAAAAACCCTCCACAT,9
TAAAAAGACACACCTA,9
TAAAACACAAATATTC,9
TAACCACTGGAAATTA,9
TAAGAAAAAGCTCTAC,9
TAAGCAATTGTCTAGT,9
TAAGCTATATGTACAA,9
TAAGGTATACCCCCAT,9
TAATATCTCAGCAAAA,9
TAATATGTTCAAGGAT,9
TAATCATGATACCTTG,9
TAATCCTTACGTTGTG,9
TAATGAAGCGTGACAG,9
TAATGATCATAAAGAA,9
TAATTTAGCACAAAAA,9
TACAAGAAGCCTACGC,9
TACACTCGATCCGCGA,9
TACATTGGACATAACT,9
TACCTTGCATGGGGAC,9
TACGTATGACACGACT,9
TACGTGACGATTTTTT,9
TACTCGTGTTAAAATA,9
TACTGAGGCTACCCAT,9
TACTGTATCGCCTCGA,9
TAGAAAGCGGATCCAA,9
TAGAAGGTAAAATTGG,9
TAGGAACGGGATATAT,9
TAGGACACAAAAGGTC,9
TAGGATACCATCTTAG,9
TAGGTGGTGTACCGAA,9
TAGTGTTTGGGCCAAA,9
TATACCTACATACTCT,9
TATAGTAGTGAGCAGT,9
TATATGTTAGGGATAG,9
TATCTGACCTGCCCGG,9
TATTACGACATATGTA,9
TATTGTCCTTATTCCT,9
TCAAAAGAAAATCAAC,9
TCAAAAGAGTTACAGA,9
TCAAAAGATTCAATAT,9
TCAAAAGTAACGTAAT,9
TCACAAATCATGCAAT,9
TCACCCATCATCCAAA,9
TCACTATATTTATGGA,9
TCATATACTAAATAAC,9
TCCACCGATTTGAGAT,9
TCCACTGAGGACGCTC,9
TCCAGTCCACAGATGT,9
TCCAGTTAGTTATATC,9
TCCATACCATTGACTT,9
TCCATGAAGTACTACA,9
TCCCTGCTATAAAAGG,9
TCCCTGTGAAGAAGTC,9
TCCGTATCGGCAGGTC,9
TCCTTCCCAACTGCAC,9
TCGAATAAAGCGAACG,9
TCGTAAGGTAACTTCC,9
TCTAATCATAGCTCAT,9
TCTAGAACGGAGCGCA,9
TCTATCAAACACCATA,9
TCTCATTAGATCCAAA,9
TCTGGCGCGTGGGATC,9
TCTTATAATAGCAATA,9
TGAACCAAACCTACTG,9
TGAACTGCTTTCAATG,9
TGAATGAGATTGCTAA,9
TGAGTGAAATTTTGAC,9
TGATACACAGTCGCAG,9
TGCAACACCATCATCG,9
TGCCTGTGTGGAACCT,9
TGCGCACACGCAGAGC,9
TGCGGTGCAGAAAAAA,9
TGCTTCAAGCGCTACA,9
TGGACCGTGAATATAA,9
TGGAGTAAATTTCTAC,9
TGGTGTAAGACCTCCG,9
TGTAAGGTTGACTTAT,9
TGTCATAGGGCTCTGC,9
TTAAATTCGCCCTTGA,9
TTAACCTAAAGTGTAG,9
TTAAGTATGTGATATA,9
TTAATCCCAGATAGTA,9
TTACCTTACAAAGCAG,9
TTATGGTAGAGGTAAT,9
TTCACGCGTTCTCTAT,9
TTCCATTACCAAACGT,9
TTCGTTACTAAATGCG,9
TTCTAAACACGAATAC,9
TTGCCACACCCCGAAC,9
TTGTAATACATGAGAA,9
TTGTCAATGTGATTTG,9
TTGTTAGATACATTCA,9
TTTACCCTAGCGTCCT,9
TTTTTAATCTCATTTG,9
AAAAACACGAAACCTC,8
AAAAATGTTTAAATAT,8
AAAAATTCTTAGTGTG,8
AAAACCACACATCCTT,8
AAAAGCTTCATCTCGA,8
AAACAGCACAGCTAGG,8
AAACAGTCACTCGTAG,8
AAACATAGGCGTAACA,8
AAACGTATCAAAAGAA,8
AAAGATTCGATGCTAA,8
AAAGCATAGCAAGGAA,8
AAAGCTGTGCAAGTAC,8
AAATACAGTATGGGAT,8
AAATAGAGGATGTGGT,8
AAATATTAGTTAAGGA,8
AAATGTAGTAATAATG,8
AAATTGACCGACTTAT,8
AACAAATAGTATACGA,8
AACACCAATTGGTCAA,8
AACAGGCTTACAATAA,8
AACATACGGTAACACC,8
AACATCGTGCTAAATT,8
AACATTAAAACGAAAT,8
AACATTATACAATACC,8
AACCATCTGGGATTTT,8
AACCCTGATAGTAATG,8
AACCGGAATAAAATAT,8
AACCGGGACCTAAAAA,8
AAGAGCATCGGGATAG,8
AAGAGCTTAAGTTCTT,8
AAGATCGTTTGATTAT,8
AAGATGAATAGAGCAA,8
AAGCCATACAATCCAG,8
AAGCCCACATGACCAT,8
AAGCGTCCAGACCACT,8
AAGGAATTGTAAATCT,8
AAGGATGGGCAGTATA,8
AAGGCCACCAGACGGC,8
AAGTAAACACAACTAG,8
AAGTACAAGGACTAAA,8
AAGTGGTCAAACTTGG,8
AATAACTTTAGTGACC,8
AATAAGCTAATCAAGT,8
AATACCCCGGAAACAA,8
AATACGTCAAATTAGG,8
AATAGCTTATGAGGTG,8
AATATAAAGAATTGAA,8
AATCACTTAAAGCAAG,8
AATCCTACCCACATAC,8
AATGACAAAATGACGA,8
AATGCAGTATTCTAGA,8
AATTATAGCAGTGTCA,8
AATTATCCCCACCTGC,8
AATTTACCTTAAACAC,8
AATTTCGTACATCAGA,8
ACAAAGCGTTATAGCG,8
ACAACTCACCCACGTT,8
ACAAGAACATTGAAAA,8
ACAATATAAGAATAAC,8
ACAATGGGAACTGTGC,8
ACACACAAGAAACTAG,8
ACACAGAAAGCTGACA,8
ACACCCCAATACACAG,8
ACACTGTTGAGTCCAA,8
ACAGATAAAAGCAAGA,8
ACAGATTACCTCACCG,8
ACAGCCACTCAAGAGA,8
ACATAATCCGTGAATT,8
ACATACCCAATTATAG,8
ACATCTATAGTAGGAA,8
ACATGTCCTATATAAT,8
ACATGTGTACGTGAAA,8
ACCAACGCATGAGATA,8
ACCAGCGCGAAACACA,8
ACCCCGACCTACGCTC,8
ACCCGCGTACGAGTTC,8
ACCCTAACAAACAGGA,8
ACCCTTGAGCTTAAGG,8
ACCGGTAGAAAGTTTT,8
ACCGTGCAATTAGCTA,8
ACGCAACAACAGTTTT,8
ACGCGTCTTACTAGTA,8
ACGGACCCATAAGTTT,8
ACGGCCCAAAGACATG,8
ACGTATGCGACTGAAG,8
ACTAAAATATATATGG,8
ACTAACGAACAAAACT,8
ACTATAATTTAAGCGA,8
ACTCGAGTGCGGACAT,8
ACTCGAGTTTACGAAA,8
ACTCGTCAGACAACAC,8
ACTGAGTCAAAACTTG,8
ACTGGGAAGATTATGT,8
ACTTCAACGAACTGGA,8
ACTTCGCGGAATGTTG,8
ACTTTACTAGTCTCCT,8
AGAAAAGAGAGAAAGT,8
AGAAATACTCCAATAA,8
AGAACGAGTAAACTTT,8
AGACAAATAAAAGTCC,8
AGACACTCTTGAGGAA,8
AGACATCCTGGCTTTT,8
AGACCATGAGTAAATT,8
AGAGAAAGAACCGATT,8
AGAGGTTTCCTCAACT,8
AGAGTTGATTGAACTA,8
AGATATACCGTGATAA,8
AGATATCAAGTGTGAC,8
AGATTAATATTCTCCT,8
AGATTGCACTCATTAT,8
AGCCAAGTAAAAGAGT,8
AGCCAATGCTGGACTT,8
AGCCCACTATCCTAAA,8
AGCGCTCTTGTAACTT,8
AGCGTATTCAAAACCA,8
AGCTATAACCAATACA,8
AGCTGGATCCACGGAT,8
AGCTTTAAAATCAAAA,8
AGGCAACAGTTCGATG,8
AGGCCGTGACATTAGT,8
AGGTTATGAAACAGAA,8
AGTAAGAGAGTTCCGA,8
AGTAGGAACGGAAAAA,8
AGTATAAAAATTAATT,8
AGTTAGTGCGGTAAAA,8
ATAACAATCAAAACAG,8
ATAACATTATGCCACT,8
ATAACGAAAATGGATT,8
ATAAGTTCAGTAAGAC,8
ATAATAAGCCGAATGA,8
ATACAACTTTGCGGCT,8
ATAGAACAATCATAGT,8
ATAGATCAGTAAATAT,8
ATAGGCACAACTCTGG,8
ATAGTAGTAGAAACAC,8
ATATAGAGCGAACGCA,8
ATATAGTCAGATAGTA,8
ATATTATAGTTACAAT,8
ATCAAAAAACTAGAGT,8
ATCAAAATATATGAGC,8
ATCAATATGTTTAATA,8
ATCACGACTAATGGGA,8
ATCGCCTTAGATTGAT,8
ATCGTACATAGTTGGT,8
ATCTACAGAAAAACAA,8
ATCTCGGGATAAACAC,8
ATCTGTATGCGTCCTG,8
ATCTGTTTGATGCTAA,8
ATCTTCGTTTCAAATC,8
ATGACCCAATGTAGAA,8
ATGATGTATGAAGCCC,8
ATGCCTAAAGCAAGGT,8
ATGCGGGACATACAAC,8
ATGGAATTTAATGATT,8
ATGGTAAAATAGGTTG,8
ATGTAAGCGTAATACG,8
ATGTAATAATTACCTT,8
ATTACCAAGTATCGGT,8
ATTACGATCAAGACAG,8
ATTAGGACATGCATAC,8
ATTATAGAAGACAGCA,8
ATTATTCGTAACCGAT,8
ATTCAATATAGGTCAC,8
ATTCCACTCAACGCTA,8
ATTGACGACACCAAAA,8
ATTGAGTACCACACCA,8
ATTGGAATTTGTCTTT,8
ATTGTAACCAAAAATG,8
ATTTCATCACAAGCCG,8
ATTTTTCCAACAATGT,8
CAAATAAGAATGAAAA,8
CAACACGCATCAATAC,8
CAACATTGTCTTTCCG,8
CAAGCATGAGACCTAC,8
CAAGTCACCAACACCG,8
CAATTGTCAAGTATCC,8
CAATTTTGATACCAAC,8
CACAATTAGCCCGTAA,8
CACACTACCAAAACAG,8
CACCACCCTAAACCGG,8
CACCCTCACGATTTAC,8
CACCTACCTACAACAT,8
CACCTTGCCAACACGG,8
CACGGCGAGACTAAAA,8
CACTAATACTGGTAAT,8
CACTATGTAAAAGCTT,8
CACTTTAGTCCCTAAG,8
CAGAAGATTCTAACAT,8
CAGATTAATATAGCGA,8
CAGCATGCCTGAATTT,8
CAGGCACCCCCCTAGT,8
CAGTAATTTTTTGAAT,8
CAGTAGCATCAACGAA,8
CAGTTTATAGGAACTC,8
CAGTTTCGTGCAACAA,8
CATCACACAGAAACGT,8
CATCCATACGATTAGT,8
CATTAACTGGAGTTAG,8
CATTTACAATCTAATA,8
CCAAAATAACCTGGAG,8
CCACACAAGGTAAAAA,8
CCATAAATCACCACCG,8
CCATATCTTCTCTCTA,8
CCATGGCAATTTCGAT,8
CCATTCCAGTCCCTAC,8
CCATTTAGTTTGTCTA,8
CCCCACAGGCACGGAT,8
CCCCATGCGAAACCAA,8
CCCGATTGACTACGCA,8
CCTAAGTGCCCGGACC,8
CCTAATCTCGAAACAA,8
CCTAGTTCCTTGCAAC,8
CCTCACCAACAGACCA,8
CCTTACTCTGTTGCTT,8
CCTTCAACAACTTTGG,8
CCTTCTGTAATGGACA,8
CGAACCTTGAACTTTG,8
CGAAGCATGACGATGA,8
CGAATAAGCCTCAACG,8
CGAATCAACAAACCCA,8
CGACATAGACAGTAAG,8
CGACATAGTCCTCTTT,8
CGAGGGAGTTCCTCCC,8
CGATGGCTCTAATATA,8
CGATTAATACGCCCGC,8
CGCAAAGAACTATCCA,8
CGCCCCTGAAGAGCAT,8
CGCCTGAAAATCGAAA,8
CGCGACGAACCGATGT,8
CGGCGAACATTGAACG,8
CGTGGAATGTTCGGAC,8
CGTTAAGTAATAACAT,8
CGTTTCTCATCCACCT,8
CTAAACACAGCATTCA,8
CTAAATCTATCCATCA,8
CTAAATCTGCCAGTTA,8
CTAAGAAAAATCCATC,8
CTAATATAATTTATGC,8
CTAATTCTATCGGCCT,8
CTACAAGGCATTGAGC,8
CTACCTACGCTATACC,8
CTATGCGTGCCCTCAA,8
CTCGTTTGCCACCGAG,8
CTCTGAGTCATATCAT,8
CTCTGGACCGAAAGTA,8
CTCTTGATTCTGAAGT,8
CTCTTTCATTTTGAAA,8
CTGACAACTTCACACC,8
CTGGAGCTAATAAATG,8
CTGGTACTAGCGGGAT,8
CTGGTCAGTGTCTAAC,8
CTTATAAACAATTTTC,8
CTTGATAAAGCAACAT,8
CTTTATAACAATCTTT,8
CTTTGCCAATCACCAT,8
GAAAAGCGTTGAAAAC,8
GAAACAGTGGAACGGA,8
GAAACCACCGAGTCGT,8
GAAAGATAGCGTATGC,8
GAAAGCACGATTTCCA,8
GAACAAAAACGAAAGA,8
GAACCAGTATCAGACA,8
GAACCTGGAATCTTCC,8
GAAGAATTGCAAGCCC,8
GAAGACGCACTGACAG,8
GAATAAGCTTTAGTTT,8
GAATATCTCATTCTAC,8
GAATCCGACAAATTTA,8
GACCTCTTCAAATCGA,8
GACGAATTTGAATGGA,8
GACGACTGTTCCTCCA,8
GACGCTTGTAATTTTC,8
GAGAATCCATGACTAT,8
GAGCCAATTCAACTTT,8
GATAACAAAGAATGTT,8
GATATTACCTCGTCCA,8
GATTGAATCTGACCTA,8
GCAATAGCGGCTCAAG,8
GCAATCCGAGGATTCC,8
GCAATGTATTCTAACC,8
GCATACAATACATGAT,8
GCATAGAGAACAGGAG,8
GCATCGTGATTAATCG,8
GCCCAACGAAACCCTT,8
GCCCTTAATAAACAAA,8
GCCTAGAAACAACTCA,8
GCCTTGAAACTCACCA,8
GCGCAGAAAACATTAC,8
GCTAAACGAAGAAGCT,8
GCTATAACACACCTGA,8
GCTCAACTATGCATTC,8
GCTGGATAAATTGCAA,8
GCTTATACCACTAATA,8
GCTTTTTAGTTTAGGA,8
GGAACATTAAGCTCCT,8
GGACAATTCGGCGATC,8
GGACGTGACCTTTTAC,8
GGACTTGGCCATCCGA,8
GGAGAAACACGAGTGC,8
GGATCGTTAAAAACTG,8
GGCCCGATAGCACCAT,8
GGGTTGGATGGACGCT,8
GGTAACAATAACCAGG,8
GGTAGATTATATATTC,8
GGTGAAGAAGAAGTGA,8
GGTGCTAAATGGCAAT,8
GGTGTAACTAATAAGA,8
GTAAAGCTATGCATTA,8
GTAAGAACTATCTCAC,8
GTAAGTGACCAAGGCG,8
GTACACAGTTCTTGAA,8
GTACGTACAATGAGTC,8
GTACTAATCTATTTCA,8
GTACTGTTTTTAATGC,8
GTAGAGAAAGGGGAAG,8
GTAGATCAGACCACAA,8
GTAGCCAGGAAAATTC,8
GTAGTGTAGATAGCAT,8
GTATAACAGTGAACAT,8
GTATCGAAGGCTATCT,8
GTATCTGCCGATTTGT,8
GTCACATCGCGTGGAC,8
GTCATAATATACAGAC,8
GTCGGACAAGAATAAC,8
GTGACGTGACAACGCA,8
GTGAGCTGGGATTGAG,8
GTGCAGGTTCATAACT,8
GTGCGCTGTGTTATGC,8
GTTCGAAATAACAGGC,8
GTTGACCAGATGGCGA,8
GTTGGTAAAACTTAAA,8
GTTTGCAAATGCTCGG,8
GTTTTGAAAATGAATC,8
TAAAAATCTCTCAGCC,8
TAACAATAGAATGGAG,8
TAACACAAGCTTAAAG,8
TAACATTATTTATTGG,8
TAACCAAAGATAATAC,8
TAAGAAAACAGAATGC,8
TAAGAACATGCAGCCT,8
TAAGCTCCCCACAATA,8
TAAGTTCACTAGGAAA,8
TAATTTTCCAATCCAA,8
TACAAAAAGTATAGAA,8
TACAATCCGAACGATT,8
TACACATAAGACTATT,8
TACACTTTAGAATACA,8
TACCACAGATTGCTAC,8
TACCATTATAACAGCA,8
TACGAACAAAGGGCAC,8
TACGAACAGACCAAGT,8
TACTCGTGGGTAGCAG,8
TACTTAATTTTACTTT,8
TAGAACAAAAATGAAT,8
TAGAACAGATAGAACT,8
TAGAAGACACAATTCT,8
TAGCCACCGTGCGTAG,8
TAGCGTAAGAGTGAAC,8
TAGGCATGGGCTCAGG,8
TAGGTCACTGACGGCT,8
TAGTAACGTACGAGCA,8
TAGTATCTAACAACGA,8
TAGTGTACATAACAAA,8
TAGTTATTCTAAACCC,8
TATAAAATAATGACTT,8
TATAACATCGTTAAGT,8
TATAATAAGCATAAGG,8
TATCCGGTGTTATCAA,8
TATGCGCATACTATTG,8
TATGCTATTTTATCAT,8
TATGGGCCAGATTGGG,8
TATTCCAGTTAGTGAC,8
TCACCAATACATCCAA,8
TCACCAGTTAATCGCA,8
TCACCCCAAAGAAACG,8
TCAGAACATTGATCCA,8
TCAGGAGTTGCGAAAA,8
TCATCATACGAAGCTG,8
TCATCCTAAATAACAC,8
TCATTCACAGGATAGA,8
TCCTAAGGTACAAGTC,8
TCCTCCAACAAAAGTC,8
TCGCACAACGTCGATG,8
TCGTAACAAGTTCACA,8
TCTAATCTAAGTCTAT,8
TCTACTTAGCCAATTC,8
TCTATCGCGAGATACC,8
TCTCACGTAGGTGACC,8
TCTCCAGACTTTGTCG,8
TCTCCGATCAAGCAAT,8
TCTGCAGAAATAGGAG,8
TGAAACCCGTAGAGCT,8
TGAATGCGGTTGTCGA,8
TGAGATTGAGTAGGAA,8
TGAGTGAATTATTCTA,8
TGATAATATGAAACTT,8
TGATATGAAATTAGCT,8
TGCGGGATCAAACAGA,8
TGCTAGTTGTGTACGA,8
TGGAAATCGCTAAGCG,8
TGGATGTTGGAACCAC,8
TGGATTACCTAGAGCA,8
TGGCAACTAAATAGCA,8
TGGTCTCATGCAAATG,8
TGGTGAACCGCTCACT,8
TGGTTACCCTCAGGTA,8
TGTAAATCATACAAAA,8
TGTATAAGTAGGTCTA,8
TGTCCTCTCAAAAATC,8
TGTCTTCTGGTCAAAT,8
TGTTAGCAGCCTAAAA,8
TTAAAAGCACTAACTC,8
TTAATCAGCTTGAATT,8
TTAATGAAGAAGTAGA,8
TTAATGTATCCGTTGT,8
TTAATTTAGTAGTCTG,8
TTACACGAAATGGAAT,8
TTACCCCGATGTCATC,8
TTACGCACAGGTTGCC,8
TTAGTTAAGAGTACAT,8
TTATACATATAGCTCA,8
TTCACCGAACCACCCA,8
TTCACCGATTCCACAC,8
TTCAGAACGAATATAT,8
TTCATGGAGTACCACA,8
TTCCAAAATCTATTCA,8
TTCCTTAAAGCTTGAT,8
TTCTTGACACGAAACA,8
TTGAAAAATCCCAACC,8
TTGACTTTCATAACCT,8
TTGCACTCATTTCACA,8
TTGGACAAAAAACAGC,8
TTGGATCCTATATTTT,8
TTGTACAACATCACTA,8
TTGTTGTCAATAAAAA,8
TTTAACACAATACGTC,8
TTTAATAATTATCCTA,8
TTTAATAGATACAACT,8
TTTAATTATATGCTGT,8
TTTGCGAGAACTTAAT,8
TTTTCAAAACGGAAAG,8
AAAAATAGTGCCACCC,7
AAAAGTAAATATGCCA,7
AAAATGCTGCCTTCAC,7
AAACAATAAGCGGATC,7
AAACAGCACAGCCCTC,7
AAACCCTAAAAGACCA,7
AAACGCATTAAGCGCA,7
AAACGCTCGCCAAAAC,7
AAAGACTCCACTAAGG,7
AAAGCCTAGCTCATCA,7
AAAGCGAACTTACCAC,7
AAAGGTGTACACGTTA,7
AAATCAATTTTCACTA,7
AAATTACGAAGCTCCC,7
AAATTTTAAAGTACAC,7
AACAACCACCATTCAC,7
AACAACCATGTTCCGA,7
AACAAGATATAATCAC,7
AACAATTCGACCACAC,7
AACACTCTGAGGCCGG,7
AACATGGAGAGTAGAA,7
AACATTAAAAAATCAA,7
AACCAAACAACATAGA,7
AACCCCATTGACGGAT,7
AACCCGAGTCAATAAT,7
AACCCGAGTCATTAGC,7
AACCGGTAAAACCCTA,7
AACGAAACAGAAATAG,7
AACGAAGCTATGCTAA,7
AACGAATACTGGACAA,7
AACGAATTACTACGCC,7
AACGGTTTAATTAATA,7
AACTACGGAGCGTAAA,7
AACTAGGACGTCGTGC,7
AACTCCAAGAGACGTT,7
AAGACCAAGATCCCAC,7
AAGAGCAGATAGCACA,7
AAGAGCAGCCCCCAAG,7
AAGATTTAGATTACAG,7
AAGGCCAAAGTGAGTA,7
AAGGCTCTAATTCCTT,7
AAGGGACAGACAAAAC,7
AAGTTGCAGAGGAAAC,7
AAGTTTATACGATCAG,7
AATACCAGCTAGCACC,7
AATACGGAGCATTTTC,7
AATCAATTCTCCAGAA,7
AATCAGAAGCGCAGAC,7
AATCCCTATGAAGACA,7
AATGAACTGCAATACT,7
AATGACACGTCAGCAT,7
AATGCCATTTAAAGGA,7
AATGGCAACATCTTTC,7
AATGTAGACTAGAAAT,7
AATGTGACACCGTACA,7
AATGTGTTATTCGAGC,7
AATGTTAATGGAATGG,7
AATGTTACTTGAACAA,7
AATTAAGAGTTGGCTA,7
AATTATCGGATTTCAT,7
AATTCGAATCTTTTTG,7
AATTCGTGCCAGGATA,7
ACAAATGATATAACCA,7
ACAACAAAAAACTCTG,7
ACAACAAGAGAAAACC,7
ACAACCGAGCGTTTGA,7
ACAAGCAATTGCACCG,7
ACAATACGGCTTCAAA,7
ACAATGATGAGAAAAA,7
ACACATAGGATCTTCC,7
ACACATGATTACAATC,7
ACAGACAATTTATACG,7
ACAGAGCATGCCTGAA,7
ACAGATAATCGCAACC,7
ACAGATCTATAATGAT,7
ACAGTCACTACAACCA,7
ACATAAAAGGTCGGCT,7
ACATCCCGATCTGCAA,7
ACATCCGATCCACTTT,7
ACATCGCATAGTAACC,7
ACATCTACTTAAGTTG,7
ACCAAAATCAAATTGT,7
ACCAAAGAACAGAATA,7
ACCAACGAGCGCCCGA,7
ACCAAGAAAGTCGCAT,7
ACCAATGTAAACAAGA,7
ACCACAGAAGAACACT,7
ACCACCATTAGCTACT,7
ACCATACTGGTAGACA,7
ACCCCTATTCTACATA,7
ACCCGAGTAAAGATAA,7
ACCCTTGCTGTAGAAA,7
ACCGCGCCGAAGATTT,7
ACCGTTTGAAGAGCGA,7
ACCTGAAAAGTCAAGT,7
ACCTGACCACCTAAGA,7
ACGAAAAGCTTAGATC,7
ACGAAATGGAGGTCCG,7
ACGAAGTGTACGCGCA,7
ACGAATGGTTAAATTT,7
ACGAGCAAGCACATTC,7
ACGAGTAAGACAGTCA,7
ACGATTAATCTCGGCA,7
ACGCAAAAACTTCTCT,7
ACGCATAAATTGTGTT,7
ACGTAAATCAACAAAA,7
ACGTGGATCTACCATG,7
ACTACTTAAAAGTTTT,7
ACTCGATAAACAAAAC,7
ACTGAAGTAGTATGCG,7
ACTGAGCATCTTGCCT,7
ACTGCACAACTCCAAA,7
ACTGTACCCCTAAAAG,7
ACTGTATTTAGTGAAT,7
ACTTCATTCAAGACAG,7
ACTTCGGGCAGATAAT,7
AGAAAATACAAGTTAT,7
AGAAAATCCGGACTAA,7
AGAAGATACTACCGTT,7
AGAATAACAGCGTTCG,7
AGAATTATGAAGATCT,7
AGACAACTCTTCACAG,7
AGACAAGCCAGGAAAA,7
AGACACCGACGATCTA,7
AGACAGCAACCAAGTA,7
AGACTCCTAAATATGA,7
AGATGGATCAAGCGGA,7
AGATGGATCAATTGAA,7
AGATGTATAACATACA,7
AGATGTCGTATATTAA,7
AGATTAAGCCCGACAA,7
AGATTTCAACCAACGT,7
AGATTTCTCACGTCAA,7
AGCACACACTGGATAA,7
AGCATAAAAATCATCC,7
AGCCCTCTTTAACAAA,7
AGCCTAATATTTTGCA,7
AGCCTGCAACATATTG,7
AGCGAAAGTACTACTG,7
AGCGACCTGACTCCAA,7
AGCGCACCTTGGTTAA,7
AGCGTCGCAAAACCCA,7
AGCGTTAGTAACTTAC,7
AGCTATATGCACCAAT,7
AGCTGCCAAATAAAGA,7
AGGACAAATCCCTTAC,7
AGGATGGGAATATCCA,7
AGGGCATATAGGCAAA,7
AGGGGCTTGTCAAAAA,7
AGGTCATAATCTGACG,7
AGTACACTATACTAAC,7
AGTACTTTCACGAAGT,7
AGTAGTTGTCTAAAAA,7
AGTCTGAATAACAAAT,7
AGTGGAGCATAGAAGG,7
AGTGTCACCAATGGCA,7
AGTTAGCAGCTACTCG,7
AGTTAGGGCCACATAT,7
AGTTCAGACCTACCAG,7
AGTTGATAGGACGGTC,7
AGTTGCAAAACAGAAA,7
ATAAAAATTTCCATAA,7
ATAAAGCCATTATGTA,7
ATAAATATTAGGCAGC,7
ATAACGCTAAAAGGCA,7
ATAAGAGCATCCAGAG,7
ATAAGTGAACCTCTGA,7
ATAAGTTAACCTCTAT,7
ATAATCGCAGCCAGGA,7
ATACACAATATAAGTG,7
ATACGCACTCACTGGA,7
ATACTAATAAGACAAA,7
ATACTCTAAACAAGTC,7
ATACTGAACAAGCCCT,7
ATAGGCCGAACCTAAA,7
ATAGTTTACTGACTCA,7
ATATAACGAGGCTCTA,7
ATATAGTAATATTGGT,7
ATATGAAAGTTCGCAA,7
ATATGCGGTATGCATA,7
ATATGTCTAATATCAT,7
ATATTTAGTGATCCTA,7
ATCAAACCGATGAGTC,7
ATCAACGACCTTTCAT,7
ATCAACTTAGTAAACC,7
ATCATCGTTAATCACA,7
ATCCCCAGGGGAAGTA,7
ATCGACTAAAAATCAA,7
ATCGATAACAGAGACA,7
ATCTAATAACCAGCCA,7
ATCTGCGGTGTATGTT,7
ATGAAGTTAAGACGCC,7
ATGAATGCAACCACAC,7
ATGCATATAGAAGGTA,7
ATGCCCCATTACAGAT,7
ATGCCCGCTAGAACAG,7
ATGCGCAAAAAAAAGA,7
ATGCTTAACTATTAAT,7
ATGTAAAAGTATCAAT,7
ATGTACCGGATTGACA,7
ATGTATGATCAATTGA,7
ATGTCTGTCAAACTCA,7
ATTAAAAAAATACTAC,7
ATTAAGAGTAGAAAAA,7
ATTAATACGCGTAAGG,7
ATTACAATAAGGCAAC,7
ATTACACATGAATGAC,7
ATTACCTTACGCTAAC,7
ATTAGTCACATAAAGA,7
ATTCCATCTAGTCTGA,7
ATTCTCATTGGAATCC,7
ATTCTCGCAAAAACTT,7
ATTTCATTTGCCTGTA,7
ATTTTTCTGTAAAAAT,7
ATTTTTGTTACTTGCA,7
CAAAAAGATCACATGT,7
CAACACACAATCCCAA,7
CAACACTACGATTGCG,7
CAACCCCAAATAACTA,7
CAACCTTTAGACACGA,7
CAACGCAACTGGCAGA,7
CAACTTCCACTTAACA,7
CAACTTCGAGTCTAAC,7
CAAGATACTATACTAG,7
CAAGATGATGCAAATT,7
CAATCTTCTTTAACTT,7
CAATTACTTAGGAGCA,7
CAATTAGCAAGTAATC,7
CAATTTGTCAAATGCC,7
CACACAATTTCGCTGA,7
CACAGCAAATTATAGA,7
CACCAAAGCGCATAGA,7
CACCCATTGACCAACC,7
CACCGGCGTGATAAAA,7
CACCGTTTGGGCAAAT,7
CACCTAAAGATATCTC,7
CACGACCTGAAATAGC,7
CACGGCAGCTGTAACA,7
CACTAATGATATAACC,7
CACTTACGCATAATAA,7
CACTTCAAACCCGTAA,7
CAGAACATGATGACGA,7
CAGACACAAGACCGTC,7
CAGCACTGCACCTGAT,7
CAGCACTGCAGCAAGT,7
CAGGATCTCTAGTTCT,7
CAGTATACGTTAAGAT,7
CAGTATGTAATACGTT,7
CATAAGTAAACCTAGG,7
CATAAGTGGCCGGTCC,7
CATGCAGTAACCTAGT,7
CATTACCCCCAACCTT,7
CATTATTCAAGGCCAA,7
CATTCAAGTCACCTTG,7
CATTCATTTAAACCTG,7
CATTCGAATACATTGC,7
CATTTGCATAGGTTGT,7
CCAAAAACTGCTAAGT,7
CCAGACAAAAATTATA,7
CCAGACCCGAAAAGCA,7
CCAGCCACCTCAGTAT,7
CCAGTGGTTTCTCAAA,7
CCAGTTTACGCACGTA,7
CCAGTTTTTTTGTCCC,7
CCATGATAGAGAAAAG,7
CCATTAACGTTCGACC,7
CCATTCCCTAACTACC,7
CCCAAACTCGTTACAA,7
CCCAAGTGGTATCCTC,7
CCCAGACTAGATCGTT,7
CCCAGAGGTCATCGTC,7
CCCTGCAAAAGTTCCT,7
CCCTTTATCGAAGCAA,7
CCGATGTTAACGAAAC,7
CCGCAATTGTAGTACC,7
CCGTTAAAAAAAACAT,7
CCTACTTCAACATAAG,7
CCTCCACCATCTTACT,7
CCTCGACACTCTATTA,7
CCTGACCTGAAGACAT,7
CCTTTTTACATTATAG,7
CGAACGGATGGAAACA,7
CGAATGTCTTCGAACG,7
CGAATTTTGCACAGTT,7
CGACAGACTATAATTG,7
CGACTTCAAGAACCCA,7
CGAGACCGATCTAAAA,7
CGAGGACCTGACTAGC,7
CGATGTAATTACTACG,7
CGCCATTTCTATAATA,7
CGCCTGTACTTCACTA,7
CGCTACAAATCTGACC,7
CGCTAGAAAACCAAAA,7
CGCTTTCAGATCATGC,7
CGGAACTGAGTAAGCA,7
CGGATATGCCTACTAA,7
CGGCACGAGTCTGAGT,7
CGGGAATCACATTACA,7
CGGGGCTAACCGTAAG,7
CGGGTCAACACTACGG,7
CGTCAAAAGAAAATAA,7
CGTTAGATACTGAAAC,7
CTAAACAACATATCTT,7
CTACCAATGCAGATCT,7
CTAGAGTATATTGTTA,7
CTAGTCCGCACTTTGC,7
CTAGTTATCAACATCC,7
CTATCTAGTTGGGCAT,7
CTATGAGAAAGGCTAT,7
CTATGGCAGCATAACT,7
CTATTCCTACAATGGG,7
CTATTGCGAATATAGT,7
CTCAGGAATGAGATCA,7
CTCAGTACATAGTTAT,7
CTCATAAATTACAAGG,7
CTCATGTCTAAGCTAA,7
CTCATTTGATAGGTCC,7
CTCCACTAAATACAAC,7
CTCCCTGAAGAACCAC,7
CTCTGATGTTGGGCGT,7
CTGAAATCATCTGCCA,7
CTGATCAGACTGGGGG,7
CTGCTGGCTTCGGCCA,7
CTGGATTTCACAGAAG,7
CTGTACTAAGAAATAC,7
CTGTATAACATAGAAA,7
CTGTTCACGCTGTTTT,7
CTTAATACATTGCTAC,7
CTTACTGAGAATCCTC,7
CTTAGCCACATCGGTT,7
CTTCAAATGGCCCAAG,7
CTTGCCAAACCTGTAA,7
GAAAAAAGCATTCGGA,7
GAAAAATGATTTCTGC,7
GAAAAGTAACATTGCA,7
GAAAATGTACTAACTG,7
GAAACCTCCTTCAGCG,7
GAACAAAGGAGAACGT,7
GAACAAGGTAATTTAA,7
GAACCAACACATCTTT,7
GAACCAACAGGCAGGC,7
GAACCAGGTCGCCGAG,7
GAACGACACATGTCCC,7
GAACTAACCTGCTTAT,7
GAAGACAACTCCGACC,7
GAAGTATGTCTCCGCT,7
GAAGTGGACTAGCACG,7
GAAGTGGGTAACCCCA,7
GAATAAAGACCATTGT,7
GAATTCAGGATCATTA,7
GACAATCGAGCAAAAC,7
GACACATATGAATTGT,7
GACACGACTCGTAACA,7
GACAGCTCTTCTAACA,7
GACAGTGGAATAGTTA,7
GACATCTGTACTCTAT,7
GACCAACATTCTGGAT,7
GACCAATGTTGCATAA,7
GACCCAGTTAGGAGGG,7
GACGGAAAATCGGTTC,7
GAGAAAGCTGAAAAGA,7
GAGAACAAACATACAC,7
GAGCCTAGTGACGTTT,7
GAGCTCAATAAAGGGC,7
GAGGAGTGCTACCTGA,7
GAGGCCTATTAATCAG,7
GAGGCGTTATACCTCT,7
GAGGCTAGTAATTTAC,7
GAGTGAAAATCTAAGC,7
GATAAGTTACCATTGG,7
GATAATTGTTGTTCTC,7
GATATCAAGTGGGTAA,7
GATCGAATGAACGTAC,7
GATCTGACCATCCATC,7
GATGACATGCCATGAA,7
GATTAATACTGTCGAG,7
GATTACACGTACAAGC,7
GCAAAAAACAACTGGA,7
GCACAAATTATTTCAT,7
GCACGTATTAAATGGT,7
GCACTAAAGTAAAAAC,7
GCAGATGCACATCATT,7
GCAGCACGCGTTCGCG,7
GCAGTGCACATAAAAG,7
GCATATAAATTGCCTC,7
GCATCCACACAGAATG,7
GCATCCTACACCCATG,7
GCATGGGCCATCTTAA,7
GCATTACATAAAAGGA,7
GCCAGATATATAAGGA,7
GCCCAAATTAATAGAA,7
GCCGAAATAGAAAGGT,7
GCCTACACTCAAGCAC,7
GCGAAACCAAAGCAAC,7
GCGAACCAATAAATTT,7
GCGCAAGTGAACGTTT,7
GCGCCACAAGAATGTA,7
GCGGGAGAGAATGCTG,7
GCGTGATTCTCAACAC,7
GCTAAAAACCTCGCTC,7
GCTATATGTTCCCTCA,7
GCTATCTTATCTTATC,7
GCTATGCCTAGATTTT,7
GCTATTTCACTACAAT,7
GCTCAAAATGACGTCA,7
GCTGACCTAACAGTAG,7
GCTGACGATAGTATTC,7
GCTGGAGCATTCTAAT,7
GCTTACGTGATCTCGT,7
GGAACCTAGACATAGC,7
GGAACTTAGCGGTTAC,7
GGAATATAAACCATCT,7
GGAGATAATGTGGGTA,7
GGAGCCGATTATCGGT,7
GGATCCGGTGATTTAA,7
GGATGCCGTTTGTTCC,7
GGCCGATATTGACCCT,7
GGCGAATGTTACGGTT,7
GGCGCTTCATCGAAGC,7
GGGACAAACCCCTAGA,7
GGGGTGAAACCTGATA,7
GGTACTAGGAGTAAAA,7
GGTAGCCATGTTCGAA,7
GGTATAGACTGAACCC,7
GGTGTGTTTGGCTCAG,7
GTAAAACATAGCAACC,7
GTAAATCCTCACCAGC,7
GTAATAAATAAGCCTC,7
GTACGATAACTATACA,7
GTAGATTAAATTTAAG,7
GTAGCAAAGATTTGGT,7
GTAGCTAGCGACGTAC,7
GTAGTACACCACGAGA,7
GTATCCCGGGTAATCG,7
GTATCTATACCAAGAT,7
GTCATAGCTCCGTATT,7
GTCCTGTCCGATACGC,7
GTCTAAGAGATCTTGT,7
GTCTGTTGAAATCCAG,7
GTCTTACTTCTATAAA,7
GTGAACAATTGATTGA,7
GTGATGACCTAATGCT,7
GTGGATGTTACTTAGT,7
GTGGGACAATTACTTT,7
GTGTATCGAGTGAAAG,7
GTGTTCCTGTAAACCA,7
GTTAAAATTGAAAATA,7
GTTAATGAGTACACAG,7
GTTAGGTGAATCTTAC,7
GTTATACTCCCAAGAT,7
GTTCAGCTGATGCGAA,7
GTTCTGAACACCAGCT,7
GTTGCCTCCATTCGCA,7
GTTGCGCCCAATGTGT,7
GTTGTATACGATGGGG,7
GTTTAGGAACCTAATG,7
GTTTTACCTAGACTCA,7
TAAAAAACGGAGCGCT,7
TAAAAGACGCAATCAC,7
TAAAGATTTCAGTACA,7
TAACAGATCTCCAAGC,7
TAACCCGGAGGACAGC,7
TAACCCTGAAATATCA,7
TAACCGGAATGCTAAC,7
TAACCTAAAATGTTCA,7
TAACGACGACCAAACA,7
TAAGAAATTACGATAA,7
TAAGAGCGTTAAGTTA,7
TAAGATGCGCTGGGAT,7
TAAGGAACAAACTCTC,7
TAAGTTTCAAAAAAAA,7
TAATACAATCGTTAAT,7
TAATATTACATTTCCA,7
TAATCCTATTGCAACG,7
TAATGTCCCGGTATCC,7
TAATTACCAGATACCA,7
TAATTCGCATAAATTC,7
TACAATTGTCCCCTAG,7
TACACACGTCGTACTC,7
TACATAAGAGATATCA,7
TACATGTGCATTTAAC,7
TACCAACCGTCAATGC,7
TACCAATAAAATAAGA,7
TACCTCGTGAATAAAC,7
TACCTTCATACCTTAT,7
TACTAACCGAACTATC,7
TACTATCCCAAACATT,7
TACTATTAAGTATAAT,7
TACTATTAGAAATCGT,7
TAGAATGAATACCATA,7
TAGATAACAGTTTTTA,7
TAGCAACCCACTAACT,7
TAGCATAACGTTAGAT,7
TAGCGTTGATAATATG,7
TAGGTCATATTGTAAC,7
TAGTAACGGTGGAATC,7
TATAATACTAAAAAAG,7
TATAATCAGTGTTTAC,7
TATATAGAAGTGGTAA,7
TATATAGCTAACCCGG,7
TATATCCCCACCCATA,7
TATGTTAGCCAGCCTA,7
TATTCGAGGTCAGATT,7
TATTTGCCGAAAGTCG,7
TCAAGGCGAAGAAAAA,7
TCAATCAAAGAAGAAG,7
TCAATCTAAATCTAAC,7
TCACAACTACTCAAGG,7
TCAGTGAACATGATTT,7
TCATAATAAAGACCCC,7
TCATACGAAGATACCT,7
TCATTAACTGTGGTGA,7
TCCAAATGCGACTTTA,7
TCCAACCCGATGTCCA,7
TCCAATATGTACGCAA,7
TCCAGATAAAACGAGG,7
TCCCTAGATCAAGTGA,7
TCCTATGTGTTTAGGT,7
TCCTCCAATCTGCAGT,7
TCGACCCCACATTCCT,7
TCGACCTATGATCCAA,7
TCGACGAGCACGAAAT,7
TCGCAGCGGTGTTATC,7
TCGCCTAGCGACCCAG,7
TCGGCCATGCAATTCT,7
TCGTACATACATCCTG,7
TCGTTCTTGTCCAAGA,7
TCGTTGTTGCATATAA,7
TCTAACCCACTATCAG,7
TCTAACGACCTTATGC,7
TCTATGAGATCAGGAC,7
TCTCCCCATAACAACG,7
TCTCCCTCCTTTAAAG,7
TCTGGAGTCTGGTCAT,7
TCTTAGCATTATAGTG,7
TCTTCACAACGTGACA,7
TCTTCTCCAAAAAGCT,7
TCTTCTTAGACATAGG,7
TGAAAGAAGCCTACTT,7
TGAAATAGCATCTCTA,7
TGAATTGACAATAACC,7
TGACACATTAATTCTA,7
TGACCAAACTCGGAGC,7
TGAGCATTCTAAAGCA,7
TGATGATATCAAAACA,7
TGATGCACCCATAATT,7
TGATGCTGTAAAGGAG,7
TGATGGACGCGATCGC,7
TGATGTAGCTCTAACA,7
TGATGTATTTCTTTGA,7
TGCAACATGTACCAAC,7
TGCATAAAACCACATT,7
TGCCAGAGATAGAGTA,7
TGCTAACCGCCCACAA,7
TGGAAAAAAGATATAA,7
TGGACACTATACAAAA,7
TGGAGACTCTGAACAA,7
TGGTGGAAAGTAGCCT,7
TGGTTCAAAACATCCT,7
TGGTTCTGACGCTGTT,7
TGGTTGAATGTACTAC,7
TGTACCCCTAAAATTT,7
TGTCAAAAACCCGATT,7
TGTCAACATTTACACA,7
TGTCAGTGTATATAAG,7
TGTCATAAATATCATG,7
TGTCCAGGCTAAACGG,7
TGTCCAGTCACTCCCG,7
TGTCGATAACAGTAGC,7
TGTGAATGCATACTAA,7
TGTTAGAGGACTAGTA,7
TGTTCAAACAAAATAT,7
TTAACTGATATTTGGG,7
TTAATAAAAAGCAAAT,7
TTAATGCATCCTTGCG,7
TTACCTCCCCCCACTC,7
TTACCTGTAAATACTT,7
TTAGAAAACACGATTT,7
TTAGCCCTCAAAAGTT,7
TTATACGTAGATACAT,7
TTATACTTCAGCCATA,7
TTATCCTTATACTAAG,7
TTATGGTCCATAGACA,7
TTATTCTGAAGTGTAC,7
TTATTTGACAATCAAA,7
TTCAAATGGCCCACTC,7
TTCAACGGAACTTTCC,7
TTCAATAAATGCTACA,7
TTCATCTTGATGCGAT,7
TTCGACCAAGCACGCA,7
TTCGCATGGACAACTA,7
TTCTTAAGCCGCAAAT,7
TTCTTCGGTAATACTC,7
TTCTTTCCACCCGATC,7
TTGAACCGAACATACT,7
TTGCACGTAATCTATC,7
TTGCCGAATCCCCGCC,7
TTGGCTTTCACAGAGA,7
TTGGTGGATACCGTAA,7
TTGTCGATAATCGGCA,7
TTTAACGAGTAACCAG,7
TTTACAAATAAATAGT,7
TTTCCAGTGCCATGCA,7
TTTGAATAAGACGCAC,7
TTTGGTAGTTGGCGGT,7
TTTTAAAGTTGAACCT,7
AAAAAAAAATGTCAAA,6
AAAAAAAAGATTCATA,6
AAAAAAGCGAACGGAC,6
AAAAAATGATCAATTG,6
AAAAAGAAACACTGCC,6
AAAAATCAAAACAACC,6
AAAAATGTCAGGATGG,6
AAAAATTGCATCCATC,6
AAAACCGAAGAGACTA,6
AAAATAGCATCTTGCC,6
AAACAATAGCAGACCA,6
AAACACTGAACAGGTT,6
AAACCAATGTATTGTG,6
AAACGAGGTTAGCCGA,6
AAAGATATTATACACT,6
AAAGGCCATCTACCGA,6
AAAGTACTCGAACTCA,6
AAAGTGCCACCAATAG,6
AAATAAGGTAATGTGG,6
AAATCGTTAACAGTCT,6
AAATTCAGTTCGAATT,6
AAATTCATAGTAATGA,6
AAATTCTCGCGATAAT,6
AACAAACATTCACTGA,6
AACAAATCTTTATGAG,6
AACAAGCCTTTAAGAG,6
AACAAGGCAACCAGCT,6
AACAATTCAAAACACA,6
AACAGAATAACTAGTA,6
AACAGTCCGAATTATA,6
AACATAATGCTTGGAT,6
AACATGCGAACTATCT,6
AACCAATCTAAAACGC,6
AACGATACCAGAAAAC,6
AACGCCCAACAAAAAT,6
AACGCGAAGAAAGCGT,6
AACGGTTGAATTTAGG,6
AACGTAAAGATTAACT,6
AACTATTGGCTTCTTA,6
AACTATTTTCTTGAAC,6
AACTCAATAAACAAAA,6
AACTCTCCAGAAGAAC,6
AACTGAGTAATACCTC,6
AACTTACAAGAGTGAA,6
AACTTACATTGCCTAT,6
AACTTTATAAATTAAG,6
AAGACAAGTCTTATAG,6
AAGATCGCCCTAATAT,6
AAGCAAAAAAATAGCT,6
AAGCACAGTGCTAACT,6
AAGCAGTGGAGAGGAC,6
AAGCATACACCAGGAA,6
AAGCCGAACAACATGG,6
AAGCCTGCAATAAGCC,6
AAGCGCTAAGCGCCCA,6
AAGCGTGTGAGTAAAA,6
AAGCTATATGAAATGG,6
AAGGAATGAAGTTTAG,6
AAGGGAAACAATACAG,6
AAGGTGGGCTCGGTCA,6
AAGGTTATTAATTGCT,6
AAGGTTGAATCTGGGT,6
AAGTACAAAAAATTAA,6
AAGTATGTCTGAAAGT,6
AAGTCAAATATATGTT,6
AAGTGACACCTAGATC,6
AAGTTGATCCACTCGG,6
AATAAAGGGAATATTA,6
AATAAATAATCCAGAC,6
AATAATATATTATTGG,6
AATACATATACCAGAA,6
AATACATGATTAGACG,6
AATACCCAAAACCGAC,6
AATACGAGGACATAGA,6
AATAGAAATTCGAGTC,6
AATAGGAGTTTTAACA,6
AATATCCTCAAATGTG,6
AATATCTTAGAAACAT,6
AATATTATCACCCTAA,6
AATATTCAAAGACAGG,6
AATATTGTATAGACTT,6
AATCAAAAATATCACA,6
AATCAATGCCCAAAGG,6
AATCATGAATTCATCT,6
AATCATGGTAAACAAG,6
AATCGACTTAAATCAA,6
AATCTAAAGCCTGCCT,6
AATCTTCTGTTTACGG,6
AATGAAGTTTCGTAGT,6
AATGCATTAAAATCAA,6
AATGCTCATCTTTAAG,6
AATGTTTTAAAGCCCA,6
AATTAACAAAAAGGTA,6
AATTAGATTCACTTGA,6
AATTATCAAAGTTTCA,6
AATTTTGTAGCAGATT,6
ACAAAAATCAACTCAG,6
ACAAATGTTCGCCTTA,6
ACAACATTACTCAAAG,6
ACAACGAGCAAAAAGG,6
ACAAGAAGTACTCTTA,6
ACAATACCACGCGAGC,6
ACAATTCTTGTTTATG,6
ACACACGTCAGAAACA,6
ACACGACACGCAACCC,6
ACACTCTGTCCCGTAT,6
ACAGAGAACTCTAATT,6
ACATACCCTTTTAACA,6
ACATAGACAAAATACC,6
ACATATCCGCTGCATC,6
ACATCGATTATGATCC,6
ACATTACTCACCAGAT,6
ACCAAGAATCAAACCG,6
ACCACACCTTACACAA,6
ACCAGAGAGCCAGAAA,6
ACCAGCCACACAGATC,6
ACCATGTGAACAAAGA,6
ACCCGGACCAATGTCG,6
ACCCTGTATTCCTGAG,6
ACCGAATGATATAGCA,6
ACCGATCAGTAAATCC,6
ACCGTCTTGTGAACCG,6
ACCTAAATCAATCACG,6
ACCTAAGCCTCGCACG,6
ACCTGTACCTGTATGG,6
ACCTTAATAAGGCCCA,6
ACCTTCGCTAGCCATC,6
ACGAACATCCATATGG,6
ACGAATACACATTTCT,6
ACGACTTTCCAGGTCC,6
ACGAGAATCAGGCACG,6
ACGATCTATCTTACTA,6
ACGCCATCATAAAACT,6
ACGGAGCATATCTTGA,6
ACGGAGGCTGGTCAAA,6
ACGTAGGTCATCATAT,6
ACTAAACCATGGCAAA,6
ACTAAATATAACAAAA,6
ACTAACCATTCAAGAA,6
ACTAAGCCCGACGAAA,6
ACTAATCCAAGTCAAA,6
ACTACGTACCCCTTCA,6
ACTAGACTGCTGTAAA,6
ACTATAAACAAAAAAA,6
ACTCAGTATTATATAG,6
ACTCCCCAGCTACTGT,6
ACTCCGACAATTGAGT,6
ACTCCTCCATCTGTGC,6
ACTGACATTCAAGAGA,6
ACTGAGTAACAATACT,6
ACTGCAGTTTTAGATT,6
ACTTACCCATGGGAAT,6
ACTTCAAGATAAGTAC,6
ACTTTCTCTCCGACAT,6
ACTTTCTGGCAATCTA,6
AGAAAACGACAGATAT,6
AGAAACAAACACATGT,6
AGAAACATATCCATGT,6
AGAACCTCCTCCTGAA,6
AGAAGTCTCATTTTAT,6
AGAAGTTTGAACCCAA,6
AGACAATATCATGTCT,6
AGACACAATCAAATCA,6
AGACGAACAGACACAT,6
AGACTACTGTGGAAAC,6
AGAGAACATAGAGTGC,6
AGAGACGATGTTTGTG,6
AGAGATTATGTCTATA,6
AGAGCATAGCGCGAAA,6
AGAGGCTTAACAATGG,6
AGAGTACTCCTTGAAT,6
AGATAAAAAGCTTTAT,6
AGATAACCACTAAGTA,6
AGATAGGAATTGTGCG,6
AGATATAGCGAATGAA,6
AGATTAAGAAACTTTG,6
AGATTGAACATCTCCA,6
AGATTGAATGGAAGGA,6
AGATTGGAAGTTCGGA,6
AGATTTGGAGGTTTAG,6
AGCAAGGATATCCAAG,6
AGCACACACAAAACGT,6
AGCACCGGGCGCACTA,6
AGCAGCAAGACCTCCC,6
AGCAGTCAGCTGCCTT,6
AGCCAATTGAAAAAAT,6
AGCCGTTATACATGCG,6
AGCCTCTTGAAACTCT,6
AGCGCACTATCTGGCT,6
AGCGGACACATTACCA,6
AGCGGTTGGACCGTGA,6
AGCTAAAGATATTCAA,6
AGCTAATCGCCGATGA,6
AGCTACTGGTAACATT,6
AGCTGTCAAAAGCCCT,6
AGCTGTTTTATCTGCG,6
AGGAATGAAGATAAGT,6
AGGATAGTGATATCAG,6
AGGATCCAATCGACTA,6
AGGGATACGGCTTCTA,6
AGGTCGGGAGACGGTT,6
AGTAATTGCCTTTCGG,6
AGTACATCTAATGAAG,6
AGTACATGCACTGTAT,6
AGTAGCTCAATCATGT,6
AGTAGTTCGGCTCTAC,6
AGTATGGTCTTGTGCT,6
AGTCACTACTTCTTGC,6
AGTCAGCCGCAAATGT,6
AGTCATGTGATGATTC,6
AGTCCAACACCTTGTG,6
AGTCCCGTCGTCCGAA,6
AGTCCGAAATGGACTT,6
AGTCTACGCGAGTACA,6
AGTCTAGTCCCTTATA,6
AGTGAACCCTTCGTAA,6
AGTGACGAACGATCCG,6
AGTGATATGGTCACAC,6
AGTGCCACGATCTAAA,6
AGTGCCCACTACCGCC,6
AGTGGTGAGCACTCTA,6
AGTGTCCAAATCAATG,6
AGTTACAACGATGTAT,6
AGTTATTATTTATAGA,6
AGTTCGTGCATCCACC,6
AGTTGATCGATGATAA,6
AGTTTACGGGAGTGAA,6
ATAAAAAATATCTCTA,6
ATAAAAAGAGACATAA,6
ATAAACTACACATAAA,6
ATAAGACAATCGAGCT,6
ATAAGTCCTGAATTAG,6
ATAATATGCTATACAC,6
ATAATATGTGTGACAC,6
ATAATGACTACATAAA,6
ATACACCTGTATACCC,6
ATACAGAATAACTAAA,6
ATACCTCTACATATGT,6
ATACGAGATGAGGCCA,6
ATACTCCCAAACTTTA,6
ATAGAAGCCTCACAGA,6
ATAGCTAAATTGTCCG,6
ATAGTCACCACAATGC,6
ATATAAGAACAATCAA,6
ATATACACACAGAGGA,6
ATATCACGTCACAACC,6
ATATGATTATACAATG,6
ATATTAGCCCGACATA,6
ATCAATCACACAGTTA,6
ATCACATCATACAGAT,6
ATCACTCAGTCCACAC,6
ATCACTTAAATAGCAA,6
ATCACTTATTATAACG,6
ATCAGAATAGACAGCG,6
ATCCACAAAGCCATGC,6
ATCCATACCTGTCCCG,6
ATCCCGATCCACAATT,6
ATCCGAAGTTGCACTA,6
ATCCGTTAACACAATG,6
ATCCTTTGTCCCGTAA,6
ATCGATTACGAACCTA,6
ATCTACCCTATACAAC,6
ATCTATGAGCTCGCAG,6
ATCTATGCAGGTGTTC,6
ATGAATCATACTAGTA,6
ATGAATTTCCTCACGA,6
ATGACTGGATACTGTT,6
ATGAGGAATATCTGAA,6
ATGAGGTAACCCGAAT,6
ATGCAGATAAATTTTA,6
ATGCCGCTCTGACTAG,6
ATGCGAAAACATTCCT,6
ATGGAGCAAATGTTAA,6
ATGGGTACACTGTTAA,6
ATGTTGATGCGACGGT,6
ATTAAACCCATTATAG,6
ATTAGCCCTTTCCTAC,6
ATTAGTGAAATTGACC,6
ATTCTAACGTTCGATC,6
ATTGCCATCAAGAACA,6
ATTGCGGTCCAGGATG,6
ATTTACTGTCAACTCT,6
ATTTAGTCTGTTAACC,6
ATTTCCGCTGACATGA,6
ATTTGAATAGGCATAA,6
CAAAACCACTTTCGGA,6
CAAAAGAATCACATGC,6
CAAAATACTCCTCTAA,6
CAAAATAGATGATCAC,6
CAAACAATCAACCTAA,6
CAAACCACACAGATAT,6
CAAACTGGAAACATGA,6
CAAATAAGCAATGACC,6
CAACAAAAATAATTAT,6
CAACAGAAGTACCAAC,6
CAACCAGACTGTGGTG,6
CAACCCAGAGAGCTTA,6
CAACCTTTCCAGAATA,6
CAACGATACGAACCAT,6
CAACGGAGCTTGTTAC,6
CAACTAACTATCCCGA,6
CAACTATAACGAATAA,6
CAAGAAACCCCCAATG,6
CAAGAGTAAATACAAG,6
CAAGATTCCATTTAGA,6
CAAGCACCCCGGTAGA,6
CAAGCAGTTTGCTGCT,6
CAAGCTAACCAGAAGG,6
CAAGGATAAATTGGCA,6
CAAGGGCTGCAAGCCG,6
CAAGTAATGAGGACAT,6
CAAGTGAACATTGGAA,6
CAATAAACAGCAATCC,6
CAATAATAGAGATTTA,6
CAATACTCCCAAAGTT,6
CAATCAATGACCTACC,6
CAATGACTTGATCTAA,6
CAATGTCAATATCCAC,6
CACACATTCAATCTCT,6
CACACATTGGACCCGA,6
CACAGAAGCATCACAT,6
CACAGAATAGGCTTCT,6
CACAGAGAATAATTTA,6
CACAGCCCTATACCGC,6
CACAGCTGTCAACTAC,6
CACATACCAACCCGCT,6
CACATCCGAGGGAATT,6
CACATTAACGTAGCCC,6
CACCAGAGACGTTTAA,6
CACCCATACCACGTGT,6
CACGACCGCACCATAT,6
CACGATCGACTGTTAC,6
CACGATTCATCGCTCA,6
CACGCTCTGTAGCGGT,6
CACTAACTCCTCATAC,6
CACTAATGATTTCCTA,6
CACTACAACCATCAGG,6
CACTACAACCTGGGTC,6
CACTATCAAATCTTTT,6
CACTATTTATTCCATC,6
CACTCGTACACAAGTA,6
CACTGACGCAGAGACC,6
CACTTAATATGATTGA,6
CACTTACAAAGTATTC,6
CAGAAAGGCTACCCAC,6
CAGAAGGCACGGAACA,6
CAGACATGCTGGTTTA,6
CAGATAAAGAACCTCA,6
CAGATTAAAAGCCAGT,6
CAGCGTCTGTTTCAAC,6
CAGCTCTAAATACGAT,6
CAGGCCTCGAAAAACA,6
CAGGGAAAGTTACAAA,6
CAGTGACCTTGTCACA,6
CAGTTATTTAGATATG,6
CATAACCTCAAAACCA,6
CATAACTGTGTCAATG,6
CATAAGAACAGGAATC,6
CATAATATTTAAAAAG,6
CATAATGTACTAGACA,6
CATACAACCCAAATTA,6
CATACAACGATCTCAG,6
CATCCCCGTCCATGAC,6
CATCCTTGCATTTATT,6
CATGAACATAAGCGGA,6
CATGAGAATTGTAATC,6
CATGCTACCAACGCTT,6
CATGGAACAACAAACA,6
CATTAAGAAGATCAGA,6
CATTACATTAAACAAC,6
CATTTATCAAGAATGA,6
CATTTATGACTCGCGT,6
CCAAACTTTTTAAAGA,6
CCAAAGGATTACGTCG,6
CCAAATAGCTCTACGT,6
CCAACATAATAAGTCT,6
CCAAGAATCTATTAGA,6
CCAATATGTTTTCCAT,6
CCACGACAAAACATGT,6
CCACGTCGATACAGGC,6
CCACTTCCCTCCTGAA,6
CCAGACACACATAATA,6
CCAGATCAAGTCGTAG,6
CCAGATTGCAGGAGAC,6
CCAGCAGTATCTAACA,6
CCAGCGCAATCCCGTA,6
CCAGTCCCGATTTAAA,6
CCAGTGAAGCCGCTAA,6
CCATAAAAATACAAGC,6
CCATAAGAAGGATTCC,6
CCATCGCCGAGTTTAC,6
CCATGTTAGAATAAGA,6
CCCAAATAGCCCGAGG,6
CCCACTTTTTGGAAAC,6
CCCCAATAGATTTATA,6
CCCCAGGACGTTCATA,6
CCCCAGGATAAGGCCG,6
CCCCCTTTCAAACTAA,6
CCCGAGATATAGCCAT,6
CCCGGAAACTGACACT,6
CCCTCACAGCTGTAAT,6
CCCTCCAAGTAACTAA,6
CCCTTTAACATATACA,6
CCGAGATGACCATTAA,6
CCGGATTCATGCAGGG,6
CCGGGCAAAACACGCT,6
CCGTCTGAACCCAGCA,6
CCTAACGGCCAAACAA,6
CCTACCTGCCTTATAG,6
CCTACTCACCACAACG,6
CCTATAAGAGCATAAC,6
CCTCACTCATGTTAGA,6
CCTCACTGCACACTTA,6
CCTCATGAAAGCTGGT,6
CCTCCCTAACTCACAC,6
CCTCGCTCTCCATACA,6
CCTGACATGAAATCCA,6
CCTGGAACACATACCG,6
CCTGTATAGAAATACA,6
CCTTAAATGTCGTCAA,6
CCTTAATAAACAACGA,6
CCTTGACGCTGACACA,6
CCTTGGTCAACCAAGC,6
CGAAAGTCTAAATAAT,6
CGAAATTCTACTACCA,6
CGAACCGTAACAACAA,6
CGAACCTGAATATATT,6
CGAATGGTATAGTATG,6
CGACAATCCGAGCCCG,6
CGACACAAGAGGATCT,6
CGACCAAACACGGCCC,6
CGACCCGAAAATAAAC,6
CGACGTATTACGGAAT,6
CGAGAATAACGATCAG,6
CGAGAATTCCGTCCGA,6
CGAGATATAAAAGGCG,6
CGAGCAAAAGCTAATA,6
CGAGCAAATATCCACC,6
CGAGGGATCCATGAGC,6
CGAGTTTTAAATGTTT,6
CGATACCCCAACGGCA,6
CGATACTTGGTATAAA,6
CGATATTCCCAAGGTA,6
CGCACTAACGTCGAGA,6
CGCCACATCGCTGCTA,6
CGCCTTCCATAAATCA,6
CGCGAAAAAAAGGCAC,6
CGCTAAAATTAGATAC,6
CGCTCAAATGAAGTAA,6
CGGAAATAGAAATCAC,6
CGGACTCAATTAATGT,6
CGGAGGAAAATGTAAT,6
CGGAGTTCTTCGTATA,6
CGGATCTCAAGCGAAT,6
CGGCATTTTTTAAATA,6
CGGGATGCCTGCCTTA,6
CGTAACACTTTTAAAC,6
CGTAGGACACTTAAAA,6
CGTTAGCCGGTTAATT,6
CGTTGCAGATACTCAT,6
CGTTTAAAACCAATAC,6
CTAAATCAAAAATGGA,6
CTAACATTGTATCGGA,6
CTAACGACGGTTACAA,6
CTAACGTGCACAAAAG,6
CTAAGTTACGTGCCGT,6
CTAATAACAGACCTAT,6
CTAATTAACCTCTGCT,6
CTAATTAATAGCACTC,6
CTACATTAAAGTGGGT,6
CTACATTTTTGAGGAA,6
CTACCAACTATGTGCA,6
CTACCATCTACCCAAA,6
CTAGTCTTTTCACCGA,6
CTAGTTGAGTATGCGA,6
CTATAATCATTCCTAA,6
CTATACTGTGTACTAA,6
CTATATTTGAAAAAAA,6
CTATCATAACACCTTA,6
CTATCCTCCAGTAGGG,6
CTATGCTAATCTAGAA,6
CTATTGGCCACAGGCC,6
CTCAACTGGAATCTTT,6
CTCAGCTAACTTTACG,6
CTCATACCGTAGCTGG,6
CTCCATAGATTTCAAG,6
CTCCATGACCTAAGGT,6
CTCCCTCCGTCGTCCA,6
CTCGAATCGTCCTAAA,6
CTCGAGTGTTATTTTT,6
CTGAAAAAACCGCAGA,6
CTGACAACGGGTTAAA,6
CTGAGTAAACTAATTT,6
CTGCAACAGTATTTAC,6
CTGCATACACATGGAC,6
CTGCCGAGCATTTAAC,6
CTGCTGCCAGCATATA,6
CTGGGAAGAGGACAAA,6
CTGGGTGATTTTTAAC,6
CTGTAAAAGCCAACTA,6
CTGTAACATATCCAGG,6
CTGTACAGACAGGTAC,6
CTGTCTCTATCTCGTA,6
CTTAAAACTGTTAAAC,6
CTTAACAATGTAACGA,6
CTTACAAATAAAAGAA,6
CTTACGAATTAGACAT,6
CTTAGTGATAGCCTTA,6
CTTATATAATACAAAA,6
CTTCAGACGTGCGTCT,6
CTTGTTACTAACGGTT,6
CTTTCCATATACGTTG,6
CTTTCTTCTTACGGGA,6
CTTTGATCACGACATA,6
CTTTTAGTCCAAAACG,6
CTTTTTCTATAGATAT,6
GAAAAAAAAGAACGTT,6
GAAACATATATCATCC,6
GAAACGAACCGGCAAG,6
GAAAGAACTTTGACGA,6
GAAATCGGAACGACGA,6
GAAATGCTAAGTTTAC,6
GAACAAATACGGTGCG,6
GAACACGTTGACTAAG,6
GAACAGTAAGAAACCA,6
GAACCCCTGAAACCCA,6
GAACGCGATTCCATAG,6
GAAGATTGCTGTAGAG,6
GAAGCCTAACGTCACT,6
GAAGCTACATATTGGA,6
GAAGGAAGACATTCTA,6
GAAGTCCCCTGCCTCC,6
GAATAAAAAGAACAAT,6
GAATAAGCGCATTATC,6
GAATGCATTCTCACTA,6
GAATGGCACCCACATC,6
GAATGTAGGGCTGAAA,6
GAATTAGCTACATCTA,6
GAATTAGTAACAAAAT,6
GAATTTACGGCATGAT,6
GACACGCGCTCACACA,6
GACATGAAAATAAGAC,6
GACCCAAAAAGCAGTA,6
GACCCGACATAAAGAA,6
GACGACTGTTGAAAAG,6
GACTAAGCAAGGGACA,6
GACTACAAGCTTCTCA,6
GACTACAGTGACACCA,6
GACTACTTATTTATCC,6
GACTGAAAACATAGTA,6
GAGAAAAAACAAAGAC,6
GAGATGGCAGACAAAT,6
GAGCAGTCAATTAACA,6
GAGCATATTTGCTGAC,6
GAGCGGAATAATAGGT,6
GATAAATAAACCAAAT,6
GATAGGATCTCCATCA,6
GATCAGTAGCCAGCTA,6
GATCGACGGTTCGAAA,6
GATCGGTATACGTGTC,6
GATCTACCACAGAACC,6
GATGAACGCTATGTTC,6
GATGCCATTGCAATCA,6
GATGCTTAATCCTCAA,6
GATTGCTGTTATACAT,6
GATTGGATTAAACGCT,6
GCAAACATTCCGCCAT,6
GCAAGGAAAAAGGACT,6
GCAATCAGAACGTTGT,6
GCACAGCAAATCTAGA,6
GCACTCCGGTATATCC,6
GCACTCGCCTTCCCTA,6
GCAGAATCTATAAACT,6
GCAGCACATCTCACAC,6
GCAGCGAATCAACAAC,6
GCATAAATTAGACGAC,6
GCATAAGATCGAAAGT,6
GCATACGTGAACCAAT,6
GCATATAACCTTGTGA,6
GCATCCAGATTAACAT,6
GCATTCATATATCCAG,6
GCATTTATAATGTTAT,6
GCCAACAGTATCTGCC,6
GCCCCCATCGTGCCAG,6
GCCCCGACTACGACAT,6
GCCGATTATCCGATGT,6
GCCTAATCTACATATA,6
GCCTACACGGTTTATT,6
GCCTAGCCCCAAAAAA,6
GCCTGACGTTCAGGCA,6
GCGACCACTATGTGAC,6
GCGCGTACTCTATGCT,6
GCGGTAGACTCTCAGC,6
GCTAAAACATGAAAAG,6
GCTAACTGCTTTAACT,6
GCTATTAAAATGCAAT,6
GCTGTAAAAAGAGGGA,6
GCTGTAGAGACATTAT,6
GCTGTTACGAGTCCTG,6
GCTTAAAACCTACGCC,6
GCTTAAATATAACTAG,6
GCTTATTATTAATTAA,6
GCTTGGAAGCTTGCAC,6
GGAACTGACTATCTTA,6
GGACACTTACACAATC,6
GGACCTTGGACTGGGG,6
GGACTCGCCACCATTG,6
GGAGACCCGTCCAGAG,6
GGATTAATCGCCACGT,6
GGATTTAGCGACACAA,6
GGCAAGGGAGCACCGG,6
GGCTTCTCAGAGACAG,6
GGGACACAAACAAAAA,6
GGGACACCCCCTTTAT,6
GGGATTCAGATACAGA,6
GGGCAAGAAAGCAGTA,6
GGGTATCACTGTGATA,6
GGGTTATAACTATTTT,6
GGTTAACAAACCCATG,6
GGTTATATATATGAGG,6
GTAAACCTTCACTACG,6
GTAACGGGAGTCAAGT,6
GTAAGCCTGAGAGCGG,6
GTAAGTACTCGTAAAA,6
GTACCAATTGAAGCCG,6
GTACGATACTGACTGA,6
GTAGTCCAATATTGGG,6
GTATAAATCTTCCGCG,6
GTATACGCATCTAGAG,6
GTATAGGCATCAATAC,6
GTATCTTAGACTAAAC,6
GTATGCATAGAAAAAT,6
GTATGTACCACTACTT,6
GTATGTGTTACGCTCT,6
GTATTAATGTTCAAAT,6
GTCAAATCCACCTAAA,6
GTCACATTATGTCTCA,6
GTCGAAAAGTGTAAAT,6
GTCTATAAACATGTCA,6
GTCTATATAAAATGTA,6
GTCTGGCAAGCTAAAA,6
GTCTTGCCATCTCAAT,6
GTCTTTTTAAACACAG,6
GTGAAATTACGTGAAC,6
GTGAACAAATGGAAAA,6
GTGAATAGATATAACC,6
GTGAGTGCGTAAAAAC,6
GTGATTCCATTTCGGA,6
GTGCAAGAGGCGACTT,6
GTGGGTATATCACCTG,6
GTGTGTGATAAACGAA,6
GTTCCTTAGGATTACT,6
GTTCTGTTCCACTTCT,6
GTTGATAAGGAGTTAT,6
GTTTATAAACCGCTTC,6
GTTTTAAAAAAAATAC,6
TAAACAAATAATGAAA,6
TAAACAATCAAGCAGT,6
TAAACATTGCCCTCTG,6
TAAAGAATGATTTCTG,6
TAAAGGAACTAGTCTT,6
TAAAGTACCAATATTG,6
TAAATAGCTATAGTAC,6
TAACAACGGGCTTAGA,6
TAACACCAAGATGTAC,6
TAACACTAGGAGTATT,6
TAACCAGAGCACGAGA,6
TAACCTTCGCTCTCTT,6
TAACGACCCACCAAAA,6
TAACTAACATAACCAT,6
TAACTAAGAAGTTATA,6
TAAGGGTGCAGCAAAA,6
TAAGTAAAAGTATAAC,6
TAATACACATATCAAC,6
TAATCCGTCGACACTC,6
TAATGAATTACGCTAC,6
TAATGTCTTGCCCCGA,6
TAATGTTAACTCAACA,6
TAATTAGTGTAGATCG,6
TACAAACAAAATAACG,6
TACAAACTATATACTC,6
TACAAATCATATAAAT,6
TACAACTAGTAAAGCC,6
TACAATGAAACTAGGG,6
TACACAGCCGATTAAC,6
TACACCCCAAGGAGAA,6
TACAGCGCGACAACCT,6
TACCAATTGTTAAATA,6
TACCCTTCATATGAGG,6
TACCTCACTTTATAAA,6
TACCTGTAAGCTACCA,6
TACCTTGAGGATACTA,6
TACGAATAGCGCTCAC,6
TACGACGCAGTTTAAT,6
TACGATAGAACGAGTT,6
TACGATTTTATAGCAT,6
TACGCAGACTCCAATC,6
TACGGAGAAACCCAGT,6
TACTAGAGAAAGATTA,6
TACTATCCTGTACTCA,6
TACTGCTTAAATGTAA,6
TACTGTAGACGATTTG,6
TACTTCAGCCTGACCT,6
TAGAAACAGCATATAT,6
TAGAAAGTGGTTTTCT,6
TAGAACAGAGAATAGA,6
TAGACAAATAAAATAC,6
TAGAGAAACAGTAATT,6
TAGAGCCTTTGCACCC,6
TAGAGTATCTCTCTGG,6
TAGATACCAGGCTTCA,6
TAGATAGGTTCTCTGT,6
TAGCGGCTTACCATCC,6
TAGCTATCCAAAGAGG,6
TAGGAGTGAAAATAAA,6
TAGTAAGCTAAAAACT,6
TAGTCATTTGGGAACA,6
TAGTGGGGAGTTGCAA,6
TAGTGTGCGGATCAAT,6
TATAAGACATTTTGAT,6
TATAATATTTAATATA,6
TATACAGAACGCACAC,6
TATACCTGGACTACAT,6
TATACTCGACGATCGT,6
TATATGAAATATGAAT,6
TATATTGTACATGAAC,6
TATCCCAGTGGAGTAA,6
TATCTAACTCACAGAG,6
TATCTACGATGTAACC,6
TATGAACTTCTGAGTC,6
TATGGACTGGACCCTA,6
TATGGCTTTCCAACAC,6
TATTAACATGGACTAA,6
TATTAATTACGACCAG,6
TATTCATCAATTTAAA,6
TATTCCTGAGGAGCTA,6
TATTTACCTTAAGCTC,6
TATTTGTTAACCATTC,6
TCAAAACCACATTCGC,6
TCAAAATACAGATAAC,6
TCAACAGGTACACACA,6
TCAACCCATAATTTCC,6
TCAAGGACCTAACGCT,6
TCAATGCATCGAAAAG,6
TCAGACAGCGAACATT,6
TCAGACCTATAAAGAC,6
TCAGAGCCCAGGCACT,6
TCAGGAGATGCATAGC,6
TCAGGGCTACTGACCC,6
TCATAATAAATACGAA,6
TCATAGTACATTAAAC,6
TCATTTACCCATTAGC,6
TCCAAAAAAAGACAAC,6
TCCAATTGTGATACGC,6
TCCACAAGATTAAGCA,6
TCCACCGTTACATTTA,6
TCCACTCCATAGTATA,6
TCCATTGAAGGAAGGT,6
TCCCACAATGGCAAAC,6
TCCCATAGTCATTACA,6
TCCCGATTGATCAAGT,6
TCCCTACCAGAATGAA,6
TCCGGGAGAATAAGCT,6
TCCGGTGTACCTTGTT,6
TCCGTTGATCATCCAT,6
TCCTAACTATCGACAG,6
TCCTACTCCGTTCACA,6
TCCTTCCTCATCGCGA,6
TCGAAATCCATCAATA,6
TCGAATGCAAAGCGTA,6
TCGACTAAGCTAATCC,6
TCGAGAAGCTAATCCC,6
TCGATGCGACTAGTCC,6
TCGATTTCAGTACAAC,6
TCGGACCTAATATAGA,6
TCGGATATAAGACATA,6
TCGGCCGACGTCTACT,6
TCGGTACAATCCAAAA,6
TCTAAACTCATAAGCA,6
TCTAATAACCCGAATC,6
TCTACTAGCTAAAGAG,6
TCTATAATAGTAGACC,6
TCTATACACTCCACTT,6
TCTATGCATATCGTAA,6
TCTCTAACCTAAGATG,6
TCTGATATTGAATACT,6
TCTGGGATCGCTCTGT,6
TCTGTACTGTCTAGAC,6
TCTTATTATAACACGC,6
TCTTTACTAGCCGCCA,6
TGAAACAGTGATTTAA,6
TGAAATGTTAATGCAA,6
TGAACCCAAATGAAGA,6
TGAACTACCTGATATG,6
TGAAGTCTTCATAGGA,6
TGAATATTTTAAGATA,6
TGAATCGTGTTCGACA,6
TGACAAAAGACTATCT,6
TGACGTTCGCGCTTCC,6
TGAGACGTGTACTTGA,6
TGAGTGTTATGCCACT,6
TGATAAGGAAGAGCAC,6
TGATGCTAAGTTATCA,6
TGATTAAGACAAGTTT,6
TGCAAGTAGAAATGAA,6
TGCAGCTTTCAATCAG,6
TGCATATGTAAAGAAC,6
TGCATGAAGTCTATAA,6
TGCCAAACGTTGGAAA,6
TGCCCTCTGCGAAGGA,6
TGCGACTTGATTGCAA,6
TGCGGAGCTTATGTAT,6
TGCTAGCGTTTAACAC,6
TGCTCAAATAATCAAG,6
TGGATACAAGTACTGA,6
TGGATACATAAATATC,6
TGGCAGAACCATTACA,6
TGGGGCCAACCCAAAA,6
TGGGGGTATTCATGGA,6
TGGTCCCCTAAATGCT,6
TGTAAAGGCGAAGTAA,6
TGTACCCAACTTCCCT,6
TGTGACCTATGAGTTC,6
TGTGGAAACTACTACT,6
TGTGGTGTCATCTCTA,6
TGTTAGACATGATTAC,6
TGTTCACGAGGGTGTA,6
TTAAATACAAAGTTGT,6
TTAAGAAGTATCTAAA,6
TTACCTTGTTTTTGAA,6
TTACGTGATTTGTCAA,6
TTAGAAATTACTATCT,6
TTAGCATTATGACCAA,6
TTAGGGAGACAAACAA,6
TTATATCATATGAAAC,6
TTCAAAAGCGGTCCCC,6
TTCAATTAGACCTTCC,6
TTCACCGATCATAAGT,6
TTCAGCACCAACCATC,6
TTCATGCAAGAACGAC,6
TTCCCTCCTAAGACCT,6
TTCGTCTATCAAACAT,6
TTCTAACAACGCAGAC,6
TTCTGATGATACATAG,6
TTCTGGTGATCATATC,6
TTGAAAGGGTATACTT,6
TTGAAATGAAATCGAA,6
TTGAACCAGTTCTGAC,6
TTGACTACTGGTGAAC,6
TTGATGCAAAAATAGT,6
TTGCCGAACGGTAATC,6
TTGCCGGAAAAGATAC,6
TTGCCTCAACACGTTA,6
TTGCTTATAGCACAAT,6
TTGGATTCTATCATAC,6
TTGTAAACGGCGATAT,6
TTGTATATACGTAGTC,6
TTGTGATCCCCCTGCT,6
TTGTGCGACTGAAACC,6
TTGTTCATAACAAGGA,6
TTTAAAAGATTGTATA,6
TTTAATTCAGAAATAA,6
TTTAATTTAATGCTCA,6
TTTATTGTCTTGCTCA,6
TTTCAGCCTACATCGT,6
TTTCATAGATCAAAGA,6
TTTCATATCCTCTTCC,6
TTTGATCACCTTGAGC,6
TTTGCAAACATGATAA,6
TTTTACGTATGGTCAT,6
TTTTCGCCATATACAC,6
TTTTCGCCCTACCACT,6
TTTTGCGCCCAGGACG,6
AAAAAAAATTACAGCC,5
AAAAAAAGGAACTGGA,5
AAAAAAAGGACGAAGG,5
AAAAAACTAAGGCAGA,5
AAAAAAGACCTACTAG,5
AAAAAGGAGTTATAGT,5
AAAAATTCAACATTGC,5
AAAACATAATTTCCTT,5
AAAACCTATGGAAAAT,5
AAAACTATCCAGACAA,5
AAAAGTTAGTAGCTTT,5
AAAATCAATAAATAGC,5
AAAATCATAATGACGT,5
AAAATGAAATAGTTTC,5
AAACAGCTATTTGACC,5
AAACGTGGGTGAATTG,5
AAACTACAAGTTACTT,5
AAACTTTTATATCCAA,5
AAAGATCACATGACGT,5
AAAGCGGCTTCCACCT,5
AAAGGGTTGTGTGCAT,5
AAAGTTCATAACATAC,5
AAATAAGAGAAGTTGC,5
AAATACACTAACACCA,5
AAATAGGAACAAACCA,5
AAATATATAAGTCTAA,5
AAATATTAGGATAAGA,5
AAATCACTTGATAATA,5
AAATGTTGAGACAGAA,5
AACAAAAACCGTATAC,5
AACAACAACCCGTATG,5
AACAATCACCGGATGT,5
AACACCTCAAGGAAAC,5
AACAGAGGACGAAACA,5
AACAGCTCCATAATAC,5
AACATAAAGAGCATGT,5
AACATCTTACACGAGT,5
AACATTACCAAGATGA,5
AACATTCGAGGGAGCG,5
AACCAAAAGCCCTTGC,5
AACCAAGTTTCGTACT,5
AACCACAATCTTTATC,5
AACCAGAGAAAACGAT,5
AACCCATTATTTTAAT,5
AACCGAACGACTAAGC,5
AACCTCGATAGGAGAA,5
AACCTTGACCGTACGC,5
AACGAATCATGTTGAA,5
AACGCAGCCCACAAAA,5
AACGCGGCTCAGGATA,5
AACGCTACGACCACCC,5
AACGGTAAGAGATACC,5
AACGTAACAACTCGCA,5
AACTAACCGTCACACG,5
AACTACAACTGAAATT,5
AACTATCACCAAGTCT,5
AACTCAGACAGAAGAT,5
AACTCTTGCTGACCCG,5
AACTGACTACGAACTT,5
AACTTTGAATTACTGA,5
AAGAAAAAACACCACA,5
AAGAAGTATCAAAGTT,5
AAGAGAGACGTTGGAT,5
AAGCAATAAAGTGCAG,5
AAGCACTACTATACAC,5
AAGCCGACCCTTAATA,5
AAGCGCCTGACGTGCC,5
AAGGCAGCGAAACAAA,5
AAGTAAGGACTGGACG,5
AAGTAATATCTCCCCA,5
AAGTAATCGAAATACT,5
AAGTCCTATACTGCAA,5
AAGTGGCCAATAGACG,5
AAGTTAATGATTTTTT,5
AAGTTACCAATACCCT,5
AAGTTGCTACGGGAGT,5
AAGTTTAACTCATCCT,5
AAGTTTCCCGTAGCAC,5
AATAAACTCAGTCATC,5
AATAAATTATGTCTTC,5
AATAACGCGTCACCTG,5
AATAAGGTAAGCGCGA,5
AATAATTACTCCATGA,5
AATACAGCGAGCCGAT,5
AATACATACTAAATCT,5
AATACCATAAGTTAGG,5
AATACCCTATCAACGT,5
AATACGTGAAGACCCA,5
AATAGGGTTGATTGAA,5
AATATACCCTATCGGC,5
AATATCGTATATCTTC,5
AATATCTCGTTCGCGC,5
AATATTCTAGATACAT,5
AATCAAATATCCATTG,5
AATCACCACTATTACA,5
AATCACTTTACTGCTA,5
AATCAGCATCGTAGGC,5
AATCCATGCATGTGTT,5
AATCCCCATTGCTCCG,5
AATCGAACAGCAAGTT,5
AATCGAATAGAATTCA,5
AATCGTGGGCTCTGTA,5
AATCTACCACACTACA,5
AATGACACCTCCTTGA,5
AATGATTTTACAGCCC,5
AATGCGTAACCATCTC,5
AATGGCAAAGTTATTA,5
AATGGTTAATGGAGAA,5
AATGTATCCCTCGATG,5
AATGTTCTAGTATTTC,5
AATTAACGACAGTTTT,5
AATTACTCAAAACAAA,5
AATTAGTCGCTAGTTA,5
AATTATACGTAAACGC,5
AATTCAATTCCAGGCA,5
AATTCCCGTGTCAGAT,5
AATTGCATCCACTAGC,5
AATTTCCTACTATCAT,5
AATTTTCTACGACAAC,5
AATTTTCTATGCACCA,5
ACAAATCCCTCGGTTA,5
ACAACAGCAATACTAC,5
ACAACGTAGGAACTTA,5
ACAACTGTATAAATAT,5
ACAAGATTAAATAATG,5
ACAATAAACATGCGCA,5
ACAATAAGAAAATTAA,5
ACAATCAGACAAGTCA,5
ACAATGAGATTACTAA,5
ACAATTTACACACGAT,5
ACACAAACATGGAAAC,5
ACACAACAAAGAAAAA,5
ACACACAAGAGTGCTG,5
ACACCCTCCTTATAAA,5
ACACCTAGCAGATGGA,5
ACACGCACAATGAACA,5
ACACTACGGTGAGTAA,5
ACACTTTAAGAACAAC,5
ACAGAAATTACTCCCT,5
ACAGACCCCAGTAATA,5
ACAGAGTGCGACGACC,5
ACAGATATATATCCAC,5
ACAGCAAGCAAAGAAG,5
ACAGCATCCATTATCT,5
ACAGTATAATATCCAT,5
ACAGTGATCGATCAAT,5
ACATAAGAATCACCTG,5
ACATAAGGACGGGATG,5
ACATATCGAGCGATTT,5
ACATATTGTACGGATT,5
ACATCCTTGAAGCTAC,5
ACATGATACCTCGAAT,5
ACATTGCGACCTACAA,5
ACCAAAGGACCTCATT,5
ACCACAATATACTAAG,5
ACCAGTAATGTCATCT,5
ACCAGTACTGTTAGAG,5
ACCATAGAGCGATTTA,5
ACCATCTGTTTTAACT,5
ACCCCACGAAAAGAAC,5
ACCCCGCCCAGACCGC,5
ACCCTACAATCTATGA,5
ACCGTAATATCAGTCA,5
ACCTAAACCGCCTCCA,5
ACCTAGACTCACCTTA,5
ACCTAGTTCGTGACGT,5
ACCTCCAACCCATCAA,5
ACCTCCACCCTGGCAT,5
ACCTCTAATACTTACA,5
ACCTTTGATCCACCTT,5
ACGACAAATTAACTGT,5
ACGAGATGGAGTAAAA,5
ACGAGCTATACACCAA,5
ACGATCCAAGAAGAAC,5
ACGCTGAATACAATAG,5
ACGGAAACTTTTCTTT,5
ACGGAAGTTGGAAGAG,5
ACGGATCCTGGAAGGG,5
ACGGCAATTTTCTATA,5
ACGGGAATACAATACT,5
ACGGGTTTACTGGATA,5
ACGGTCATAGTGCATT,5
ACGTCCCGGGACAGAT,5
ACGTCCTATTAACCCA,5
ACGTGCTCTCTTTATA,5
ACTAAACAAGTAACGG,5
ACTAAACTTACACAGA,5
ACTAACCAAGAAACCT,5
ACTAGCATGTAGATTG,5
ACTATAATTCAAAGAA,5
ACTATTGAACAAAGCA,5
ACTCAAGTAAAACAGG,5
ACTCAGAAAAATAACC,5
ACTCAGTACACCGGAT,5
ACTCATAAACACGAAT,5
ACTCATGTGACCCGTG,5
ACTCCCATTCCCTCTA,5
ACTCCCCGAATTTAAA,5
ACTCGAAAAGAAAAAA,5
ACTCGCAATGAGCCCC,5
ACTCTACTAACACACA,5
ACTCTCCGAGTAAACA,5
ACTCTTAGTTCACAAA,5
ACTGAATTGAGTTACG,5
ACTGGAGAAGACACAT,5
ACTGTTCAACTGATCA,5
ACTTAAATCCACAATA,5
ACTTCAAGTCTTCCCC,5
ACTTCCAGTTACTGAG,5
ACTTCTAAGCAAGACC,5
ACTTGCTCACTACACA,5
ACTTTAAGGACCCACT,5
ACTTTGAGAGAAAACA,5
ACTTTTCGTCCCGATG,5
AGAAACTGTGAATTAC,5
AGAAAGATGTTCCGAT,5
AGAAATCAGAATACGT,5
AGAAATGGCCCAACGT,5
AGAACACAAGCAGTTT,5
AGAAGCCCTTGTAATT,5
AGAAGTGATCCGTGAT,5
AGAAGTTAATTTGACA,5
AGAATTCCCCCATGAT,5
AGAATTGCAGAAACCA,5
AGACAAACGAATTGAC,5
AGACACTTGAACACCA,5
AGACAGTTGTGTACTG,5
AGACCTACGAGCACTG,5
AGACCTGGTGTTCACT,5
AGACGGCGACAATCAT,5
AGACTGTATCTAACAG,5
AGAGCAAGATCTAGAG,5
AGAGTCTGCACACTCT,5
AGAGTGAGGAATGACC,5
AGATCACGCCAGGTAA,5
AGATTTAGTAATGACT,5
AGCAACGTATTAAACA,5
AGCACCAAAACCTAAC,5
AGCATTAGGACTCGAT,5
AGCCCTACTTAATTTA,5
AGCCGAATGCCACAAC,5
AGCCTGAATATAGACA,5
AGCGCGACTCATGGGA,5
AGCTGATTAGAAAATA,5
AGGAACACGTCTGCAT,5
AGGAGAAGGTCGACCA,5
AGGAGTCATCCGAGTT,5
AGGATTCAACAGCTTT,5
AGGATTGTAGATCAGT,5
AGGCACAACCTCTATA,5
AGGCGGGACCCCGTTG,5
AGGCTCTCCCCTAAAC,5
AGGGGATTGTCATTGA,5
AGGGGGACGCTTCAAC,5
AGGTACAACCGGAAAA,5
AGGTCCGGAATAGCAC,5
AGGTTAGCCTTGATTC,5
AGGTTCAATCCACCGT,5
AGGTTTTCCTGTTCGG,5
AGTAAACCAGCGCACT,5
AGTAAACCATAAGAAT,5
AGTACAATGCAAAACC,5
AGTATACTGAAACATT,5
AGTATATAAGTGACGT,5
AGTATCGGATTACCAC,5
AGTATGTGGTCTGGTT,5
AGTCACCGAAATAGAC,5
AGTCCCAAAGTTCACG,5
AGTCGAATGTTCAAAT,5
AGTCGCTAAACCGGTA,5
AGTCTAACCACACATA,5
AGTGTGAGTGGATAAA,5
AGTTAGCAAAAATATC,5
AGTTCATGCCTAATAT,5
AGTTCCTGTCACTCTA,5
AGTTCTCGAATGTCTT,5
AGTTGATATATCTCCT,5
AGTTTAAAGACAATTA,5
ATAAAATAGTCAATCC,5
ATAAAATTTCTTGACA,5
ATAAACCGCTTCGGTC,5
ATAACAAGTGGTTAGT,5
ATAACACGCCACTTGA,5
ATAACATACTTTACCA,5
ATAACATTGTCTTCAC,5
ATAACGCCGCGAACGC,5
ATAACTACCCCTAATA,5
ATAAGAACTAGCGGAA,5
ATAAGCCTAATCGCGA,5
ATAATACAGAGAGTTT,5
ATAATCCTACTCTATG,5
ATAATGGCTTATTAAC,5
ATAATGTGTAAATGTG,5
ATACAATATCGCTGAA,5
ATACACCAAGAACGTA,5
ATACCGTGTTTTGACT,5
ATACCTCACATAATAA,5
ATACCTGAGAAATCCC,5
ATACTGCCAACGACCT,5
ATAGAATGGAAGTTAA,5
ATAGCTCATAGGCCTA,5
ATAGTCTTACTTACCC,5
ATAGTGACAGCCTCTT,5
ATAGTGACCGGCAGAA,5
ATATAAAAAGCAATTG,5
ATATAAACAAGCAGAC,5
ATATAAGAAAGACCTC,5
ATATAAGAAGAACAGA,5
ATATAAGTAACTCGAT,5
ATATAAGTTTTTGACA,5
ATATACTACGTTTGTA,5
ATATCAGACCGACTCT,5
ATATGACAATAACTTA,5
ATATGTCAAGCTGAAA,5
ATATTAGTAAGTACTA,5
ATATTCTCTTATCAGG,5
ATATTTTAGGTAGTCC,5
ATCAAATTAACTTAGG,5
ATCAAGCTATCCTTTT,5
ATCAATAATTATCGCA,5
ATCACAAGTCACTATA,5
ATCACAGTGAACAGAT,5
ATCACTGCAATATCCC,5
ATCAGAATCATCAGCC,5
ATCAGCAAAGTAAATG,5
ATCAGTACAACGAAAA,5
ATCATACAGGATCCAA,5
ATCATACATAGTGAGC,5
ATCATCCAGATACAAC,5
ATCATTGAATTTAGAA,5
ATCCACAACGTTAAAG,5
ATCCACACATCCTTAG,5
ATCCCACGATTATGCA,5
ATCCCACTAGTGGTGT,5
ATCCCGAACAAACGAA,5
ATCCCGATCAAAAATA,5
ATCCGAGGCTTTGAAA,5
ATCCTAAGAACGACTC,5
ATCCTACATTGCAACA,5
ATCCTCCCATCGTCAC,5
ATCCTTCAATCTTGTT,5
ATCCTTGGAGCAGAGT,5
ATCGAAATCCAGGAAA,5
ATCGAACCATGCCTCA,5
ATCGACTGTCTCCTAT,5
ATCGCGGCTGGGTAAA,5
ATCGGGAGCCCACTAG,5
ATCTACTACTACGGGA,5
ATCTAGCTTACTGAGC,5
ATCTGAATGACTAAAC,5
ATCTGATCCCACCACA,5
ATCTGGCATCAACAAT,5
ATCTTCACAACACAAA,5
ATCTTGTTTCACCAAA,5
ATGAACATTATCTTCG,5
ATGAAGGTAATGGATG,5
ATGAATGGTAGTAGGA,5
ATGCAACATCCCCTTC,5
ATGCCGACTATTAAAC,5
ATGGACAAGATAAGCC,5
ATGGACAGAACTTAAA,5
ATGGATAACAATATCC,5
ATGGATGGCAGAGAGC,5
ATGGTAAAAAACCACG,5
ATGGTAATCGAAAGAC,5
ATGTAGTCAAAAAATT,5
ATGTATGTGCACCGCA,5
ATGTCCATCCCCATGC,5
ATGTTCAGAAAGCGTC,5
ATTAAAAACATAACTG,5
ATTAAATATATTAAGG,5
ATTAACGGTTCGCCAA,5
ATTACAAGATAAATTT,5
ATTACCCCATAAAAAT,5
ATTAGGCACAGGTGAG,5
ATTATAATCGACCACC,5
ATTATATGATACTAAG,5
ATTATCTAAGACTTCA,5
ATTATGGTCATTACCG,5
ATTATTGCGCAAGGTT,5
ATTCAGCAATTCACTT,5
ATTCATCTCATCACAT,5
ATTCCACTCCGGTCCT,5
ATTCTATGTATAATAT,5
ATTGAACACTAACGGG,5
ATTGACATTCTACTTC,5
ATTGCTCGGCACTTGC,5
ATTGGATTTTACTCCT,5
ATTTAGTTCCATTCGT,5
ATTTCAAGAACAGGAT,5
ATTTCCCTATAGGCCC,5
ATTTCTCTACTCCAAA,5
ATTTCTTACGACCCTA,5
ATTTGTTTATCAAACA,5
CAAAATTATGATTCAA,5
CAAAATTGACTTATCT,5
CAAAGCCGACACATTT,5
CAAATACCAACATGTT,5
CAACAACCCCCCAAAT,5
CAACACGTATCAAATG,5
CAACAGACCCCGAAAC,5
CAACCACTGAATAATA,5
CAACCAGATTTCACCA,5
CAACCCCGGATAATGT,5
CAACCTTCTGATGAAA,5
CAACGACCTTTAAACA,5
CAACGAGTAAAATGGC,5
CAACTAGCGCTACAAA,5
CAACTCAAAACCTCTA,5
CAAGATAATGGATCTC,5
CAAGATAGTGGCTTAG,5
CAAGATCACCGAAAAA,5
CAAGCATTCAACCAAC,5
CAAGCTATAGTCCAGG,5
CAAGGGGTTCCCACAA,5
CAAGTAAAACGCAAAG,5
CAAGTACACATAGTTG,5
CAAGTACTAAAGCTTA,5
CAAGTATCAATTCACA,5
CAAGTCCGGACTAACG,5
CAATAAGATAACCCGC,5
CAATATGACAACTCAT,5
CAATCACAGCCATCTG,5
CAATCATGAACATCAA,5
CAATCGGAGCAATTAC,5
CAATGGACCTACCATA,5
CACACCTTTGGGTGAA,5
CACAGACATTGGAAAC,5
CACAGCGCTCATATTC,5
CACATATTACCTAGAT,5
CACATGTAACAGCGAG,5
CACCAAGTGAGCCTAA,5
CACCAATAATTATGTT,5
CACCATAAGGCTTTTC,5
CACCCGGATCGGAAAA,5
CACCCGGCTTGCAATA,5
CACCCTTTAAGCCGTG,5
CACCGACAAGTTCCAA,5
CACCGATATTTATTCG,5
CACCGGTATAACGTCG,5
CACCTCATTAAATCTA,5
CACGAATAATACTAAA,5
CACGCACTCTGGGATC,5
CACGTTGCACTTCGCT,5
CACTACGTATTTAATC,5
CACTATAGCGTTTTTG,5
CACTATCCTGATACAC,5
CACTCCACTACCCCAG,5
CACTCTTCTACCAGGA,5
CACTGAATCAGTCTTA,5
CACTGTCATATAACAA,5
CACTTATCACGGACTA,5
CACTTCACCCTTAACA,5
CACTTTTTTCTCACAA,5
CAGAAAAAAAATGAGA,5
CAGAAACGGCGGTAGT,5
CAGAATAATGGCGAAT,5
CAGACGCTCAAAAAAC,5
CAGACTCGTTAAATCT,5
CAGAGATCATATGAAG,5
CAGAGTTTTATTCTCT,5
CAGATGTTGCTACCGC,5
CAGCAATCATAATCGT,5
CAGGAACTAACTAATT,5
CAGGATCATAGATGCG,5
CAGGTAACATATCATA,5
CAGTCGCAACATCATT,5
CAGTGCTATAAAAGAC,5
CAGTTAAAATAAATAC,5
CATAAAATGAAATTCA,5
CATAAACAGTACTAAA,5
CATAAATTCCCTGGAC,5
CATACAGTGCTGTAAA,5
CATAGAAGATAGTTGC,5
CATAGCATAAGGATCA,5
CATAGGCCAAAGTACT,5
CATATAAAATCATATT,5
CATATCGATAGCGCCC,5
CATCCCAAGTCGAGTG,5
CATCGTGAAGACATCC,5
CATGATATGACACCAA,5
CATGATCGTTGGATCT,5
CATGGCCTGCAACGTT,5
CATTAAACCAATACAA,5
CATTATAACAAGCTGG,5
CCAAAAACGACTAAAG,5
CCAAAAGTTTAAAAAC,5
CCAAACACATGCAGCG,5
CCAAATGCAAAGACCA,5
CCAACCCCAATAACCA,5
CCAAGACTGGAAACAA,5
CCAAGCATTACAATAA,5
CCAAGCCTCTGTGTGG,5
CCAAGTCTTACGGAAA,5
CCACATATATAGAATA,5
CCACATCTCAGAAATT,5
CCACCCTGAGAGTATG,5
CCACTCACACCGCCCA,5
CCACTGCGGGGAAGAA,5
CCACTTTTAGGACATC,5
CCAGAACTACACACAA,5
CCAGAAGACGAGGACT,5
CCATAACAGTGCTTTA,5
CCATAATTAAACAGAA,5
CCATCGCTGCAGCTTA,5
CCATGACAAAACTAGA,5
CCATGCCACCACTCCA,5
CCATTAGAAAACTTGA,5
CCCAAATAGGTAGGCG,5
CCCAAGGAATCCAAAT,5
CCCACCTGGACAAGAT,5
CCCATGTTTCAAGCCA,5
CCCATTCGATTGAGAG,5
CCCCAGCGCTATTTTC,5
CCCCCTCCATTATCAA,5
CCCCGGTAGGCGAACA,5
CCCGAAATATTGCTAA,5
CCCGAGTCCGCATACC,5
CCCGCTCCAGCTGTTA,5
CCCGGTGCACGACGGA,5
CCCTACACATCGAACA,5
CCCTATTCCCAACAAA,5
CCCTCATTCGACAGTC,5
CCCTCCGTTAGGCACG,5
CCCTCTTCCTAATGGA,5
CCCTGTGAACAACAGT,5
CCGAAACAGACACAGG,5
CCGAACCAAAAGAAAC,5
CCGAACTGAGATATCG,5
CCGACCGTATCGTCCC,5
CCGACTGTGTCATTGG,5
CCGCACATGACCAATA,5
CCGCCAGCGGGCTGGG,5
CCGCGAAATGAATTCG,5
CCGCGTATTCATGTGA,5
CCGGAAGAGACATTTA,5
CCGGACAAACGCAGCA,5
CCGGGAGACGGACCTA,5
CCGGGCTAGCAGATAA,5
CCGTAAAAACGCCGAC,5
CCGTACCATTAATAAT,5
CCGTCAAACCAACATC,5
CCTATTAAGTTCTCCA,5
CCTATTTAGATAATTC,5
CCTCAAATGAAAAATT,5
CCTCGAGATACACGAA,5
CCTGATTATACAAACA,5
CCTGCTATGTGATATT,5
CCTGGCTTTCAAAGCA,5
CCTGTGCAGCCATCCC,5
CCTGTTCGTAATAAGG,5
CCTTAAAAAGTTAGGA,5
CCTTAACAAAAACGTG,5
CCTTAATCACTCTCGT,5
CCTTAGAGGCCAGGCA,5
CCTTGGAAGTCACCAT,5
CGAAAATGCAATACAT,5
CGAAACATAGGCGCGT,5
CGACAAGCAAGCCAAC,5
CGACCTAGTTTTAGTA,5
CGACGTAACTAATGAA,5
CGACTAGTTACATCTT,5
CGACTGATACGGCAGA,5
CGATAACAGTCTGCCA,5
CGATATCTGCGGTCAA,5
CGATCATAGACTAGAG,5
CGATCCCTACACAGTA,5
CGATCGCCCAGGATAT,5
CGATCTACGGAGGACG,5
CGATCTTAACGCAATA,5
CGATGAAGCGATAGAA,5
CGATGATACGTTAAAC,5
CGATGTGCCCCTAGCA,5
CGATGTTTATTAGACT,5
CGCACACTGTATAGCA,5
CGCACATTATACACAC,5
CGCAGGTCCTGCAATT,5
CGCATAAGATCCTGAC,5
CGCATATTTATAACAT,5
CGCCAACGATAATAAA,5
CGCGATTATTCCTTTC,5
CGCGCATGCTAGCATA,5
CGCGGAAAATTACGGA,5
CGCTACCGTAACAAAC,5
CGCTAGGCGAAGATTG,5
CGCTGGCCCTACACTC,5
CGGACTTCAACTCCAT,5
CGGAGTGAACACTCAA,5
CGGATATTATTATTAA,5
CGGGTATCTAAAATAC,5
CGGGTGTTAAAAAGAA,5
CGGTATGCTATCACAA,5
CGTAAACCCACAGATT,5
CGTAAGTGGACTGGAG,5
CGTAGTTAGCCACACA,5
CGTCATAAATGACCTT,5
CGTCCAATAAGATCTA,5
CGTCCATTAGAAGTAT,5
CGTCTACTGACACGAT,5
CGTTCTACCAGACGGA,5
CTAACGGTAACGCGTA,5
CTAACGTGCAAAAACA,5
CTAAGTTTATAAACAA,5
CTAATATCCTGGCAAG,5
CTAATGATAACAAGTT,5
CTACAGATACATTACA,5
CTACATCTACATACAA,5
CTACCCCTTTAGACTA,5
CTACGTCAACTAGCAT,5
CTACTAAGGTAGGCGC,5
CTACTGGGCCCAATGC,5
CTACTTGATCTAGTGA,5
CTAGAAATTGATGTAT,5
CTAGAGATACATCAGT,5
CTAGATAAGTGTACAA,5
CTAGATTTGATATAGC,5
CTAGCTAAAAACGACC,5
CTATAATGATGAGAGG,5
CTATAGTCATTTACCA,5
CTATATGAGATAAATC,5
CTATCAATGGGCCCAA,5
CTATGAACATAGTTAG,5
CTATGTAATGACTACA,5
CTATTACAGATTACTA,5
CTCAACTTAGGAAAAA,5
CTCAATCGTTTCCATC,5
CTCAATGTTGTCTACT,5
CTCACTCCGCGGAAAA,5
CTCAGAAGGCTAAAAA,5
CTCATGCATTTGTCAA,5
CTCATTTCTTAAGGAC,5
CTCCAACACTTAGCTC,5
CTCCATTGAGCACTCA,5
CTCCCAAAAAGTTCCA,5
CTCCTAACACCAATAC,5
CTCCTCATAGCAATGT,5
CTCTAAAGTAACCTGG,5
CTCTACCAAAATGACT,5
CTCTAGCAGTCCCAAG,5
CTCTCGATAAATTTAC,5
CTGAAACCTAGGCGGG,5
CTGAACAGCGTATTGG,5
CTGACGGTACGCGTAT,5
CTGACGTTGCGTATAC,5
CTGACTATATCAGGCA,5
CTGAGAATATACCGTT,5
CTGAGCATTAAAACGT,5
CTGATAGCAAATGCCA,5
CTGCACTGACACAACA,5
CTGCCACAAAACGTTA,5
CTGCCGCATACCCCCC,5
CTGCTTCCGGGGCTAC,5
CTGGTAAGTCCTGTGA,5
CTGTAACTGGAGATGT,5
CTGTACGACCTAGAGA,5
CTGTCCTATCTATCAA,5
CTGTCTGAGTGGCAAT,5
CTTAAAATTAGGACAA,5
CTTACGCGTCACCATT,5
CTTAGTCATTGCCCAA,5
CTTATACATGTCAATG,5
CTTATGTTCCCTATAA,5
CTTATTCTTCTTGCAG,5
CTTCAGAGAGCCAGGC,5
CTTCATTGGCCCAAAG,5
CTTCCCCATGGCTGGT,5
CTTCTAACATTCGTTT,5
CTTGCCAAAAGAAATA,5
CTTGGACCGACCATTA,5
CTTGTTGTTGGTGAAA,5
CTTTCGAAATTAACTT,5
CTTTCGATTGCGTAAC,5
CTTTTAGAACAACAAA,5
CTTTTCCCTTAAAATT,5
GAAAACAGCCACTCAA,5
GAAAAGAAATATAAGA,5
GAAAATGCAGACTTGA,5
GAAAATTGAAGTAAAA,5
GAAACAAGCACACCCC,5
GAAACAATAATCTTGA,5
GAAACAGTTACAAAAC,5
GAAAGCAAATAAATCC,5
GAAAGTGTATACCGTA,5
GAAATGACAACAGCGA,5
GAAATGTTTCAAATGG,5
GAACAAGTAATCGATC,5
GAACCAACTTTTAACA,5
GAACCAATAATATAAA,5
GAACCCAATGTTTAAA,5
GAACTCGATAGTGATT,5
GAACTTGATTAAAAAT,5
GAAGACAAATGCATTG,5
GAAGAGAAAGATTAAC,5
GAAGCAATCGTAACGT,5
GAAGCAGCAGACAAGG,5
GAAGCATCTAAAGAAA,5
GAAGGAACTCAAGCAA,5
GAAGGACATTCATGAT,5
GAAGGGCACTTGAACT,5
GAATAAAAGATAACAA,5
GAATACGATAATAACA,5
GAATCAAAACGAGTCA,5
GAATCACGCAGAACAA,5
GAATCTTCCCCGCCAA,5
GAATGGTGAAACCCGT,5
GAATTAAATCACATAC,5
GAATTAATTAAATTTT,5
GAATTAGTCAAGAGAT,5
GAATTTCTCCTAAGAA,5
GACAAAAAATAACGAC,5
GACAACCAACTTCGAT,5
GACAACTCATCGAAAA,5
GACAATAAAAACAACT,5
GACACACATTAACGGG,5
GACACTGCTTACGTTC,5
GACAGATAGCAATGTG,5
GACAGTTTCTTTATGA,5
GACATAGAACACTATT,5
GACATCACTAATCCAA,5
GACATTATTAAATCAG,5
GACCCCTTGCCACCCC,5
GACCTACCTGATCACA,5
GACGTTTTAGCTTTTA,5
GACTCGCATCACATAC,5
GACTCTGAGTCGAAAC,5
GACTGCACTACAAACT,5
GACTGTATAAATTCGA,5
GACTTGTTACAATTCA,5
GAGAAAATAATGGCTG,5
GAGAACCAAATCGAAA,5
GAGAACTCGATCGTAC,5
GAGACCCTTAATACAG,5
GAGAGTATCTCCGAAC,5
GAGATTGTTGTAACTG,5
GAGCAATGAAATAGTA,5
GAGCACCCAAAATCTC,5
GAGCTCAGACTAGGTA,5
GAGGACCGCCATTCAG,5
GAGGTTACGTTCTACC,5
GAGTAAGGTGCCTAAC,5
GAGTATAAGAACAGAA,5
GAGTCTGGTTTAGACC,5
GAGTTATAGACTTATA,5
GATAAGGCTCAAAACA,5
GATAATACCGTGCAGC,5
GATAATGCCCTTGTTA,5
GATACATCGACAGAAC,5
GATACGATGTGTTAAC,5
GATAGATTATATACTA,5
GATATAAACTTAAGCC,5
GATATTGATCTAAAAT,5
GATCATACATACAAGA,5
GATCTGGCTGAGGAAA,5
GATGACTCAATTAATT,5
GATGGAACTATTAAAA,5
GATTAACAGAACACCA,5
GATTAGTCTCTAGCAA,5
GATTCATAGGACCGAT,5
GATTGAGATATCGACC,5
GCAAACTAGTTTCACC,5
GCAAATCAGTTCGTTT,5
GCAACCTACTAATGTA,5
GCAACTATTCGTTCTT,5
GCAATTAGGGTCTCCC,5
GCACCTTAGCCGAATG,5
GCACTGAACTATCCAA,5
GCAGAATGCTAGTTCC,5
GCAGCGTGACACGATA,5
GCAGTATACCACAAGC,5
GCAGTGTTCGGGCTGA,5
GCAGTGTTTCTTGTCT,5
GCAGTTATGATAACAT,5
GCATGAGACCATGGGC,5
GCCAACGATCCACTGA,5
GCCAAGCCGACTTCGT,5
GCCACTAGACTACCAA,5
GCCAGTGATGAACATA,5
GCCATAACGTAAGGGG,5
GCCATCTTATGCAAAG,5
GCCCCCCGGCTGTTGA,5
GCCCGCACCTGAAATG,5
GCCCGTCAAAGCCTTA,5
GCCGGGATGCAATCAT,5
GCCTACTTTGACCACA,5
GCCTCTAACACGCCTA,5
GCCTCTTCCGTCCCTC,5
GCCTGCTGAAAATGAT,5
GCCTGTTAGTAGTGCA,5
GCCTTAGATAAGCCCT,5
GCCTTCGCCGGATCAA,5
GCGACATGAAACTCCA,5
GCGAGGCACTCTACAT,5
GCGAGGCTCCTTCAAC,5
GCGCAGTCCTAACTCA,5
GCGCTGCAACATTATT,5
GCGGAGACAAATCGGA,5
GCGGGAATCAGCCAAA,5
GCGGTTTCTCCTCAGT,5
GCGTAATAAAGATGAA,5
GCGTGAACATGTTTTA,5
GCGTTGAATCATGAAG,5
GCTAATATACCCGTAG,5
GCTACCATATTAGATG,5
GCTCTCAGAACAACGA,5
GCTCTTATGCACCCTT,5
GCTGATCTAGCAAATA,5
GCTGGTCTGGGAGCTT,5
GCTGTAAATGTCCTAA,5
GCTGTAATAAGGGAAC,5
GCTTAATACAAGATAC,5
GGAAAAAGCCATTCCG,5
GGAAAGCCATGACGTT,5
GGAACACAAAATCCTT,5
GGAACACTAGGTGCAA,5
GGAACCAAAAAATTAC,5
GGAAGACCGTATGCAC,5
GGACACACTTGCATCT,5
GGACACATTCACTCAT,5
GGACACGTATACTTAA,5
GGACCCATGACATATC,5
GGACCTTGGGTAGTTA,5
GGACTCACCTAACTCC,5
GGAGAAGTTATTTAAC,5
GGAGCACTTCAACACC,5
GGAGTAGGTAAAAAAA,5
GGATAATTTATTCCAA,5
GGATGATACAAAATCA,5
GGATGCCATAGCAATG,5
GGATTATGAGAAGCTG,5
GGCAAACTTCTTTTTC,5
GGCACAAGAACCTTAT,5
GGCACCGTCCACACAG,5
GGCAGAAGTCACGTAG,5
GGCATGCGCCTCAGAA,5
GGCCTTGAACCTCCCC,5
GGCGAAACCGGAGCAC,5
GGCGATCTAGTTAAGC,5
GGCGTATGGAGAAATA,5
GGCTACAAAGAGCATT,5
GGGAAGATTACCTGTT,5
GGGAAGTGGTAATACA,5
GGGAATCCCTTTTCGA,5
GGGAGGTTCTAGGAGA,5
GGGCCCTCCGTGGACG,5
GGGGCGTTCGATAGTA,5
GGGTCATTACATCATT,5
GGTATGAGAGTAATCT,5
GGTATTTAGTGCAAGG,5
GGTCAAAAAGGAGCCC,5
GGTCGACCTCGGAAGA,5
GGTCGAGACCACAACA,5
GGTCTGAAGAAATATT,5
GGTGCTTCAGAACACT,5
GGTTACCGTAAAAAGA,5
GGTTGGAGGAGTCCGT,5
GGTTTCCCGACATCTA,5
GGTTTCGTAAAGTACA,5
GTAAAGACAGTCTATA,5
GTAACAACTCAAGACT,5
GTAACTCTTGAATACC,5
GTAACTGAAAGTTAAG,5
GTAACTGTTAGTGTAG,5
GTAATGGGAACCACAA,5
GTAATTCCCATCGTAA,5
GTACACCAACTTTTTA,5
GTACGACGAAAAAAAA,5
GTACGTAATTACACAT,5
GTACTAGCAAACAGCG,5
GTACTGTGTTAAGCCG,5
GTAGAAGCATATACAG,5
GTAGAGACACGTGTGC,5
GTAGCCCTCGTACATC,5
GTATAAGCGCAAGGCA,5
GTATACACAGAACATC,5
GTATCTTACATCAATA,5
GTATGAATGCGATCAC,5
GTATGATAAACAAACG,5
GTATTATAAGTAAACT,5
GTATTCTGAGTTGACC,5
GTCAAGCAATTTGAGT,5
GTCACGAAAGTAGTCA,5
GTCATATTTACCTACC,5
GTCATCGTGAAATTAC,5
GTCCAAAATAAATCGG,5
GTCCAGCTGAACGAAA,5
GTCCCAATTTACTAAA,5
GTCCTGTTCCATTTAA,5
GTCCTTCCTCACCTCC,5
GTCGCTCGCTAGAACA,5
GTCGGACTCAATCGCC,5
GTCTAGATAATTTAAT,5
GTCTGCTTAACGCGCA,5
GTCTTAATATACAGAG,5
GTGAGGGTTTACACAA,5
GTGAGTTTAATACCCA,5
GTGCCTTAGTAAAATA,5
GTGGAAACAGTTTTAC,5
GTGGAAATTATCAAAA,5
GTGGATCACATACACA,5
GTGGGGCATTAAGAAA,5
GTGGTTTAAGCGTAAC,5
GTGGTTTAGTAACATC,5
GTGTATTTTTTACTCC,5
GTTAAATCTACAAACT,5
GTTACTTGCGAATAGA,5
GTTATCCAGAGATACT,5
GTTCACACAGCTGCAG,5
GTTCACACCAATAACC,5
GTTCCAGGCCCGAAGA,5
GTTGAATTCCGTTAGA,5
GTTGAATTGAGCAGAC,5
GTTGATATTTAGATAG,5
GTTTACAGTGCAGTCT,5
GTTTAGGCCTACGCTC,5
GTTTCAAAACGCGAGG,5
GTTTGTTATCTCGAAC,5
GTTTTAGAAAATCAAT,5
GTTTTTATATGATCAA,5
TAAAAAACACTAATAG,5
TAAAACTCGGAACAGC,5
TAAAAGCAAGTGTACA,5
TAAAATGAAACGTCGC,5
TAAAGACGGTAGGAAT,5
TAAATACCAAGAGGGT,5
TAAATGTTTAAGGCTC,5
TAAATTAACGCAAGAC,5
TAACAATTATGCTTGT,5
TAACACCCTAAAGATA,5
TAACACCTTGTCATTG,5
TAACAGCAATCTGATA,5
TAACATAAAACACTCC,5
TAACATAAACCTAACA,5
TAACATACCATGTGTT,5
TAACATACTAATTGAA,5
TAACCAATGATCTAAT,5
TAACCAATGTTAAAAA,5
TAACCCACGCAGTGCT,5
TAACCTTTCCTAATTC,5
TAACGGATTTATTGCG,5
TAACTACCATCCAAAC,5
TAACTCAATAACCTTT,5
TAACTCCCATGAGACA,5
TAAGAACAACTCCTGC,5
TAAGAGTCTCATCCTT,5
TAAGCAATCTCTTATA,5
TAAGCCGCTGACTGCA,5
TAAGCGCCAACCTCAT,5
TAAGGAATACCTAAGA,5
TAAGTAAGATCGAAGA,5
TAAGTCTAGCCTCAAC,5
TAAGTTAACGCGACAC,5
TAAGTTCACGCGTTTC,5
TAAGTTTTTGCTTTGT,5
TAATAACTTTTCAATA,5
TAATCCAAAGTTAACC,5
TAATCTCTCGAAAAAT,5
TAATGAAATAACGCCT,5
TAATGAATCAGATTCA,5
TAATGAGACCATAACT,5
TAATTACTGAAGTTTT,5
TAATTCGACTCACGGG,5
TAATTTCTATAAATTA,5
TACAACGCATTAAAAT,5
TACAATAACAGTGTTT,5
TACAATCATAACTATG,5
TACAATGGCTGCTAAA,5
TACACCTAAGATCCGT,5
TACACGTTGGCCGTAA,5
TACAGGACAATGCGGA,5
TACAGGACAGGCAGTC,5
TACATCAGTTAATCAT,5
TACATTTAACTGATAA,5
TACCCCAGATCTTAAA,5
TACCTATCAATGGCAG,5
TACCTTACTATCAAAT,5
TACGATGTTCAAAATG,5
TACGCAACATTGGTAT,5
TACGCAATGTTGTAAT,5
TACGCCCAAATCTGGG,5
TACGTCAGATTATATA,5
TACGTGAAGTAAAAAA,5
TACGTGAATGCTCAAC,5
TACTAAAGCGGCAAAC,5
TACTATACGTTTCACG,5
TACTCACTAGGAAGTT,5
TACTCCCCAGTCTTGG,5
TACTCTTCGAAAAATC,5
TACTGACGGACAGGAT,5
TACTGATAAAGCTATG,5
TAGAGAATATTATTTT,5
TAGAGAGCTTTTGGCT,5
TAGAGCCCTTCACAAA,5
TAGAGGCATAATGACC,5
TAGCAAGATATTGAAA,5
TAGCTAAAACAATATG,5
TAGGAGTATACTGGAG,5
TAGGCTCCGACACATA,5
TAGGTGTACGCCTCCT,5
TAGGTTGACGAGATGA,5
TAGTACTACTTTCAGC,5
TATAACCCTGTTGAAG,5
TATAAGCTCGAGATGG,5
TATAAGCTCGATTATT,5
TATAATCTCTCACGGA,5
TATACAGAGCAATGAA,5
TATACAGCCCCAAAAT,5
TATACGATTTCAACAA,5
TATAGGCTTCGAGGAA,5
TATAGTGGACACAGGC,5
TATAGTTAATTAACAA,5
TATATTGAATGGGGGG,5
TATCAATAACTATAAA,5
TATCAATTATTCCGCA,5
TATCCTACTCCTTCGC,5
TATCCTTTGAAGTACA,5
TATCTACAGGAAGATC,5
TATCTTTAAAAACGCA,5
TATGCGAGAAACCGGA,5
TATTAACAAATTCATG,5
TATTACTGCTAACGTT,5
TATTAGCACCTCGCAT,5
TATTATTCCGAACTCG,5
TATTATTGACCCCAGT,5
TATTCATAAAAGCTTC,5
TATTGTCTCGAAAATT,5
TATTTCAATGTGTTAC,5
TATTTCGCAAGAGTAA,5
TATTTCTGCAAAGCCG,5
TATTTGTCGGACATTT,5
TCAAAACTAATGCACT,5
TCAAAACTTCGTAATT,5
TCAAACGGGCTGTACT,5
TCAAAGGGCGAATTAC,5
TCAAAGTACTCGTAAA,5
TCAACACTTGTCTATT,5
TCAACATCTCCTTTGA,5
TCAACGCTAAAAGAAC,5
TCAAGAGCGTAGCACA,5
TCAAGATAGAAGTAAT,5
TCAAGGAGCCTATTAC,5
TCAAGTTAAAAAAAGA,5
TCAATCTACGAGGACT,5
TCACAGCTGCGTCTAC,5
TCACTGAATTATAATG,5
TCAGATGAGAATGGAT,5
TCAGGCACGTAACCTT,5
TCAGTAACCGTTCCAC,5
TCATAAAACACATCCT,5
TCATGAATCTAGATTG,5
TCATGCATGCAAAATA,5
TCCAAAACGAACCCAT,5
TCCAAAATAATCCAAA,5
TCCAACGGCTTACGAC,5
TCCAATGACTACACTC,5
TCCAATGTGCACAATT,5
TCCACACAACCACAAA,5
TCCACCCATCTCCACG,5
TCCATGAACACCATAG,5
TCCCAAACCGGCTTTG,5
TCCCCACAAGCCTAGG,5
TCCCCATGTACTGGAC,5
TCCCCTAAACTAAAAG,5
TCCCGCAGCGTCGCCG,5
TCCCTAGTCCCACTGT,5
TCCGTGAAATGACATA,5
TCCTATGAATGCCAAT,5
TCCTTCCTGGTGTCTA,5
TCCTTCTGAGACGTAA,5
TCGAACGTAGTCTTAT,5
TCGACACCTCCAGAAA,5
TCGACTAAGTCCCGTT,5
TCGAGCCAGTATTGCT,5
TCGATACTCAATCGAG,5
TCGCAATATAACTTAT,5
TCGCAGAATCCCCAAA,5
TCGCCACTCAACGAGA,5
TCGCCCTAACCATATC,5
TCGCGTGAATCAATAA,5
TCGGAATATCCACAAA,5
TCGTACATGTCCATTA,5
TCGTAGCTTTGATCCA,5
TCGTAGTGGTAGTCTA,5
TCGTATAATTATATGC,5
TCTAACACATGGACAA,5
TCTAATTTAAACGACT,5
TCTAATTTATATATGG,5
TCTACAAAAGGGTTAA,5
TCTATAAAATTGTCAG,5
TCTCACAACACCGACC,5
TCTCAGCTCAAATCGC,5
TCTCGGCAAAAGGCTC,5
TCTCTCGTCCATTAAG,5
TCTCTTATATTGTAAC,5
TCTCTTCACCAATCGG,5
TCTGACTACAATAGCT,5
TCTGCCGGAGTCATGC,5
TCTGGTCATGATACTT,5
TCTTAACAGAATTGAT,5
TCTTATTGCTGTTAAA,5
TCTTCCCAATGATATT,5
TCTTGGAACAGTTGAA,5
TCTTTGGGCTCTGAAG,5
TGAAATCGTCATAGTC,5
TGAAATTACTTACCGG,5
TGAACCAGATAACAAT,5
TGACAACTCCTAAAAA,5
TGACGGGGTACGTACA,5
TGAGCGAATTGTATTA,5
TGAGGCGAATACAATG,5
TGATAGAGACATCATA,5
TGATCCAAGGAAAAGC,5
TGATCTTCAATACTAA,5
TGATGAGCTATGCAAA,5
TGATGCGCACGAACCC,5
TGATTACTTCGCATAG,5
TGATTGGAGCTTAACT,5
TGCAATTAGGTGTTCA,5
TGCACGTTACAAAACA,5
TGCACTCACGGAATAA,5
TGCCATCAGACACTAT,5
TGCCCCTCCAGGCCTC,5
TGCCCTTTCGTTTACA,5
TGCCCTTTGGAGCTGC,5
TGCGCTAGACCCGGAA,5
TGCTGTTTAAGCCCAA,5
TGCTTGTTTATAAAAG,5
TGCTTGTTTCGACCTT,5
TGGCAACTAAAAGAAG,5
TGGCATTTGAAGTCAC,5
TGGCCCCAGTTGCGAT,5
TGGGAAACCTGTACCT,5
TGGGTGAGCTCCTACC,5
TGGTTTTGCGATGAAT,5
TGTACCCGTACGAACG,5
TGTAGCAAAATGATCG,5
TGTCACCTTCAAGTAC,5
TGTCATGGGGGCGTTG,5
TGTCCAATGATGAAGG,5
TGTCCATCAGAATAAT,5
TGTCCCACCATACTAC,5
TGTGAACCTGAAACCT,5
TGTGAATATTCATCTT,5
TGTGATCCGTAGAAGG,5
TGTGCGAACACAGTAA,5
TGTTACATGAAAAACT,5
TGTTTAACTAAAATTT,5
TGTTTAGTCGATATCC,5
TGTTTTCAAATATTCC,5
TGTTTTTATACCCCTG,5
TTAAAATAATATAAAA,5
TTAAACGACAATAGAT,5
TTAAACTATTCCAATA,5
TTAAACTGCAGGCATG,5
TTAACAACATAGAACA,5
TTAACAACCTGCAGAT,5
TTAACAAGATTAATAA,5
TTAACAAGGCTACGAC,5
TTAACAGCAATTCGTG,5
TTAACCAATATTAAAT,5
TTAAGCAAGTCCATAT,5
TTAAGGAAGACAACTA,5
TTAATAAGTTTAACAT,5
TTAATACTGGCAGGTG,5
TTAATGCGAAATTATT,5
TTAATGGCAACAAAAT,5
TTACACATTGATTTAT,5
TTACACTTGATACTAG,5
TTACAGAAATCACTGC,5
TTACAGTTTAAATCCG,5
TTACCCCAGTCATACT,5
TTACCGGAATATCAAA,5
TTACTGAAGGATGGAA,5
TTACTTACATAAGAGA,5
TTAGAATGGATTAAGA,5
TTAGACTCTAATATTC,5
TTAGATCCCGAGATTA,5
TTAGATTCTTCCTTCA,5
TTAGGACGTACAGTAG,5
TTATAGTCAAAGAAAT,5
TTATCCCAGACAAAAA,5
TTATCGATATAATTAA,5
TTATGGTATTACGCCT,5
TTATTAAATCACAGGG,5
TTATTACTCCATTTGC,5
TTATTTCTGATAAGAT,5
TTCAAATTAATAACAG,5
TTCAATGGTAACGGTA,5
TTCACAGCAACGGGTG,5
TTCATACCGAAGCTAG,5
TTCATATGATCCCTGA,5
TTCATCTTGCCTCCAG,5
TTCATGATCAGCCCAA,5
TTCATGGTTTCTATAA,5
TTCATTGAGTAAGTGA,5
TTCCAAAAATGCAATT,5
TTCCACCAAACGGCTA,5
TTCGAAACCAAATACA,5
TTCGAATGGAAGTAAA,5
TTCGATGGAAACTGGA,5
TTCTAAGATTTACGTC,5
TTCTGGCTCAAGAATA,5
TTCTTTTCCATTTAGA,5
TTGAAAATGGGCGTGT,5
TTGAAACCTACATGGT,5
TTGAAACGTGACTAGC,5
TTGAAAGTATCTGCAA,5
TTGACAAGGCACCGCC,5
TTGACTCGTATGGATC,5
TTGAGAGTCTGAGACA,5
TTGATCAAATAGAACT,5
TTGATTCTACTGACAA,5
TTGCAAAATGAATCGT,5
TTGCAACCGTATATAG,5
TTGCAATTGATTGCTA,5
TTGCTACCGTGTCCAC,5
TTGCTGTTAGGTCACA,5
TTGGCGTGACTATCAA,5
TTGGGACTCTCACAAC,5
TTGGTAGGATCATCCC,5
TTGGTGTCCGAAACGT,5
TTGTAACGAAGAACAC,5
TTGTCTTTCAAGACCA,5
TTGTTGCATTCACCCT,5
TTTAACAAGTTAGATC,5
TTTACCTTAGTATAAT,5
TTTATACAATCCCCAG,5
TTTATTCCGAAACGCG,5
TTTCAAATCGGCTCAC,5
TTTCCACCGAAAAAAC,5
TTTCCCTAGCGAGGAC,5
TTTCCGAACTTCTTTG,5
TTTCGGCGAGTGGGGA,5
TTTCTAAGATCGAAGT,5
TTTGAAGAGAAACACA,5
TTTGATAGAATACTAT,5
TTTGCCTTCAGTGCCC,5
TTTGTACAAATGCCGC,5
TTTTAGGAAGATCTTA,5
TTTTGTATTGGCTCCA,5
AAAAAAAACATAAACA,4
AAAAAATGCCACGACA,4
AAAAACCTTTTGATAA,4
AAAAAGATAAACCGCA,4
AAAAAGCAGCTTTATA,4
AAAAAGGATTCAGATA,4
AAAAATAAGTCTGCGG,4
AAAAATATACTGAAAA,4
AAAAATCACTCTAGAG,4
AAAACAACCTGTCCAG,4
AAAACACAAGAACGCC,4
AAAACCCTAAAATGTT,4
AAAACGTCGCTATTAA,4
AAAAGAAATGGCAAGC,4
AAAAGAGGCAAGACTT,4
AAAAGATAATTATCAC,4
AAAAGCAGTCAACAAA,4
AAAAGTAATTAGTAGC,4
AAAAGTTATTCTTAGA,4
AAAATACATTGTTCCA,4
AAAATACCAGAAAAAT,4
AAAATACTAGCCTAGA,4
AAAATATTAGCACCGC,4
AAAATCATTACCGTCC,4
AAAATTGATCAGTATG,4
AAAATTTGTATTCAAT,4
AAACAAATTGACTCTT,4
AAACAAGGATACCAAA,4
AAACACCTTACAATCT,4
AAACCATCAGGTGGTA,4
AAACGCAGAATCTGGC,4
AAACGGACGTGGGAAT,4
AAACTACTAATCCCCC,4
AAACTGGCCACATAAC,4
AAAGAAAAAACTGAAT,4
AAAGAAGACCATCCTC,4
AAAGACGTCATCGAAT,4
AAAGCAAATGCGGCAA,4
AAAGCGCCTCCGATAC,4
AAAGCTTTTCACCACG,4
AAAGGGGGTAACTTTC,4
AAAGGTTCGCTCCGCC,4
AAAGTATGCCTGCCAG,4
AAAGTTCATTAGGTCA,4
AAAGTTTAACACACAC,4
AAATATCGTAGCCTAC,4
AAATCTAAATGGCGAT,4
AAATCTACACATACCG,4
AAATGACCTGATATAC,4
AAATGAGCGGTCACAT,4
AAATGCATGCCTTGCA,4
AAATGGAATGACTGAC,4
AAATTCCAGGGTATCC,4
AAATTGAAAGGATTGC,4
AACAAAATTGATAGAT,4
AACAAAGCATCCAATA,4
AACAAATCAAACGGGG,4
AACAAATCAAAGAATA,4
AACAAATGACATTCAA,4
AACAACACGTATGCGA,4
AACAATAAACGTGGTA,4
AACAATATAAATGGCA,4
AACAATTCGCTCAATC,4
AACACTCAATCGATCT,4
AACAGAAAACATCGCA,4
AACAGAGGGCCTACGC,4
AACAGCTTTGAGAGAG,4
AACAGGATAATGAAAA,4
AACAGTATAATACATT,4
AACATACATTAAGACC,4
AACATCATGGAATACG,4
AACATCGGTGCAAAGG,4
AACATGCCACGCCATA,4
AACCAACATAGACGGA,4
AACCAATAGAAGTATT,4
AACCATCACACACCGG,4
AACCATCGTATCACCC,4
AACCATGAGTACTATC,4
AACCCACAAACCTCTA,4
AACCCGGCTTCTTGCA,4
AACCGAAAGATGCTAG,4
AACCGCATGCAAATCA,4
AACCTAGTAGATCAAA,4
AACCTGCGGATGATAT,4
AACCTTTAATAGCCCG,4
AACGAACTAGACAAAA,4
AACGATGAACGAATAG,4
AACGCTTGAACAAATC,4
AACGGCTCTTCAGAAG,4
AACGGGAATGGCAGCT,4
AACGGGCTAGAACATT,4
AACGTAACGCGTATTA,4
AACGTACTGGGCTTGT,4
AACGTAGCGAGCAGGT,4
AACTACTGGTATAAAA,4
AACTACTTGGTCAAGC,4
AACTATAAAGTGGCCA,4
AACTCACCACAAATAC,4
AACTCGATTAAACAAG,4
AACTGGTGTCCCGGAT,4
AACTGTAGTAGAAATA,4
AACTTAACCAATTTAT,4
AACTTACTTAGACCAT,4
AACTTCGACGGACTGG,4
AACTTCGCATCGATTA,4
AACTTTACAGACAGCG,4
AACTTTCACCCACCAT,4
AACTTTTAGGAACGTT,4
AAGAAAAGATGAAGAC,4
AAGAAAGCTTAATTCT,4
AAGAAATTATAAGACT,4
AAGAACCACTACGCAG,4
AAGAACTCAATTATTT,4
AAGAATTAATAAAGCA,4
AAGACACTAACTGAAG,4
AAGACATTCGACCCCA,4
AAGACTCCAAAATAGA,4
AAGAGTGATACCACAT,4
AAGATAACCATAACTG,4
AAGATAATGTTAACAA,4
AAGATCACACAACTTA,4
AAGATCCAATATTGGA,4
AAGCAAAATTATGTCA,4
AAGCAAGGCACCGGAA,4
AAGCACCAATGTTCAG,4
AAGCACGTGTTCTGAC,4
AAGCATTAGAACCAAC,4
AAGCCATAATAGAATG,4
AAGCCCTCTCAGACCA,4
AAGCCTTCAAACATGA,4
AAGCGTATCACTGGCA,4
AAGCTTATGGAGTAGC,4
AAGCTTCCTTAGAAAA,4
AAGGACAAATTACAAG,4
AAGGCCTCCACTTGAC,4
AAGGTGATTCGACCCC,4
AAGTAAAATTGTAAAA,4
AAGTACACATACCGCA,4
AAGTACAGAGGTAACA,4
AAGTACATGTATTTTA,4
AAGTATTAAGAAGGTT,4
AAGTCCATGAGGAGAA,4
AAGTCCCACTCAGTAA,4
AAGTCTTGAGATATTC,4
AAGTGCTTCAGGAAAC,4
AAGTGGAAACGGCTCC,4
AAGTGGAAATAAAAGC,4
AAGTTAAAATTCGCAC,4
AAGTTAACACTTTGAA,4
AAGTTAACATATAAAG,4
AAGTTCCCTATCGAGA,4
AAGTTGGATATAGGAG,4
AAGTTTAAGATGTGAA,4
AATAAAAAAAGATTGA,4
AATAAAACAAGGTCTC,4
AATAAATAACCAAATG,4
AATAAGAACGAGGTAC,4
AATAAGGGTACCGCCA,4
AATAATCTCCAAAGAA,4
AATAATGTATGGAAGG,4
AATACAAGAGTCTAAA,4
AATACACCCAGACATC,4
AATACATGTTGGACGA,4
AATACCCAATGCTGTG,4
AATACGATAAAAAGTA,4
AATACGCTAGTTCCAA,4
AATACTAAATACGCCA,4
AATAGAACAGTTGTGC,4
AATAGCCGAAAGCCTG,4
AATATATGAGCGACAA,4
AATATCCCTGCTATAT,4
AATATCCTATCTCTCG,4
AATATGCCCCGAAACC,4
AATATTAACCCCAGTT,4
AATATTAACTAGAGTC,4
AATCAGCCATCATGCA,4
AATCATAACCATTTTA,4
AATCATGATGAGAGGC,4
AATCATTTCTATACTC,4
AATCCACTATTTACCT,4
AATCCAGGGGCCCTTA,4
AATCCAGTATCAACGC,4
AATCCGTACATCATCC,4
AATCGAAAAAATATAG,4
AATCGACGTACAAGAA,4
AATCTAAGTCACATAC,4
AATCTAATAAACTTAC,4
AATCTAGCAAGTTAGA,4
AATCTATAAATCAGAA,4
AATCTATTGAGGAATT,4
AATCTGAATTGCCATG,4
AATCTGACACCTAATT,4
AATCTTACAAAATAAT,4
AATGAACGTATACACG,4
AATGAAGAAAAGCCTC,4
AATGAATTTAGCAATC,4
AATGACAATAAATCCC,4
AATGCATTGAATAGTC,4
AATGCCATGCATTCCA,4
AATGCCGTATACTAGA,4
AATGCTAATTACAAGC,4
AATGCTTGAACAGACA,4
AATGGAACTAACCCTT,4
AATGGAAGCACGCGTA,4
AATGGGAATTTCGACG,4
AATGTACTGGTAAGTT,4
AATGTCTAGATCCATT,4
AATGTGCATCCGACGT,4
AATGTTAACAACCTTT,4
AATGTTATGACATGAG,4
AATTAGCGAACAACTA,4
AATTAGGACGGCTATG,4
AATTATATGTAACTTA,4
AATTATCATCTTCCAC,4
AATTCAGACTTTTATC,4
AATTCCGGAGCGCAAC,4
AATTCGTACCAAATGA,4
AATTGAACCCCAGCCT,4
AATTGACTCCACAGTT,4
AATTGACTGAATTTCA,4
AATTGATTTACTATCG,4
AATTGTATTTGGAATG,4
AATTTGCCGGTTCCCG,4
AATTTTATCTTAGTGA,4
ACAAAGACGCAGTGCC,4
ACAAAGCGTAGGAGTC,4
ACAAAGGATTAACATG,4
ACAAATAAATCAAACA,4
ACAAATCGTGAGTATC,4
ACAAATTTTGAATAAG,4
ACAACACGATGATACA,4
ACAACGTCGATACTTC,4
ACAAGGAATTACACAT,4
ACAAGGAGTCAATAAA,4
ACAAGTACATGCCGAT,4
ACAATACCTCGCAACC,4
ACAATACGCATCGACG,4
ACAATAGAGACTTACG,4
ACAATTGCGGAATTTG,4
ACAATTTAGTAATGTC,4
ACACAAGTCACAGCAG,4
ACACACACTTGTGTCG,4
ACACACATGTTCCGGA,4
ACACACTCCTCGTACC,4
ACACAGAAGACACAGC,4
ACACAGTACCTCACTC,4
ACACATGAACACTAAA,4
ACACATGGCGGCCTGA,4
ACACCAAGCAAACACA,4
ACACCCAAAGCCCCGA,4
ACACGTTCACCAACTC,4
ACACTAATACCTTGAA,4
ACAGAAACTGAATAAT,4
ACAGAATGAAGAAAGT,4
ACAGAGATGACGGGGA,4
ACAGAGGCAATCTGAC,4
ACAGAGTCATAAACAT,4
ACAGATTATCCCTTTG,4
ACAGATTCAACAAAAC,4
ACAGCACATAGGCATC,4
ACAGCAGGAACACACC,4
ACAGCCAAAGTTGAAC,4
ACAGCGACTTATCACT,4
ACAGGAGACGTTGCGA,4
ACAGGGCTTGACATCC,4
ACAGTGTGAATTAAAA,4
ACAGTTCAGGAGTCAC,4
ACATAACGAACAAGAC,4
ACATAATCCTGTATAC,4
ACATACAACATATCTA,4
ACATACGTTGATATAT,4
ACATAGAAAAAAGACA,4
ACATAGCACTAGGAGT,4
ACATCATCGCCCCAGG,4
ACATCCCGTACTGTGG,4
ACATCGAATATATACA,4
ACATCGTTCTGACTAT,4
ACATCTACGCTCCCAC,4
ACATCTCGGGGAAAAA,4
ACATGCCTGCTTCCTC,4
ACATGCTTTGAAAAGC,4
ACATTAGCACCCCGTA,4
ACATTAGTAACCCTAC,4
ACATTATTTTATAACT,4
ACATTCGACCTTAAGA,4
ACATTTGTGCTTACCC,4
ACCAAAGGCATGATAC,4
ACCAAATTCATTAGTG,4
ACCAACCTCAAAGTTT,4
ACCAAGAACTCTGGAA,4
ACCAAGATTCCTCAAC,4
ACCAATATCCAGCAAG,4
ACCACTAAGTTAACGA,4
ACCAGACCCGTACCGA,4
ACCAGACGCTATTTGA,4
ACCAGAGACAATTATT,4
ACCAGCTGATTAACGA,4
ACCATTCACCTTAAAT,4
ACCCACTACAGTCCTA,4
ACCCACTGTCGGACCA,4
ACCCAGCAACACGAAA,4
ACCCATCAAGGCGGAA,4
ACCCCACCAGATGTAT,4
ACCCCGACAATCCGTC,4
ACCCCGACCCATATCA,4
ACCCGAATACACGCCA,4
ACCCTAGATAACAGAT,4
ACCCTATAGCTATGAC,4
ACCCTGCATCTTTCGG,4
ACCGAAATCTTTAGTA,4
ACCGAATTGAGCCTCA,4
ACCGCTTGAAATGACC,4
ACCGGCCTATCGAAAC,4
ACCTACAAACGCAATT,4
ACCTAGTAAATAAAGA,4
ACCTCAACCTGGGATG,4
ACCTGAACATCCCGTT,4
ACCTGAGTGAGGTAAC,4
ACCTGATAATCTCTTA,4
ACCTGGATGGGATCGA,4
ACCTTCAACACAGTTC,4
ACGAAACCCACAAGAT,4
ACGAACCATAGCAACC,4
ACGACATTGACAAGAG,4
ACGACCAACTCTACAG,4
ACGACTAAATCCGCAA,4
ACGAGATGCGCGTCTT,4
ACGATATTATAAAACA,4
ACGATCAGGAAGGGCC,4
ACGATCCCTGTCCTCA,4
ACGATCTTGTGAAAAC,4
ACGATGAACAAAAACC,4
ACGATTGGTAAGACTT,4
ACGATTTACCTGCCCC,4
ACGCATATCAGAAAAG,4
ACGCATCCAATAAACA,4
ACGCCATCATAAGTGA,4
ACGCCCCAGCGTCCCT,4
ACGCCTACTACGTATT,4
ACGCGAGTTTGAAGGA,4
ACGCGCGAACATTCAA,4
ACGCTGCTCAACCGCA,4
ACGGGACATGGGGAAC,4
ACGGTAATCCTTAAGA,4
ACGTAGAAACCAATCG,4
ACGTATCTCCATATAC,4
ACGTGAGAGTACGGCG,4
ACGTTAAATCTGTCCT,4
ACGTTGCGAATTCTTC,4
ACTAACCATAGCTCCA,4
ACTAATGGCCCATTGG,4
ACTACAACACTGATTC,4
ACTACAATGAACAGAT,4
ACTACCACCCTAACAA,4
ACTACCACTAATCAAT,4
ACTACGCAAAGCACAA,4
ACTACTAAAGCTACAA,4
ACTACTATGCACAGTA,4
ACTACTTCTCAATCAA,4
ACTAGAATCAATTGCT,4
ACTAGACAATCGGTGA,4
ACTAGGGCTCGGGTTG,4
ACTAGGGTCTTCCCAC,4
ACTATAAATAAGACAG,4
ACTATATATGGTGGTC,4
ACTCAAAACAGACAAA,4
ACTCAAAGATTCGGAT,4
ACTCAACATTTAAGGT,4
ACTCAATATAAGTCCA,4
ACTCACAAGATGTGAC,4
ACTCAGTGGGTTAAAC,4
ACTCAGTTCCGGTGTG,4
ACTCATAATAGAGCTA,4
ACTCCCGATAACCCTC,4
ACTCCGACCGCACCAA,4
ACTCGTCCAAACGCGG,4
ACTCTAAAAATTAGGC,4
ACTCTGTACATTTCAC,4
ACTGAGCGTATCCCGA,4
ACTGGCAGAACCTTAG,4
ACTGGCTTTCACATTG,4
ACTGTATTTTTTTTGA,4
ACTGTGAAAGAACTAA,4
ACTGTGGCTCGCCACC,4
ACTTACGGGTAGCAGA,4
ACTTACTATGACGCCG,4
ACTTAGCACCGAAATA,4
ACTTAGTTCAGTCCAA,4
ACTTATTTTCGAGAAA,4
ACTTCCGTATCAATCA,4
ACTTTATCTTAACCTC,4
ACTTTTACAAACTCTC,4
AGAAAAAATGGCCTCT,4
AGAAAATACAGTTCGA,4
AGAAAATTTACGCATT,4
AGAAACACTTCGTAAA,4
AGAAACTCAATGACAG,4
AGAAACTTGTGGCCCG,4
AGAAATAAAACCTGAT,4
AGAAATAGACAAAACA,4
AGAACTAAAGTCGTCG,4
AGAACTACAATTATTC,4
AGAACTATACTTTCAT,4
AGAACTGAATGCACAA,4
AGAAGGTCTAAGTGGC,4
AGAAGGTGACCTACCC,4
AGAAGTCGGGATCATT,4
AGAAGTTTCAGAATGT,4
AGAATATGGTAGTTCA,4
AGAATGTGGTGATTGA,4
AGAATTATGGGGTCCC,4
AGAATTTTGAGCGTAC,4
AGACAAAAACCAGCAG,4
AGACAACACCGAAGGC,4
AGACAATATAGATGGG,4
AGACACTAAATACTGA,4
AGACATAGTAGGCTCC,4
AGACCCAAAACAGAAG,4
AGACCCATACAGGCCG,4
AGACCCTCAGCACTTT,4
AGACCTATGATAAATC,4
AGACGATACCCCACTA,4
AGACGCAATTTGTATC,4
AGACTTTAGGTGCTAT,4
AGAGACTACCTAACTC,4
AGAGCATCTTTACCAC,4
AGAGTCACAGTACATT,4
AGAGTCTAATTCGATA,4
AGATAAAACCCAAACA,4
AGATAACACATCTTTG,4
AGATACATAAATAAAA,4
AGATACGACAGACTTT,4
AGATATCCGGTCACGG,4
AGATCTCATATAATCA,4
AGATGAATAAAGTTGC,4
AGATGACCCATTCAAA,4
AGATGATTAATAAACG,4
AGATGTATGCTAATAA,4
AGATGTCAGACCAATA,4
AGATTATTGGGCAAAT,4
AGATTCAGAGGCGTAT,4
AGATTCAGTAAGTGAA,4
AGCAACTGGACGCGGA,4
AGCAAGACTTGAGACG,4
AGCAATACAACATTCA,4
AGCACACTGACAAATG,4
AGCACATAAGGTCTCC,4
AGCAGCAAAGAAAACT,4
AGCAGGCGATCTCATT,4
AGCAGGGCGAAAACAC,4
AGCAGTGACCATGGAC,4
AGCATAGGATGTCCAT,4
AGCATCAGGTGTTTCA,4
AGCATCGGCCTTGGAA,4
AGCATGTATCAAGGAA,4
AGCATTTGAGTACAAA,4
AGCCAAAGAAAACCTT,4
AGCCAAATTCTAGCAA,4
AGCCACTCTCCAAGAT,4
AGCCAGTTTATCACCA,4
AGCCCAACGAGGAACT,4
AGCCCGTTACTTTGCC,4
AGCCTATTGAAGTTTA,4
AGCGCAAAGTGCTATT,4
AGCGCGATTTACCCAC,4
AGCGCTCATACACTCC,4
AGCGCTGATATGATCA,4
AGCGGTGAAATTCCTA,4
AGCGGTTTCCGTTTCA,4
AGCTATGAATAATTGT,4
AGCTCATGACGCAACA,4
AGCTCCTACCCTGTAA,4
AGCTCGTCAACTACCT,4
AGCTGAAGCGCAAACA,4
AGCTGTGAGTAAGCCT,4
AGCTTTAAAGAGTGTA,4
AGCTTTATTCAACTGG,4
AGGAAACAAATTGTCG,4
AGGAACGAATGATGTG,4
AGGAACTAAATAAACC,4
AGGAATACCGCTATAG,4
AGGACATAAAAACAAC,4
AGGACATGCTGATTAA,4
AGGACCACCTGCATCA,4
AGGAGAAGTGAGATGA,4
AGGATAGTCCAACTTA,4
AGGATCACCGCAATGC,4
AGGATCTTGCTGAAAA,4
AGGCAAAACACAACTC,4
AGGCAACAGCCTTTGC,4
AGGCAAGCGAATCCAG,4
AGGCCAAATTTTACAC,4
AGGCCCTACTGGAGCG,4
AGGCTCCTAGCAGGAA,4
AGGCTTAACTAACTTG,4
AGGGACTATATCGCTA,4
AGGGCGATACGGAATA,4
AGGGCTACAAGTTTAC,4
AGGGGGCATGTGGTTT,4
AGGTAACTGTAAAATA,4
AGGTAGCACGAAAAAA,4
AGGTCTAAATGCCCCT,4
AGTACCCACTATCATA,4
AGTAGAAATAGAGAGT,4
AGTAGCTCGACGACCA,4
AGTATAAGACAGTACC,4
AGTCAACAGATCTCTC,4
AGTCACCAATAAAGCG,4
AGTCAGTTATAATCTA,4
AGTCTCGGTATCACTT,4
AGTCTGGCTATGGACA,4
AGTCTTGCTTAAGCAC,4
AGTGAATGTAGAGTGA,4
AGTGCAGACACGTTAG,4
AGTGCCCATAAGCAAT,4
AGTGTATATACTGTCC,4
AGTTAAAACATGTGAG,4
AGTTAGCCCCACTAGA,4
AGTTATGCAGAACTCA,4
AGTTGACAAAAAGTTA,4
AGTTGACGTCGTCCTC,4
AGTTGCTAGCTTTAAC,4
AGTTTCATAGAATTAT,4
ATAAAACACATTACCA,4
ATAAAATATCCTTCTC,4
ATAAAATGTTATTGTC,4
ATAACACATTTCGGTC,4
ATAACATACCTGTATA,4
ATAACCGTTCATGCTT,4
ATAACCTATTCATCTC,4
ATAACTAATCCTCAGA,4
ATAACTGCCAAGCTTT,4
ATAACTGGATCACCAA,4
ATAAGAATCCAACTGG,4
ATAAGGACAATCTGCA,4
ATAATACGACAAGGAA,4
ATAATGTTACTTTGCC,4
ATAATTTTCGACAAAT,4
ATACAAAAGAAATACC,4
ATACAATCTGCAGGAA,4
ATACAATTAAATTACA,4
ATACATTCATTTTCAT,4
ATACCAAGAAAAGTTC,4
ATACCAATAGCTCTCC,4
ATACCGTAACGGGTAT,4
ATACCTATATTTCCAA,4
ATACGTAAGTGGAATG,4
ATACGTTCTCATCTTG,4
ATACTACCTCTCCCAA,4
ATACTTAAATAATATA,4
ATAGAGCCTAAAAACC,4
ATAGCATCACACAAGG,4
ATAGCATTCACAGGAC,4
ATAGCTTAATAATATT,4
ATAGCTTCGAATCAAT,4
ATAGGTAAATCAAGTC,4
ATAGTCACACAGCTTA,4
ATAGTCAGTGACGATC,4
ATAGTCTCATCACTAG,4
ATATAAAAAGTACAAT,4
ATATAACGATATCTTA,4
ATATACATGCTGCCTA,4
ATATACCAACAGTCCC,4
ATATACTAAACCCAGA,4
ATATAGCAAGCATAAC,4
ATATATACCAGTAAAG,4
ATATCAGCGACATCCT,4
ATATCGGCATTGCTTT,4
ATATCGTATCGAATGG,4
ATATGACAACATATAA,4
ATATGAGCGCATCCCT,4
ATATGAGTTAGAGCTT,4
ATATGCCAAGCTAGAT,4
ATATGGGGTACCTTTG,4
ATATGTGGTAGTACAA,4
ATATTAGCCACTCAAG,4
ATCAAAAAAATCATGT,4
ATCAAATGCGGTAACC,4
ATCAACCACTAATTAT,4
ATCAACTACAAAATAA,4
ATCACAGTCGCAGCAC,4
ATCACATCTAGTTAGC,4
ATCACCATACAATCCA,4
ATCAGAACTTAATTGT,4
ATCAGCAACAAAATCA,4
ATCAGTTGCTACATAA,4
ATCATATTAGTCAACT,4
ATCATTTAGAACCAGA,4
ATCCAATATTTAGATC,4
ATCCAGACGCTATATG,4
ATCCATAGAAATCAGA,4
ATCCATCTTGATAAAA,4
ATCCCAACTCTTTCGA,4
ATCCCACCATAGTATA,4
ATCCCCCACTGCAGTA,4
ATCCGAGTATCCAGAC,4
ATCCGATCCGTCTAGC,4
ATCCTAGACTCGGATA,4
ATCCTCCATAAAGACA,4
ATCCTCGCCTTAGAAT,4
ATCCTCTCGAAAGAAT,4
ATCCTTAATGTATACA,4
ATCCTTTCTATGCGGC,4
ATCGAACATAAATTAT,4
ATCGCACACTCTTCAA,4
ATCGCCTTAGTCGATG,4
ATCGGATAATGCAAAG,4
ATCGTATATTTATTGT,4
ATCGTCTTCCCTGTAT,4
ATCTAAACTTACCTCG,4
ATCTAAAGTAAACATT,4
ATCTCAACAGTATTTT,4
ATCTCACCAGCAGCAG,4
ATCTCGAGAATATCAA,4
ATCTCGATCGGATCCC,4
ATCTCTGACCGCCCGG,4
ATCTGAACAGCCCGAA,4
ATCTGAACATAGCCAA,4
ATCTGTGATCTAAATC,4
ATCTGTTAACTATACG,4
ATCTTATACTTCAATG,4
ATGAAATGCTCTACAC,4
ATGACAGGCTGGTCCA,4
ATGACTGAGCCTCCTT,4
ATGAGACCATATAACC,4
ATGATCATTACAATAA,4
ATGATTCTTACATCTA,4
ATGATTGAATAATACA,4
ATGCAAGCCTTCTAAC,4
ATGCAAGCGTATCAAG,4
ATGCACAAAGATCAAC,4
ATGCAGCAATGAATGA,4
ATGCGATTCCCCTCGA,4
ATGCTACGATTGTACT,4
ATGCTAGACAAAGTTA,4
ATGGACCATTAGCCAA,4
ATGGAGATTTAAAATA,4
ATGGAGCTAGCGAGAT,4
ATGGGCTTTGACTGAA,4
ATGGGGCAACAGAAAA,4
ATGGTAACGCGACATA,4
ATGGTCGCTAGGACAT,4
ATGGTCTCATTTAATT,4
ATGTACCAGCACAATA,4
ATGTATTTGAGGATTT,4
ATGTGATCTCGAAGGC,4
ATGTTACGCAATTTCA,4
ATGTTTACGGGCAAAG,4
ATTAAGCAAAGTTAAC,4
ATTAATCCATGCGAAA,4
ATTACGCATATACACA,4
ATTACGCGAAAGACAA,4
ATTACTAGTATATAAG,4
ATTACTCCCAATAGAA,4
ATTACTGGAGCAACCA,4
ATTAGCATGATGACTC,4
ATTAGGCAATTTAACA,4
ATTAGTGTTAGACCCG,4
ATTATCCCTAGATAAA,4
ATTCAAAGCAGTAGCA,4
ATTCAGAGCTAATTTA,4
ATTCCATATCAATGTC,4
ATTCCGGAGGAAATAA,4
ATTCCTTAACACCGGC,4
ATTCGCTCGAACCGGA,4
ATTCTGATTTCGTTAA,4
ATTCTGCTAGAAGGCA,4
ATTCTTCCACATCAAT,4
ATTGAAAAATAATTGA,4
ATTGATCTTAGAGACC,4
ATTGCCACTATACTAA,4
ATTGCTTACTGTCCCC,4
ATTGGCAGTGACGACA,4
ATTGTACCCCCATCTG,4
ATTGTCACATACGATA,4
ATTTACAAAGTTAAAG,4
ATTTACGATAATATCA,4
ATTTCGTAAGACCAGA,4
ATTTGCAGCCAAGATA,4
ATTTGCGTTGGGCTTG,4
ATTTTGAACATAAGTT,4
ATTTTGTTGACCTTGT,4
ATTTTTATATGTATCC,4
CAAAAACCCGAAGTAA,4
CAAAAAGAATAATGAT,4
CAAAAATAATAATCAC,4
CAAAACACATCAGCCT,4
CAAAACACCCAGAACA,4
CAAAAGAAAATCCATA,4
CAAAAGCTAGGGGTAA,4
CAAAATGTGATATCGC,4
CAAAATTCATTTTGAT,4
CAAAATTGGCCGTAAC,4
CAAACAAAAATAGAAT,4
CAAACAGTCATACTAG,4
CAAACCCCGACCACTA,4
CAAACTTCTGACCCAT,4
CAAACTTTAAAGGACG,4
CAAAGCAGAATTTCGC,4
CAAAGTAGATAGCTCA,4
CAAATATAACACTATA,4
CAAATCTGAGTACTAT,4
CAAATGATCAGTTAAA,4
CAAATGCACGTATGCC,4
CAACAAAAGGCGTTTA,4
CAACAAACCATCCGAC,4
CAACAACCCGTTTCCT,4
CAACAATCCTACCCCT,4
CAACAATGGAGTGGTG,4
CAACAGAAGTTCACAT,4
CAACATCTGCTGACGC,4
CAACCTAGATACAGAT,4
CAACGCAATTGAATAT,4
CAACGTTGAACTAACT,4
CAACTAAAGACGTCGT,4
CAACTAACTTACCACG,4
CAACTAATAGTCTTAA,4
CAACTACACATTCTAA,4
CAACTCAGCAATGTAA,4
CAACTCATGATCAGCT,4
CAACTCTACGAAACCA,4
CAAGAAAAGAATTATT,4
CAAGAATAATAATCCT,4
CAAGAGCAACATGTTA,4
CAAGATTTGATGGCAG,4
CAAGCATTAAACGTCT,4
CAAGCCATGTACGATC,4
CAAGCCTCTAACATTG,4
CAAGCTACCATTAAGT,4
CAAGGCATAATGGGGT,4
CAAGGCCCCTTGAGAT,4
CAAGGTGACTGAACGT,4
CAAGTAAAGCTGTGCA,4
CAAGTAAGAAATAACC,4
CAAGTACGTGCTGAAT,4
CAAGTACTAACACATG,4
CAAGTCATACTTACAA,4
CAAGTCCCCTTGAAAT,4
CAAGTTCCAGCCGTCA,4
CAATAAGGCGTTCCTT,4
CAATAGCTTCGGACCG,4
CAATCCAATAGATCGG,4
CAATCTCCCCGCACAC,4
CAATGGTTTCCTCAGA,4
CAATTACGATAGTGCC,4
CAATTATTCACTTACG,4
CAATTATTGCTGATAC,4
CAATTTAATAATACAC,4
CACAATAATTGTATAA,4
CACAATCATAGGTAGC,4
CACAATTTCTGGTAAC,4
CACACGATTAGCATCG,4
CACACTAAATCTGAGA,4
CACACTATAAAGTATC,4
CACAGCCCGATTTCCT,4
CACAGTACTACTAGTG,4
CACATAAATTTCCAGG,4
CACATACAGATATTTG,4
CACATAGCAAACGGAA,4
CACATATCTCTGACGC,4
CACATCTGGCTTTATT,4
CACATTAAAATTTGAA,4
CACATTCAATGAACTC,4
CACATTCACTTATCTG,4
CACCAACTACGAAATT,4
CACCAGACAGACACGC,4
CACCCCCTGAAATGGA,4
CACCCGTTGTTAAAGC,4
CACCCTATTGCATTCA,4
CACCCTGTCCAATAAC,4
CACCGACCAAGCCCTT,4
CACCGACGACAATATT,4
CACCGCAAATATACAA,4
CACCGGGGGTATCGCT,4
CACCTAATAAAACATA,4
CACCTGCCTGTGTCAT,4
CACGAACTAGAGCTCC,4
CACGGATGAGTTACTA,4
CACGGTTCACTACGCG,4
CACTAAAGGACGACCA,4
CACTACACAAGAAGAA,4
CACTACCCTCTCTCGG,4
CACTACGAGCACAATA,4
CACTAGAATGTCGTGA,4
CACTCTCCCTTACATT,4
CACTGGTTAGTTCACA,4
CACTTTCTTTACACAC,4
CACTTTTGTTGAAGCT,4
CAGAATTAGCTTATGC,4
CAGAATTGACATCAAA,4
CAGACACATATTGTTA,4
CAGACGTACTGACCAT,4
CAGACTTAACAAAAAT,4
CAGAGTGGCCCTCAAG,4
CAGATCTTAACCTTCG,4
CAGCAATAGAGAGCCA,4
CAGCACAACACGTCAT,4
CAGCTACTAATACATA,4
CAGCTCACTCTGATCG,4
CAGGAAATGAAACTAA,4
CAGGAACCATAGCACG,4
CAGGAACTACAAGTAA,4
CAGGAAGGAAGAACCA,4
CAGGCAAACCGGGGAC,4
CAGGCAGCGTTGCACA,4
CAGGGTTCGCATTGTA,4
CAGGTGTAACACAGAA,4
CAGGTGTCTTCACTAA,4
CAGTACCAAGATTAGA,4
CAGTACCCAATGGACA,4
CAGTATTACACATGCC,4
CAGTGACTGAAGTCAC,4
CAGTTACATATGAAAC,4
CAGTTCCCAGCACACC,4
CATAACTTAATACTCC,4
CATAAGCTATCTCTTA,4
CATAAGTAAATATGCA,4
CATAATAAAAGGCCCT,4
CATAATGCTCATTCAG,4
CATAATTGAAAGGAAA,4
CATACAAGCGACTCTA,4
CATACGAGTGCAACAA,4
CATACGGACATGTAGC,4
CATACGGTATAATCAT,4
CATAGAATGAAATGAC,4
CATATACTCTTGGCCC,4
CATATATCTGACTTAT,4
CATCACTGAGTGCAAA,4
CATCATAGTCATATGG,4
CATCCACATAGCCGGT,4
CATCCTGTTACACGAA,4
CATCGATTTACTTCAA,4
CATCGTCCGATGCGAA,4
CATCTAAACCATCTTT,4
CATCTAACGATAAAAA,4
CATCTAGCATAGGCCA,4
CATCTCATGGCAGGAG,4
CATCTTCCACACCAAT,4
CATGAAAGCGCTTTGC,4
CATGAACCGACATTCG,4
CATGAGCAACGACTTG,4
CATGCAAAGGAAATAA,4
CATGCCTTGGGCTATA,4
CATGCGGCCTAAAATC,4
CATGTGGACCATACTA,4
CATTAAGCTAGTATCC,4
CATTACACAAATAAAG,4
CATTACGGGCTGAGCC,4
CATTCCAACTTCTTAG,4
CATTGCATAGACATTA,4
CATTTACAAAACACTT,4
CATTTATGCAGACTAG,4
CATTTGAGGTTATTGA,4
CATTTGTTAGGTACGC,4
CATTTTGACCCGGCAA,4
CCAAAAGAACACCATG,4
CCAAAATCTACATTGA,4
CCAAAATTATATGTTC,4
CCAAAATTTAACTCCC,4
CCAAACACGGTAAGAC,4
CCAAAGAAAGAATGAT,4
CCAAAGCTTGATAAAC,4
CCAAATACAAGCTGTT,4
CCAAATCCATAACATG,4
CCAAATGGAAGAATTT,4
CCAACAATCCAGGGCG,4
CCAACGAAGACCTTTA,4
CCAACTTATCTCTACG,4
CCAAGACCCAAAATAC,4
CCAAGCTTTTCCTTCA,4
CCAAGTAGGAATAAAT,4
CCAATAAATCCATAGC,4
CCAATAAGTTTATACA,4
CCAATACACACTCCTA,4
CCAATCTGCTAAGGAT,4
CCAATGGAATCAACCC,4
CCAATTCCGCACAATA,4
CCACAAGTTCATACCA,4
CCACAATCAGATACGA,4
CCACATTATATGTATC,4
CCACCAGAGGTGAACT,4
CCACCCATGGAATGGA,4
CCACCCTTAAAAATAA,4
CCACCTGTTACTCACT,4
CCACTGAATATAAGTG,4
CCACTGTTGCAGTGTC,4
CCAGAATTACTAAGGC,4
CCAGACATGGATAATC,4
CCAGACGTGGTTGCCC,4
CCAGATACAGGATACC,4
CCAGGAAATCAAATAG,4
CCAGGTTAATCAGTAG,4
CCAGGTTGGACTTATG,4
CCAGTATATATGGCCT,4
CCAGTCCTGAATCTTG,4
CCATAAACACCTTACG,4
CCATAACATGAAAATC,4
CCATAACTATTAAGTC,4
CCATAGAACGCGCCCC,4
CCATAGATTTCTTGTG,4
CCATCCATTTGCACAA,4
CCATCTTCTTTGAGGT,4
CCATTCCATTGCTACT,4
CCATTTGACGGAATTA,4
CCCAAGACTGCCTACC,4
CCCAATTAATGTCTCA,4
CCCACCCTGACGTCTG,4
CCCACGTTTTTTTTTG,4
CCCACTAACTCCAATG,4
CCCATAATACACTACT,4
CCCATGAACAAGTTTT,4
CCCATGAAGATTAAGA,4
CCCATGCAGCTGTCTT,4
CCCATGTAGTCCTGGA,4
CCCCAGAGAATAGAGA,4
CCCCATTAGAAATTAA,4
CCCCATTCTTCCAGAA,4
CCCCCCTGAGGCAATC,4
CCCCGCAAGCACCGGC,4
CCCCGTCAGAACTGGC,4
CCCGAATATGAGAGGT,4
CCCGCTGACCGAAACA,4
CCCGTCAACTACCGGC,4
CCCTCCCGAATAAGGT,4
CCCTGAGGAGGCCAGC,4
CCCTGTCTAGAGGGAC,4
CCCTTATGCATTGAAG,4
CCGAATAAGAAACTTC,4
CCGCCATAAAAATGAG,4
CCGGACTGCCGAAAGA,4
CCGGCAAACTGCCCAT,4
CCGGGAACCGTAGAGA,4
CCGGGAATCCTCAACC,4
CCGGTGCAACGCACCA,4
CCGGTTAGGAGTGGAG,4
CCGTAACTAATCAAAT,4
CCGTATAAGTACGCCT,4
CCGTATCTTGTTCCCC,4
CCGTCCTACAGGTGGA,4
CCGTTATCAGCAGTTC,4
CCGTTGAAATGTTTAA,4
CCGTTTTAACTAGAAG,4
CCTAACCGCTCATCTT,4
CCTAACGAAGTCAAGA,4
CCTAACGAATTTTTCC,4
CCTAACTAAGGCCTGA,4
CCTAACTTGGTACGGA,4
CCTAAGTACCACCAAA,4
CCTAAGTCGACTAGAG,4
CCTACCACAACTCCCT,4
CCTACGACCATCCCCA,4
CCTAGCTGCCAGATTA,4
CCTATCAAACAATCAT,4
CCTATCTTACAAGCAA,4
CCTCAACTTGTGCTCA,4
CCTCACCAACCATACT,4
CCTCCAGTCAAACTCT,4
CCTCCATACGTAACGC,4
CCTCCCACAACATAAC,4
CCTCTAACTGACGCGG,4
CCTCTAGAAGCCATTA,4
CCTCTAGTGCAACGAG,4
CCTGAACTAGAGCCAG,4
CCTGACAACTATAATA,4
CCTGCAAACTCACATG,4
CCTGCAGGACAACAGA,4
CCTGCCTATTACGCTG,4
CCTGCGTGGACCACGT,4
CCTGGAGTGCCGAAAC,4
CCTGTTTCGACATGAA,4
CCTTAAGACATAGCAA,4
CCTTCTGATGATAGAG,4
CCTTGGTTCCGACGCT,4
CCTTTAATGCTGACCC,4
CCTTTGTTGCATAACC,4
CGAAAACACATCGACT,4
CGAAAAGCCCTTAACA,4
CGAAAATCAAAAGGGA,4
CGAAACAATACATCAC,4
CGAAACCTCATACGAG,4
CGAAAGCTTCAGACTA,4
CGAAAGGAAGTTTTAC,4
CGAAAGGTCCCCAGCT,4
CGAACACCCACTATGA,4
CGAACATGAGCTGTCG,4
CGACAAAAAGCCCCAT,4
CGACAATGTCCAACTA,4
CGACAGCTCAAAAGAG,4
CGACATACACTTGAAA,4
CGACCACCCTGACACC,4
CGACTACATTATAATG,4
CGACTCCAAGCTTAAA,4
CGACTGGAGTTTATAA,4
CGAGAAATTTTTCTAT,4
CGAGACTTGAGTTAAT,4
CGAGACTTTAATCATT,4
CGAGATCCCCAACCTT,4
CGAGTAATATTATGTA,4
CGATAAACGATCTTAC,4
CGATAATACCGAACCA,4
CGATAATCAACGGGTT,4
CGATATTAATAGTGGA,4
CGATCGGGTTAGACGG,4
CGATTAGTAAAGACCA,4
CGATTCACCTCATCTC,4
CGCAAAATGGCCAGAT,4
CGCATCACGAATAAAT,4
CGCCCATGTGAATTGC,4
CGCCGAGAGCGGATAA,4
CGCCGATAAACAACAG,4
CGCGATCCCACTTTTG,4
CGCGATGCCAGGATGA,4
CGCGTCACAAAGAACT,4
CGCTATAAATCGTCCT,4
CGCTATACATAATGAT,4
CGCTCCATGGTTCGAA,4
CGCTTCATGACTATGG,4
CGGAAGGAAAGCTTCT,4
CGGAATCTACAAAGTT,4
CGGAATTACTCCCATA,4
CGGAGGTTATACACCT,4
CGGAGTCATTAAAAAA,4
CGGATAAATACCGAAT,4
CGGATATAACCTAACG,4
CGGATGAGAATTTCAC,4
CGGCACAAATCAGGAA,4
CGGCATAATAGCAAGT,4
CGGCCAATAACTGCGA,4
CGGTGCATGCTTTGTT,4
CGGTTGAGGCAGACGT,4
CGTAACAGCTAAACGG,4
CGTAAGTGGCCGGGTT,4
CGTAATACATTATCGC,4
CGTAATACGCGGGCCA,4
CGTACCTGCAAGAAAA,4
CGTACTCGCAATAATA,4
CGTAGGCGCAGGACTA,4
CGTAGTGGAAGATATA,4
CGTATAATCGTCGAGC,4
CGTATATGTACACTAA,4
CGTATGCACCCATAAA,4
CGTATTTATAAAATAC,4
CGTCACGGTGTATATT,4
CGTCTCAAATACGACA,4
CGTGAAAATCGAATTT,4
CGTGGGAAGTAATTCA,4
CGTTAATACATGTCTA,4
CGTTAATTATAAATAA,4
CGTTACTCACTCACGT,4
CGTTTGATACTAAGAC,4
CGTTTTTCAGTAACAG,4
CTAAAAGCATAGTACC,4
CTAAAAGGATCATACC,4
CTAAACAAACAATGAG,4
CTAAACCTAATAAAAT,4
CTAAAGCCCGGTAACG,4
CTAAAGTAAGTAAATC,4
CTAAAGTGGTTCCCGT,4
CTAAATACCTGGTCCT,4
CTAAGCGGCGCTTAGC,4
CTAAGTAGGGAGGTCA,4
CTAAGTTTTCCCCTAA,4
CTAATACTTAAATCAT,4
CTAATCAGGGAGGCCC,4
CTAATTACCCATAACT,4
CTACAAGTACTCTTAA,4
CTACAATGGAAACTCC,4
CTACCCTTAAAACAAA,4
CTACCGTCATTCAACA,4
CTACGACACCCATAAC,4
CTACTAACTAGGTCCG,4
CTAGAAACGGAAAACT,4
CTAGAACTTTGCTGCG,4
CTAGACCAAAGTCCAA,4
CTAGCACTCGAGCACG,4
CTAGCTGATCAATTGT,4
CTAGGACTACCCCGAA,4
CTAGGGATGTGTACTC,4
CTAGTGATATCGAATA,4
CTAGTGTTACATGCAA,4
CTATAATACCGCCACT,4
CTATACAACATAACTA,4
CTATAGTGAGTTCACT,4
CTATATTCAATTAGTC,4
CTATCCATCAATAGAT,4
CTATGATCGAAAACCG,4
CTATGATTAAATTACA,4
CTATGCCCGTTTAGTA,4
CTATTTAACAACAATC,4
CTCAACGCTCGCTATG,4
CTCACCAGCACAGTAG,4
CTCACGTTCCCAGAAG,4
CTCATGAGAAGCCGTT,4
CTCCAGAAACGAAAAT,4
CTCCCAGACAACTCCC,4
CTCCCTGTGAGGCAAG,4
CTCCCTTAAACCTTAA,4
CTCCGCGCTTGAGCAT,4
CTCCTAATACTCTAAC,4
CTCCTGCTTAAAAGGA,4
CTCGAAAGCTAGGGAA,4
CTCGATAGTGAATAAA,4
CTCGCAGAAATCACCG,4
CTCGGGCACATCATTT,4
CTCTAAGCACTAGAAG,4
CTCTAGTGTCCCATAG,4
CTCTCACGTAAATGCC,4
CTCTCCGGAACCCCTA,4
CTCTGACACACCGAAT,4
CTGAATGTTCAAAGAG,4
CTGACAAATATAGATA,4
CTGAGCAAGACTAAGC,4
CTGAGGAAACAAAAAC,4
CTGAGGGGAACCAAAG,4
CTGATATATAGGACAG,4
CTGCAATTACGCTATG,4
CTGCGTACGCAACTTT,4
CTGCTAAACACGGGCT,4
CTGGAAAACGAGATAG,4
CTGGAATCATTCATAG,4
CTGGAGCAGTCGTCCA,4
CTGGAGCCACGGCTAG,4
CTGGCAATTTTTCCTA,4
CTGGGAAAACAGAGTT,4
CTGGGATGATTAACTC,4
CTGGGCCCGGACACAC,4
CTGGGTCCTACCTTAC,4
CTGTAATCAAAAGGAT,4
CTGTATTCAAATCAGC,4
CTGTGTTGAGACACAC,4
CTGTTGATTCAAATGC,4
CTTAAAATAATCGCAT,4
CTTAACAAGGATCCTA,4
CTTAACAATTGGTCCC,4
CTTAACACGATGTCAG,4
CTTAAGAAGCAACTAT,4
CTTACCAGGCTCCAAT,4
CTTACTTCAAGACCTA,4
CTTAGCCTAAAAAATT,4
CTTAGTGTGTTAATTG,4
CTTAGTTAAGTCAGAT,4
CTTATCAACGCTCCAG,4
CTTCCAAAGGTGTAAC,4
CTTCCAATAATTAACG,4
CTTCCTCATTCATCAG,4
CTTCTAAGACCCCTCA,4
CTTGATAAAAACAATG,4
CTTGATAATGCCCTCT,4
CTTGCGAACCGCTACA,4
CTTGTAGTCACTTCTC,4
CTTGTGAAAGCACAAC,4
CTTTAAAATGAGTGAG,4
CTTTAAAGGCAGAAGC,4
CTTTACTTCCCTTACG,4
CTTTTCGCCACCATAA,4
CTTTTCTCAAGGTTAC,4
GAAAAAACTCCCGACA,4
GAAAAACCACTGTATG,4
GAAAAAGGACATATCA,4
GAAAAGTGTTTTTAAA,4
GAAAATCCTTAATTTC,4
GAAAATGAAATATTCG,4
GAAACAAATAGGACGA,4
GAAACAATACACACCT,4
GAAACGCAATGACCCC,4
GAAACGGATGCCATTA,4
GAAACTAGGTATACTT,4
GAAACTCAGAAAAATA,4
GAAACTGAAATTAGGG,4
GAAACTTTTCTAAGTG,4
GAAAGAAAGTCAGCAG,4
GAAAGAACGCTGACGC,4
GAAAGAAGAAACGAAA,4
GAAAGCGAACATGGCT,4
GAAAGGGAAATTTCCA,4
GAAAGGTCTACGGCAC,4
GAAATGGACTCAACAA,4
GAAATGTCTACCACCC,4
GAAATTACAACACCCA,4
GAAATTAGAACACAAG,4
GAAATTCATCATCATT,4
GAAATTTAAGATACTA,4
GAACAAAGAAACCGGT,4
GAACAAGCAAGATAGA,4
GAACACCCCTTCGCGA,4
GAACCACCTCAACACC,4
GAACCGATGGAGTCTG,4
GAACCTACTAAAAAAA,4
GAACGATGGCTTAAAG,4
GAACGTAGTCAAAATC,4
GAACTATAGGTATAAA,4
GAACTCGCCTTGGGAG,4
GAACTGCAAAATTTGG,4
GAAGAAATTGATTCGA,4
GAAGAACACAGACCCC,4
GAAGATACGAGAATTT,4
GAAGATGCTAGTGATG,4
GAAGCAAAAAGATGTT,4
GAAGCAAATCATTACA,4
GAAGCTCAAATTTGTT,4
GAAGGGCGTTTTTTTG,4
GAAGGTTACAGATATC,4
GAAGTCCTTTCACCAC,4
GAAGTCGAATCTGTAA,4
GAAGTCTTTATGCCTT,4
GAAGTTCTTTAAACCC,4
GAATAAAACAGTCTAC,4
GAATAAGATATCAATG,4
GAATCACTCACCATCG,4
GAATCATAGAAACTTA,4
GAATCATCACAAATTG,4
GAATGAATAATTAATA,4
GAATGGCCCGAACTCA,4
GAATTAGCCAAACGTA,4
GAATTGGCGAATGGGT,4
GAATTGTAGGCCCAAC,4
GACAACTAACCTTGTG,4
GACAACTCTCTAAAGG,4
GACAAGTAATTGATTA,4
GACACAGGGATTGGAC,4
GACATAATACGTACGC,4
GACATCAAAACACCAA,4
GACATGCGTTTAATCG,4
GACCAAATTGGTCCCA,4
GACCACTTTCGGTTCA,4
GACCTATAAGAATCCC,4
GACCTCACGCTTTCTC,4
GACGAACTTTACCTCT,4
GACGGACTCATAAAAG,4
GACGTGTAAAACATTC,4
GACGTTGCAGACCTGG,4
GACTACAAAAGATAAT,4
GACTGATATGCGACGA,4
GACTTAGAGTCATTCG,4
GACTTTATCGTTTGAT,4
GAGACCTTAACGGTAT,4
GAGACGAAACATCACG,4
GAGATGATTAAATAAG,4
GAGCAACAACCTAATG,4
GAGCATTAAAAGTATT,4
GAGCCAATTACCTACT,4
GAGCCGAAGTGAAAAA,4
GAGCTATTGAACAAAA,4
GAGCTTTTCGTGAATT,4
GAGGCAGTATAAATCC,4
GAGGCCTCACGAAAGC,4
GAGGCTAGGCAGTGGT,4
GAGGGAACCCTTAGGA,4
GAGGGTATTCTGAAGT,4
GAGTAAGTGACCTCGG,4
GAGTAATGAAGCCAGA,4
GAGTAGCACAATACAC,4
GAGTCCACTTACGCAC,4
GAGTCTACAGATCAAA,4
GAGTGCAAAACTATCC,4
GAGTTAACGAAGGTCT,4
GAGTTGAGTGTTGGAC,4
GATAAAAGGTACTAAC,4
GATAAATGCCTAGAAG,4
GATAACACCCCTACTC,4
GATAATAGACCATGCT,4
GATACCATTCGTAAGT,4
GATACTCTTTTTATAC,4
GATAGACATCTATTAG,4
GATAGACTCAATGTAC,4
GATATATCGAAAATCC,4
GATATTTGGACCAATA,4
GATCAAATTAACGTCC,4
GATCATCTACAAAAGA,4
GATCCATTTATGAGTC,4
GATCCCCGCGACACCA,4
GATCCGAGCAAATCAT,4
GATCCTACTACGAGTG,4
GATCGTATGACCAGGC,4
GATCGTTGAACAAATG,4
GATGAACCATATTGTT,4
GATGACAGGCATTTGA,4
GATGACGAACTCATAC,4
GATGATTCAAGGAGTC,4
GATGCCACTATACCGT,4
GATGCGATTTAAGCAC,4
GATGCTAATTCATACA,4
GATGGCACCATTAAAA,4
GATGGCACTACTTTAA,4
GATGTACGCTTTATCT,4
GATGTCGGACTAAACG,4
GATGTGAAAGGGACTC,4
GATTAAAAACCAGGAT,4
GATTAAGTAACCAAAG,4
GATTAAGTAGTCAGTG,4
GATTACAACAAGGAGG,4
GATTACCGCAATTAAC,4
GATTAGGAACTAACCC,4
GATTATCTAGGACACC,4
GATTCAAAATAGCATC,4
GATTCTCTCGGTCTCG,4
GATTGACCTCACAGGT,4
GATTGGTGGCATTTTT,4
GATTTCGGAGAACATA,4
GATTTTATCACAACCC,4
GCAAATAAAATTAGCG,4
GCAAATTTCTTGAGTT,4
GCAAGAATTCCTACTA,4
GCAAGACACGCAGAAA,4
GCAAGCTCACAAATCC,4
GCAATAATCAGGTGGA,4
GCAATACCGACGTTGA,4
GCAATAGCGCAGCAGC,4
GCAATGCACACCTGTA,4
GCACAAACATTAATAA,4
GCACAGCCTGCCTAGC,4
GCACATCACAATGTAA,4
GCACATTAAAAACCCT,4
GCACATTAAACAATAC,4
GCACGGCATTGCAACC,4
GCACTAAAGTCGCAAG,4
GCACTTGCCTACTTTT,4
GCACTTGTACAGCCAT,4
GCAGAAACCAACGCTA,4
GCAGAAATCAAACGAA,4
GCAGAATTCGACTACA,4
GCAGACATCTCATGTC,4
GCAGAGGATGTCTTAA,4
GCAGCAAAGTATAAAG,4
GCAGGACGATCCAGTT,4
GCAGGGCCGATCGAAG,4
GCAGGTTAGTTACGGT,4
GCAGTCGGAAACGTAT,4
GCAGTCTAGGCCATAC,4
GCAGTTCAAACCTCGC,4
GCATAACCTGAATAAG,4
GCATAAGCAATAGAAC,4
GCATCTAAACACAGGG,4
GCATGAACAAGCATAT,4
GCATGACCTAGGACAT,4
GCATGAGTTTCGAAAA,4
GCATTACTCGTTCAAA,4
GCATTATGACAGTCAA,4
GCATTTTAACCAGATT,4
GCCAAACGAGTACCTG,4
GCCAACCATGAGTTAG,4
GCCACCGTGCAGCACA,4
GCCACCTCTTAACGAA,4
GCCCAAAAGCCTATAC,4
GCCCACCCCGATGTAA,4
GCCCACCGACATGACC,4
GCCCCATCCTGCCCTG,4
GCCCTAACGTATTAAC,4
GCCCTTCACATCATTA,4
GCCGAAATACGACTAG,4
GCCGAACAATACTTAT,4
GCCGAATTGATGCCTT,4
GCCGATTAGAAGGCGG,4
GCCGATTTCCCATGGA,4
GCCGGAAACACTGTGT,4
GCCTAAAAGAAACAAA,4
GCCTAATTATCTATAG,4
GCCTACCAACACACTG,4
GCCTATTACGGTGACT,4
GCCTCCCTTAGACCCA,4
GCCTCGTCGACTTTCA,4
GCCTGAATTGACCGGA,4
GCCTGGCGCGACCCCG,4
GCGAAATCAGGGCAAC,4
GCGAACAAGATTAAAT,4
GCGATAGCCGGTCATA,4
GCGCACTAAGCGCTGT,4
GCGCCGTTCTAAGACT,4
GCGGCTACCAGTTAAA,4
GCGGGAAAAAATTGAC,4
GCGGGTTCAATATAGG,4
GCGGTAACTTCTACAA,4
GCGGTAATTTACACAC,4
GCGGTCAGATACAGTA,4
GCGTAAAATCGGAGTC,4
GCGTAAATACAATATA,4
GCGTATCAATACTTCT,4
GCGTCAAAACTAACAG,4
GCGTCCAAAGCACCGC,4
GCTAAAACGGATCTAT,4
GCTAACCTCATCCACA,4
GCTAACGACGATACAA,4
GCTAATACTTCGAAAC,4
GCTACAAATTAACGAA,4
GCTATAAGGAGGAATC,4
GCTCAAAATGTTGGCT,4
GCTCAATTCGAGATAC,4
GCTCACAACAGCATGA,4
GCTCATAGTGCGTAGA,4
GCTCATATAGGGTGCC,4
GCTCATCAGAATTTTT,4
GCTCCATTATGATTGA,4
GCTCCCGAACTTAATT,4
GCTCGCCTGGAAGCCT,4
GCTCTAGATTGAGATT,4
GCTCTCATAAATCAGT,4
GCTCTGCAAAATACAA,4
GCTGACGCACGGCCAA,4
GCTGTAACACCAATCG,4
GCTGTGGTCAAAGCAT,4
GCTTCCATAACAATAG,4
GCTTCCCAGCATCCAA,4
GCTTTGCGAGCCCACA,4
GCTTTGTTACTCACAT,4
GGAAACAATCTAAACA,4
GGAACTAGCAAGCGTA,4
GGAACTTCGATATACT,4
GGAATGCATATAGTAA,4
GGAATTAAGCAAAACA,4
GGACCCCTAACAAAGT,4
GGACCGTAGCATACAA,4
GGACTGACAGGATACA,4
GGACTTTAGTCTTTGG,4
GGAGACTCACCGATAA,4
GGAGGAGGTTATACTA,4
GGAGGTCTCATTGAAC,4
GGAGTACAGACTATAA,4
GGAGTAGTACCTTGTA,4
GGAGTGTTAAAAAAGG,4
GGATAGATAACAAATA,4
GGATATTAGGACCCAA,4
GGATCCCAGATGGCCA,4
GGATGAACTAGGATCG,4
GGATGAAGGAATATGC,4
GGATTATATACAATTC,4
GGATTATTGATGCCGA,4
GGCAAATCGCCAGACA,4
GGCAAGTCTAAGCTAT,4
GGCAATATTATAGACG,4
GGCAATCCAAGCAATC,4
GGCATAGGAAATACTC,4
GGCATGTTGTCCCTAA,4
GGCCAACATATCCCAA,4
GGCCAACTTGTCGCAT,4
GGCCAGAACTTCATGC,4
GGCCATCCCTCCGAAG,4
GGCCTATATCAAAACA,4
GGCGCCGTAAAGTTTT,4
GGCGCCTAAGAGTTAC,4
GGCGGAACAAATACGT,4
GGCGGAAGTATGTACA,4
GGCGTAACCCAGAATT,4
GGCTGCTCGCGAATCA,4
GGCTTCGAAAACAATC,4
GGGAAAAAAGCTTAAC,4
GGGAAACAGTTTTACT,4
GGGAACCGATTTCTAA,4
GGGAGCACGGCCTCTA,4
GGGATGGCCTACTGAA,4
GGGCAGACCAAAAGCA,4
GGGCAGCACGCTCGCA,4
GGGCAGTGGTCCTTCA,4
GGGCCATAAATTCACA,4
GGGCGGTTCAATTCCC,4
GGGCTAAATTACAAAT,4
GGGCTTAAAAAGTCTG,4
GGGTAAATAACCATAG,4
GGTAAATCGAGGCTCA,4
GGTAAGATGAAGTTAT,4
GGTACAATACCGCCCC,4
GGTACGACAACTTAGC,4
GGTACGACACGTAACC,4
GGTATAGATCGCAATG,4
GGTCATCCGATGGTAA,4
GGTCATCGAATTGCCT,4
GGTCGTCTGATGTCAG,4
GGTCTCCCGCACCCCC,4
GGTGAAAGTCGGCCAA,4
GGTGAAGACCATAACC,4
GGTGCTACTGTATACA,4
GGTGTGTCCTCTACAA,4
GGTTAAAATTACTGGT,4
GGTTAAGCCTGTTACC,4
GGTTCGACGAAATGAA,4
GGTTGCATACAATATC,4
GGTTGGACCAAAGCAT,4
GGTTTGAAGATTAACT,4
GGTTTGTATTCAGTAA,4
GTAAAAATACAGTAGA,4
GTAAAGAAAACTATTA,4
GTAACATACATCGCCA,4
GTAACATTAGGCTCAA,4
GTAACTAATAAGCACA,4
GTAACTGCCCTCTGAA,4
GTAAGACACGTATACT,4
GTAAGGCTGGCACCCA,4
GTAATACAATCTCCGG,4
GTAATCTTCGATGGAG,4
GTACACCGAACTTTAG,4
GTACCATGTATAAAAA,4
GTACCCTTCATCACTC,4
GTACCGTGACACAAAT,4
GTACCTTGTGGACAGA,4
GTACTATTTTATGCCT,4
GTAGCATAAATCAGAC,4
GTAGCATGTTTTAATA,4
GTAGGAATAACAAATG,4
GTAGGTTGTTTCTAAC,4
GTAGTATACATGCACG,4
GTAGTGACGATGTTAC,4
GTATAGACCAGATCTA,4
GTATATCATGAGCGCA,4
GTATATCCAAGCTTAT,4
GTATCCGAAAGGCCTT,4
GTATCTAAGTCCTGAG,4
GTATCTAATCAACAGT,4
GTATCTACCACGAGGA,4
GTATTAACTAAATTGA,4
GTATTGTTGTATATGG,4
GTCAAAATTCAGGCCT,4
GTCAAATTACAGGCGT,4
GTCAAGCCAACATTAG,4
GTCAAGTACGGTAAAA,4
GTCACATACAGGCACT,4
GTCAGCCATCCGGTAC,4
GTCATATTAGACAAGA,4
GTCATCGCCGCCGTTC,4
GTCATGCGGTGCTCTT,4
GTCCGTTTCACTCCAT,4
GTCCTAAGATTTGGAT,4
GTCCTGGTATCGAACG,4
GTCCTTTCGGTAGTAC,4
GTCGAAGATAATATTC,4
GTCGCTTCCATACTTA,4
GTCTAAACTGCGCGAA,4
GTCTCAAGTAAGTCCT,4
GTCTCTCCTATCCCAA,4
GTGACAACTAACTCGA,4
GTGACGATTACGATAC,4
GTGAGATATTTTGAGT,4
GTGCCCGAAAGACTTC,4
GTGCGGAGAACGCCCA,4
GTGCTAGCCCGCAGCT,4
GTGCTGCTTTATACTC,4
GTGGCCCATTTCGAAC,4
GTGGTAAAAGACGTTA,4
GTGGTGGGGTAAGCCA,4
GTGGTTGGCCCTTGTA,4
GTGTCGAAATAATCGA,4
GTGTCTTAAAGTCCAT,4
GTTACCAGTCCCCAAT,4
GTTACGAAGCATATAC,4
GTTACGCCATATCGCA,4
GTTAGACCCGAGTCGA,4
GTTAGCAGATGTATCA,4
GTTATTAACCTTTAAA,4
GTTCACACAAAATTCA,4
GTTCATAGTCTCATTG,4
GTTCCCAATCTACCGA,4
GTTCCGGTACGAGTGC,4
GTTCCTTGGTCATCGC,4
GTTCGATTTATATATT,4
GTTCTATGATCGTTAA,4
GTTGAAATATCTAACA,4
GTTGACACTTCGTAAT,4
GTTGACTACCCCCACA,4
GTTGATTACCCTATTT,4
GTTGCCGGAAACAGCT,4
GTTGCCTACGATATAC,4
GTTGCGTACAGAAAAT,4
GTTGGCCCGATCCGAC,4
GTTGTCCTTCTTATGA,4
GTTTCATCTGTCACAC,4
GTTTCCAGCAATATAG,4
TAAAAAAGCGAGCAAG,4
TAAAACTCCTAGTTAC,4
TAAAATCGAGAGTACC,4
TAAAATGCTTGGTGGA,4
TAAAATTAAGATAAAA,4
TAAACAGAATGTTGTT,4
TAAACTTATTCTCTCT,4
TAAAGACAGAACAAGC,4
TAAAGCAATTATATTC,4
TAAAGCAATTATTAAG,4
TAAAGCTAAAATTTGG,4
TAAATCCCAATTCAAA,4
TAAATTCATATTCAGC,4
TAACAACAAGCTTTGT,4
TAACAAGAAGTCCGTC,4
TAACATGTTATCATTT,4
TAACCCGGAGAGTGAC,4
TAACCCTTGCTAAACC,4
TAACCCTTTCACGGGG,4
TAACCGAAACATACCA,4
TAACCGACACAGATAT,4
TAACGAACATAATAAA,4
TAACGGTAGAAAGATA,4
TAACGTCGTCCGTCAG,4
TAACTCTTAGAATTTC,4
TAACTGAATCGATCCA,4
TAACTTATTTTGGCGT,4
TAAGAAACTCGAGGTT,4
TAAGACCTCGATTTTA,4
TAAGACTCATTTCTTC,4
TAAGAGACATGAAGGC,4
TAAGATTGACATCACT,4
TAAGCACTATTTAGTA,4
TAAGCGACTCGGGGAG,4
TAAGCGCCGAATATTC,4
TAAGCTAAACATACTG,4
TAAGGCATACATTGTA,4
TAAGTACCACGATGAA,4
TAAGTAGGTACTACTA,4
TAATAAGGCGGTAACC,4
TAATAATACATCCCTT,4
TAATACAATGTCAGTT,4
TAATAGATATGTTAGA,4
TAATCCAAACCATAAC,4
TAATGAAACAACACAT,4
TAATGCAACCCTTACC,4
TAATGGTAATAATCGC,4
TAATTGAATCTGGAAA,4
TACAAAGAAACTGAAA,4
TACAAAGACAACATTC,4
TACAAAGTGGCAAAAC,4
TACAACGAGAAATCGA,4
TACAAGGCTTACGGCA,4
TACACATTCATTTACC,4
TACACGGCAGGTTCAA,4
TACACGTCTAGTCATC,4
TACACTGGACAACTAT,4
TACAGAAACCAAAACA,4
TACAGAAACTCGGGCT,4
TACAGCTATATTCAAG,4
TACAGTCACAACAAAC,4
TACCAACACATAAGCA,4
TACCAGCGTCAGTTAC,4
TACCCAGATTTGTCGC,4
TACCCCTTTTGAAAAG,4
TACCCTGAATTCCCGC,4
TACCGCTGGCCCACAA,4
TACCTACGCAAACCGA,4
TACGACTACGCATCAA,4
TACGGAATTAATAACC,4
TACGGATCAAACCAAG,4
TACGTCCCACCAAATT,4
TACGTGATGTATTTGT,4
TACTATCTAAAAGTAA,4
TACTCGTGCCTATCAC,4
TACTGTTAAAAAACCT,4
TACTGTTTTATCACAC,4
TACTTTGTTATTACTA,4
TAGAAATCTCTGATCC,4
TAGAACTGCCATAACT,4
TAGAAGATAACATCGC,4
TAGACGTAATATGATA,4
TAGAGAAAATTCTACA,4
TAGAGGACCATCATGT,4
TAGAGGTCTACACAAA,4
TAGAGTATGGAACCTT,4
TAGATAACTGACTTTA,4
TAGATACGCACCTCTT,4
TAGATCGTGGCCATCC,4
TAGATGACAGAACCAC,4
TAGCAACCAGGACTCT,4
TAGCCCTCAACAATAC,4
TAGCCCTTGCGCCAAC,4
TAGCGCATCGGCATGG,4
TAGCGTGAGGCCCACG,4
TAGCTCCATACCTAAT,4
TAGCTCCGACCCCCAA,4
TAGCTTTAGCTGGACT,4
TAGGATACCACCCTAA,4
TAGGCCGAGTCAGTCA,4
TAGGGGACTATTACGC,4
TAGGGGATATTTAGGA,4
TAGGTACAAACTCACC,4
TAGTACATATTATACC,4
TAGTAGGAGTCTAGTG,4
TAGTCCTACCATTAGA,4
TAGTTTCTCATGACAC,4
TATAAATGCAACGAAA,4
TATAACCAACAAATTC,4
TATACCAGATAAAATT,4
TATAGATGAGTAGAAA,4
TATAGGAGCCGAGCCA,4
TATATACGCCCTTGAC,4
TATATAGCACGGGAAA,4
TATATCCAACTCAACG,4
TATATCCCAATCAGAC,4
TATATTGCGTTGTGTC,4
TATCAAATATAAAGAG,4
TATCAACGGAACATAC,4
TATCAATAACACCCGA,4
TATCCGGTAAATACCC,4
TATGAAATGGAAATGA,4
TATGAAGATGCACAAT,4
TATGATCAATCGCATG,4
TATGCAAGTGAGGGGC,4
TATGGAATTATCTAAT,4
TATGGGGCCAGAACCG,4
TATGTAAGAAGCGGTT,4
TATTAAAGCTATAAGA,4
TATTAATACCATCGTG,4
TATTAATTGGAAACAA,4
TATTATACACGCACTT,4
TATTATGAATATCAGC,4
TATTCCAGTTACCCAT,4
TATTGAATCGGAAATC,4
TATTGACGGTTAGAAA,4
TATTGATAACTGAAAC,4
TATTGTTAGGATACAA,4
TATTTCTGTTTACCAA,4
TATTTTTGTAACCCAA,4
TCAAAAAATAAGTAGC,4
TCAAAAGAGACTGACG,4
TCAAAAGCAAACAAAA,4
TCAAATAAAGGACCTA,4
TCAAATTTCAAACAAC,4
TCAACACATAGTAGTA,4
TCAACCATACGACACC,4
TCAACGTCAAGTCCAA,4
TCAAGAATTGATAGTA,4
TCAAGCAACATATGAT,4
TCAAGTTTAGCTTAAC,4
TCAATAACCTTGAGAT,4
TCAATCAAGTCGAAGC,4
TCAATCAGAAAAAATT,4
TCAATTATAAATAACC,4
TCAATTCCATTCCTTG,4
TCACACATTAACAACA,4
TCACACCAGGTTACTT,4
TCACACTCATTACAGC,4
TCACAGACATCTTCCC,4
TCACATGTAGTTGCAC,4
TCACGGGGCCGTTTCG,4
TCACTACTGACCGGAA,4
TCACTATAAAAACGAT,4
TCAGAGAAGAGGAATC,4
TCAGAGACTTATATTA,4
TCAGATATATACTTGA,4
TCAGATTTTAATTTCA,4
TCAGCAAACCTGGCCC,4
TCAGCGAAGTAACACT,4
TCAGGATGATAGTAAA,4
TCAGTACAAGATAATA,4
TCAGTTATAAAACTTA,4
TCATAACCCATACTTT,4
TCATAATTAAATTGCC,4
TCATCAGGAGCCAAAT,4
TCATCATATCGAGACG,4
TCATCCACCATCAAGG,4
TCATGGCAGTTACATG,4
TCATTTTATATCCTCT,4
TCCAAATTCTTTAGAA,4
TCCAACAAATGACCAG,4
TCCAGAAAATCCTCAG,4
TCCAGATAGCTTACCA,4
TCCAGTGGACGTTAAG,4
TCCAGTGTCTAGCATC,4
TCCATATAGAAAAATC,4
TCCATTCTAGGATTCG,4
TCCATTTTGCAATAAA,4
TCCCAGATTCTACTAG,4
TCCCAGTAACTAATGG,4
TCCCCAATCCGTCACT,4
TCCCGGCACGTAGATC,4
TCCCTACCCAAACCTC,4
TCCCTATATCTTCGTA,4
TCCCTTCGCTATGGTA,4
TCCGACACCACGTTAG,4
TCCGATGTGATATCCA,4
TCCGCACCGGTCTCAG,4
TCCGGAACAGCCGATC,4
TCCGGACCTTACCTTC,4
TCCTGTAAACTACATG,4
TCCTTATTATCCTCCA,4
TCCTTTGCCATGAGGA,4
TCCTTTTGAGCGACCC,4
TCGAAAGCCTAATTGA,4
TCGAACATTCCCAATG,4
TCGAACCAATAGTCAT,4
TCGAGCACATGAATAG,4
TCGATAACCAACCACT,4
TCGATGTAACCGGCAG,4
TCGATTGGAGAACTTT,4
TCGCACGGCACCGCCT,4
TCGCCACAATATACAG,4
TCGCCCTTGTTGAGTC,4
TCGCCTAGACCACCCT,4
TCGCTCCACTCTAACG,4
TCGGGGAGAATTTACC,4
TCGGTAATGACCACAC,4
TCGTCAAGTTTCATAT,4
TCGTCCTTGTGAGCCA,4
TCTAAACCCTGAAGTC,4
TCTAAAGAGCCCTAAT,4
TCTAAATACGGGCATA,4
TCTAAGACAACAGGTA,4
TCTACAATAACTATCG,4
TCTACCCATTTGGTGA,4
TCTACTCTCAGTGATA,4
TCTAGATTCGATGCCC,4
TCTCATTTATATGTCG,4
TCTCGATAATTTATTC,4
TCTCTCTACCCAGATA,4
TCTCTTTCGGCCAAGG,4
TCTGATGACCCGTGAG,4
TCTGCACAAGCTAAAC,4
TCTGCGTTGGAAGAAT,4
TCTGCTTACTATTATT,4
TCTGGAGAACGAAGTT,4
TCTGTACATTACAAAG,4
TCTGTATAAAACAATC,4
TCTGTTCAAGTCTAAT,4
TCTTAAAACGGCCTCC,4
TCTTACAACATATAGG,4
TCTTAGAGTGATATCA,4
TCTTAGTACCTTTCCC,4
TCTTGGATATTACACA,4
TCTTTGACTCAACTCT,4
TCTTTTTTACGTCCAG,4
TGAAAAATTACACCAA,4
TGAAAAGCTTCTTAAG,4
TGAAACAGTTTGAAAC,4
TGAAAGATACTATAAA,4
TGAAATATTAAAATAT,4
TGAACAATTTAAATGG,4
TGAACACAGACTTGTA,4
TGAACCCCTGTCTTCT,4
TGAATAAAACAAAAGA,4
TGAATCATAAAGAACA,4
TGAATGGTACTGAAGA,4
TGAATTGACTCGAAAA,4
TGACAAACAGCGAATT,4
TGACACGGCAAGTTTA,4
TGACAGAAAACTCCAC,4
TGACCAATACTAGTCG,4
TGACCAGAACACCACC,4
TGACCCTAGATTAACC,4
TGACCTTGATAAGAAC,4
TGACGAAGCTTCAAAA,4
TGACTAAGAACTAAAA,4
TGACTACTGACGGTAA,4
TGACTGACCACAGTTA,4
TGAGAAATTATATAGA,4
TGAGAACGACGGAAAA,4
TGAGATGCCGGTAGGA,4
TGAGGATTCAGCCCGT,4
TGAGGGTGCCCGTCCT,4
TGAGTAGTACAAAGTC,4
TGATAAACAGGTCACC,4
TGATAAAGCTTTCGTG,4
TGATACCCTATTTGCC,4
TGATAGAAACCAAATC,4
TGATATAATTCTTAAT,4
TGATCAACCAAAGTTT,4
TGATCCAAGTTGTTTA,4
TGATCCCATCCAAGAC,4
TGATCCGACTCACATC,4
TGATCGCTTGACTAGT,4
TGATCTCGAAAAGTAC,4
TGATCTGCTAAGGACC,4
TGATGCCCATTGCCGG,4
TGATGTTTCGTTGGGT,4
TGATTAATCGATCACT,4
TGATTCGACCTATACT,4
TGCAAAAAATGTAGTC,4
TGCAAAATCGAGAGAC,4
TGCAAATTAAAATATT,4
TGCAACTATAAACGGA,4
TGCAACTTACAAGAGA,4
TGCAAGACAATGATAA,4
TGCAGCCAAACATTGA,4
TGCATAACGTGGGTGA,4
TGCATAGCACTTACCT,4
TGCATCAGATGCATTG,4
TGCCAATGCTTATACA,4
TGCCACTGAGCCCCCT,4
TGCCGAATCTATAACA,4
TGCCTCGCAACTGTTG,4
TGCCTCTTACTAAATT,4
TGCCTTACTTTATAAT,4
TGCGATTACTGATTCC,4
TGCGCTGACTGCAGGT,4
TGCGGGAACAGACAAC,4
TGCGGTATGATAGTTT,4
TGCGTGAAAAAAGTAA,4
TGCGTGGCCCTACAAA,4
TGCTACCCCCTTAACG,4
TGCTACGCTGATACCA,4
TGCTGACAGCCTACAT,4
TGCTTAACAGCACGTG,4
TGCTTGACCTTCATAT,4
TGCTTTCGCGTCTCCT,4
TGGAACCGTACACCAC,4
TGGAACCTAGATACAT,4
TGGAAGTCAGAATATA,4
TGGAATGACTTCCTTC,4
TGGACGGTCCTAAGTT,4
TGGACTCAAATCCCGC,4
TGGCACCTCATATTCA,4
TGGCATGTGCCGTAAA,4
TGGCCGATGTGTGCAA,4
TGGCGCACCCTGCTCC,4
TGGCTGACAAATGTTC,4
TGGGAAACATTTTAAC,4
TGGTCAAGCAGCTAAA,4
TGTAACATTAGTCGCT,4
TGTAATTTATCCAGGT,4
TGTACGACCTAAGCCA,4
TGTACTCCTACATAAG,4
TGTAGAAAGGTTATCA,4
TGTATGGGTCTAATGT,4
TGTCAAGCGTTTGGAA,4
TGTCACTTGATAACGC,4
TGTCAGGACATCCAGC,4
TGTCCTACCATGGCTT,4
TGTCCTTACAGTGGTG,4
TGTCGCCTATGAAGAA,4
TGTGACCAGCCACCCG,4
TGTTAAAGAAAATATC,4
TGTTAGGTACCATTAT,4
TGTTATGTTGAATTCC,4
TGTTCTATAAAGGAAA,4
TGTTGAAAAAAACCCA,4
TGTTGTAATACGACAT,4
TGTTGTATCAGTTTGA,4
TGTTTGAAGCCAGGTC,4
TGTTTGACAAAGTTGC,4
TTAACAACGTCAAATC,4
TTAACACCAAGTTTAC,4
TTAACATACATTAGCC,4
TTAACCTCATTCACAA,4
TTAAGAAACACAACTA,4
TTAAGACGCGATGATA,4
TTAATCTTGCAATCGG,4
TTAATTCAAACAGCTC,4
TTAATTTTTTTAAGCC,4
TTACAATTCTTCCAAA,4
TTACACGTTAAAAGTC,4
TTACACTAGGTCTAGA,4
TTACAGAGTGAATAGA,4
TTACCGATAAGTAGAC,4
TTACCGGGTGAAATAT,4
TTACGAAACCACCATC,4
TTACGGGGCTGAATGT,4
TTACGTGAGCGACGAA,4
TTACTGCCTGTGGCCT,4
TTACTTTAAGGGGAAG,4
TTAGAAATAATCACAA,4
TTAGAACACCCCTGGA,4
TTAGATAAATGAAGAC,4
TTAGATATTCTCATAA,4
TTAGCACGACTCGAAA,4
TTAGCGCCTCAGGCTT,4
TTAGGAGTCTGATAAA,4
TTAGGATATATACCAC,4
TTAGGCATCTAACTCA,4
TTAGGTCTTTGGTAAC,4
TTAGTATTTAGCTTAA,4
TTATAAAACGGCTGCT,4
TTATAAACAGTGTTCT,4
TTATAACAACCGTATG,4
TTATACAACAACCCGA,4
TTATACCCATATAAAA,4
TTATAGGCCGAAACCA,4
TTATAGTATAAGTCAT,4
TTATAGTTAAATAGAG,4
TTATCCAGAAACCCTC,4
TTATGAGGCACAACTT,4
TTATGCCAATCCCAAA,4
TTATGCCATGAGGCCT,4
TTATTATGTGGGCTAT,4
TTCACGTAAGCCAAAT,4
TTCACTAACTTGCTGA,4
TTCAGCGCACTATGGC,4
TTCCATAGACTCTTCA,4
TTCCCACGTCAGCGAT,4
TTCCCATCAAACGGAA,4
TTCCCCTTGAAAGTAA,4
TTCCCGACCGGCGACC,4
TTCCTCATTGCGTGAA,4
TTCCTGGAGACCCATT,4
TTCGACAAGACAGGGC,4
TTCGCAAATCAACTCG,4
TTCGCGCCCACTTGAG,4
TTCTAAAATGGCCATT,4
TTCTAATGCGCTACCA,4
TTCTAATTCAGACATT,4
TTCTGCAGTTCATGTC,4
TTGAAGCCGGACAACC,4
TTGAAGGATTAATGTC,4
TTGAATACACGCATGA,4
TTGAATGACAGAAACC,4
TTGACGAGTTAACTGC,4
TTGACTAGATATCTAG,4
TTGAGAATCACCAGAC,4
TTGAGCTGCCTGTCGC,4
TTGCCCGCTATGTCGT,4
TTGCCTAAACAGCCAG,4
TTGCTTGACACATGAC,4
TTGGAAATGATAGTAG,4
TTGGACAACTACAAGC,4
TTGGACTGCATAGAGC,4
TTGGATCTCGGCTCTG,4
TTGGATTCCCAAAACA,4
TTGGATTTGGCTTAAC,4
TTGGCCTAAATCATGC,4
TTGGTATGTCTAAGAA,4
TTGGTTGCTAAACTCT,4
TTGTATTAACAACGGA,4
TTGTCAAATATCAAAG,4
TTGTCTTACATAGGAC,4
TTTAAACGAAGGACTC,4
TTTAACTAATTATGGC,4
TTTACCTCACCGGCTT,4
TTTAGATAATACATAA,4
TTTAGCAATGCAATAA,4
TTTATACACAGGTAAT,4
TTTATACGCTCGACTC,4
TTTATATTTATCCACA,4
TTTCAAAATTACGCTG,4
TTTCAGCGGATAACTG,4
TTTCATTGCAATCGTT,4
TTTCCAAATCAGAACC,4
TTTCCGTACGAACCAA,4
TTTCGAAAAAATCATA,4
TTTCGACAACATCCTA,4
TTTCTATTAGGCTGCA,4
TTTCTCCAGAACAGCC,4
TTTGACGAGTCCGCGC,4
TTTGATACCCCTCCTG,4
TTTGATGGTCTCAAAA,4
TTTGCTAAAACGTCAC,4
TTTGTACCGACAACCA,4
TTTGTCAGTAATATAA,4
TTTGTTCCAAACATGA,4
TTTTAAGGCTCACTCG,4
TTTTAAGTTGGGAAGA,4
TTTTACAACTATAAAC,4
TTTTACCTATATAAAG,4
TTTTATAAGCAGACCC,4
TTTTATACCTTCTCAT,4
TTTTATCAACGAATAT,4
TTTTCACATCACTGAA,4
TTTTGCCCCTATCACT,4
TTTTTACATGAAAACT,4
TTTTTCTGAAAGTACT,4
AAAAAAAACTCCTAAT,3
AAAAAAACTAACGATT,3
AAAAAAGAATACAAAA,3
AAAAAATAAATCTCTA,3
AAAAAATGCTAAGTGA,3
AAAAAATTACCATATA,3
AAAAACAAAAGCTGTT,3
AAAAACAATTAAATTA,3
AAAAACGACATCTTAG,3
AAAAAGCTGAAGTCAA,3
AAAAAGCTGCCCGCCA,3
AAAAAGGTTTTCCAAC,3
AAAAAGTCGCATGAAG,3
AAAAATATATCCGGTA,3
AAAAATGTACTATATT,3
AAAACAAGAAACGCAA,3
AAAACAAGGTATCTAT,3
AAAACACGCCCTCACA,3
AAAACATTATAAATGA,3
AAAACCGTAAGCGACG,3
AAAACCTGCGGTCAAA,3
AAAACGAATATAATAA,3
AAAACGCAATCTAAAA,3
AAAACGCACCCACAGA,3
AAAACGCCTTCTCTAT,3
AAAACGGGTTCATCTC,3
AAAACGTCATTAACAT,3
AAAACTTCTACCGCAC,3
AAAAGACAAAAAAACT,3
AAAAGAGGCATCTTGG,3
AAAAGATAAAAACACC,3
AAAAGCGTCTTCCACT,3
AAAAGCTATTTTTTAA,3
AAAAGGAATCAGCTAA,3
AAAAGGTTCAACACAC,3
AAAAGTAGCCTTTGTA,3
AAAAGTTCCTTCTTTC,3
AAAAGTTCGAACGATC,3
AAAATAAAGAATTTCA,3
AAAATACAACATGTGT,3
AAAATACAACGTAAGG,3
AAAATATGGAGCCTGA,3
AAAATCAAACCAAACA,3
AAAATCCCCAGCACAT,3
AAAATGAGTCACAAGA,3
AAAATGGACCAACTAC,3
AAAATGTCTTATATGT,3
AAAATGTCTTCATAAT,3
AAAATTCAACAACTTA,3
AAAATTTGCGACTCTA,3
AAACAAAACATTTGTG,3
AAACACACAACATATA,3
AAACACAGCGCACTAC,3
AAACACCAAGCCGTAA,3
AAACACGAATGTGTTG,3
AAACACTAAGGACATC,3
AAACATGGATAGACTC,3
AAACCCTCTCTTTGAT,3
AAACCGTTCACACACT,3
AAACGAAGTAAAAAAA,3
AAACTAATAGCTACAA,3
AAACTCTTTAGGTTAA,3
AAACTTAACATCATAA,3
AAACTTGCTTTATACT,3
AAACTTGTATCAATGT,3
AAAGAAATTTTATCTA,3
AAAGAACCTCCCTAAG,3
AAAGAACGATCAGTAT,3
AAAGAAGCGCTTGACC,3
AAAGAATCATCTCAAT,3
AAAGAGAAAACACTTA,3
AAAGAGCCGACAATTT,3
AAAGAGGCCATATTAA,3
AAAGAGTGAATTTTGT,3
AAAGATCCACTAAAAG,3
AAAGCAAGGGAGACTA,3
AAAGCACGCTTGTTTA,3
AAAGCATGACACAAGT,3
AAAGCGCATAAGTAGA,3
AAAGCTTGATAGCCTG,3
AAAGGACTCTAGCACA,3
AAAGGAGTCACAGTGG,3
AAAGGCGTGGTAACTT,3
AAAGGTACTAGTATCC,3
AAAGTAAAGCTAGGTG,3
AAAGTCCCGCTTCAAC,3
AAAGTCCTGAAGCCGC,3
AAAGTCTTATGAAAAA,3
AAAGTGACTGCCTATA,3
AAAGTGCTCGAATATA,3
AAAGTGGTTCTGCTGT,3
AAAGTGTCTAAACTAA,3
AAAGTTTCTAAGACAA,3
AAATAAACAAAGACAA,3
AAATAAGCAGCATTAA,3
AAATAAGCGGAACGTT,3
AAATAAGCTTCAATGC,3
AAATAAGTCATCGCTT,3
AAATACAATATGTAAC,3
AAATAGAGCTATCACA,3
AAATATAATCATACTA,3
AAATATCTAGTAACAA,3
AAATCAAACTGCAGAC,3
AAATCAATAAAAGAAG,3
AAATCAATTCTAAACC,3
AAATCCCCTACATCGA,3
AAATCCGACAACCCAA,3
AAATCCTGATCCAAAC,3
AAATCGTACCCAGGCC,3
AAATCTCATCATCCAT,3
AAATCTTTTGTAATAT,3
AAATGAAGAATGGATG,3
AAATGACTGACCGAAT,3
AAATGAGTCGAAATAT,3
AAATGCCAAATGCAAA,3
AAATGTACAATACATA,3
AAATTAATTATGCATA,3
AAATTAATTCCCAAGA,3
AAATTACTGGCCCTTA,3
AAATTAGGAGAGAACG,3
AAATTATACAATCTGC,3
AAATTCACCCCTATGA,3
AAATTCGAGGTAGTAT,3
AAATTCGGTTTAACCG,3
AAATTCTGTGTAACAT,3
AAATTTCTAGGTTCTA,3
AAATTTCTTCGTCGGG,3
AAATTTGTTTGTGCAC,3
AAATTTTGACAGACAC,3
AAATTTTTTTGGCATC,3
AACAAAACACATAATT,3
AACAAAGGTCGCTAGC,3
AACAACCTCCGTGAAA,3
AACAACGTGCCAATCG,3
AACAAGAATCGCCAGA,3
AACAAGACTAGGCGTA,3
AACAATGAGAGCTCTC,3
AACAATTAGACTCTAG,3
AACACAATATCCAAAA,3
AACACGACCTATACGC,3
AACAGAACGAATTATC,3
AACAGCGATCGCCTAT,3
AACAGGAGGATTGCTG,3
AACAGTATATAGATCA,3
AACAGTTCTTCCACGC,3
AACATAACACGGACGC,3
AACATAGCCAAGGTCT,3
AACATCGCACGTTTGG,3
AACATTCCAGATGAAA,3
AACATTGTAATTCTTT,3
AACATTTCAATCCGCG,3
AACCAAATAACCTTAA,3
AACCAAATATAAATCC,3
AACCAACGAATCTGAG,3
AACCAAGCCCTAAATT,3
AACCACGTACCATTAG,3
AACCACTAGCATAATT,3
AACCATAAAGGATTTT,3
AACCATATTATCCTGA,3
AACCATTAGCGAACCT,3
AACCATTTTCACTTCA,3
AACCCAAATGGAAAAT,3
AACCCAACGAAGTGGC,3
AACCCAAGTGAACTCA,3
AACCCAGTTAGCAAGG,3
AACCGACCACTGCTAC,3
AACCGCCACTTAAAAT,3
AACCGCTGACAAAACA,3
AACCGGTCCGCGTGCA,3
AACCGTTCGAGCATTA,3
AACCTAGACCAAAGTA,3
AACCTCTATCTTACAG,3
AACCTGCCCCACTCCT,3
AACCTTAATTCGTCTC,3
AACCTTCACCTCAGTG,3
AACCTTCCCACCATGG,3
AACCTTTGCGAACAGG,3
AACGAAAGATATATGT,3
AACGAATTAATACTAA,3
AACGACTCACTCGATA,3
AACGAGGAAGCAGAGA,3
AACGATAGCTCACAAA,3
AACGATCTTTTTTTCA,3
AACGCATTGCTGACCA,3
AACGCTGAGAACCCCA,3
AACGGAACGGTTAAGT,3
AACGGAATAGCGTAAC,3
AACGTAACATCCACAG,3
AACGTCCCGGACTGAT,3
AACGTGCTACATCCGC,3
AACGTGGGAAGTCATG,3
AACGTTATGGTACTTA,3
AACGTTCATATAAGAC,3
AACGTTTCCCGAAAAT,3
AACTAAAAAACGTGCT,3
AACTAATTTCATGAAA,3
AACTACAGAAAATAGC,3
AACTAGCAACCACTTA,3
AACTAGGAATTAGTTC,3
AACTATTTAAGAAAAA,3
AACTCAACTATACTAA,3
AACTCAGCAGTACTGC,3
AACTGATAACTAAAAA,3
AACTGATGTTAACTTA,3
AACTGCAGCTCGGGCC,3
AACTGGGGAACTAATA,3
AACTGTGCTTACGAAC,3
AACTTATTATAGGCGG,3
AACTTCAGTTATCCCC,3
AACTTCATTGTCCCTA,3
AACTTCCCTGAGGCTT,3
AACTTCTCTACCGGCT,3
AACTTGACCACCAGAA,3
AACTTGAGAGAGGTGA,3
AACTTTAAGATAATTC,3
AAGAAAAAATACTTAA,3
AAGAAACTAACAGCTA,3
AAGAAAGGTCATCACA,3
AAGAACACTCTATTCT,3
AAGAAGTTTCACACCT,3
AAGAATAAGACAAGCC,3
AAGAATATAGAGCGCG,3
AAGAATTTAAGTGTAC,3
AAGACCAAATCTTGTA,3
AAGACGATCGATTAAC,3
AAGACTAATTAATGGT,3
AAGAGAGGTGTGAGAT,3
AAGAGATTACTCACAG,3
AAGAGCAAATGAGTTG,3
AAGAGCATAAAAACAA,3
AAGAGCGCTGAGCATC,3
AAGAGTAAATAATGAT,3
AAGAGTTGGAACTAAC,3
AAGATAACAGGTGATA,3
AAGATACGTGCAAATC,3
AAGATACTTAAGTTCA,3
AAGATAGGTCCGGAAA,3
AAGATCCTGTACCTTA,3
AAGATCTTAGAACAAA,3
AAGCAAGAGATAACAT,3
AAGCAAGCAGCAGATA,3
AAGCAATTGGCCTCTG,3
AAGCAGTAAACTTTAT,3
AAGCCAGTCTGGTAGC,3
AAGCCCACAACCGTGG,3
AAGCCCACATTTAAAG,3
AAGCCGAGATTCGAAA,3
AAGCCGATTCATCCTT,3
AAGCCGTCCAATGCGC,3
AAGCCTGACCACTACC,3
AAGCCTTGAATCTGAT,3
AAGCGAGCAGACTTGA,3
AAGCGATAAAATGTGG,3
AAGCGCCCAACCCCTA,3
AAGCGTATCTAAAATC,3
AAGCGTCCATAGACAT,3
AAGCTAAAATAAATAG,3
AAGCTAATGAAGCGCA,3
AAGCTAGAGCAACTCT,3
AAGCTCCAACTTTACA,3
AAGCTCTTGGAAACAC,3
AAGCTTCATCAAACGA,3
AAGCTTCTTTACAACA,3
AAGCTTTAGTAGATAA,3
AAGGACATTTTCTTCA,3
AAGGACCCCGTGATAT,3
AAGGATATCCAGTTGA,3
AAGGATATTTGTAGCG,3
AAGGATCAGTAGAGTC,3
AAGGATTGCAAGTAAG,3
AAGGCACGGTCTAGAT,3
AAGGCGGAGCCCTATG,3
AAGGGATAAACTACGT,3
AAGGTATTTGAAGTGA,3
AAGTAACATTAGCATA,3
AAGTAAGAATAGAGTA,3
AAGTAAGCAAACCTTA,3
AAGTACGATTGGGACA,3
AAGTACTGTATCTGGA,3
AAGTAGCTATATTTAA,3
AAGTATAACACGACTG,3
AAGTATTCGGGGGAGA,3
AAGTCAAAAGGGGCCC,3
AAGTCAAAGAAGTCAC,3
AAGTCACGATTGCAGC,3
AAGTCAGGTGATTATA,3
AAGTCATATAGGACTA,3
AAGTCTAAACACTTAT,3
AAGTCTACTTGCGTGG,3
AAGTCTCATAAAGTAT,3
AAGTGCAGATTCAGAG,3
AAGTGGGAAATTATAT,3
AAGTGGTGATCCATAT,3
AAGTTAGCAATCCCTC,3
AAGTTATGTGAATGGA,3
AAGTTATGTTGAATTA,3
AAGTTATTTCAGCAAG,3
AAGTTCCACGCCGCAT,3
AAGTTCCCAACTACCT,3
AAGTTGTGGTGGATTG,3
AAGTTTTCGCGCGATA,3
AATAAACTAGTCAGAC,3
AATAAATCTGATAGTT,3
AATAACGTAATAACAA,3
AATAAGACACACTAAA,3
AATAAGGACTTAGGAC,3
AATAAGTCCTCTCGAT,3
AATAATAAGGAATTAA,3
AATAATAGGAAGGATC,3
AATAATATATTCTGGA,3
AATAATCATTGGGTCC,3
AATAATCTAACTTCAT,3
AATAATCTGGCCACCA,3
AATAATTCAATATAGA,3
AATAATTGTCCGTAAA,3
AATACAAACACTAGTC,3
AATACAATTAGTTATA,3
AATACACTCTAAAAAG,3
AATACACTCTTCTCAC,3
AATACAGACCCTGGAG,3
AATACATTTGAGCTCA,3
AATACCGACGAAAGGC,3
AATACCGTAGCATTCG,3
AATACCTTAGAGCTAC,3
AATACGGCGCTGTGAC,3
AATACGTATTTAATAG,3
AATACTAGTAAAGAAA,3
AATAGACCAGAATGTT,3
AATAGGAATAGTTATG,3
AATAGGCTGTTGACAA,3
AATAGGGCCTGATACC,3
AATAGTACTGAGATGA,3
AATATAAAGCCGGTTC,3
AATATATACCATGGCT,3
AATATCCAGGACAATA,3
AATATCCATGTACATA,3
AATATCCCGATCTTGA,3
AATATCCCGCCAAACC,3
AATATCTGGCCTTATA,3
AATATGCAGTGTTAAA,3
AATATTAAATACAATG,3
AATATTTAATAGGGAT,3
AATCAAATAAGACTCT,3
AATCAACCCATGTATA,3
AATCAACGAGAAGGCT,3
AATCAATCCAAGGAAA,3
AATCCACTCAATCGTA,3
AATCCATAAGGTTTCA,3
AATCCCAATATGGGAA,3
AATCCCGCACGTGATA,3
AATCCCTAGAGTAACA,3
AATCCTCAGGTGCGTT,3
AATCCTGCAGCAAAAC,3
AATCTAGTGGCCAGAA,3
AATCTCCGCACTCTGC,3
AATCTGCACCTAATAC,3
AATCTGTTAAAATTTC,3
AATCTGTTACAACCCA,3
AATCTTATATAAAGGG,3
AATCTTGAAATATAAT,3
AATCTTTTTACCTATA,3
AATGAGCGATTACTAA,3
AATGAGTAAATATTGA,3
AATGATCTCTAGCAGC,3
AATGATTTCGTACCAC,3
AATGCAACCTTGTACT,3
AATGCAATAAGATGAC,3
AATGCACCACTCAAAC,3
AATGCAGGCATAATGC,3
AATGCCGCGGGGAGTT,3
AATGCGATTAATAAGA,3
AATGCGGAGGCCGTCA,3
AATGCTGAAGCTCGCT,3
AATGCTGTATTCGAAA,3
AATGGAAAGTCGAAAG,3
AATGGAAATTACTAGA,3
AATGGCAATCTACAAA,3
AATGGCATAGACATCA,3
AATGGCTGCGGTAGAA,3
AATGGGGAGTAACGAC,3
AATGGGTCTCCCAAGG,3
AATGTAATGTTTAAAT,3
AATGTACCCGTGCACG,3
AATGTACGTGGATCAA,3
AATGTAGAGATGAAAC,3
AATGTAGCAACAACGT,3
AATGTATAACAGAATC,3
AATGTCAACAACTTAC,3
AATGTGAAAACCTAAT,3
AATGTGGTGATATGAT,3
AATTAAAACAACATTG,3
AATTAAACATTGACAA,3
AATTAAATATTGCAGA,3
AATTAACTAAAATAGA,3
AATTACAGATGCAGGA,3
AATTACGAGCAGCATA,3
AATTAGAACGATGTGT,3
AATTAGTATCCACGTC,3
AATTATCTAAGTAATA,3
AATTATGAAAGTAATA,3
AATTCCCACCCTTCGA,3
AATTCCGATTATCGAA,3
AATTCCTAACTAACGC,3
AATTCGTATCACTAAC,3
AATTCTGTGCGGATTC,3
AATTCTTGTGATACAC,3
AATTGACAAAGTTGAT,3
AATTGCAAGTACCAAT,3
AATTGGAAAAAATAAC,3
AATTGGAAATTCAATT,3
AATTGGATAGGTCAAT,3
AATTTAAAGCTGGATA,3
AATTTAACATTGCACT,3
AATTTAGTGATGAGAC,3
AATTTGAAGGACTTTG,3
AATTTGGACCAAACCA,3
AATTTTAACAGCCTAA,3
AATTTTCATAATCGCA,3
AATTTTGCAGCAAAAA,3
AATTTTGTACCCAGTG,3
ACAAAAATTCCACAAC,3
ACAAAAGAGTATCCGC,3
ACAAACAAAAGTTTAA,3
ACAAACTTGTTATATC,3
ACAAAGAAAAAGATGA,3
ACAAAGGAAAAAATCT,3
ACAAAGTACATGTACT,3
ACAAAGTGCGTCTGCC,3
ACAAATAAAGCCATGA,3
ACAAATCTCAACAATC,3
ACAAATTTACTAACAA,3
ACAACAAACCAGGAGC,3
ACAACAAATATGAGAG,3
ACAACAACCGATATGG,3
ACAACAAGGACCAAAC,3
ACAACAATAATGAAAT,3
ACAACAGTTCGTCCCT,3
ACAACCTTACACGCGC,3
ACAACGGTTCAGACGC,3
ACAACTAATTTAAGTT,3
ACAACTGCAATTCAAT,3
ACAACTGTAAACGGTC,3
ACAAGACCTACTTCGG,3
ACAAGCTTAATACAAG,3
ACAATAACACGGGGTC,3
ACAATAACTTCGACCA,3
ACAATACAAAAAAACG,3
ACAATCACAAAGAATT,3
ACAATCATTTTTAATA,3
ACAATCCACATTGCCC,3
ACAATCCCGTGTAACA,3
ACAATCTAAGCTAGCT,3
ACACAACCTTCCACTA,3
ACACAAGCTGACCCAA,3
ACACACATCTAACCAG,3
ACACACATTGAAACCT,3
ACACATAGTAGCGTAT,3
ACACATGGTAACTTTA,3
ACACGATATAACCGAT,3
ACACGCCGGCCAATTG,3
ACACGTAGCCGATTCA,3
ACACTACTAGAGACAC,3
ACACTAGACACGGCGA,3
ACACTATTAAATTAAC,3
ACACTGATGCAAGGTA,3
ACACTGTAGTGACTAA,3
ACACTGTTTTTTACAG,3
ACAGAACACCATTTTT,3
ACAGAACACTACAGAC,3
ACAGAAGGAGACCACT,3
ACAGAATATCCGTTAG,3
ACAGACCATCTAACAG,3
ACAGACTCAAAAACCC,3
ACAGAGTTAAGTAGTA,3
ACAGATCAATTCTTAC,3
ACAGCAGCACGGAAAG,3
ACAGCTATGACCTAGA,3
ACAGCTTTGGATGCTA,3
ACAGGAATAGTAGATA,3
ACAGGGAGAAACATAG,3
ACAGTAAAAATAATTC,3
ACAGTCCAGGCTCTAG,3
ACAGTCGTAGCGTTTA,3
ACAGTCTACAGAGTCA,3
ACAGTGATTGGTCATA,3
ACATAAATAGAGCAGG,3
ACATAAATCCCGGCAA,3
ACATAAATGTAAGTAG,3
ACATACAGAAAACAGC,3
ACATACTCATGGTTAG,3
ACATAGACAGTAGAAT,3
ACATATACATATGATA,3
ACATATCTCTTGACGT,3
ACATATTGCCAGCATC,3
ACATCAACCGGTAACC,3
ACATCAATTAGATACA,3
ACATCACATGTCTCCC,3
ACATCCTCACACAAAT,3
ACATCGGTAGTTGAAA,3
ACATCTATATATACAA,3
ACATCTCACCCGAACC,3
ACATGACTCAAACGCA,3
ACATGAGAGAGACATA,3
ACATGATAACCTATAA,3
ACATGGAACTTATCTA,3
ACATTACAGACATATA,3
ACATTACATAATTACA,3
ACATTCATCGTAGCGT,3
ACATTCTAAATTTCTC,3
ACATTTAAATTGGACC,3
ACATTTAACCAATCTG,3
ACCAAAAAACAGCTCG,3
ACCAAAATTCTTCCTA,3
ACCAAATCTGGACGAT,3
ACCAAATTAATAACTT,3
ACCAACATAAAGATAA,3
ACCAATATACTAAAGA,3
ACCAATGACTGTCCTT,3
ACCACAACCTCGGTAA,3
ACCACCCTAAGAGGTA,3
ACCACGACTAATTTTC,3
ACCACTACAGACCAAC,3
ACCACTATTTACCCCT,3
ACCACTGCATTTCAAG,3
ACCACTTCAACAACTA,3
ACCAGCAAACCTAAAA,3
ACCAGCTGTACTTCAT,3
ACCAGCTTTACCTTCG,3
ACCATAATCGAAGAAT,3
ACCATACTTAGATGGA,3
ACCATATTTTAGAAGC,3
ACCATGTGACAGAGTT,3
ACCATGTGCCCCTAGC,3
ACCCAAATTCCAGATC,3
ACCCAACGAAAGGATA,3
ACCCACGAATCTCTCA,3
ACCCCAAAAGCTTTAG,3
ACCCCATGAGGCTTAT,3
ACCCCCGCCCTGGCCC,3
ACCCGAAATACGAATT,3
ACCCGCTGGACCAGAG,3
ACCCGGCATAGTAGAC,3
ACCCGGTTACGCACGA,3
ACCCTAAATTAATGGT,3
ACCGAACACTATGCTC,3
ACCGAACCCTACTTTG,3
ACCGAATGCAAATAGG,3
ACCGCACGTAGGTTCC,3
ACCGGGCGAAAAGACT,3
ACCGGTTCAGTGACTC,3
ACCGTACAACCCCTTC,3
ACCGTGCTCTTTTCGC,3
ACCTAATCATAACCAC,3
ACCTAGACCAAATTGC,3
ACCTAGCAAGCATCAA,3
ACCTATCTCCCGAGTA,3
ACCTATGGGAGCACAT,3
ACCTATTTGCATAAAT,3
ACCTCTAAACAATAAT,3
ACCTCTGATCTACAGC,3
ACCTGAAACGACGGAG,3
ACCTGAGATACAACCT,3
ACCTGGTATGAGTCAC,3
ACCTTAAATAACGCCA,3
ACCTTCGTCTCCGTGC,3
ACCTTCTTCCGCAATC,3
ACCTTTGGCCCTAGAT,3
ACCTTTTAAGCCGCAA,3
ACGAAACATCAATGGG,3
ACGAAACCATCCTGCA,3
ACGAAACTCTTACGGT,3
ACGAAATGCATATACT,3
ACGAACAAATGCACCA,3
ACGAATAACCTGCAAA,3
ACGACGAGCCGAAGGG,3
ACGACGTAAAGCTCAC,3
ACGAGGACGAATCCGG,3
ACGAGGCAAATTTATC,3
ACGAGGCCCCATCAAC,3
ACGATCAAGGTCTTTC,3
ACGCAAGGACCTAACA,3
ACGCACTGATACACCG,3
ACGCAGTAACAATGGA,3
ACGCCAGAGCTTATAG,3
ACGCCATTACTTATAA,3
ACGCCCCCTAGGTGCA,3
ACGCCCCTATTTCATG,3
ACGCCTATCTATAATC,3
ACGCTAAACTTGCTCC,3
ACGCTCACTCGACAGT,3
ACGGAAACTAATTTTT,3
ACGGAACACATAACCA,3
ACGGATATACACTTGA,3
ACGGATGTATGTGATC,3
ACGGCACTAAAAACCG,3
ACGGGCATTGGGATCA,3
ACGGGGAGAAAATATG,3
ACGGGTAACATCAATG,3
ACGGTCGCTATTGACA,3
ACGGTTAGGTCTACCC,3
ACGTAATCATGCACCT,3
ACGTAATGTTAGTGGG,3
ACGTACAATAACAATA,3
ACGTACTACCATTAAA,3
ACGTACTGACGAATTA,3
ACGTAGTGATATCATA,3
ACGTATAACTATTACA,3
ACGTCCTCACAACAGT,3
ACGTCTAACCATTAAC,3
ACGTCTTACTACACAG,3
ACGTCTTTAAATCTAA,3
ACGTGCTCAAGAGACG,3
ACGTGGCCCAATAGAG,3
ACGTGTTACTGTCACG,3
ACTAAAAATACATGAC,3
ACTAAAACTACTAATA,3
ACTAAAGTACTTAATT,3
ACTAAATAATCTACAA,3
ACTAAATCGTAAAGGC,3
ACTAACACCTTAAACA,3
ACTAACAGTGAAGACA,3
ACTAACATTAAGTAAA,3
ACTAACCAACGCAGGA,3
ACTAACCTAGTCTTGG,3
ACTAAGAAACATGCCA,3
ACTAAGATAAAAAAAT,3
ACTAAGATATGAGCCT,3
ACTAAGGATTCTAAGC,3
ACTAATTTCGAAGGCT,3
ACTACACGTCGAACTG,3
ACTACAGAATCTGCCA,3
ACTACAGTGCAGAACC,3
ACTACCAAAATACTTA,3
ACTACCACAAATATTT,3
ACTACTACGTCCCGTA,3
ACTAGAAGTCGCAACC,3
ACTAGAATGAACGTCT,3
ACTAGCCCCAGATTTT,3
ACTAGCGGGCTACTTT,3
ACTATACAACCCTAAA,3
ACTATCGCAAGCAAGC,3
ACTATCTGGGCCTATC,3
ACTATGGTCTAAACTG,3
ACTATTAGTTAGCAAA,3
ACTATTCAAAAGCAGT,3
ACTCAAATAATACATA,3
ACTCAACAAAGCATAA,3
ACTCACCCAAATATTG,3
ACTCATATTATGAAGA,3
ACTCATCCTGAACACA,3
ACTCATTGGGATAGAC,3
ACTCCATATGAGGAAG,3
ACTCCCAGGGGGGATG,3
ACTCGCAATCACGAGT,3
ACTCGCAGCAAATTAG,3
ACTCGGGAGAGAAACT,3
ACTCGTCATTCATTAG,3
ACTCTAGGATTTTCAT,3
ACTCTGACACTAAATT,3
ACTCTGCCGATGGTGG,3
ACTCTGGTATTGGATC,3
ACTGAAATAGCTTTAT,3
ACTGAATACCCCAACA,3
ACTGACAACCGGATCC,3
ACTGACTGTCAACATC,3
ACTGATTTAACGACTA,3
ACTGATTTGTGAATAG,3
ACTGCAACATGCGACA,3
ACTGCAATTAATGATG,3
ACTGCGACATGTGTTA,3
ACTGCGGCTCAAACTT,3
ACTGGATAAGTTATAC,3
ACTGGCTTTGCAATAC,3
ACTGTACTTTAAACTC,3
ACTGTATATTAAGTGG,3
ACTGTATGGCACGGAT,3
ACTGTCAGTCTCTTTT,3
ACTTAAACAACATGCT,3
ACTTAAAGCCTAATCC,3
ACTTAAATCCATTACC,3
ACTTAACACTTCACAA,3
ACTTAAGATACAAAAA,3
ACTTAAGGAATACGAA,3
ACTTACACACACTTAA,3
ACTTACGATTACATGC,3
ACTTACGGAATAAAAT,3
ACTTAGAGTCCTACCC,3
ACTTATGCTTGAACCT,3
ACTTCGTTTAACAAAC,3
ACTTCTCAGATCATGA,3
ACTTGAATTGTTGGGA,3
ACTTGTAAAACAATAC,3
ACTTTATACAGACCTG,3
ACTTTCCATCCCGAAG,3
AGAAAAAAAAACCATC,3
AGAAAAAAGGAATCGA,3
AGAAAAAATAACCTTA,3
AGAAAAATACCGCCAA,3
AGAAAACACCATGGAT,3
AGAAAATAACCAGATT,3
AGAAAATCCAACGATA,3
AGAAACAATATTAGCA,3
AGAAACACTATATCTC,3
AGAAACCATATCCGTG,3
AGAAACCCTGAAAAAT,3
AGAAACGCATTTGAGC,3
AGAAACTATTAAACTG,3
AGAAAGAGCGTATTCT,3
AGAAAGGATGCGCAGC,3
AGAAATAAATAAAGAG,3
AGAAATAACACTCCCG,3
AGAAATACGACATACA,3
AGAAATACGCGAGTGC,3
AGAAATGACAAATGTC,3
AGAAATTTTCGGAACA,3
AGAACAAACCCACTCA,3
AGAACATGTTGTGGGT,3
AGAACTCAAGCCAAAA,3
AGAACTCAGAGATGCA,3
AGAACTGCTGGGGTTC,3
AGAACTTCAGAACACA,3
AGAAGAAATGATCCAA,3
AGAAGCGCTCAGATGT,3
AGAAGCTAGGCAGCAG,3
AGAAGGATCAAGGACT,3
AGAAGGATTGTTTTAA,3
AGAAGTGACGACGTTT,3
AGAATAGTCCGCTCAT,3
AGAATCGAATAGTGAA,3
AGAATGTACACGAGGT,3
AGAATTAATCTTTTTC,3
AGAATTCCATAGATAG,3
AGAATTTTACTTACAC,3
AGACAAAGAACGACTT,3
AGACAAGGAAACAGAC,3
AGACACACTAAAGAAA,3
AGACACATACGCGTAA,3
AGACACCCAAATTAAT,3
AGACAGACATATACGC,3
AGACAGTTAGGTAATA,3
AGACATAACATCGGAC,3
AGACCATGATAGAACT,3
AGACCCTACAAATTCT,3
AGACCGAGAATGCCAA,3
AGACGATCTAGCTTCA,3
AGACGTTAAGCAACCC,3
AGACTAAAACCAGTAA,3
AGACTAACAATATAAC,3
AGACTACCCTCCCACC,3
AGACTCAACCTGTTGC,3
AGACTCTACACCAATA,3
AGACTGACACTTAGCT,3
AGAGAAACATTCGATG,3
AGAGAAGCCCGAATAG,3
AGAGACAAAGCTCAGC,3
AGAGATAAACCCGGGA,3
AGAGATTAACCTGTGG,3
AGAGCCGATGCGTGCG,3
AGAGCCTGAGGCATTG,3
AGAGCTAGTATAAAAT,3
AGAGTAGACATAGATT,3
AGAGTCCCTAATAACT,3
AGAGTTAGTATATTAA,3
AGATAAAGTGACGTGT,3
AGATAACTGATTATGC,3
AGATAAGACCAATATA,3
AGATAAGACTTACAGT,3
AGATAAGCCTTTGAAC,3
AGATACGATAAACAAA,3
AGATACTTTGGTTTAA,3
AGATAGATATATCTAT,3
AGATAGCACCTCGTTT,3
AGATATAATCTTAAAA,3
AGATATCTACAACATT,3
AGATATTATCAACCCG,3
AGATATTGAAAGGATA,3
AGATGGAATATCCCCC,3
AGATGGTTGAAAGTAT,3
AGATTAAGGCGTCAAG,3
AGATTACGCGAAGCGC,3
AGATTGTACGTAAGTA,3
AGATTTAGGGGATTTA,3
AGCAAACTGAACTCAA,3
AGCAAACTTAATAGTC,3
AGCAAAGAAAGAATCC,3
AGCAACTAATATCTCA,3
AGCAAGGCACAACTAT,3
AGCACAATCCACAATG,3
AGCACGATCATTGGAG,3
AGCACTAAAAACGGAT,3
AGCACTAACCGGAAAC,3
AGCAGAAATAATCATA,3
AGCAGTGTCATTTCAG,3
AGCATAAAGCAGATGT,3
AGCATAACACTACTAT,3
AGCATACCAAGACAAT,3
AGCATCTCTGCCATAC,3
AGCATGCTACCCAAGT,3
AGCATGTAATCGACAT,3
AGCCAAACTTTACGTA,3
AGCCAATTCCGAAAAT,3
AGCCATAGTTATACAA,3
AGCCATTACAAGCCAA,3
AGCCCAACGCGATCGC,3
AGCCCAATACCGCAAA,3
AGCCCATTATAAGCAT,3
AGCCCCCGTATCGGAT,3
AGCCGTAACACGCGGT,3
AGCCGTTCATCCACAT,3
AGCCTACTGCCACATC,3
AGCCTGTAAAATACCC,3
AGCCTGTACAACAAGC,3
AGCGAATGATATATAG,3
AGCGACACAGAAAACT,3
AGCGACCGCATAAAAT,3
AGCGAGAAGGTCCACC,3
AGCGAGAGAAATTAAG,3
AGCGATCCAACGTAAA,3
AGCGCAGAAACCTACA,3
AGCGCCGACATCCTTA,3
AGCGGGAAGGTCCCTG,3
AGCGGTAAAAGCCAAT,3
AGCGTAGCATGGGGAA,3
AGCGTGCTGTCCGTAT,3
AGCGTTCTAATATTAC,3
AGCTACAAATCAGGGC,3
AGCTATATTAAGTGTT,3
AGCTGAACCGTACTTT,3
AGCTGTTCTCTTTACC,3
AGCTTCTATCTGGTCA,3
AGGAAATAAACTAAGG,3
AGGAAGAACAGCAATG,3
AGGAAGACGAAGCTCA,3
AGGAAGAGTGCGTAAC,3
AGGAAGCTTTGAAAAT,3
AGGACATTATGACAAA,3
AGGACTATTTACATTA,3
AGGCAAAAACACTTTC,3
AGGCCCCTCTGCATAG,3
AGGCCCTGAACTCCAA,3
AGGCCTCGCTTCAAAC,3
AGGCGACATCTCCTGT,3
AGGCTAGCTATTATAC,3
AGGGACTGGTTCCTTA,3
AGGGAGACAGGTAACT,3
AGGGATCAGCCGATGA,3
AGGGCAGAATATCAGC,3
AGGGGAGTTCTAATGA,3
AGGGGGTGACCCCACA,3
AGGGTACAAGACCACG,3
AGGGTACAATCAAGTT,3
AGGTATAGCAAGGCAA,3
AGGTCGTAGAAAGTAA,3
AGGTGAGTATAAGTAA,3
AGGTGTGACCTCCTAG,3
AGGTTCGAAAAAAATT,3
AGTAAAAGCCTTCTCT,3
AGTAACATGGCCTAGA,3
AGTAACCAGATCCCAG,3
AGTAACTGACTTTCCA,3
AGTAAGCTAACTAGTA,3
AGTAATTTCATCATAC,3
AGTACAAAATGTGCGA,3
AGTACCAAGCTCGAGC,3
AGTACCACCTCAGATT,3
AGTACGAAGAGAGATA,3
AGTACTCAGAAACTCT,3
AGTAGACAATAACCCC,3
AGTAGCGCTGAGCAAA,3
AGTAGGTTATTGTCAA,3
AGTATAACACCATACC,3
AGTATAACAGCAAAAC,3
AGTATACCTGCTTGCA,3
AGTATGAACTAAAAAG,3
AGTATGTTTGACGACT,3
AGTATTATTATAAACC,3
AGTCAAGAAATAACCC,3
AGTCAAGTAACCCATC,3
AGTCAATGAGTATCAA,3
AGTCAATTGAAGCCTC,3
AGTCATCAAGTCTACC,3
AGTCATCATACCACCA,3
AGTCATCCCAATCAAT,3
AGTCCCCACTATACCA,3
AGTCCCCAGATAATAA,3
AGTCGAAGCCAATCCG,3
AGTCGACCCACCAAAA,3
AGTCGGGCCAAGACAC,3
AGTCTTACAAAGTACG,3
AGTGAAAAAGAGACAA,3
AGTGAAACAGCGAACT,3
AGTGAAACTTACCCAA,3
AGTGAAGGACGAGTAA,3
AGTGAATATAAACCAC,3
AGTGAATTGCTAGTTA,3
AGTGATAAACCGGCAA,3
AGTGCAACTTAAACCT,3
AGTGGCCTAATCATAC,3
AGTGTGACAATTAATA,3
AGTTAAGATACCACCT,3
AGTTAGGTTGGGCTAG,3
AGTTATATAGAGAGTA,3
AGTTATTTACTATGAG,3
AGTTCAGACACTGGGA,3
AGTTCCCTAAATACAC,3
AGTTGAATAGTAGGGA,3
AGTTGTATCTTAGACC,3
AGTTGTCGGATTTACT,3
AGTTTAACTATACGAG,3
AGTTTACGAGAGAAAA,3
AGTTTACTACCGTGTA,3
AGTTTGATTAAGACAC,3
ATAAAAAAGGAATATG,3
ATAAAAACATCTTATT,3
ATAAAAATCAAAAATA,3
ATAAAAGTACATATGT,3
ATAAACAAAGGAACAA,3
ATAAAGATACAGGCAA,3
ATAAAGTGAAAGACTA,3
ATAAATACGTATAGAA,3
ATAAATAGTCATAATC,3
ATAAATCCAACTAAAT,3
ATAAATGACTAGAATT,3
ATAACCAAAACTTAAC,3
ATAACCTTTCTGAGCT,3
ATAACTAAAATATATT,3
ATAACTACTAGCATTG,3
ATAACTCTAGCAGCTT,3
ATAAGAAATAGGTGAA,3
ATAAGAATTGCAAACA,3
ATAAGATCCAATGAAA,3
ATAAGCCGAAATTCTT,3
ATAAGCGGTAAACGTA,3
ATAAGCTTCGGATTTA,3
ATAAGGAACTGAGGCA,3
ATAAGGAATGTATATG,3
ATAAGGATCTAATATA,3
ATAAGGGCAACTCGCA,3
ATAAGGTGCCAAATTT,3
ATAAGTCAGAGCCACA,3
ATAATGCAGCCAGACC,3
ATAATGGGAGTTACCA,3
ATAATTAATCACACCA,3
ATAATTATAAAACTCC,3
ATAATTATCTACGAAT,3
ATACAAAGGAATAGCC,3
ATACAACGGTAGCATA,3
ATACAACTGACTATTG,3
ATACAAGTCAACATAA,3
ATACACAAGATTATAA,3
ATACACACCGGCAGTG,3
ATACACCCAAACGCTT,3
ATACACTGGAAAACAT,3
ATACAGAATAGAAAGC,3
ATACAGTAAGGAATAA,3
ATACATATACAGGGGA,3
ATACATCTGCAGGCAA,3
ATACATGACCTCCTAA,3
ATACCAATAATATATT,3
ATACCAGAAACTATGC,3
ATACCCAGCGAACATA,3
ATACCCGGAAACGGAG,3
ATACCGTAAGTTGATA,3
ATACGCTCTAAACGCG,3
ATACGCTGACTTAACG,3
ATACGGTAACAAAATT,3
ATACTACTTACCAGTT,3
ATACTATAAATGGTAT,3
ATACTGATGATGCCAG,3
ATAGAAAAAGATGATC,3
ATAGACCTGAAATCAC,3
ATAGATCCTTACTAGA,3
ATAGATTACCGGTGAA,3
ATAGCACCTCGGAATT,3
ATAGCAGTTAGTAGCT,3
ATAGCCGTAACATCCG,3
ATAGCCTCGCCACCTG,3
ATAGGCACTATGGTTT,3
ATAGGCCCTTCTTTGC,3
ATAGGCGAATTGTTGC,3
ATAGGGATGCAATGAT,3
ATAGGTCTATGTTCCT,3
ATAGTCAGGTACTGAC,3
ATAGTGCTACATACTA,3
ATAGTTCTAAGTAATG,3
ATATAAACCCGCGACA,3
ATATAACTGACGGCAG,3
ATATAAGACTCATTAG,3
ATATAAGAGGAAAACA,3
ATATAAGATACAGATG,3
ATATAATTTCACTGAC,3
ATATACATAGAAAACA,3
ATATACGTACGACACG,3
ATATACTAGTTCATTC,3
ATATACTGAACCAGAT,3
ATATATCGTGGAAAAT,3
ATATCAATAAGAAAAC,3
ATATCAATGGTTTTCT,3
ATATCTCTTTAGAGTA,3
ATATCTTGAAGAGCCT,3
ATATGATACACGATTG,3
ATATTCACTAGTGATA,3
ATATTGCTGATCACAT,3
ATATTTAGCCTACCAG,3
ATATTTCCTACGGTCT,3
ATCAAAAGAAATACAA,3
ATCAATAGCAAGCAGG,3
ATCAATCTTGACCTAA,3
ATCAATGATCGACATA,3
ATCACAAGAGGACTAT,3
ATCACACAAAAGACGG,3
ATCACATGATGACAAA,3
ATCACCATGCACAAAT,3
ATCACCCAACACAAAC,3
ATCACGGTTTACAGGC,3
ATCAGAAAGCTCCCCA,3
ATCAGAAGGCCTGGAT,3
ATCAGACATTGGTTAA,3
ATCATACTAAAAAACT,3
ATCATCAGCCCGCATC,3
ATCATCCTCGAGAGAG,3
ATCATCTTGTAAACCA,3
ATCATTATTTGAGACA,3
ATCATTTTTAAGTAAA,3
ATCCAAAGCCATCGTG,3
ATCCAAGCAAATTAAA,3
ATCCATCAACCCACAA,3
ATCCATCCCCAACAAA,3
ATCCATCGTTCGGTGG,3
ATCCATGTCACTTATT,3
ATCCCCCTGATTTCTT,3
ATCCGAACAATACCAC,3
ATCCGAATACATTCAG,3
ATCCGATACACGTAAT,3
ATCCGTAACCCAGCAA,3
ATCCTCTTAAAAGCGA,3
ATCGAATTTTACTTCA,3
ATCGACTGATCACGAT,3
ATCGAGTAATAAGAGA,3
ATCGCCTAATAACTAC,3
ATCGCCTCAAGAAAAA,3
ATCGCGACCGTAAAAA,3
ATCGCGTACCCCAAAT,3
ATCGTCAGTGATGTAA,3
ATCTACCATTCCCCAA,3
ATCTACCTTGGTTCGT,3
ATCTACGAACAATGTT,3
ATCTAGCGATGACATT,3
ATCTATCAGCAGACCT,3
ATCTCACAAGTGAAAA,3
ATCTCATCTTGCAGTG,3
ATCTCCGTTCTATGGA,3
ATCTCTACAAAGAATT,3
ATCTCTATTACCCATC,3
ATCTCTTCGTCTCGTG,3
ATCTGCTATCCTAATT,3
ATCTTCGAGAATACTC,3
ATCTTGCCCACGACCC,3
ATCTTGTTAGATGAAT,3
ATGAAAATACACTAAC,3
ATGAAAATGAGCCAAG,3
ATGAAAGCATCTATGC,3
ATGAACCAATTCAAAA,3
ATGAATATACCAGCCA,3
ATGAATATCAAACCAT,3
ATGAATATGTACAAAG,3
ATGAATCACCAATGTC,3
ATGAATCGAGATATCT,3
ATGACGCAGTGGACGC,3
ATGACTAAAAAAAGGA,3
ATGAGAGAATTAAGCC,3
ATGAGCTTCTTGTTAG,3
ATGAGTTATATAGAGT,3
ATGATACGCGGACATC,3
ATGATCACTACCTCTC,3
ATGATCGAAGATTCGT,3
ATGATTATTGCCCACA,3
ATGATTCAGAAGCAAC,3
ATGCAAAAACACTCCC,3
ATGCAAAACCATAAAG,3
ATGCAAGAATAAATGA,3
ATGCACATACACGAGG,3
ATGCAGACGATGTATA,3
ATGCATATTTGTTGCA,3
ATGCCAAAAATAAACC,3
ATGCCATAAAACACGC,3
ATGCCCAAAACGCGAC,3
ATGCCCTCAGGGCCAT,3
ATGCCTTAGAAGTACA,3
ATGCGAATGGATGCCC,3
ATGCGATTAAACACGA,3
ATGCTATAAACCAATC,3
ATGCTCTCTCCAACAA,3
ATGCTGAGCCCCACGC,3
ATGCTGTCAAAACGCT,3
ATGGACACAGATAACT,3
ATGGACGGAATTCTAG,3
ATGGACTACCTTGCAT,3
ATGGATTAGCAAGACT,3
ATGGCAACAAACGATT,3
ATGGCGGTAGACCATA,3
ATGGCGTTGGAAAATA,3
ATGGCTAGATAACGCT,3
ATGGGACTAAATGAAA,3
ATGGTGGCCAACCCCT,3
ATGTAAAGATAAGCAT,3
ATGTAATCCGCATCTG,3
ATGTACCGCTATATAT,3
ATGTCACCAACCAATA,3
ATGTCACCATTATCGA,3
ATGTCTCTCGCGCAAC,3
ATGTCTGGCCTCACGG,3
ATGTGGGGTAATGGGA,3
ATGTTAATAGGAAACA,3
ATTAAAACGACACTTA,3
ATTAAAATACTAGTTC,3
ATTAAATTATAAAACT,3
ATTAACCCACCGGCCC,3
ATTAAGCGCAAGATCG,3
ATTACAAGCGAAAAAT,3
ATTACAAGCTCAAACC,3
ATTACACAGGGATGCT,3
ATTACAGTACCGTTCC,3
ATTACCACACAACTTA,3
ATTACCACTGTAACAG,3
ATTACCCAAACAAGTT,3
ATTACCCACAGGATCA,3
ATTAGAAATGAGGACA,3
ATTAGAATGTCGGTAG,3
ATTAGACTCACATGTG,3
ATTAGAGCCAACGAGC,3
ATTAGATATTCGCGGG,3
ATTAGCGTAAATTATT,3
ATTAGTCCTTGTCGTG,3
ATTATAAATGATCACA,3
ATTATAAGCTTTGCTC,3
ATTATACACACGATCA,3
ATTATACCTGCTCCAG,3
ATTATAGGAGATGAAT,3
ATTATATAACCGAGAT,3
ATTATCAATACAAAGG,3
ATTATCATAAAACTCA,3
ATTATCCCCGGACATT,3
ATTATTACACCTTCGC,3
ATTATTCCAACAAGAT,3
ATTATTCCAATTTTAC,3
ATTATTCTATGACGAA,3
ATTATTTACAGGAAAA,3
ATTCAAGAAAAAATAA,3
ATTCAAGCGATTATAT,3
ATTCAGACAAAATCCA,3
ATTCATACCAGCTAGG,3
ATTCATCCAATAACAA,3
ATTCATTAAAATACTA,3
ATTCATTTACACTGGA,3
ATTCATTTACTTAGCA,3
ATTCCAGCTTCTCTCC,3
ATTCCTAATACTACTA,3
ATTCCTCTGTAAGCAT,3
ATTCGAATCAATATCC,3
ATTCTGATGACTAATA,3
ATTCTTAACCATATGG,3
ATTCTTATTAAACCGC,3
ATTGAACCTCAATTCC,3
ATTGACGTACTCGAAA,3
ATTGAGACTGCGGAAT,3
ATTGATATAAAAAGTG,3
ATTGATTACACACTCT,3
ATTGCAAAACTGTATA,3
ATTGCATGGCCCTCTT,3
ATTGCGAAAGTAGCCG,3
ATTGCTAGAGCGACCA,3
ATTGGCATACCGTCAC,3
ATTGGGACCCCCCTCT,3
ATTGGTCCCACCCGTG,3
ATTTAAATAAGCAGTA,3
ATTTAAGGTGACTAGG,3
ATTTAGAAGTGTAAAT,3
ATTTAGTCACAAAAAT,3
ATTTATATCTGTATGC,3
ATTTCACGTAAGAAGC,3
ATTTCAGTAAGAACAA,3
ATTTCCCTCTGGCAAA,3
ATTTCGATAACGCGCA,3
ATTTCTCTCACCGAGA,3
ATTTGACCCAAAAACC,3
ATTTGGTTGCGAAAGT,3
ATTTGTCAATTGATTC,3
ATTTGTTCTAGAAAAA,3
ATTTTAATACTGTACG,3
ATTTTACCACGCCAAT,3
ATTTTCATCAAGTGAA,3
ATTTTGTAACATCGCC,3
ATTTTTTTCACCGTGT,3
CAAAAACATCTAGACT,3
CAAAACCAGTCTGATA,3
CAAAACGGAGAAATAA,3
CAAAAGCTTCCGTCAA,3
CAAAAGGCATAAAAAG,3
CAAACATCCGAAAACA,3
CAAACATGGCAGCCTT,3
CAAACTAATTTTAAAA,3
CAAAGAAAATACAATC,3
CAAAGAACATATCAGA,3
CAAAGACAAGCACGCT,3
CAAAGACTGACCGCAA,3
CAAAGAGGTACCCAAA,3
CAAAGGTTTATTCTAG,3
CAAAGTACCCGGAGTA,3
CAAAGTTGACTTCACT,3
CAAATAACAACGAATT,3
CAAATACATCCTGACC,3
CAAATAGACTAAGGTG,3
CAAATCCAATGACAAC,3
CAAATGATGTTACAAG,3
CAAATGGGTTTAACAA,3
CAACAAGACAATTAGT,3
CAACAATTGAAGGACG,3
CAACACAACCTACTTA,3
CAACACATCACACTAC,3
CAACATACAATCCTCA,3
CAACATATCGGCCAAG,3
CAACATTAGTAAAAAC,3
CAACATTCCGAAAATT,3
CAACCAATACATGTTT,3
CAACCACTGTAATCTA,3
CAACCAGACTAACCGA,3
CAACCGATGACTACTT,3
CAACGCCTGAGTGGGC,3
CAACGCTCACAACTTA,3
CAACGGAGTTACTTAG,3
CAACTCATTTCGAGTC,3
CAACTCGAATCACAAT,3
CAACTGGACTTACGGG,3
CAAGAAATACTTGTAG,3
CAAGAAATGCAATGTA,3
CAAGAAGGAAACATAG,3
CAAGACACCGAAGCAC,3
CAAGACGTCCAACCAA,3
CAAGAGGGCTATAAAG,3
CAAGATAGGATCGGCT,3
CAAGATTCACCAAACC,3
CAAGATTTGCCAGAGG,3
CAAGCAATGACTACGC,3
CAAGCGGAACTAATGA,3
CAAGCGTTCTACTAAT,3
CAAGCTGCAATTTCAC,3
CAAGGAATCCAATAGC,3
CAAGGATTACATGCTC,3
CAAGGGCTAAAACCAC,3
CAAGGGTAGGCTTTAT,3
CAAGTATACGATAAGC,3
CAAGTTATATTTAAAA,3
CAAGTTTTGAAGAAAG,3
CAATAAAAGCGTACAG,3
CAATAACTAAGATTTT,3
CAATAACTGTCATCTT,3
CAATACCACTTTGGCC,3
CAATACCTAAAAAAAT,3
CAATACGACCATCGAA,3
CAATACTACGCAAGAA,3
CAATAGAGAGGGAAGT,3
CAATAGGATCGAAAAC,3
CAATATAAGTTAATAA,3
CAATATCTTAAGGTTA,3
CAATATTTTCATACTT,3
CAATCAGAGTACAGAT,3
CAATCGCTAAAAACCC,3
CAATCTCATTAATGCA,3
CAATCTGCGCAAATAG,3
CAATGACAGATCAATT,3
CAATGCTGTCGAAAGG,3
CAATGGACTATGAATA,3
CAATGGCACACAAATA,3
CAATTAACCGCTTTAA,3
CAATTAATTTGAGAGA,3
CAATTCATAAAAAACA,3
CAATTGGAAGAAACAT,3
CAATTTAAAGAATCTC,3
CAATTTAGGCGTTGGA,3
CACAAAAAATTATTTG,3
CACAAAAGTAGGGCGA,3
CACAAACAACTAAAAA,3
CACAAACTGGGAATCC,3
CACAAAGACAGGACGG,3
CACAAATGCGGATACA,3
CACAATGAGATAATAT,3
CACAATTCTGTATAGT,3
CACACAACTTAGACAC,3
CACACAGTTAAGCCAA,3
CACACATATGGATTAT,3
CACACCGAACTGTGAT,3
CACACCGTACCGCCAA,3
CACACCGTCAGTCCTC,3
CACACCTTTTTAAAAA,3
CACACGGAACTTGGTT,3
CACAGATTCACATCAA,3
CACAGCCTTCCTGATT,3
CACAGGAACAATAAAA,3
CACAGGAACCCAAAAA,3
CACATAAACACGTCAA,3
CACATATATGAATGAG,3
CACATATTGATCAACG,3
CACATCCATTTTAATC,3
CACATGATACACCCAA,3
CACATGTACCCCCTAG,3
CACCAAAAAGTTAGTA,3
CACCAGGTCGTGTATC,3
CACCCACAACAGCAAA,3
CACCCACCATGCAGAC,3
CACCCATATATCCACA,3
CACCCATTTGACCACA,3
CACCCGCTAACCACCC,3
CACCGCAAGATTTGTA,3
CACCGGTACAGATCCA,3
CACCTGAATGCTCATG,3
CACGAAAATAACAAAA,3
CACGAACGGACCCCCT,3
CACGACAAAAACTTCT,3
CACGAGTCCCTCGATT,3
CACGATCAGATAAACT,3
CACGATGTCTTCCGTT,3
CACGGCCGGCTATTAA,3
CACGTGGTGCCTCAAC,3
CACTAGGACACAGATG,3
CACTATGATAAACCAA,3
CACTCAATTTAAATAT,3
CACTGGGTCACTCCAA,3
CACTGTGAGAAGTATG,3
CACTTAAGAAATATGG,3
CACTTACCTTACACAG,3
CACTTCTAATCTCATG,3
CACTTCTTCACTCGGA,3
CACTTGCCCAAATGAC,3
CACTTTAGTCATATTG,3
CAGAAAAGATTTTACC,3
CAGAAAGTGTATTATA,3
CAGAATCGAAAAGACC,3
CAGACATCGAACAGAG,3
CAGACCCTTTGACAAT,3
CAGACCTAACCCCTTT,3
CAGACTATGCTTTTAG,3
CAGAGGAATCAGTAAT,3
CAGAGGGTCTGAATCT,3
CAGAGTCCCTCTGCGT,3
CAGATAAATTCAAATG,3
CAGATAACTTAACGGC,3
CAGATAGCTGTATAGT,3
CAGATAGTGCAATAGC,3
CAGATTACCACAATTT,3
CAGATTGCTGGCATAA,3
CAGCAACACTCGCATA,3
CAGCAACGGAAGCGAG,3
CAGCACGATTCACCCC,3
CAGCATAATAACATGA,3
CAGCCCTACTCAAAGC,3
CAGCCCTTACAGATGC,3
CAGCCTGTGCCACTGA,3
CAGCGTAAGTGCATGT,3
CAGCTCGTCACAATAA,3
CAGGCGACTACCAAGA,3
CAGGGCACTTTGCAGC,3
CAGGTCCTAGTATACA,3
CAGTAAATCTTTTGAC,3
CAGTACCGCTACCACG,3
CAGTGATTGTACACCC,3
CAGTGCAGAAGATTAC,3
CAGTGTGACACCCCAA,3
CATAAAAAACATGTGA,3
CATAAAAACCGATACA,3
CATAAATTATTCAATA,3
CATAACATGGACAATT,3
CATAATGAAGAGTTAG,3
CATAATTAGAAATCCC,3
CATAATTATGTAGAAC,3
CATACAAAACCATAAC,3
CATACAAAATTCAGTC,3
CATACAAAGAAAGCAC,3
CATACGTGTTAAATGA,3
CATACTACCATAAATA,3
CATACTATGTCTATGA,3
CATAGATGAAAAACTA,3
CATAGTACACTCCAAA,3
CATATAATTGCTGAAG,3
CATATAGAATACCCTG,3
CATATATGACCCAAAT,3
CATATGCGTAGAAAAG,3
CATATTGCAGTACGCT,3
CATATTTAAGAAACAA,3
CATCAACTATAGGGAA,3
CATCACCACGAGATCA,3
CATCACTGATAGACGG,3
CATCACTTAGTGCTTT,3
CATCAGATTACAATAA,3
CATCCATATCCAGTAT,3
CATCCCTCATACGACT,3
CATCCGGGTGCCCGAG,3
CATCGAATCACATTCT,3
CATCGACACTACGCAA,3
CATCGCTAAACCATTC,3
CATCGCTCCATCGACA,3
CATCTAGAACTCTAAC,3
CATCTAGCTGTGAACG,3
CATCTGAAAAACATTC,3
CATCTGGCATGTAAGA,3
CATCTTTAATAGTGGC,3
CATGAATAAAATTACA,3
CATGAGTGACTATACT,3
CATTAAAAGAGCGTAA,3
CATTAGACAGGGAATC,3
CATTATCAGGGTACGT,3
CATTATGTACATTCAG,3
CATTCAACGTTATACG,3
CATTCATAACATTTGC,3
CATTCCAAATAGCCGA,3
CATTCTAAGACCTGTC,3
CATTCTATACAGCCTT,3
CATTGACATATGATAT,3
CATTGGGATCTAAAAT,3
CATTGGGTCATGTCAA,3
CATTGGTATAAAAATT,3
CATTTAAATACCCACC,3
CATTTAACAGGGTTAT,3
CATTTACCAAGTCTAC,3
CATTTAGCGATGAGTA,3
CATTTATGACTAATTT,3
CATTTCATGAGACCAA,3
CATTTTGACACAATAC,3
CCAAAACTTATTTTAA,3
CCAAAATAGCATATTG,3
CCAAAATATCTTAACA,3
CCAAAATTTTTTGGCA,3
CCAAAGAGCGTTTGAT,3
CCAAAGGTATTCCAGT,3
CCAACAGATGCTCCTC,3
CCAACTGAGAAAAATC,3
CCAAGAAGATATCTAA,3
CCAAGATTGCTGTTTA,3
CCAAGGAATAACACGG,3
CCAAGGACCTAAACCT,3
CCAAGGATTTCCCCAA,3
CCAAGGGATTGTCATC,3
CCAAGTCGTCCTTACG,3
CCAATAAACCTCTCAG,3
CCAATATCCTTAGCGT,3
CCAATCTAAGAAAAGT,3
CCAATTCCAGAATGCA,3
CCAATTGATTCTAATA,3
CCACAAATCAGCTTAA,3
CCACAACGCCGATAGA,3
CCACAACGTCGCCAAT,3
CCACAACTAAGTAACG,3
CCACAAGCCCGGACGC,3
CCACAATATGAATGGG,3
CCACAGTTCCCGAACC,3
CCACCCCCCTGGCCCT,3
CCACCTGCATGGTATA,3
CCACCTGGAGATTCGG,3
CCACGCCCATCTGCAA,3
CCACGGAGTATTATAG,3
CCACGGCTGAAACTAG,3
CCACGTGAAAACGGTC,3
CCACTAACCACTTGGA,3
CCACTTAAAACAATAC,3
CCACTTAGTACCGCGC,3
CCACTTTAAGTCAGTG,3
CCAGAAGCTTTGCGTA,3
CCAGCCTAGTCCGAGG,3
CCAGTACGAAGAGGAC,3
CCAGTGAGAGCTGAGC,3
CCAGTTTCATAGTCCT,3
CCATAAGGGTGCATTC,3
CCATAATACCTCTAGT,3
CCATAATTGCAGACCC,3
CCATACAAGAGGTCCC,3
CCATATGGTGGGACCC,3
CCATCATTATATAAAA,3
CCATCCCCCTCACCTA,3
CCATCCGTTATTTGGG,3
CCATGAAAAGATATAC,3
CCATGAGCAACAATTC,3
CCATGCAGAATTCCAG,3
CCATGTAACCAGAACT,3
CCATGTCGAGGGAGCA,3
CCATTAAACCTACGCA,3
CCATTACTAATTTCGT,3
CCATTGTGGGACACAC,3
CCCAAAATAAACTCTC,3
CCCAAAATAACTTCAT,3
CCCAAAGCAACCGTAA,3
CCCAACCAGCTTTTAA,3
CCCAATAACCCACTGT,3
CCCAATACAAACATAT,3
CCCAATTCGATTACTC,3
CCCACAAATAAAAAGA,3
CCCACAGCCGACTTGA,3
CCCACATCGCAACGCT,3
CCCACGCAGTAGAAGG,3
CCCACTGACATTGTCT,3
CCCATAAAAACATGGA,3
CCCATAGCTGCATATG,3
CCCATCTACTAAAGTG,3
CCCATGCTAGTAGTTC,3
CCCATGTCAGTCACGG,3
CCCCACCCCGAGATGA,3
CCCCACTAAACACCGA,3
CCCCAGAGAATAGCGT,3
CCCCATGAGACACTGG,3
CCCCCAGGACATGGCG,3
CCCCCCCAGCAATACT,3
CCCCCTCCCCCAACAT,3
CCCCCTCTTAGCCGTG,3
CCCGAAATTATGATGT,3
CCCGAGCGGAAGACAT,3
CCCGATGACCGGTAAA,3
CCCGCGGTTCCGCCCT,3
CCCGGCTCAATCATAA,3
CCCTATGCACTATACA,3
CCCTCAAGCTACAGCT,3
CCCTCAATAGCCAGTG,3
CCCTCCTCCGACCACC,3
CCCTCGCCACGAAGAG,3
CCCTGCACATAAAAAA,3
CCCTTGCTGATTTAGT,3
CCGAAAACACTTATAA,3
CCGAACACGAGAAAAA,3
CCGAACCGGTAATGCG,3
CCGAACTAGCGCTGTC,3
CCGAATCTTAAGAAAC,3
CCGACATCCATCACAA,3
CCGACCCAGGCGAGCC,3
CCGACCCTCAGAATGA,3
CCGAGATACTTTCACA,3
CCGAGGACCATCACCA,3
CCGATGAGAGTAACAG,3
CCGATGATCACCTAAA,3
CCGATTAAATGCTGGG,3
CCGCACATTAAGACGA,3
CCGCGAGTTACTTACC,3
CCGCTCCAAAAAAATG,3
CCGCTCCCACAATAAT,3
CCGGAATTGCGTCATC,3
CCGGCAATCGCTCCCA,3
CCGGGTTCGAACAGAA,3
CCGTAATGTTGCAGTA,3
CCGTATTACATGTAAT,3
CCGTTTTAGCAGGCAA,3
CCTAAACCCATCCATA,3
CCTAAAGAGACATCGG,3
CCTACTATAAATTGAA,3
CCTAGAATCAATCCAA,3
CCTAGACATCTGAAAG,3
CCTATACGCATCTACA,3
CCTATATACAAGATGA,3
CCTATCTGATCATTAA,3
CCTATTAGTGAATTAA,3
CCTCAACCTACCGTAG,3
CCTCAAGATAAATTTC,3
CCTCCAATGCTTGTAC,3
CCTCCATGTTGAATAG,3
CCTCCGAGAGAATCTG,3
CCTCGAAAAACAATTT,3
CCTCGCCAAGATTGAC,3
CCTCTAACTTGGGTTC,3
CCTCTAAGTGTCATTC,3
CCTCTATCATTTACCT,3
CCTCTATTAGAAACAA,3
CCTCTCTGAGGGAAGA,3
CCTCTCTTCTTTCCAA,3
CCTCTTATCACAAACA,3
CCTCTTCACACACCAC,3
CCTCTTTAAGCTAAAC,3
CCTGACATCCTTCATA,3
CCTGAGAAATAGTGTA,3
CCTGCCCGGCTTGCAC,3
CCTGCCGTTATTCACT,3
CCTGTCACAAAAACCG,3
CCTGTCTTATTTCTAA,3
CCTTAAATGCAGACAA,3
CCTTAAATTCTCATCA,3
CCTTAACAAGAGTAAT,3
CCTTAAGACGAATAGT,3
CCTTACGTATGTTACA,3
CCTTACTTGATCCTGA,3
CCTTAGTTAAGCGGAA,3
CCTTAGTTATACCACA,3
CCTTATATAAGTAACT,3
CCTTATGTAGCCCAGG,3
CCTTCATAGTCTTTCT,3
CCTTCGAACCTATTCT,3
CCTTGCATAACCAAAG,3
CCTTGGAAATGAATGA,3
CCTTTAAAATTGTGTG,3
CCTTTGTGGACATAAA,3
CGAAAAGCACAACACT,3
CGAAATAACAACGCCG,3
CGAACAGTGAACACTA,3
CGAACATATTGGGATG,3
CGAACATATTTCTGTG,3
CGAACATTGACTGTCT,3
CGAACCGTGAAAAACC,3
CGAAGAGAAACGGACC,3
CGAAGCTACATCCTCT,3
CGAAGTATTAATACAA,3
CGAAGTCAAAGATAGA,3
CGAAGTCCTGCACGGA,3
CGAATAACCATTACTG,3
CGAATACTATATTCGG,3
CGAATTACGTCATGCT,3
CGAATTGCGTTCCTAC,3
CGACAGGACCATGACA,3
CGACCACTTGACAGTA,3
CGACCAGCACATCTAA,3
CGACCATCTTACGACC,3
CGACCCAAAGACTCGA,3
CGACCCTACCCGTACA,3
CGACGAGCTTATTGGC,3
CGACGCCCCACGCTAA,3
CGACGTTTATTAATTA,3
CGACTAAATCAAAAAT,3
CGACTAACGACCACTA,3
CGACTAGTTCAAACAA,3
CGACTCAAAACAGCCT,3
CGACTTGAGAGATTTG,3
CGACTTTATCGCCAAT,3
CGAGAACTATTTTTCG,3
CGAGACGAGATCAATA,3
CGAGCATATGAAGATA,3
CGAGCCTGGCACATGC,3
CGAGCGACCGACAGTC,3
CGAGCGGAAACCGAGC,3
CGAGGACTAGTGAAGC,3
CGAGGCATAGGATGCC,3
CGAGTAAATTTATGAA,3
CGATAAAAAGAAAAAT,3
CGATAATAAAAAGCCA,3
CGATAATCACGGCATA,3
CGATACTACCTTAACT,3
CGATATCGCATTGCTA,3
CGATCCCAGCGAAATC,3
CGATCTGACGAAAAAA,3
CGATGAACAAGAAAAA,3
CGATGACTAACCTCAT,3
CGATGCACCCCGAGAC,3
CGATGGTTAAAGGACT,3
CGATGTTGATCTTTAC,3
CGATTAATAACCTAAG,3
CGATTCGTCTACTCCA,3
CGATTGTCCCAGTGAT,3
CGCAATAGTAAGAAAA,3
CGCACAAATGCAATAA,3
CGCACGTTACACTGCT,3
CGCAGAAAACATGATG,3
CGCAGAAGCGAGATTT,3
CGCATAATATAACGTT,3
CGCATACGTAGAATGG,3
CGCATCTCGATATAAA,3
CGCATTTCTAGATCAA,3
CGCCAGTCAAATCCAC,3
CGCCCCGTTTTCTCAT,3
CGCCGTATCAATATTT,3
CGCCTAAGGGTAACTA,3
CGCCTGCACGTGGCAT,3
CGCCTGTTACTTGTAA,3
CGCCTTGAGCTGAGGT,3
CGCGAAGCTGTCAGCA,3
CGCGCCATATAAAATT,3
CGCGGCTATTATAACG,3
CGCTAATCCCAGGAAA,3
CGCTAGCTAAGTCCTA,3
CGCTCATGTGGGCGAG,3
CGCTGAATACCATAAC,3
CGCTGACTACTTCCAT,3
CGCTGGAAGATACCAA,3
CGCTTCATTCAACACG,3
CGGAAACAACCCACGT,3
CGGACGCGACATCTAG,3
CGGATAGATTCCTGTA,3
CGGATTCTAGTAAAAT,3
CGGCAATATTGCTCAA,3
CGGCACCAATTTGCTT,3
CGGCAGATATAGATTC,3
CGGCATATGCACACAC,3
CGGCATTAAGAAGGTC,3
CGGCCAACATGACCCG,3
CGGCGGCCATAACGAC,3
CGGGCACATGTTAAGA,3
CGGGTGAATTAAAAAA,3
CGGGTTAACGTTGATA,3
CGGTGAATGGACACGA,3
CGGTGCCATAGAAATG,3
CGGTGTAATTTGGTAA,3
CGTAAACTCCCATGAG,3
CGTAAATAAAAAGCAC,3
CGTACATTTTGGCAAC,3
CGTACCTAATTATGCG,3
CGTATAATATAATATT,3
CGTATCCAGTTCAATT,3
CGTCCCTGGAATACCC,3
CGTCTAGCTACTTCAA,3
CGTCTTCTAGGCCCTA,3
CGTGACTAAAAACGCA,3
CGTGAGCTTCTGAGCA,3
CGTGGTAATTGGACAA,3
CGTTACACGACTTGCC,3
CGTTACATCCATCATT,3
CGTTCACAAAAAATTC,3
CGTTCACGAAATCATT,3
CGTTCTTTAGACCTAG,3
CGTTTATCAATAAAGC,3
CGTTTCGCCTGAATTG,3
CGTTTGAAAATGATCT,3
CGTTTTTCAATTACTT,3
CTAAAAAACGCGACAT,3
CTAAAAACCCAAGATG,3
CTAAAACAACCTGAAC,3
CTAAACGTAACGCCCA,3
CTAAAGCAGTCCCGCA,3
CTAAAGCCCCACCCCA,3
CTAACACATTTGACCA,3
CTAACACGGTTACCAG,3
CTAACATGATCGTAAT,3
CTAACGAAATTAATAA,3
CTAACTAGGCCTTCAC,3
CTAACTCTGGCCCTTC,3
CTAAGATAATGCGAGA,3
CTAAGCAAAGTAAAAT,3
CTAAGTGAATCTAGCC,3
CTAATATATTGGTTGC,3
CTAATCCAATGAAAAC,3
CTAATTATTTTCGCGT,3
CTACAAAGAAGAACCT,3
CTACAACGTGTAGTAA,3
CTACAGACAATGAAGG,3
CTACAGACGAGGCTGA,3
CTACAGTTTGACACCA,3
CTACATTTTGAAAGAA,3
CTACGAACTGTTCTGC,3
CTACGTAGATCCCTAC,3
CTACGTATATAAAATA,3
CTACTATAAGATCCAT,3
CTACTCGTGAATTAGG,3
CTACTTAGAATAGTCA,3
CTAGAAACAAGGTATA,3
CTAGAAAGTAAACATA,3
CTAGAAGATTATAATC,3
CTAGAAGTAAATAATA,3
CTAGACAAAAAAAACT,3
CTAGACATATTGCCCG,3
CTAGACTATTAAACCA,3
CTAGACTTTAGGAGCT,3
CTAGAGGATAGCTACC,3
CTAGATCTAGTTCAGG,3
CTAGCGGTATCCAACT,3
CTAGCTAAACGTAAAC,3
CTAGTCAAAGAACCGA,3
CTAGTTCAAATGCGCT,3
CTAGTTTCTTAATTCA,3
CTAGTTTTAAAAGTAC,3
CTATAAAAATAATTTC,3
CTATAAAAATCAGGCG,3
CTATAAAATACGAACT,3
CTATAGAAATGTATCG,3
CTATAGACTAGGAAAT,3
CTATATAATTCATAAT,3
CTATATTAACGGATCT,3
CTATATTGAATAGAGA,3
CTATCATGGGCACGTT,3
CTATCCACATTGCATA,3
CTATCCTTATGAATGT,3
CTATCGACGCTATCGC,3
CTATGAAAGGAAGTAT,3
CTATGACCTCGTTACA,3
CTATGCTACCTATACC,3
CTATGGGCTTGATACA,3
CTATGTGAGTAAATCG,3
CTATTAAAGGTATCGT,3
CTATTAAGTTTCACAA,3
CTATTGCTAGACCTGT,3
CTCAAAGCTATAAGCC,3
CTCAACAAAATCGGAG,3
CTCAACGCCGTCATCC,3
CTCAAGAGGTTATTAA,3
CTCAAGAGTTTTGGTT,3
CTCAATCTGGTGAAAG,3
CTCACCGCTCCAGAAC,3
CTCACGTTATTTCATG,3
CTCACTCTTCGAAAAC,3
CTCACTTTGCTCTGAA,3
CTCAGAGTGAAAAACT,3
CTCAGCTTCCTCCCCA,3
CTCAGGACTACCAATC,3
CTCATAGAAAAACGGA,3
CTCATCCACACCTTAA,3
CTCATCCCCAATAGGC,3
CTCATGCTGCAAAGAT,3
CTCATGTACAGTGTAC,3
CTCATGTGACCAGAAG,3
CTCATTGACACCACAT,3
CTCCCCCGCAATCAGA,3
CTCCCGGCAATTCCAA,3
CTCCGCATAAAATGAC,3
CTCCGGTGTGGACGAC,3
CTCCTAATACTCAGTT,3
CTCCTCTTAGTTATAT,3
CTCGAAACTTGAGCAC,3
CTCGAAATTCCCGTAT,3
CTCGAGTTAGGGGAAA,3
CTCGCAAGACTTAATT,3
CTCGCCTCTCCAAAAA,3
CTCGCGTACTTACGAG,3
CTCGCGTTTAAGGCGG,3
CTCGGAGGAGAGAAAA,3
CTCGTAACTTGTAACG,3
CTCGTAGACAAACATA,3
CTCTAATCCAACCAGA,3
CTCTATAAAGGACGCA,3
CTCTCTGTTTCATTTA,3
CTCTTAGACAATGCCA,3
CTCTTTGTATAACTAT,3
CTGAAAAAACGGGACC,3
CTGAAAACCTCGACGA,3
CTGAAAGGTTAGGCTT,3
CTGAACCACTTGCCCC,3
CTGAACTAGTCAGCAC,3
CTGAACTTTAACCTAG,3
CTGAATAACAATATTT,3
CTGAATAACTTGTTCA,3
CTGACAATCCATGCAG,3
CTGACCATTTAATACC,3
CTGAGACAAATAAAGT,3
CTGATACTAAAAACGG,3
CTGATGATGCCCAAAG,3
CTGATTCCGTATATTA,3
CTGCACGAAATAATCA,3
CTGCAGCGTATCCCCA,3
CTGCCTAAAATCCTTG,3
CTGCCTCATTTAAAGA,3
CTGCGAGGAATTATAT,3
CTGCTTTGTTCACGAT,3
CTGGAGTGTTTTTTAC,3
CTGGATTCTAACGAAG,3
CTGGCTTTAAGCTGAC,3
CTGGTACTCATCATCT,3
CTGGTAGACAAGTAAT,3
CTGGTCAGATTAGTCC,3
CTGTAGAAAGCGAGAA,3
CTGTAGCTTGTGAATG,3
CTGTCAAGGCAACTCC,3
CTGTCACATCCAATTA,3
CTGTCATTATCCCTAA,3
CTGTCTCACCATACCG,3
CTGTGAAATTAATGTT,3
CTGTGAAGCTAAAGTC,3
CTGTGCATGACTGGCT,3
CTGTTCCACAATGCCC,3
CTGTTTCAAACTGGGA,3
CTGTTTCAGAACACGT,3
CTTAAAAAGATTCAGG,3
CTTAAAAGACTAGCGG,3
CTTAAAGTTCCCTCTG,3
CTTAAATTATACAGCC,3
CTTAATATTACGCTGC,3
CTTAATTCTGCATTAG,3
CTTACGCTACTTAAAA,3
CTTAGACATTTCTTCA,3
CTTAGCACATTATTTA,3
CTTAGCGGTATATGTG,3
CTTAGGTGAGATCATC,3
CTTATACAACGACCGT,3
CTTATAGCCACACCCT,3
CTTATATAACTGGACC,3
CTTATGAGACACGTCT,3
CTTATTCTAACAGATG,3
CTTATTCTAGATGTGG,3
CTTCAAAGCTTTCAAA,3
CTTCCCCAGGTAGTAT,3
CTTCGCGGTGTCGAAA,3
CTTCTAAATAATGAGC,3
CTTCTCAACAAGCATA,3
CTTCTCAGTTTTTAAC,3
CTTCTCATTGGATGAA,3
CTTCTCTCCATGTTTT,3
CTTCTTTTGAACGAAA,3
CTTGAAATTAATTACA,3
CTTGAACCAAATAATG,3
CTTGAAGCTGCAAACA,3
CTTGACCACAGACCCT,3
CTTGACTTGTGAAGCG,3
CTTGGCGGCTGGATGC,3
CTTGGTCATTACAACA,3
CTTGTCAAATCCTTCC,3
CTTGTTCATTAAAATG,3
CTTGTTTAGACCCTTG,3
CTTTAACAAGTTACAC,3
CTTTAACGCAAACATA,3
CTTTAGCCAACCAGTA,3
CTTTATTTAAAATATT,3
CTTTCAAAAATGATAG,3
CTTTCAAGGGTGCAAC,3
CTTTCGATTCCTTGCA,3
CTTTCTCCAAAAAGGC,3
CTTTGAACATTAAGCG,3
CTTTTAATACACCAGT,3
CTTTTACCTAACTTAC,3
GAAAAAAATTACCGAC,3
GAAAAAATAATTTAAG,3
GAAAACATCGATGATG,3
GAAAACCAAAATTTGT,3
GAAAACCCGAACTTTG,3
GAAAACGGACATTAGC,3
GAAAAGATGTCAATAC,3
GAAAAGGTACTGTAAA,3
GAAAATAGCGCGGTTA,3
GAAAATCATAGAAAAT,3
GAAAATCTAGTACCCT,3
GAAAATTACTAACGTC,3
GAAACATCTTGCACAA,3
GAAACATTGATATACG,3
GAAACCAAGAATTGAC,3
GAAACCCTGACATAAA,3
GAAACCGCCCATTAAT,3
GAAACGAGTAGAACCC,3
GAAACGTGTCATATAT,3
GAAACTATCAGTCTCA,3
GAAACTATCATCGTTT,3
GAAACTCCTCAAAGAT,3
GAAAGACTAAATACCT,3
GAAAGGTTAGCTGGAA,3
GAAATAATTATTACAA,3
GAAATAGACACAAGCC,3
GAAATATGTAATCGGC,3
GAAATCTACACATCAT,3
GAAATCTACATGGATA,3
GAAATGGTTCATAATC,3
GAAATTATTTCAGATG,3
GAAATTTAGAAGGCCT,3
GAACAAGATAAATAAA,3
GAACACCAATACCACA,3
GAACAGCACAATCCCT,3
GAACAGCATACTCTAA,3
GAACAGGACATGAGAC,3
GAACAGGATGGACGAC,3
GAACAGGCCATTAATA,3
GAACAGGGGGCCGGCT,3
GAACAGTGGAGCAAAG,3
GAACATAGAATTCCTA,3
GAACATATCGGAAGCA,3
GAACCAAGACAAACAC,3
GAACCAAGCGACAACC,3
GAACCGGCCAATGATG,3
GAACCTGAAAAATGAA,3
GAACGAACCGAAGTTA,3
GAACGTAACAATCAAC,3
GAACGTCTCATAGCAC,3
GAACTCGAAGACCCAA,3
GAACTGCGCGCCTCCC,3
GAAGAAAAAATTAGTA,3
GAAGAACCTAAGGCGC,3
GAAGAATAGTCTTTTA,3
GAAGACAAGCTGCGAT,3
GAAGATATACATAATC,3
GAAGATGGCATAGTTA,3
GAAGCAATAAAAAATA,3
GAAGCAATTCTCAGCC,3
GAAGCCCTACAGAACA,3
GAAGGTTCATCTGACT,3
GAAGTACGTTTGACAT,3
GAAGTACTACTAATCT,3
GAAGTAGGCTAGGACC,3
GAAGTTCTACCCCAAA,3
GAAGTTTGACCAATAT,3
GAATAAAATCCTGTAA,3
GAATAACATCATAATG,3
GAATAATCTGATTTAC,3
GAATACATCAGTATAA,3
GAATACTCCTCTGTGG,3
GAATAGAAGACAAACA,3
GAATAGACGAGATGAA,3
GAATAGTCGCATAACG,3
GAATCAAAGACTCCCA,3
GAATGAGAACAGTGAC,3
GAATGCTGTACTCGCC,3
GAATGGGATGCTGAGC,3
GAATGGGTCTCTTTAG,3
GAATTATTAAGGCTTC,3
GAATTCTTACATCCGA,3
GAATTGCCACCTCAAT,3
GAATTGTTCTCTTGCC,3
GAATTTGCAATAACAG,3
GACAAAATGTCCTCAG,3
GACAATGCTTTCTTTA,3
GACACCAAAATTAAGA,3
GACAGACTGGAGTATA,3
GACAGAGACGAGCGGT,3
GACAGATTAATATAAC,3
GACAGCCCAACTGTCG,3
GACAGTAATAATCGTA,3
GACAGTGTGATACTCC,3
GACATAATTGTAACAC,3
GACATAGGTAGCCTAA,3
GACATATTCGCTCTTT,3
GACATCGAATCCTCTC,3
GACATTAAATACATCT,3
GACATTATGACAAAGT,3
GACATTTACTAAAAAA,3
GACCAAACGTAGGCTC,3
GACCAAGAAGTCCCAG,3
GACCAAGATGAGTAAC,3
GACCAATCCCCCTTTT,3
GACCACCATCGGTGAG,3
GACCACTACAAACTAA,3
GACCATAGGAGTTGAA,3
GACCCCACCGACCGTG,3
GACCCCCGTGAATTGT,3
GACCCCGAGCATGGTA,3
GACCCGACCTATATCC,3
GACCCTAAGACAACTC,3
GACCGAACATTTCCGT,3
GACCGCAGCACAAGAC,3
GACCTAGAGTACAACG,3
GACCTCTATAGCAATA,3
GACGAAAGTTGTAGAA,3
GACGAAGTGATGCCCC,3
GACGACCCGACATATA,3
GACGACCTGTTTTCGG,3
GACGATCACTTACAGT,3
GACGTCTAGTAACGCA,3
GACTAAACCTACCGAA,3
GACTAAAGCCCTTGCA,3
GACTACCATAAGAACC,3
GACTCAACAACTGACT,3
GACTCATTCACGAGGA,3
GACTCCAATCCCACCG,3
GACTCCCGGGAGATAA,3
GACTGCGATAAAAATG,3
GACTGTAATAGCTTTA,3
GACTGTATTCCTCCAT,3
GACTTACTATACTGCA,3
GACTTAGAATAGCTCA,3
GACTTCTATCACCGCA,3
GACTTGGCCTTAGCTG,3
GAGAACAGAGAACTCT,3
GAGAACCACATTAACC,3
GAGAAGACCAATGAAA,3
GAGAATAAGTGAGTTT,3
GAGAATCCCCGAATTT,3
GAGACACTAGCCTTCT,3
GAGACAGAAGACATGG,3
GAGACAGGAAACACGC,3
GAGACCTAAATCTATA,3
GAGACGTATGTAAATG,3
GAGACTGGATCTATCG,3
GAGACTGGGTCAAAAG,3
GAGAGATTTATAAAAC,3
GAGAGTGAGCTTCAAA,3
GAGAGTTTGTGAGACC,3
GAGATAATCGCATTAA,3
GAGATACGATTCACTG,3
GAGATATTTTACTCTA,3
GAGATGAAATAACACA,3
GAGATTAACTTCAATA,3
GAGCAACAATAACCAT,3
GAGCAAGATTCTCAAA,3
GAGCATACACGATATG,3
GAGCATTCAATTTCTT,3
GAGCCTAAAACTAACC,3
GAGCCTTTACTTTTTG,3
GAGCGAGTATAGTTCA,3
GAGCGTAGAATATCGC,3
GAGCTCGGATAATATA,3
GAGCTTCCTATGCTAA,3
GAGCTTTTGTAAGATA,3
GAGGAGTCTAAAGGAG,3
GAGGTAGTTCACCCTC,3
GAGGTTCAACCTAAAT,3
GAGGTTTAACCAAGAC,3
GAGTAGCAACAAGATG,3
GAGTCGAATAATGAAA,3
GAGTGAACAAATAAAA,3
GAGTGATACTTGATAC,3
GAGTTAACAGCCGTAC,3
GAGTTGAAACAAGCAA,3
GAGTTGATTTCACTAT,3
GAGTTTGAATGTTCTA,3
GATAAAATAACAAAAA,3
GATAAAGGTAGCGCGC,3
GATAAATACCAAAACG,3
GATAACTATTGGACTT,3
GATAAGAACGATCAAA,3
GATAAGTATCACTCTC,3
GATAATAAGTAGAAAC,3
GATAATAGTACAAAGA,3
GATAATATCCACTCTT,3
GATAATTCGTATGAAT,3
GATACAACAAAGCAGA,3
GATACCAAAAACGCAT,3
GATACGTAGACACTTG,3
GATACTACTATATGCA,3
GATACTCAGCGGACTC,3
GATAGCATTACCTGTC,3
GATAGGCCTAATGGCT,3
GATAGTGAACGAAACC,3
GATATCTCGAAACTGT,3
GATATGCATTACACTA,3
GATATTTCGCGTGCCA,3
GATCAAATTGTTCCTT,3
GATCAATCACTGAATT,3
GATCACAAAGATATAC,3
GATCATAGCCATCCGC,3
GATCGTCCAATCCCAT,3
GATCTAAAGTATAGTA,3
GATCTAAGGATATAGA,3
GATCTCTCATCCCGTG,3
GATCTGCCGGATACTA,3
GATCTTTATGATAGAT,3
GATGAAAAATGACTAG,3
GATGACAAGTACTCTT,3
GATGAGAAACCAAAGA,3
GATGAGATAATTCATA,3
GATGATAACATAACAT,3
GATGCACTGGATACAC,3
GATGCCAATAAGACCC,3
GATGGAATTCCTCATA,3
GATGGCGACGATTTCA,3
GATGGTGCGCGCCGCC,3
GATGTAAAAGATGTTC,3
GATGTCCTTGAGTCAT,3
GATGTTACAGCATTAG,3
GATTAACAACAACATG,3
GATTAAGATCAAACCT,3
GATTAATACCACCTTT,3
GATTATTCTATTATCC,3
GATTCAATATATGAAA,3
GATTCCATACGCCGGG,3
GATTCCCGCCCTATTC,3
GATTGCAGTAACGTGG,3
GATTGCAGTCTGATGT,3
GATTGTGAAGTAGCGA,3
GATTTACAGATGCAAT,3
GATTTGATCGATATAA,3
GATTTTTCTATCTCCA,3
GCAAAAATAACAATCC,3
GCAAATTTCCACACCA,3
GCAACAAAAGAATGGA,3
GCAACATCGAGCATAA,3
GCAACGCCTGTACATA,3
GCAACTCATACGCCAC,3
GCAAGATAACAATACC,3
GCAAGTAAACCCACAT,3
GCAAGTATGGATATAA,3
GCAATGTGTCCGACCC,3
GCAATTAGGTGGAATG,3
GCAATTGGCGGCAATT,3
GCACACACTCCATAGT,3
GCACACCCCCAGACTG,3
GCACACTATAGAAAAT,3
GCACACTCCTACTCCT,3
GCACAGAAACCCAATA,3
GCACCAAGTCAAGTCA,3
GCACCGAAAGTAAAGA,3
GCACCGGACAATAACA,3
GCACGAAAATATTTTA,3
GCACGAAACGACCTGA,3
GCACGCCCAGCAAGCA,3
GCACGGAAGCCAAATG,3
GCACGGACGGTGCAAA,3
GCACGGATTCAGTTTA,3
GCACGTTCTTAAAAAA,3
GCACTACTTGAGCCTT,3
GCACTCAGAAGTGAAA,3
GCAGAAAAAGAAAACG,3
GCAGAAACGTAGATCA,3
GCAGAATTACAACGTT,3
GCAGACGAAAATGTTA,3
GCAGAGGGGAATTAAT,3
GCAGATGCTCAAGGTT,3
GCAGCGGTCGACAATA,3
GCAGGAACTCGAGCCG,3
GCAGGATTCATCGCTG,3
GCAGGCTCGGTATCCG,3
GCAGGTCAGTTTGAAT,3
GCAGGTCCGTGAACGT,3
GCAGTAAGGCATGAAA,3
GCAGTTATTATATACA,3
GCATAAGGTACAACAA,3
GCATATTGAAACGAAA,3
GCATCAACTTTATATC,3
GCATCAGACATACAGG,3
GCATCTAAATGCGTAT,3
GCATCTATCTCTCTCC,3
GCATCTTGATCCAAGG,3
GCATGAACCGCCAGAT,3
GCATGCCAGACTGTGT,3
GCATGCTTACAACTCG,3
GCATGGTAAATAAAAA,3
GCATGTATCGTTGCAA,3
GCATTAAACTGCTGTA,3
GCATTAATAACTCTTT,3
GCATTGCCGACTTATT,3
GCATTTATCCCGTACA,3
GCCAAAATGTACCGAT,3
GCCAAACGTGATTTCG,3
GCCAACACATGTAGTC,3
GCCAAGTCAGAAATAC,3
GCCAATCTCTGGTATA,3
GCCAATTTAATTAGCA,3
GCCACAACAATACACT,3
GCCACCAAGGACGAAG,3
GCCATGAAAGTTCATC,3
GCCATGGCCCAACAAA,3
GCCCAACAGCAATTAC,3
GCCCAACTCAACTATC,3
GCCCACAGAAGCCCCT,3
GCCCATTAAGAAAAAC,3
GCCCATTCAATGAACG,3
GCCCCCATGGCCCAAA,3
GCCCCGCTATCGGAAA,3
GCCCCTTACAGACCCA,3
GCCCGAGAGACACCAT,3
GCCCTCCCAAGCCTAA,3
GCCCTTATCAATCCTT,3
GCCCTTTCCCACTGAA,3
GCCGAACACTGACCAA,3
GCCGCCAACCAACCAC,3
GCCGCTTTCGGTATTC,3
GCCGGAAACAAAAGCA,3
GCCGGAAGATAAACCA,3
GCCGGATGAACAACAA,3
GCCGTATATAAGAAAT,3
GCCGTCGCAAAAATCT,3
GCCTAATAGTTGGGAG,3
GCCTACCGTAGTACAT,3
GCCTACCTAAAATACA,3
GCCTATGGATACAATA,3
GCCTATTCTCCACAAC,3
GCCTCACACGAGCCTA,3
GCCTCGTAAGTTCGCC,3
GCCTGGGAAAACTAAG,3
GCCTGTAAAAAAGTTA,3
GCCTGTTATCCAAATA,3
GCCTTTGCTAGAATGG,3
GCGAAAGCTGCGGTTA,3
GCGAAGTGAATAACAT,3
GCGAAGTTTCGATTGT,3
GCGAATCGATATCCCT,3
GCGACCAAAAACAATG,3
GCGACCGAGCCCCCTG,3
GCGACTTTCCAGATAT,3
GCGAGATAACAATAAT,3
GCGAGATATTCAACAG,3
GCGATAAACAATCAAT,3
GCGCAATACACCTAAA,3
GCGCATACCCGCGGGA,3
GCGCTCACGAGGTAGT,3
GCGGAAATCAATATCG,3
GCGGAATTCTTTACAA,3
GCGGCAAAGTGATTGC,3
GCGGCACGATACGCTA,3
GCGGGACTTCTTTCAA,3
GCGGGCATTATGTAAT,3
GCGGTACAAAATTATA,3
GCGGTCATTTTTTCCT,3
GCGGTCTCCGAAACCA,3
GCGTAACAAGACAAAC,3
GCGTAAGAATATATTC,3
GCGTATCAGTCCTAGA,3
GCGTGCGAGAAACATT,3
GCGTTCATGAGTAGCT,3
GCGTTTAAACTTTTAA,3
GCTAAAAGAAAGATTT,3
GCTAATCTGGGCTACA,3
GCTAATGCCCCATCCG,3
GCTAATGGCGAATTAT,3
GCTAATTATCTGCACT,3
GCTACAAAAAGGTGGT,3
GCTACACAATGAAACA,3
GCTACCCTCGCATTAC,3
GCTACCTTCGGCCATG,3
GCTACTATCCATATTG,3
GCTACTTACCAATCGT,3
GCTAGCACCTTATATA,3
GCTAGTTACGTTAAAA,3
GCTATACTGATCTTAA,3
GCTATATGAATCTCAG,3
GCTATTGCACGGAGCC,3
GCTCAAACGGTCACAA,3
GCTCAAAGTTAAATTT,3
GCTCAACGCTCAATAT,3
GCTCGAACTTATACCG,3
GCTCTAATATACACCG,3
GCTCTACTTTCCACAG,3
GCTCTCCTACCTAAAA,3
GCTCTTAGCACAAGAC,3
GCTGAAGATAGGAGGC,3
GCTGAATTTGAGCTTT,3
GCTGCTTAAAAGAATG,3
GCTGTCCAGGAATCAA,3
GCTGTTCGATTTATCA,3
GCTTAAACACGTTTTC,3
GCTTACAGATAATGAC,3
GCTTCACACGTGTAAA,3
GCTTGAAGATGCAATC,3
GCTTGGATTAGCCGCC,3
GCTTGTTATCCTGTAA,3
GCTTTCCTGAGCGTGT,3
GGAAAAATATATATGG,3
GGAAAAATTCAATATA,3
GGAAAATAAAAGTGAC,3
GGAAACCAACAGCTTG,3
GGAACCAAATTCATTG,3
GGAACTCAGATGTAAC,3
GGAAGGTTCGTCAGAG,3
GGAATAAAACTGATAC,3
GGAATAATATAATATA,3
GGAATTAAGCGCATTC,3
GGACACCATGAGCGCA,3
GGACACGCCAACGGAG,3
GGACAGTTTTAAGCCA,3
GGACATAATTAACTGG,3
GGACCAGTGACTGAAG,3
GGACCCACGAACTGGC,3
GGACCTGAATATACGG,3
GGACGCATTACCGTCT,3
GGACGTATAAATGTTT,3
GGACTAAGTCTCCTCA,3
GGACTATATCTCGGCG,3
GGACTATGAAACCGCT,3
GGACTCAATCCGTTAA,3
GGAGAATCTTCTAATC,3
GGAGACAACCCGTAGA,3
GGAGATGAGCATATAG,3
GGAGGAAATACGTAAC,3
GGAGTAAGTTCACCGT,3
GGAGTACGAACAGGTT,3
GGAGTATTTAATAACA,3
GGAGTCAAAACGTCTC,3
GGAGTTTAAGACGAGT,3
GGATAATTCACTATTA,3
GGATCAAATAATCATA,3
GGATCAAGAAACTACA,3
GGATCGTCCTAACCAA,3
GGATGCGAACTAAAGT,3
GGATTAGACATTATAA,3
GGATTTTTCCAGAGCC,3
GGCAAAGCACCATATA,3
GGCAAATAAAATTCAC,3
GGCAACGAACAAGCAA,3
GGCAACTCAATATCTT,3
GGCAATCCACAGATAA,3
GGCACCATAACAATCG,3
GGCATCCCATTTAAAA,3
GGCATCTCCCTCTCAT,3
GGCCAAAAGCTAGCCA,3
GGCCCGACCCAATCAA,3
GGCCGATCATTATCGA,3
GGCCGCGATACTATGA,3
GGCCTGGAGGACCATT,3
GGCCTGGTCAGCTATA,3
GGCCTTCCACGAATAA,3
GGCGATCACCTCAGGG,3
GGCGCATTTGAAATCA,3
GGCGCTAGTATAACTG,3
GGCGGTTCGAATAAAA,3
GGCTACGGTCTAAGGA,3
GGCTCAGTACTAAGAT,3
GGCTCCTACGATAGAT,3
GGCTCGTCCGCGAAGA,3
GGGAAGATTCTCTACG,3
GGGACAATACGAATCC,3
GGGACGAAACATATTG,3
GGGAGGTGGCAACATC,3
GGGATAAATAGAAACC,3
GGGATGCCAAGCGCCT,3
GGGATTAAGAAAGGCC,3
GGGATTTGAATTAAGA,3
GGGCAAAGTCTAAACC,3
GGGCCTCAACGCAGAG,3
GGGCTTACTGCCTACG,3
GGGGAACACATACAGA,3
GGGGAACGCGTCTGAA,3
GGGGATCGACTTATCA,3
GGGGATCGTGTGCAAT,3
GGGGCAGCGAAACGAA,3
GGGGCGAAACAACCCT,3
GGGGTGCACTATTAAT,3
GGGGTTCATGTACTTT,3
GGGTACTGGGACCATA,3
GGGTCGGAAGCAACAG,3
GGGTTAAACTGTGTGT,3
GGGTTCCCTCGTTAAA,3
GGTAAAACTTTATTCC,3
GGTAAACATTACTAGC,3
GGTAACATATATGATA,3
GGTAACCAGTTGATGC,3
GGTAGACCGGACATAC,3
GGTATTGGTTAACACA,3
GGTCAAGGAGAACTGA,3
GGTCACTCGGATATTC,3
GGTCAGCAAGCAGACC,3
GGTCGAGGTGCATACC,3
GGTCGGAGATCGATTA,3
GGTCTAGATCGTTTCA,3
GGTCTATGCCGTTATG,3
GGTCTCAAAAGATAGA,3
GGTCTTAGATAATTTC,3
GGTGCTACGACTAAAA,3
GGTGGTGGCCACTTCC,3
GGTTAAATTACCATGC,3
GGTTCTTGAGTGCCAC,3
GGTTGCCTCATTGATA,3
GGTTTACGACCAATCC,3
GGTTTGGGAGGTCGTG,3
GTAAAAAAAATACCAT,3
GTAAAAACAACATCAA,3
GTAAAACAAGTTTGAT,3
GTAAAATAACTGACGC,3
GTAAACCATCTAAATC,3
GTAAACCTCACTTCCT,3
GTAAACCTTCCAGTCA,3
GTAAATAACCAAACCG,3
GTAAATCAGGCTATAC,3
GTAAATTGAGTAGCAT,3
GTAAATTTCAACATCG,3
GTAACCCATATGTGGC,3
GTAACCTCGGTGACTT,3
GTAACCTGTACTCATT,3
GTAACGTCACCATAGT,3
GTAACTATCACAAGTA,3
GTAACTCAGACCCGTA,3
GTAAGAAAAATATTAA,3
GTAAGAATCGTGAATT,3
GTAAGCTCGAGCGACC,3
GTAAGTCAAACTTGAA,3
GTAAGTGTGAATACCA,3
GTAATAAGTCAGATTT,3
GTAATCATCAAAACAA,3
GTAATCCGACTACCTC,3
GTAATGTCGCACAGGC,3
GTACAAAGCCCTTAGG,3
GTACAAATTAAAACAA,3
GTACAAGTTCATGGAA,3
GTACAATCCTTACTGA,3
GTACAGACACGACTGT,3
GTACAGCCCATTTTCG,3
GTACCAACAAACTAGA,3
GTACCAAGTATATCAC,3
GTACCACGGATGTTAA,3
GTACCTTAATCGTTAA,3
GTACGATGATTATGGA,3
GTACGTTATTGCAGGA,3
GTACTGTTTCCAGACT,3
GTACTTATAATCAATA,3
GTAGAAAAACTCCTTA,3
GTAGAACAAGAGAACA,3
GTAGAATTAAACAAGT,3
GTAGATTTGACCCATG,3
GTAGCATACGGAAGAC,3
GTAGCTCTAACATTCA,3
GTAGCTGGAATACGGC,3
GTAGCTTGCATAGACT,3
GTAGGATAAAAAATTT,3
GTAGTATCAAGAAAAT,3
GTAGTTCGTTAGTTAA,3
GTATAAACCATCAAGT,3
GTATAACGAATTTGTC,3
GTATAATGAAATATAT,3
GTATACAAGACGAGAT,3
GTATACACATGCGTAA,3
GTATACCCATCTCGCA,3
GTATATTCGCCAACCC,3
GTATCAGACAACATTT,3
GTATCATGCACATGGT,3
GTATCTAAGCAATAAA,3
GTATCTTTCTTGAATG,3
GTATGCACGTTTGGAA,3
GTATGGACTAAGAAAG,3
GTATGTTTCCAAACGG,3
GTATTACGCGAGTACA,3
GTATTAGGCAGTCAAA,3
GTATTGACTTCAAATA,3
GTATTGGGTAAAGCCT,3
GTATTGTTGAACTAAT,3
GTATTTCACCTAAGTA,3
GTCAAAAACTCAATAT,3
GTCAAACGAACAGCAG,3
GTCAAGATACGAATTA,3
GTCAAGATCAACGAAG,3
GTCAATATACCAAGCT,3
GTCACTCACGGCAACA,3
GTCATACAAAGATTAG,3
GTCATCAAATCACAGA,3
GTCATCGGCAGCGATT,3
GTCATCTACCCTTACT,3
GTCATGCCACCCGGCC,3
GTCATGGTTTCCATAC,3
GTCATTCATTGGGACC,3
GTCATTTCAGGACCTG,3
GTCCAAAGACTTCTGG,3
GTCCATACTCTAGGCA,3
GTCCCAAAGTAATTAT,3
GTCCCCAAGACCGGAA,3
GTCGCATTTATCTATA,3
GTCGCGTTTTATGATA,3
GTCGCTGCACATAGTT,3
GTCGTAATAAGAAATA,3
GTCGTCATCACAACAC,3
GTCGTCCAATTTTTCA,3
GTCTATTGTCATAGAA,3
GTCTCATAGAACTTAC,3
GTCTCGAGCACCTTAT,3
GTCTCTTACGACTAAT,3
GTCTTAATTTAATACA,3
GTGACCAATGCCACAG,3
GTGACCCACTAGACAT,3
GTGACTCGAACATTAC,3
GTGATACACCATCGTT,3
GTGATACCACGAGATT,3
GTGATCAGTGGCAAGG,3
GTGATGCAAAACACTG,3
GTGATGCTAACTAACA,3
GTGATTTCTCTAGACC,3
GTGCAATATGCCTAAA,3
GTGCACCGGCTAAACA,3
GTGCATAAAAATTCGA,3
GTGCCGACAGTTAATA,3
GTGCCTGTTGAAATTT,3
GTGCGCATGCATGACA,3
GTGGAACAGTAAATGC,3
GTGGGATCCTTATGGC,3
GTGTAACTTACTTCTT,3
GTGTCAGTCCCCTGTG,3
GTGTCTTCCAAGGATT,3
GTGTTCATTCATCATC,3
GTGTTTGATGTTATGC,3
GTTAATATATACTCAT,3
GTTAATCACAGATCTC,3
GTTAGCAGTCTTATTC,3
GTTAGCTTATTATGAT,3
GTTAGGATCTCATTAA,3
GTTATAACAAGAATAC,3
GTTATAACTAGAGAAT,3
GTTATCTCAGGCCCAT,3
GTTATGGAACATCCCG,3
GTTATGGACTTAAATT,3
GTTATTGTCCCGTTCT,3
GTTCACACAACTTCTT,3
GTTCACGGGGAACAAT,3
GTTCATTGGTCGCCGT,3
GTTCCAACTCGTATAC,3
GTTCCCAAACCCACTG,3
GTTCTGACTCATAGCA,3
GTTGAAGTCAACAAAC,3
GTTGCACAAAACTAAA,3
GTTGCATAAGTGCACC,3
GTTGGATCGCCTGACA,3
GTTTACCGAAAAACAG,3
GTTTAGACACTTACCA,3
GTTTATCTATGCATTA,3
GTTTATGATATTAATG,3
GTTTCATTTCAGCTCA,3
GTTTCCTGCCAGCATG,3
GTTTGATTTACTTATT,3
GTTTGCTGCTTGGGCC,3
GTTTGGCTACTTACAA,3
GTTTTATCTTTCCCTG,3
TAAAAAAACCAACTTA,3
TAAAAAAAGATACTTC,3
TAAAAACATATATAGT,3
TAAAAAGTCGGTGGCA,3
TAAAAATAACAGACTC,3
TAAAAATATAAGAAAT,3
TAAAACAAGCTCTCCC,3
TAAAACCAATACCAAA,3
TAAAAGCGGACCCAAA,3
TAAAAGGTGTATCGTG,3
TAAAATCTCCAAATAT,3
TAAACAATTGAGATGC,3
TAAACCCCCACATACT,3
TAAACCTTCTGTATAG,3
TAAACTTGAAAAAGCT,3
TAAAGAAGGTGGGAAT,3
TAAAGCTAAACCAAAA,3
TAAAGTTCAATGTATG,3
TAAAGTTTTCATATAT,3
TAAATAGTTATGTGAG,3
TAAATCTATATCAACA,3
TAAATGCACCTAAAAA,3
TAAATTCGAAGCTTTA,3
TAAATTGAACACCATA,3
TAACAACATCTTTCCT,3
TAACAACCCAACCACC,3
TAACAATTAAAATCAA,3
TAACAATTCACATCAA,3
TAACACACCCCGGTCA,3
TAACACATGCGTCACT,3
TAACAGAATAGCAGGG,3
TAACAGCTGACGCAGT,3
TAACATAAAAGTCTAA,3
TAACATAAGATAAGCC,3
TAACATCACGTGCACA,3
TAACATCTTTGCGACA,3
TAACCAAAAGAGCCAA,3
TAACCACTAGTCATTT,3
TAACCGCAGGACGGGT,3
TAACCTCTTATTAATA,3
TAACGAAAATGATCTA,3
TAACGAAAGGCCTGCT,3
TAACGAATATCCTCCT,3
TAACGAGTCTTACAAG,3
TAACGCCCGAGAATCA,3
TAACGCTCACATGACT,3
TAACGGAAGCAAGTCG,3
TAACGGCTCAGCTTAA,3
TAACTACTCAAACTAC,3
TAACTACTTGATACCC,3
TAACTAGAAAGTAATA,3
TAACTCTTTACTGTTA,3
TAACTTATTCAGGCGC,3
TAACTTCCGAACAAAA,3
TAAGAACTGTTATTTA,3
TAAGAATTCCTGAAGG,3
TAAGACGATCGCGGAA,3
TAAGACGTATTTCTCG,3
TAAGACTTTCTGGAGA,3
TAAGAGCACTACACTC,3
TAAGAGGCCTTCTACG,3
TAAGATATGTTGCACT,3
TAAGATTAAATTGGGA,3
TAAGCAAAATCTCAGG,3
TAAGCATCACAGCAAA,3
TAAGCATGCCATACAA,3
TAAGCCATTCAGATTG,3
TAAGCCGCCGTCAACG,3
TAAGCCTAATACTTGC,3
TAAGCGCTCCCCTACG,3
TAAGGAATAAACGCCC,3
TAAGGCGAAATAACAG,3
TAAGGTTTCGCGATAT,3
TAAGTAATTGTTTCCA,3
TAAGTAGTACGAAGTT,3
TAAGTCAGTAACAAAA,3
TAAGTCTGTCACCCGT,3
TAAGTGTAAAGACAAA,3
TAAGTTACTCGCCCTT,3
TAATACACTTTAGGCT,3
TAATAGATAAGCAGCA,3
TAATAGTTGAACCATA,3
TAATATCACGGTACTT,3
TAATCACGGTAGCTCG,3
TAATCAGCGAGCCGGT,3
TAATCATACTCACCTA,3
TAATCGGCCCAATACC,3
TAATCTAAGAACGACT,3
TAATGAAAGCAGCGCA,3
TAATGACTTGCATGAA,3
TAATGAGGTCAAACTG,3
TAATGGCGAACCAACC,3
TAATGGTATATCCACA,3
TAATGTAAATTACAGA,3
TAATGTCTAAGAATTA,3
TAATGTGTAAACTCAC,3
TAATGTTGTTCCCTGA,3
TAATTAAATGAATTTA,3
TAATTACAGCAGCTTC,3
TAATTAGAAAGACACC,3
TAATTATACTGAATCA,3
TAATTCGGTATAGGAA,3
TAATTGATGTAAAAAA,3
TAATTGGTGAAGCCAA,3
TAATTTCCCTGTCTTC,3
TAATTTTTCATTTATA,3
TACAAATTACATAAAA,3
TACAACACAACCTAAC,3
TACAAGACTTTAAAAA,3
TACAAGCTGATCGGCT,3
TACAATCCTGATAAAC,3
TACACAAGCAATAAAC,3
TACACGAGGCATAATA,3
TACACGGATCACACGA,3
TACACTATTTCCAATT,3
TACACTGCCTCCATGG,3
TACAGAACGAAACCAA,3
TACAGGGTCATGCTTT,3
TACAGTCAAGGGCCTG,3
TACAGTTTAATACACA,3
TACATAATTTTTTGGA,3
TACATTCTGTCTGAAG,3
TACATTTTTTATGAAA,3
TACCAATGAATCAAGA,3
TACCACAACGATATGC,3
TACCACCGTTTTCACT,3
TACCAGATTCTCACGG,3
TACCATAAGTAAGAGT,3
TACCATACCAACACAC,3
TACCCCTTTTAACAGC,3
TACCCTAAGTTGCTAC,3
TACCGAAAGGTTAATA,3
TACCGAAGACATGAAC,3
TACCGACGGTGAAAGA,3
TACCGGATAGGAGAAG,3
TACCGGCATATTGGTG,3
TACCGTTAGGCTATTT,3
TACCTACGCTTCGCCA,3
TACCTATACTCTAATC,3
TACCTCAACACAAAAA,3
TACCTGAAAGCCCAAA,3
TACCTGGCTATAACGA,3
TACGAAAATAACAGGA,3
TACGAAATTGACCACT,3
TACGAATGGACAACGA,3
TACGACAATCCACATA,3
TACGCACAAACCGGCC,3
TACGCATACGCTAAAA,3
TACGCTAACAACTCAT,3
TACGGAAACTCAAAAA,3
TACGGAGAACATCGAA,3
TACGGGTTAGCCGCAT,3
TACGGTACCATGTACC,3
TACGGTCCCGTAAAAT,3
TACGGTTCTGCTTAGA,3
TACGTCATTTAACTCC,3
TACGTGCATCTACCCT,3
TACGTTTCTTAACGAA,3
TACTAAAAATTAACCA,3
TACTAAATGTACCGCG,3
TACTAAGCGAATTTCA,3
TACTAAGTTCAAGGGA,3
TACTACAACAAGTCTA,3
TACTAGAAGCTATCTC,3
TACTATTGCACGACCA,3
TACTCCAAATGTCTAT,3
TACTCTATCAAACGAC,3
TACTGAATTGTATTGA,3
TACTGTAATCACCTTG,3
TACTTAAACATCATAT,3
TACTTAACTTATGCAC,3
TAGAAAATCAGCATAA,3
TAGAACCCATGGAAGG,3
TAGAACCTGTACTGAG,3
TAGAATAAAGGAAAGG,3
TAGAATCAACATGGAA,3
TAGAATGCAAATAATA,3
TAGACAAACCGCTGCT,3
TAGACATACCTCCTCT,3
TAGACATCGTAATTCA,3
TAGACCACGAATGACC,3
TAGACCGAACAAGATA,3
TAGACGCGTGGATTTG,3
TAGACGTACCTGTCGG,3
TAGAGAAACAATTACA,3
TAGAGAGAGATTGAGA,3
TAGAGCCACTCTGCAT,3
TAGAGCCTAGTGGATT,3
TAGAGTTTATACGCCA,3
TAGATATTTGGAAGAT,3
TAGATCTTTACTATTG,3
TAGATGGAGGGAGGGA,3
TAGATGGATCTTATCA,3
TAGCACTAGATGACCA,3
TAGCAGAAGTCCTCTG,3
TAGCAGACCCCTTGGC,3
TAGCAGGCTATAGTTT,3
TAGCCCGATACCAAAC,3
TAGCGCACGTTGAGAA,3
TAGCGCCAAATGAGAA,3
TAGCGTGAGGCTAAAA,3
TAGCTTTACAATATCT,3
TAGGAAAACACAACTG,3
TAGGAATCGTTCCACA,3
TAGGACATATGACCAT,3
TAGGAGTTACTGAACC,3
TAGGATAGACCTCAAC,3
TAGGCAACACTTTTGA,3
TAGGCAAGCTTAAAGC,3
TAGGCACCGAAGTGTA,3
TAGGCGACCGCCATAA,3
TAGGCGTAAGCTTACA,3
TAGGGACTAATTAAAG,3
TAGGGTATACGTCAGT,3
TAGTAACGTCTGATGG,3
TAGTAGAACTGCCGTA,3
TAGTAGTATTAGGATA,3
TAGTCCGCGCCATCCC,3
TAGTCTCGGAATTTCT,3
TAGTGCAAGTACGGGG,3
TAGTTACAGATAAGCG,3
TAGTTACCAACACAAA,3
TAGTTATAGACGCGCC,3
TAGTTGCAAGTACGTC,3
TAGTTGTTCAGCTCCC,3
TAGTTTACCATATCCC,3
TAGTTTCTATGAAAGT,3
TATAAAATTGGGTCAA,3
TATAAAGATCAATCTA,3
TATAAAGTACGATACC,3
TATAAATTTGCCCATA,3
TATAACTCTGATACGA,3
TATAATATTTATCATC,3
TATAATTGACCTGCTC,3
TATACAGCTATTACTC,3
TATACAGTTAATGTTA,3
TATACAGTTGACCTAG,3
TATACATACCATGTTG,3
TATACATCGACATCCA,3
TATACCACCGGCCCCT,3
TATACTATATTGATTC,3
TATACTCGTCTTAGAT,3
TATACTGCCACCAGCA,3
TATAGAAGCGCCTTCC,3
TATAGACCTGGGGCAC,3
TATAGCTAAAGTATAT,3
TATAGTCTAGGAGAGC,3
TATATAACACACCGTT,3
TATATAGTACAAAGTT,3
TATATCAGCCAGACCT,3
TATATCTAGTTGAAGA,3
TATATCTGTAATGACA,3
TATATGAAATAACAAA,3
TATATTGTATTACCTA,3
TATCAAAGCCGCCAAC,3
TATCAACCTACCTAAC,3
TATCAACTATCCATAT,3
TATCACTTTACGTGAG,3
TATCAGTAACCCTATT,3
TATCCAATTTATCGAA,3
TATCCACAAGAAGTTG,3
TATCCACAGCTCGTTG,3
TATCCATAACACATGA,3
TATCCTCGATGTAATC,3
TATCGAAATAAAAAGA,3
TATCGCTATTATAGGC,3
TATCGGTGAAAAATCC,3
TATCGTCCCAACAGTA,3
TATCTAATCCTTAATC,3
TATCTATAGATTACCT,3
TATCTCTGAAGCAAAG,3
TATCTTGCTATCACAC,3
TATGACAAAAGCAAAA,3
TATGACACACAGAATA,3
TATGACCGTCTACTCC,3
TATGATATATAAATTG,3
TATGATTCAAGGCTTT,3
TATGATTTATTTCAGC,3
TATGCACAGACAGTTT,3
TATGGAGTATTTTAAC,3
TATGGCACGATGCCTG,3
TATGGGCTCCACCATT,3
TATGGTAGTAAGCTCC,3
TATGGTGACTATGTCA,3
TATTAATGGCCCCGGA,3
TATTACAAAAAATGAT,3
TATTACAAGAGGGTAG,3
TATTACCTTCACATAT,3
TATTAGAGCCCCGAAG,3
TATTATCGATATATTA,3
TATTCATATAACGAAA,3
TATTCATCTGAACTTC,3
TATTCTGTCGACTAGA,3
TATTCTTCGAACCATA,3
TATTGACTGAGTAAGT,3
TATTGCAATGCCCTTT,3
TATTGCACCGCCAAAA,3
TATTGGACGCCCCGAA,3
TATTTACATCTCTTAA,3
TATTTCGGAGGGCTCA,3
TATTTCTTTAATAACA,3
TCAAAAAAAAAATCTT,3
TCAAAATGTCGGTCAA,3
TCAAACACAACTATGT,3
TCAAACATACAGGGTG,3
TCAAACCATGTCTAAC,3
TCAAATATATAGAAGA,3
TCAAATTAGGACGTTT,3
TCAACATATACCAGTG,3
TCAACCGGCAACCCGT,3
TCAAGAAAATAAGCCT,3
TCAAGAAGTAGACCAT,3
TCAAGCCGTACCTGAG,3
TCAAGCCTCAAGGGGC,3
TCAATCGATTAAGGCC,3
TCACAGTGCTCCCATT,3
TCACATTTATATAACC,3
TCACCATATACAACCA,3
TCACCCTCAATTTGAC,3
TCACCGCCATACGCGT,3
TCACGCTTATATGTAT,3
TCACTAACCCACACCG,3
TCACTAAGGGGCTAAA,3
TCACTAATTAGAGGGT,3
TCACTAGGTGGTCTCA,3
TCACTTATAATAGGCA,3
TCACTTCGTGAGGAAG,3
TCAGAAAACAATTACC,3
TCAGAAGGATGATAAT,3
TCAGAGAAAAGACATA,3
TCAGATCCAACTGCCA,3
TCAGATGTAGATTCGT,3
TCAGCCAATCAACAAT,3
TCAGCTAAGAATAGAG,3
TCAGGACTCCACGAGC,3
TCAGGTGAAGGTTCCT,3
TCAGTATGTAGGCGTA,3
TCAGTCATAAAAATCC,3
TCAGTCCGCAAACAAG,3
TCAGTCGGCATAGAAA,3
TCAGTGCTATGATTGT,3
TCATAACGACCGTGTA,3
TCATAACTTGCCGTGT,3
TCATACTCGTGACCAT,3
TCATAGTAATGTATGT,3
TCATATTATAGGACGT,3
TCATATTATCATAACA,3
TCATCATATATGTGAC,3
TCATCCAGACAAAGGA,3
TCATCGATTCAAAGAT,3
TCATGCCTGAAGACCT,3
TCATGTAACACCGTTG,3
TCATGTCCGTAGATCC,3
TCATTATGCGGATGAC,3
TCATTCTTTAATAAAG,3
TCATTGACTGTAAAAA,3
TCATTTACGGCACCTT,3
TCATTTGGCCCACCAA,3
TCCAACTACGTAATCT,3
TCCAAGCGCGGGATCA,3
TCCAAGTATAACAATG,3
TCCAAGTTCTAGTAAA,3
TCCACAACTATGATCG,3
TCCACAGGTGTACTCC,3
TCCACCAACTCAACTT,3
TCCACCGTACCATTGA,3
TCCACGACAAATATTA,3
TCCACGCATAGGCGCT,3
TCCACGGGAATCACAT,3
TCCAGCAAGTGGGCAT,3
TCCAGCCAAGACATAG,3
TCCAGTAATAGTCAAA,3
TCCAGTAATCCTACTA,3
TCCATATCATCTAAGC,3
TCCATCGTGGCAAAGG,3
TCCATTAACTTACAAC,3
TCCCAAGCCTTCTGGA,3
TCCCACCATCATGTTC,3
TCCCAGCGTTACGCTT,3
TCCCATGCTCTGTTTA,3
TCCCCACACGTCTCTA,3
TCCCCAGTTACATATG,3
TCCCCATCCCTACGGG,3
TCCCGACCCGATCTTG,3
TCCCGCTACGTTAGAA,3
TCCCGTGATATCTTGA,3
TCCCTACTCGATGCCT,3
TCCCTACTTGACTCAA,3
TCCCTCAAAATGCCGA,3
TCCGAACCGTTAGAAG,3
TCCGACAATGGTATAA,3
TCCGCATACACGTATC,3
TCCGCATAGACGGCTA,3
TCCGCATCACCGGTAA,3
TCCGCCTGAAGGGTAG,3
TCCGCCTTTGCGCAAA,3
TCCGCGATAAACTACT,3
TCCGGCAATTCTTTTG,3
TCCGGTGTTACTACCC,3
TCCGTAAGCCCTAGCC,3
TCCTACTAATATAGTT,3
TCCTATGCGACTCCCA,3
TCCTCAATTTAAGACC,3
TCCTCACACGCGAAAT,3
TCCTCCGGCAGTCCAA,3
TCCTCTGATGTAAAAA,3
TCCTGATTGAGTGCAC,3
TCCTGTTCCGACAACC,3
TCCTTAACTAGCAAGC,3
TCCTTCAGAATGAAAA,3
TCCTTTGCGTCAAGGT,3
TCGAAAAACAGTAGTC,3
TCGAAAAATAGGCAGT,3
TCGAAGAAATCGGGGG,3
TCGAATAACGCCCGGA,3
TCGAATCTCAATGTAT,3
TCGACATAGTGCGAGG,3
TCGACCGCGTTGCTAT,3
TCGACTAATGTTATGA,3
TCGAGCCTTGCATTCT,3
TCGATCCACCGAGATT,3
TCGATGTTAGCAGCCG,3
TCGATTAAAGATTATC,3
TCGATTCACTAAGATC,3
TCGATTCGATGTGACC,3
TCGATTTGTGTTACGC,3
TCGCAACATAACGACC,3
TCGCAAGCAAATAAAA,3
TCGCCGAAAAATTTGC,3
TCGCGATTCGGTTCAA,3
TCGCTACATTTTTTGT,3
TCGCTTTCAAAGACGA,3
TCGGAATGACAATTGG,3
TCGGATAACTACGAGC,3
TCGGCGAATCAAGTGA,3
TCGGTACTAAACCTAA,3
TCGGTCTTATTAAAGA,3
TCGGTGTACGAGGACT,3
TCGTAAAAAACAAAGA,3
TCGTACAGATAAATGA,3
TCGTACCAAATTTACC,3
TCGTAGAATGGATTCG,3
TCGTATATTGACAATT,3
TCGTCAGTAATTGTGA,3
TCGTTAAACTAAAGAC,3
TCGTTAACAATTCATG,3
TCGTTAATCACAATCA,3
TCGTTCGACTCCAGCG,3
TCTAAAACATTCCTAG,3
TCTAAACAAAAGACCC,3
TCTAAAGCTCGTCTAA,3
TCTAAATAAGAACTCG,3
TCTAACAGTACTCCAG,3
TCTAACGCTTCAAACC,3
TCTAACTTGGAGACCC,3
TCTAATCAAGCTTCAT,3
TCTACAACTAAAAGCT,3
TCTACCCCGCTGCCTT,3
TCTAGAATGTGCATTC,3
TCTAGAGACATTTTCA,3
TCTAGATGCTAAGCCT,3
TCTATAGCGCGCCCAT,3
TCTATCAATATTAAAA,3
TCTATTTGGTAAATGA,3
TCTCAACAGCAGTCTC,3
TCTCAATCCGCCCAGA,3
TCTCACGACGCCAATT,3
TCTCAGTCCCAACACG,3
TCTCCGAGAAGAATTT,3
TCTCCTCAGGCTCACA,3
TCTCGAATCGATAAAC,3
TCTCTTATTATCACAA,3
TCTGAACGCTTATTGA,3
TCTGAAGCGATATAAA,3
TCTGAATAGAAAAGGC,3
TCTGCCAGAGAACCGA,3
TCTGGACCAGGAAGAA,3
TCTGGGCAGAAGATAT,3
TCTGTAAAGCTCTATG,3
TCTGTCAAATTATGAC,3
TCTTAAAAAACCAGAT,3
TCTTAATACCAACTAA,3
TCTTAATTTGAGTATA,3
TCTTACAAATGAAGGA,3
TCTTACCATTTGCGGA,3
TCTTAGCCGAGACAAG,3
TCTTATTGAACAACTA,3
TCTTCACTCAATAGAA,3
TCTTCGTCTTAACACC,3
TCTTGCTAACCCCACA,3
TCTTGGCTAAGAGTGT,3
TCTTTGACTTATTCCG,3
TCTTTTATGAGAGACT,3
TGAAACGAGATTTCGT,3
TGAAATCATTCACACT,3
TGAAATGAAGGTCTAT,3
TGAAATGAGAGTGTAC,3
TGAAGATCGTTACAAC,3
TGAAGCAAAAAAGTGC,3
TGAAGTCACGAGCTAA,3
TGAAGTCGATTTGCTA,3
TGAATAAAAAAGCCTT,3
TGAATAATTATATGCA,3
TGAATATGGATAATCC,3
TGAATGGTTCAAAACC,3
TGAATTAACCTCAAGA,3
TGACAAATGTACCCCC,3
TGACAATATCCAAGAT,3
TGACAGAAATAGAGAA,3
TGACAGGAATTAACAA,3
TGACATAGTAAAAAAT,3
TGACATAGTGTAATAA,3
TGACCAACAAATTAAT,3
TGACGACCACAGTCTC,3
TGACGACGATCTTTAT,3
TGACGCCCCCCATCGT,3
TGACGGGGAACCTCGG,3
TGACGTAATCTGACAG,3
TGACGTATTAAAAGGA,3
TGACGTCATGGAGTAC,3
TGACTGACGAAGAAAC,3
TGACTGTAAATAATCT,3
TGACTTCAGAAGCGAA,3
TGAGAAAGCAAAAGTC,3
TGAGATGAATTCCCGG,3
TGAGCTTAACGGAAAT,3
TGAGGCAAGTGATAGA,3
TGAGGTATAACAAACC,3
TGAGGTCGAGCCAAAC,3
TGAGGTTACTGGTTAA,3
TGAGTACTGCGAGAGA,3
TGAGTGGTTGTTTTTC,3
TGAGTTATTACACACA,3
TGAGTTGAAACCCATC,3
TGATAAAGACGGTAAA,3
TGATACACCATCGTTT,3
TGATACGGCTATAAAC,3
TGATACTGGGACAAAT,3
TGATAGGTCAAAACTG,3
TGATATCAGTCAGATT,3
TGATCCTTAGGATACA,3
TGATCGGAATGAAACC,3
TGATCGTAGCCAGGTT,3
TGATCTCATGGACAGG,3
TGATGAATACGATCTT,3
TGATGGCAGAGAGTCG,3
TGATGTATATCAATTA,3
TGATGTCTATGGAGAA,3
TGATGTGGATAACGAA,3
TGATGTGGATGACCAT,3
TGATTATAAATCATAA,3
TGATTGAATGAGACTT,3
TGCAAACCTTCAGGTA,3
TGCAACTGACAGGGAT,3
TGCAAGAAATCTCTGC,3
TGCAATCGTGTTAGGC,3
TGCACGCAGGACATAC,3
TGCACTACACAGATGA,3
TGCAGACATGGCAGCC,3
TGCAGCTAAGCAACTT,3
TGCAGTACGGTATAGA,3
TGCATAAAAAAGTGGT,3
TGCATTAATTGATGTT,3
TGCCAGTCCAACTAAT,3
TGCCATACCCAACTTA,3
TGCCATCTTAGCACAA,3
TGCCCAAGTGAACCCG,3
TGCCTCAGACCTTTAA,3
TGCCTCCAATGCTTAG,3
TGCGAGCATTGTGATG,3
TGCGATGAAGCGACTT,3
TGCGCATGAAAAAAGA,3
TGCGCCCCGTACCACT,3
TGCGCCGAGACATTCC,3
TGCGGCCGTTTTACCG,3
TGCGTCACCGGGATAA,3
TGCGTGCAACGACTTC,3
TGCTAACAAGAAAAAT,3
TGCTAAGAGTAACGTA,3
TGCTACTAACACACAT,3
TGCTGATTGACTAACG,3
TGCTTGCTCAACTAAA,3
TGGAAAATAACCCCTT,3
TGGAAAGCTAAACCAA,3
TGGAACAAACCTACAA,3
TGGAACCCTCATACTA,3
TGGAACGAGACTCGGT,3
TGGAAGTTTGACTTGT,3
TGGACTATGACGCACC,3
TGGAGAAACAGTCATT,3
TGGATATATGACAACA,3
TGGATGCAAATAAAGA,3
TGGCAAGATGTATGGC,3
TGGCACCCTACCGCAT,3
TGGCATATAGGACCAA,3
TGGCATGATTTGTTTG,3
TGGCCGAGACATATCG,3
TGGCGTCATTCAATGA,3
TGGCGTTGCTATATTA,3
TGGCTACTGATAATCA,3
TGGGACATAGAGTACA,3
TGGGACCACAAGACAC,3
TGGGAGCGCAACCTCG,3
TGGGCCCCTTTGAAGT,3
TGGTAAAATGAACAAC,3
TGGTAAAGCTGACAGA,3
TGGTAATACGGTCATC,3
TGGTATTCAGACTCTG,3
TGGTCCTCCCACGTAA,3
TGGTCGCCATTACCGA,3
TGGTGCACGAAAATTT,3
TGGTTTCTAGATGTAC,3
TGTAAAGCGGTATTGT,3
TGTAAAGGACTAATGG,3
TGTAAATTAGTAGTGG,3
TGTAACCAGAAAAATT,3
TGTAATAAATAGCCTT,3
TGTAGAAGAACTAAGG,3
TGTAGACCGATGGATA,3
TGTAGAGGAATAAACA,3
TGTATCTCCACTCACT,3
TGTATGCCTCTACTCG,3
TGTATTTACGTAAAAT,3
TGTATTTCGAACTTAA,3
TGTCACAAATATGAAG,3
TGTCATTCTAGGACCC,3
TGTCCATACAACTGCT,3
TGTCCGCTTGGTGCAG,3
TGTCCTGTAATAATTA,3
TGTCTCAATTGCTGCA,3
TGTCTTCTTATTCATG,3
TGTCTTTCAATGCAAA,3
TGTGCCAACACTTAGG,3
TGTGCGTAAGCTACAC,3
TGTGTATCCAATCCTG,3
TGTGTTCATCATGTCC,3
TGTTAAAAGCAGCAGT,3
TGTTAAACAAATGCAG,3
TGTTAAACGAATAAGA,3
TGTTACAAAGCTGGCT,3
TGTTATACATTTACAT,3
TGTTATATAGAATAAT,3
TGTTATATTATCTGAT,3
TGTTCTCCAAAAATAT,3
TGTTGATAACAATATT,3
TGTTTCACGTACCACT,3
TGTTTCTAAAGCCAGG,3
TGTTTGGAAAATGTTT,3
TTAAAAACCCGGCGAG,3
TTAAAAATGTACAAAA,3
TTAAAACACCACCACC,3
TTAAAACGTTTAGCAT,3
TTAAAAGAAGCTCAAA,3
TTAAAATACCTCAAAT,3
TTAAACACCCTCTTGG,3
TTAAACTAAAATATGT,3
TTAAAGCCGCAGACAG,3
TTAAATCACTCCAATA,3
TTAAATCAGCATATCT,3
TTAAATTTGCAGATCA,3
TTAACAAAAGGGGTCG,3
TTAACACCTACCAAGA,3
TTAACAGAGAATAACG,3
TTAACCAATAGCGAAC,3
TTAACCAATATGAGCC,3
TTAACCCAATACCACC,3
TTAACTCACACGCCTA,3
TTAACTCTAATGTAAA,3
TTAACTGTAAAAGGAG,3
TTAAGAAGTAAGCTAA,3
TTAAGGAACCAAAGAA,3
TTAAGTGAGCGCAACA,3
TTAATAAGGTTACAAA,3
TTAATACATTATTTTG,3
TTAATACCTTGGAAAC,3
TTAATAGAAACGCGTC,3
TTAATAGAGGTGGACA,3
TTAATCATTTATTAAA,3
TTAATTGATATCAAAC,3
TTACACATAATTTACC,3
TTACACGTATGGTCTC,3
TTACACTTACATAGCA,3
TTACCAGAGAACCTAT,3
TTACCCGAAACTATTA,3
TTACCCGTAAAGATCA,3
TTACCGCGTAGTATCG,3
TTACGAATGGAAGTTT,3
TTACGTACATTTTTAC,3
TTACGTGGCTACTATG,3
TTACTACATCCCTTTA,3
TTACTATCGGGATGAA,3
TTACTCGAAAATTCAG,3
TTACTGATAGCATTAT,3
TTACTTCTCCTGCAAA,3
TTACTTCTGTTTTAGT,3
TTACTTTGAGTAACAG,3
TTACTTTTAGGCCGTA,3
TTAGAACACACATTGA,3
TTAGAGATAATCTAGC,3
TTAGAGTACAATAAAA,3
TTAGCCTTCCCAAGAC,3
TTAGGACCTTACCAAA,3
TTAGTAAATGGGGATC,3
TTAGTCAAAAATGACA,3
TTAGTCGCTGTAATCG,3
TTAGTCTGGGCCTTAA,3
TTATAAAAAGCTCAGA,3
TTATAACTATAGACCA,3
TTATATAACTATCAAG,3
TTATATTAACCCTATA,3
TTATCAAGATATATGA,3
TTATCACCCATTAAGA,3
TTATCATAGAAACTTC,3
TTATCCGATATCCTAA,3
TTATCGTCGTTCCAGT,3
TTATGACCCCTCGTAG,3
TTATGCTATAATACGA,3
TTATGCTGGGTCATGC,3
TTATGTACTCCACCAT,3
TTATGTTACATAGACA,3
TTATTAGAATTGCGAG,3
TTATTGTGCCCTATAT,3
TTATTTGCGACGAACG,3
TTCAAACCAGTACTCA,3
TTCAAAGGCATACACA,3
TTCAACAAACGAGGTA,3
TTCAACTAAACAACCA,3
TTCAACTCATATGATC,3
TTCAACTCGTCTGTGC,3
TTCAAGTGTCTCTGTG,3
TTCAATCACTTACTGC,3
TTCACAAGTCGGCGCG,3
TTCACATAATTCGGCA,3
TTCACCAGAATAGGCC,3
TTCACCCCTCGTAGTT,3
TTCACCGCGAAAAAAC,3
TTCAGAAAAAAAAAAA,3
TTCATATCGACATCCA,3
TTCATGTATGTATAGA,3
TTCATTTTGGGTCGCA,3
TTCCAAAAAGATAAGG,3
TTCCAACTAGACCACC,3
TTCCACATGACCGATG,3
TTCCATCACAAGTCAA,3
TTCCCTAAAATGTCAG,3
TTCCGATGCTCCGGTC,3
TTCCTATAAAACTGCA,3
TTCGACAGACTGACAC,3
TTCGCATCATGACCTA,3
TTCGCATCTCCGCATA,3
TTCGCCATCGCCTGAA,3
TTCGCGTTGTATAAAA,3
TTCGGATCAATATATT,3
TTCGTGCCATAGTACT,3
TTCTACTGCCTATGGA,3
TTCTATATTTCAACTC,3
TTCTATTTATTTGATT,3
TTCTCCGGGTTAAGTT,3
TTCTCCTCAAATAAAA,3
TTCTGCCCATCACAAA,3
TTCTGGGACCTTAAGA,3
TTCTGTTCCAACGTGA,3
TTCTTAGTTTGTTGTA,3
TTGAAAAAGACTGCGA,3
TTGAACAAAATAAAGG,3
TTGAAGTATTTTCTTA,3
TTGAATCTGTGCTCAT,3
TTGAATGCTCTAGCGA,3
TTGACACCAAAAGCAA,3
TTGACGTACCAAATGT,3
TTGATAGGTCCTGAGG,3
TTGATGACACTGAACA,3
TTGATTAAGTCAAGTT,3
TTGATTATAAGATACG,3
TTGCAAAGCGGAGAAT,3
TTGCACAATTTACCAT,3
TTGCACAGAATTAAGT,3
TTGCACGGGATAGCAA,3
TTGCAGAAAATAACAA,3
TTGCCCAGCGCAACAA,3
TTGGAAAAGCGTATTG,3
TTGGACCGCTTCAAAC,3
TTGGTAGGACATTGCG,3
TTGGTTACGAATAGAG,3
TTGTAGGCCTTTAATT,3
TTGTCCCATCATACCA,3
TTGTCTCTCGAAGTTA,3
TTGTCTTTCATCAACT,3
TTGTGATAGAACTGCA,3
TTGTTCCTTTCGGCAC,3
TTGTTCTATTTAATAA,3
TTGTTGAACATCGAAG,3
TTGTTGGCAGAAACTA,3
TTTAAACAAAATGTAC,3
TTTAACAACTACTACT,3
TTTAACATCTTTCAGT,3
TTTAACCCAGAGTGAA,3
TTTAACTGAGGGTGGA,3
TTTAAGCATCATTACT,3
TTTAAGGCGCGCTAAT,3
TTTAATACACACATAG,3
TTTACGCGGGGAATAC,3
TTTACTATAGCATAAA,3
TTTAGACCCCACCCTT,3
TTTAGGACTGGGCGGG,3
TTTATAAAGTAAGATT,3
TTTATACTATAGCCTC,3
TTTCAAATTCGTACTG,3
TTTCAACAAATACTTT,3
TTTCAATATATCTAAG,3
TTTCAATCGACGATGT,3
TTTCACCACACCGGCT,3
TTTCACGCCCACATCT,3
TTTCATAACACATGCT,3
TTTCCAAACCTTACCG,3
TTTCCATCGGTCACTA,3
TTTCCTCACGACAATC,3
TTTCCTTAAATTGGCC,3
TTTCGTGTGACCCAGG,3
TTTCTCTACACTAGGT,3
TTTCTGTCAGCCCATT,3
TTTCTTAAGTTAAAGT,3
TTTCTTCAAGTCTTCC,3
TTTCTTGTCCGAGCGT,3
TTTGAATTATAAAGCC,3
TTTGAGCTCAAAACGA,3
TTTGATGCCCGCCGAA,3
TTTGATTATAGAAATA,3
TTTGCCCGAGTCTACT,3
TTTGCCGGACATAAAT,3
TTTGCTAAGATTCATG,3
TTTGGGGACAAGATTA,3
TTTGTGTGGCGCTTCA,3
TTTTAATAAAACTAGA,3
TTTTACGCCAAAAAAT,3
TTTTATTAATAACCCA,3
TTTTCAGAGACATACT,3
TTTTCCGCGACACATC,3
TTTTCTGTTAATTCCT,3
TTTTGACAAATGAAAT,3
TTTTGTTTGGTCCGCA,3
TTTTTAAGATACATTT,3
TTTTTCCAAGCAACCT,3
TTTTTCGGTATGTCGT,3
TTTTTGTAAATGATAA,3
TTTTTGTTATATCTCA,3
TTTTTTAGAAGAAAAT,3
AAAAAAATAAATTTGA,2
AAAAAACAAGTATACC,2
AAAAAACCCGGCTAAT,2
AAAAAAGTGTCAAATA,2
AAAAAAGTTGGAATCT,2
AAAAAATCCGATGCTT,2
AAAAAATGACCTTCCC,2
AAAAACAAATCCATAA,2
AAAAACAATTAGACTC,2
AAAAACATAATCACAG,2
AAAAACCAAATAAAGA,2
AAAAACCCAGGAATTA,2
AAAAACGCAACCTAAC,2
AAAAACGCACTTGTGG,2
AAAAAGAAAAATATTA,2
AAAAAGACAACTCGGC,2
AAAAAGACATGCTGCG,2
AAAAAGACTATCTTTA,2
AAAAAGCCCCGTCCGA,2
AAAAAGGTGTTAGATC,2
AAAAAGTCAGATCCTT,2
AAAAATAAGTGCTGAA,2
AAAAATACGCATGACC,2
AAAAATAGCTGAAATT,2
AAAAATATCTTTCAAC,2
AAAAATCCAAAGGATA,2
AAAAATCGCTTCGACC,2
AAAAATCTCTTCACAT,2
AAAAATCTTTACCTGA,2
AAAAATGCCGTACAAG,2
AAAAATTAAACTGACC,2
AAAAATTACTCGCTCG,2
AAAAATTACTTCCTTA,2
AAAACAAATTAGAGTA,2
AAAACAACTCCCGTAT,2
AAAACAGAGAGTAGAC,2
AAAACCAGATTAAATT,2
AAAACGAAAAGAAAAA,2
AAAACGACAAGAAATA,2
AAAACGTTGCCAGATA,2
AAAACTAACGTCCTTC,2
AAAACTATGATTACTG,2
AAAACTCAAGATACGT,2
AAAACTGGGTAAATAA,2
AAAACTTCTCGACAGT,2
AAAAGAAAGATTAAGA,2
AAAAGACTACACAGCA,2
AAAAGAGACGATTAAC,2
AAAAGATGTAAGAGTG,2
AAAAGATTAAGCATGA,2
AAAAGCCATCACCTAA,2
AAAAGCGAATTTTAAA,2
AAAAGCTAAAAAATTA,2
AAAAGCTATCCTTCTG,2
AAAAGGCCCCCTATAC,2
AAAAGGCCGAGTTCCC,2
AAAAGGTAGCATATCC,2
AAAAGTAAGTCGAATC,2
AAAAGTGTTAGATCCA,2
AAAATAAATGCAGGTC,2
AAAATAACCGGTAGTA,2
AAAATACGGGGTTGCT,2
AAAATAGAATGTTACC,2
AAAATAGTTTGAGTGG,2
AAAATATCAACCCGAT,2
AAAATATCGGGAGGCC,2
AAAATATCTCGATTTC,2
AAAATCAATCTTTTTA,2
AAAATCGAAATGACTA,2
AAAATCTGCTATCAAA,2
AAAATCTTGGATACCT,2
AAAATGAAAACACGAC,2
AAAATGGCCAAGAACA,2
AAAATGGCTAGATTAC,2
AAAATGTGGAGAATCC,2
AAAATTAAACTATGAA,2
AAAATTAACGTCGCAA,2
AAAATTAATATCAATG,2
AAAATTACACTGCGAA,2
AAAATTACCCCAGGAA,2
AAAATTAGTTATCGTT,2
AAAATTATTGCCCACG,2
AAAATTCCACCCTCTC,2
AAACAAAACGCTCACT,2
AAACAACAAAATTACA,2
AAACAATACGCCGCAC,2
AAACAATAGAAGATGC,2
AAACAATGAGAACATA,2
AAACACAACTCTAATA,2
AAACACCTAGCCTCCA,2
AAACACGATATGCCGA,2
AAACACGTGTATGAGA,2
AAACACTGTAGCGATA,2
AAACAGATGCAAATGC,2
AAACAGCAAATTAGGA,2
AAACAGCGTTGTACAT,2
AAACAGGAATTACATT,2
AAACATAACAAAATTG,2
AAACATACCAGAGACG,2
AAACATATGGTTGAAT,2
AAACATCACGAGTGGA,2
AAACATGAGTAAAAAC,2
AAACCAACAACACAAG,2
AAACCAAGTCTCTTGT,2
AAACCACTACTACGAT,2
AAACCATGGTTGTAAT,2
AAACCATTGATTTATT,2
AAACCCCCTGGCTAAA,2
AAACCCGTCCAATAAT,2
AAACCGCAATCTGTTG,2
AAACCGCTTAAACAAA,2
AAACGAAATATAATTG,2
AAACGAACCATTGACA,2
AAACGAAGTACGCGGC,2
AAACGATACACGAAAG,2
AAACGATGACGCACAA,2
AAACGCCACCTATAAC,2
AAACGGCATGATACGC,2
AAACGGTTGCCGCAAA,2
AAACGTAGTGAATCTG,2
AAACGTTAGATTTACT,2
AAACGTTGAAATGACC,2
AAACTAAGTAGAACAA,2
AAACTATAATACAATA,2
AAACTATTGAAACCAA,2
AAACTCATTAAATGTA,2
AAACTCCGAGTATTCT,2
AAACTCTAGAACGTAC,2
AAACTCTCTAATACAA,2
AAACTGAATGGATATA,2
AAACTGATAAAAGTTT,2
AAACTGCAGCTTCAAA,2
AAACTGTAGGATCAAC,2
AAACTTGTGGGGTAAC,2
AAAGAAAAAAGCAATT,2
AAAGAAAATAACCCTC,2
AAAGAAACACATACCA,2
AAAGAAAGAGGCAACA,2
AAAGAAAGCAGCAGAA,2
AAAGAACCATTCGAGA,2
AAAGAACTGAGCGTGA,2
AAAGAAGCACAAGAGT,2
AAAGAATATCTTACCG,2
AAAGAATTACCAAAAA,2
AAAGAATTATAAGCCT,2
AAAGACATGAAAACTT,2
AAAGACCATAACGAGT,2
AAAGACTAAGTTACCG,2
AAAGAGACCTACTGGA,2
AAAGATAAAGATTCAT,2
AAAGATAAGTAACCTA,2
AAAGATAATACGGCTC,2
AAAGATACCAGAATCT,2
AAAGATAGAAATAACA,2
AAAGATCCTTAAATTC,2
AAAGATCTTGTTTCTA,2
AAAGATGCCCGGGCTC,2
AAAGCAACTGTAGTCC,2
AAAGCAATGTCATAGT,2
AAAGCAGAAGTTCTTT,2
AAAGCCAACTAATGAG,2
AAAGCCTCCTGGGGAA,2
AAAGCGAGCGTAACTG,2
AAAGCGGAAGATATTT,2
AAAGCTAATAGGTTAT,2
AAAGCTAGCAGATATG,2
AAAGCTCACTAAACCC,2
AAAGCTTTACTACCCT,2
AAAGGAATAGTCGGGG,2
AAAGGACAACCAATCT,2
AAAGGAGAAGTAGGAA,2
AAAGGAGTAAGATGCA,2
AAAGGATATTTTTTAA,2
AAAGGCGAATGTGAAA,2
AAAGGGACGGCGGTTT,2
AAAGGTGTAATGCGAC,2
AAAGTAAAGCGCACAC,2
AAAGTAAGAATGCCAA,2
AAAGTAAGCGCTGACA,2
AAAGTAAGGCCAAAAC,2
AAAGTACATTCACGCG,2
AAAGTATCTTTGTTTC,2
AAAGTATGTGTTCTAC,2
AAAGTCGGTGGCTGTT,2
AAAGTTTGCAATCCAG,2
AAATAAAACTACTCAC,2
AAATAAAATGATATTA,2
AAATAACACACACCAA,2
AAATAACTCGTCCCTA,2
AAATAAGAGGCTAAAA,2
AAATAAGCTGCAGCCA,2
AAATAAGTGGTGAACC,2
AAATACACCTTCAAAG,2
AAATACACTAATTCTC,2
AAATACGCCGAATAAT,2
AAATACGGCAGGTGCT,2
AAATACTATATGACTA,2
AAATACTCTTCCCTCA,2
AAATAGAAAAGTTCTA,2
AAATAGAAACCAATAA,2
AAATAGTAATAGTAGA,2
AAATATAAGCAATCAA,2
AAATATCCTTAATGCA,2
AAATATGAGAAAGCAT,2
AAATATTCCATGGCCA,2
AAATCAACGTGGTATA,2
AAATCAATAATGTTGA,2
AAATCCACATAGAGAT,2
AAATCCGAACCAACAA,2
AAATCCTCGTTCAAGG,2
AAATCCTGGTAGTAAC,2
AAATCCTGTCTTAGCA,2
AAATCGGGCAGACGCG,2
AAATCTCGGTTTTATG,2
AAATCTGCCAGGATAA,2
AAATCTTTGGAGTAAT,2
AAATGAAAAAAAACCG,2
AAATGAAATGTTCACT,2
AAATGAACGATGAAAA,2
AAATGACACAAAAACA,2
AAATGACCAAATTAGG,2
AAATGCAAGTATAAAG,2
AAATGCGCCAATATGG,2
AAATGGACCCACCGCA,2
AAATGGCAGTATCAGC,2
AAATGGCTTATTTTAT,2
AAATGGGACCTTGAAT,2
AAATGGTACGCAGTTA,2
AAATGTAGTAGTTGTA,2
AAATGTAGTTAACTCA,2
AAATGTATCAACGTTG,2
AAATGTCGCCTCAAAT,2
AAATGTTCGCAGTCAA,2
AAATTAAGGAAATACA,2
AAATTAAGGACCTATC,2
AAATTAATGAGAATAA,2
AAATTACCACGGCGTA,2
AAATTACCGTCCGAAA,2
AAATTACTCTTCACTA,2
AAATTAGAATCCACCA,2
AAATTAGTTGATATCC,2
AAATTCAGAGAGTCAT,2
AAATTCTTATTTACGA,2
AAATTGGAGCAGTCAG,2
AAATTGTAACCGAAAA,2
AAATTGTAGAACCGGC,2
AAATTGTCTAATAAGC,2
AAATTTACAACTACCA,2
AAATTTACACAGGAAG,2
AAATTTACCAAAATAC,2
AAATTTGAATATGACC,2
AAATTTGTCTGGCACT,2
AAATTTTAGTCCCACA,2
AACAAAAAGATTAAGT,2
AACAAAACACCGAACT,2
AACAAAACCCTTCAGC,2
AACAAAACGAATTAAA,2
AACAAACATATCATTA,2
AACAAACCCCATACGA,2
AACAAACTTGACCAGA,2
AACAAAGACAAAATTA,2
AACAAAGCCTTAATAA,2
AACAAAGTTGGCTAAA,2
AACAAATAAATCATTG,2
AACAAATAATCCCACC,2
AACAAATATCTGGGCT,2
AACAAATGATATATAA,2
AACAACCAACTTAGAA,2
AACAACGATTTAATCG,2
AACAACTCAATAATCA,2
AACAAGACCTTTACAC,2
AACAAGACTTATATAA,2
AACAAGATAGATTTAC,2
AACAAGGGCATCCCTT,2
AACAATAACAAAACAT,2
AACAATAACTACACGG,2
AACAATATGTATATCA,2
AACAATCCAAAATTAC,2
AACAATCTATTGGTGC,2
AACAATGCAAAAAAGG,2
AACAATTTCGTAGTGT,2
AACACAACGCCCGAAC,2
AACACAATCAATAATT,2
AACACCAAATGCTAGT,2
AACACCGTGCATGCAT,2
AACACGCGAGAACTGT,2
AACACGGAGTAGGAAT,2
AACACTAAACAAGACT,2
AACAGAAACCCCGCTA,2
AACAGACCATAAAGAA,2
AACAGAGGGGCCTCAA,2
AACAGATCGGTAAACC,2
AACAGGAAAGCTAATA,2
AACAGGAGTGCTCGTC,2
AACAGGGCTAAGAAGC,2
AACAGGGTAGAGATCT,2
AACAGTCATAATACCG,2
AACAGTCTTAGTGGCC,2
AACATAAAACATGATA,2
AACATAACCAAGTATT,2
AACATAACCTCTGAAC,2
AACATACAATATGTTT,2
AACATACAATGTGCAA,2
AACATCCCGGCAAGAC,2
AACATCTGGTTCATAC,2
AACATCTTTTCCGAAA,2
AACATGACGGAAACCT,2
AACATTGGCAATTCGA,2
AACATTGTTTACTAAT,2
AACATTTAAACCACCT,2
AACATTTAAGACATCA,2
AACATTTGCTAGATTG,2
AACCAACAGAACAACA,2
AACCAAGATACCTCGT,2
AACCAAGCGTCGATAT,2
AACCACTGTCCCGATT,2
AACCACTTACTATGTT,2
AACCATACAATCGTGT,2
AACCATGAACACCCAA,2
AACCATGCATGCAACA,2
AACCATTAGCTCCACC,2
AACCCAAATTTACCGC,2
AACCCAAGAATACCTA,2
AACCCAATCATTCATA,2
AACCCACTACTCACGT,2
AACCCAGCTCTCAACC,2
AACCCCAATACCGAAC,2
AACCCCAGACTGTTAG,2
AACCCGAATAAAAACA,2
AACCCGATGACTGCAA,2
AACCCGCTACATCAGT,2
AACCCGTCTAGCCAGC,2
AACCCGTTGACCCCCC,2
AACCCTGAGTATCAAA,2
AACCCTGTTCTTTGCC,2
AACCGAGAGGTGAACC,2
AACCGATTGATAACAG,2
AACCGTTCTAAGAGCC,2
AACCTAAAAATATACG,2
AACCTAACAAGCCTGT,2
AACCTAAGAAAAAGTT,2
AACCTAAGTTTATTGT,2
AACCTATCAAAACTAG,2
AACCTATTTGCCCGTA,2
AACCTCCCAAGAAATG,2
AACCTCCCCGACACAT,2
AACCTCGACATCTAAT,2
AACCTCTTGTTTCATA,2
AACCTGCATAAAGCCG,2
AACCTGGGAAGTAAGA,2
AACCTGGTATCTGCTA,2
AACCTTAATTCATAAA,2
AACGAAACCTATTAGG,2
AACGAACTCCTCGCTC,2
AACGAAGACTTGACCG,2
AACGACTAGTGGGAGA,2
AACGAGGAAAATATTC,2
AACGAGGGAGAAAAAG,2
AACGAGTTACCGTATA,2
AACGATTTACCAAACT,2
AACGCAAATAATCTTC,2
AACGCAATACACAACC,2
AACGCAGCCCACCAAT,2
AACGCAGGACAAAACG,2
AACGCATCGAAAAGTG,2
AACGCATTCTATGTCC,2
AACGCCTAAAATGACT,2
AACGCCTTAACGGACC,2
AACGCGTAGTATGCCT,2
AACGCGTGACAAACCT,2
AACGCTGAGCTGATTA,2
AACGCTTATATATGTC,2
AACGGAAAAGGTGAGG,2
AACGGAGACGCCCCGT,2
AACGGCTATTATAAGA,2
AACGGTCAGAATTGAA,2
AACGGTTTCAAATAAC,2
AACGTCAGGTACAGGA,2
AACGTTCTCATACCCA,2
AACTAAACCAAAACGG,2
AACTAAGGACAAGAGA,2
AACTAAGGCCATCCAT,2
AACTAATTTCAGATTA,2
AACTACCAAGCGTACC,2
AACTAGAAAGGAAAAA,2
AACTATGAAAACCAAC,2
AACTATGAGCGTTTAC,2
AACTATGTGAGCTAGT,2
AACTCAAGTATATCTA,2
AACTCACCCTACAAGT,2
AACTCACTTGAAAAGT,2
AACTCAGCTCAAAATA,2
AACTCCATGGGATAAG,2
AACTCCCCAGTCTATC,2
AACTCCTCCCACTACA,2
AACTCCTTAAATAAAT,2
AACTCCTTATCAGGAA,2
AACTCGAAAGCTTAAA,2
AACTCGATTGGTCATC,2
AACTCTACCGAAAACC,2
AACTCTCCAAGAGCTT,2
AACTGAGCCCGACCGT,2
AACTGATCCCGCGAAT,2
AACTGCAAATGTTTGT,2
AACTGGACAAACGATC,2
AACTGGCCTTTTTTAC,2
AACTGGGCTCGAGAAA,2
AACTGTTGGACAGATA,2
AACTTAATCTGAAATG,2
AACTTAATGAACTAAT,2
AACTTACCGAGAATCA,2
AACTTAGATCTCCTAG,2
AACTTATACGAATCTT,2
AACTTATACTTATGAG,2
AACTTATATGGATTTC,2
AACTTATTAACTACTC,2
AACTTCAAGAATCTCA,2
AACTTCCAACCGTTTT,2
AACTTCTCACAACCGA,2
AACTTGAATAAATGAA,2
AACTTGGGCACTCTCA,2
AACTTTATCTACAAAA,2
AACTTTCCACACTTGT,2
AACTTTGAATATATCG,2
AAGAAAACGAACGGAC,2
AAGAAACATCGGTGGC,2
AAGAAATAGGTAAGAG,2
AAGAAATTCCTACCAA,2
AAGAACGGTCATGAAA,2
AAGAACGTACAATGAC,2
AAGAACGTACTTATGT,2
AAGAACTGACTCTAAA,2
AAGAAGAGTGGAGTAA,2
AAGAAGGAAATAGGTA,2
AAGAATATCAATTTCT,2
AAGAATATGATTTTAA,2
AAGAATCCTAACACGA,2
AAGAATGATGATTTTC,2
AAGAATGCCGTAGCAT,2
AAGAATTAATGACCAG,2
AAGACAAACCAAAGTG,2
AAGACACACTAGACAG,2
AAGACAGTAACCAATA,2
AAGACCCAAAGGCAAA,2
AAGACCGATAAGCAAA,2
AAGACCGTTCTCCGAT,2
AAGACGTAATTACAGA,2
AAGACTGATGTAAAAA,2
AAGACTGTCCCCACAT,2
AAGACTGTGGTTTCCA,2
AAGAGAACAGTAAAGA,2
AAGAGACGAAGAAACC,2
AAGAGATACATAATGC,2
AAGAGCACAGGAAACC,2
AAGAGTAGCTCTGCCC,2
AAGAGTTACAATTCCT,2
AAGAGTTAGAAAACTC,2
AAGAGTTCAAAAAGAC,2
AAGATAATCAAAGGAA,2
AAGATACGCGACATCA,2
AAGATAGAAAGACGTC,2
AAGATAGAAGTCGTCA,2
AAGATCTGAAACCAAA,2
AAGATCTGAACCTGAG,2
AAGATGAAAAATGCAA,2
AAGATGATGGTCCGGT,2
AAGATGCTTCTACAAA,2
AAGATTACAAATATTA,2
AAGATTGCCGCACGCA,2
AAGATTTGTAAAAACT,2
AAGCAAAAAAGCAAGA,2
AAGCAAGCACGATTAA,2
AAGCACTGAAATATAC,2
AAGCAGCATCATCCCT,2
AAGCAGGACAAAGAAT,2
AAGCATATCAAATTTG,2
AAGCATATGGTGTCAG,2
AAGCATCACATTATCT,2
AAGCATTCCTGCGTTT,2
AAGCCAAACAAATCTT,2
AAGCCAAGTTTATCGG,2
AAGCCACCCTATAGTA,2
AAGCCAGCCAAGCTTT,2
AAGCCAGTAACAAAGC,2
AAGCCATCCTGGAGCT,2
AAGCCATTTCATACGC,2
AAGCCCTCAAAGAATA,2
AAGCCGAGCTTACTAT,2
AAGCCTAACAACCCCG,2
AAGCCTCAACACCAAA,2
AAGCCTCGCAAGTGCG,2
AAGCCTTATACCAAGC,2
AAGCGAAAAAGTTCAT,2
AAGCGTGTTTCCAGGC,2
AAGCTACTGTAACCTA,2
AAGCTAGACATAACAG,2
AAGCTAGCACTGGATT,2
AAGCTGGACGGTCAAA,2
AAGCTTTATGTCCCGT,2
AAGGAAGTAGGCCACT,2
AAGGACTCTCCTACGA,2
AAGGACTTACGCTAAT,2
AAGGAGAACAGATATG,2
AAGGAGACCCATATGA,2
AAGGAGCATGTGTTAA,2
AAGGAGCATTTTATAA,2
AAGGATACATATGACA,2
AAGGATGTCGAATCCA,2
AAGGATTATATAAAAT,2
AAGGCAAATACAATAA,2
AAGGCAAATTAAGCCG,2
AAGGCAACGGACGATA,2
AAGGCACCTTGAACTA,2
AAGGCAGTAAAAATCC,2
AAGGCTGAGCGCAGCA,2
AAGGGATGAGTGTATG,2
AAGGGGAGAAAAAGCC,2
AAGGGGTAAAATATCA,2
AAGGTACACCAAAAAA,2
AAGGTACATTCCGAAA,2
AAGGTCTTTCCTATTC,2
AAGGTGACATGCTCAA,2
AAGGTGTGCCAAATGC,2
AAGGTTACAGCAACTA,2
AAGTAAACCCCCCAAA,2
AAGTAAAGCCCTAAAA,2
AAGTAAAGTAAGTTAT,2
AAGTAACTGGCATTAG,2
AAGTAAGAAAATATAG,2
AAGTAATAGGAGCAAT,2
AAGTAATATGTGTAGA,2
AAGTAATCATAATAGA,2
AAGTAATTGCACTGCC,2
AAGTACAGAGATTTAA,2
AAGTACCACAATTACA,2
AAGTACGCTCACATTC,2
AAGTACTTACCAGCAC,2
AAGTAGGCGGAAGCCT,2
AAGTATAAAAAAGAAT,2
AAGTATAGTTACACAG,2
AAGTATTGTGAGGCGA,2
AAGTATTTCATCCTAA,2
AAGTCACAGTTGAGGG,2
AAGTCCAGACCTACCA,2
AAGTCCCCAACCAGAT,2
AAGTCCCGATGATCAA,2
AAGTCCGCCTAGGTTG,2
AAGTCTATATCAAGTA,2
AAGTCTCAAAATTGGT,2
AAGTCTTCAAATGCAA,2
AAGTGGCAAACCTTAA,2
AAGTGTAATTGTTGAC,2
AAGTGTTTAAACGCTA,2
AAGTTGATCATGACGG,2
AAGTTGTCAAAACGAA,2
AAGTTTGCTCAGACAC,2
AAGTTTTAAAATATTC,2
AATAAAAAGTTAATGC,2
AATAAAAATTGCGGCC,2
AATAAAACCAAAGCTA,2
AATAAAACCCAAGACA,2
AATAAAAGGCATACTT,2
AATAAAATCAGCGTGC,2
AATAAACCTAGTTTTT,2
AATAAAGAAAATTCAC,2
AATAAAGCACGAACAG,2
AATAAATAATGCTCCT,2
AATAAATCAAACGGAA,2
AATAAATCATCTATAA,2
AATAACAACTACGGCG,2
AATAACAATATACGCT,2
AATAACACTATCAGAA,2
AATAACAGAAAAATAC,2
AATAACCATTTGTTCA,2
AATAACCGAACACACG,2
AATAACCTTCACAAAA,2
AATAACTACACCAACC,2
AATAACTCACATATGC,2
AATAACTTTAAAAACA,2
AATAAGAACTGTGATT,2
AATAAGAAGCAGACCT,2
AATAAGAGTTGCCAGT,2
AATAAGCGAAAACTGG,2
AATAAGGCCAAAAGGC,2
AATAAGGTCTTACACG,2
AATAAGGTTGTGAACA,2
AATAAGTAATTCTTGA,2
AATAATAGAGTCGAGG,2
AATAATAGATGAAGTG,2
AATAATATACGGGTAT,2
AATAATGTTCCACCCG,2
AATAATTTATCAACCT,2
AATACACAACTATGAA,2
AATACACGATAAATCG,2
AATACACTAATGAACG,2
AATACACTCAGGAACT,2
AATACACTGGCGAGAC,2
AATACAGGGTAAAGGT,2
AATACATAGTTGTTGC,2
AATACATTAAACCCCG,2
AATACCGACTATTAAA,2
AATACCTATAGGAAGG,2
AATACCTCAATGTGAA,2
AATACGAGTACTACAA,2
AATACTACCGCCAAAT,2
AATACTGGGAGGCCAA,2
AATAGAAACAAAACAA,2
AATAGAAGAATACACG,2
AATAGAAGCGTCCCCA,2
AATAGCCGGAAAGTTT,2
AATAGCGCTCCGCCTG,2
AATAGCTTGTCAAAAC,2
AATAGGAACATTATAT,2
AATAGGAAGCCCACTA,2
AATAGGCCAGCTCACA,2
AATAGGGTCTCAAATT,2
AATAGGTTATTCCGAC,2
AATAGTAAAACCCTTA,2
AATAGTGGTCAAAGTT,2
AATAGTTGTAAAAGTG,2
AATATAAAGCGATCGT,2
AATATAAATCTTTCAT,2
AATATACATTGATACT,2
AATATCCTAAAACACT,2
AATATCTAACTTGCTT,2
AATATGAAGCTACTCA,2
AATATGACGCGGACAC,2
AATATGATATCCAAGG,2
AATATGGGGTATCAGG,2
AATATGTAATATGCTT,2
AATATTAGAGTACCAA,2
AATATTCAGCCTAAGA,2
AATATTCATGAGAAGA,2
AATATTGAATTAGCTA,2
AATATTGGAAGTATAT,2
AATATTTCCTATGTAC,2
AATCAAACGTATATAA,2
AATCAAATACTAAAAG,2
AATCAAATAGATAGCT,2
AATCAATCCCAGTTTA,2
AATCACACAAAAAATA,2
AATCACCCAACCGAGA,2
AATCACTGGAAAAAAC,2
AATCACTGTTTCTAAA,2
AATCAGATGTTACACA,2
AATCAGGGACCGCAAG,2
AATCAGTTACAACCAT,2
AATCATACCTACTACA,2
AATCATACGGATATCG,2
AATCATAGCCTGACTA,2
AATCATTAATATAATC,2
AATCATTTTTAAACAA,2
AATCCAATTTAAGCAA,2
AATCCACTAGTTTCCC,2
AATCCAGACTAAACCC,2
AATCCCGCGTCCACGC,2
AATCCGAACCTATCAG,2
AATCCGAACCTGTCAC,2
AATCCTAGTGTCACCA,2
AATCCTATAGTGAGGT,2
AATCCTATCTAAGTGT,2
AATCCTATTAATAAGA,2
AATCCTCTGAGAGAAT,2
AATCGAACATCCATGC,2
AATCGGCTCCAAATAG,2
AATCGTAACCCAGACA,2
AATCTAACTCGAACAG,2
AATCTAAGCCCCATTA,2
AATCTCGGACGCAACC,2
AATCTCTAAATAATAC,2
AATCTGAAACGTATCC,2
AATCTGACTCCACGGA,2
AATCTGGTCCCTTTGC,2
AATCTTAAGCTAGTTC,2
AATGAAAAAGTTGTAA,2
AATGAAAAATAGAAAA,2
AATGAAGAACCACAAC,2
AATGAATCCCACTAAA,2
AATGAATTAATCTTAA,2
AATGACATCCATGTAA,2
AATGACCAATTAGCCA,2
AATGACCACCATTATT,2
AATGAGACAATCTGCA,2
AATGAGGATACTATGG,2
AATGAGGCCCATGAAT,2
AATGAGTCAAGTAATT,2
AATGAGTTGTCCCAAA,2
AATGATCCGCAATAAA,2
AATGCATTAAAAAAAA,2
AATGCCATTATATTAA,2
AATGCCGCAACAATAA,2
AATGCGTACATTTCTC,2
AATGCGTACCCAAAAT,2
AATGCTACCCGTACAC,2
AATGGAAAAAGACGTA,2
AATGGACAACCACAAC,2
AATGGAGATCCGAGGT,2
AATGGCTCCGAGACGA,2
AATGGGTCAGAAGCAT,2
AATGGTACATGAATAA,2
AATGTAAAGTGTCCTG,2
AATGTAACATTCGATC,2
AATGTACAATGTTAAA,2
AATGTAGACAGTAAAT,2
AATGTCCTAATTAATT,2
AATGTCTAACATAATC,2
AATGTCTGGTCGGCGC,2
AATGTGTTTTTAATAC,2
AATGTTGATTCGAGAA,2
AATGTTTGTCCTGCTC,2
AATTAAAAAGATATGA,2
AATTAAATCCTAATCG,2
AATTAACAAGACAGGG,2
AATTAACTATTTAAAC,2
AATTAAGCAACAGTGA,2
AATTAATCTATTGTTA,2
AATTACAAACATCATT,2
AATTAGAACGGTAACG,2
AATTAGATAGATGATC,2
AATTAGCGTGAAATCC,2
AATTAGGACCTCCAAG,2
AATTAGTTTAAAAAAG,2
AATTATAGAGTAGGAG,2
AATTCAAGTTTGATCC,2
AATTCAATGTAATGAA,2
AATTCACCTGCATCTA,2
AATTCAGCAAGAAAAC,2
AATTCAGTTGTGTCAC,2
AATTCATCTAAATCTC,2
AATTCATTTCTAACGA,2
AATTCCACTTCAGGGA,2
AATTCCAGAACAACAA,2
AATTCCCATAGCCTTC,2
AATTCCTGACATTGGC,2
AATTCGACAACGTATT,2
AATTCGTATGAAAACA,2
AATTCTAGAACCCACC,2
AATTCTGGTGAACGCC,2
AATTGAAAGTCACGCA,2
AATTGATAAATTCAAC,2
AATTGCAAAAGTTTTC,2
AATTGGCGCTACCAAG,2
AATTGTAGGAAATACT,2
AATTGTAGTGAGACAA,2
AATTTAATACACACAC,2
AATTTACTCTGACTTC,2
AATTTAGAAAACAGCA,2
AATTTAGACATTATCT,2
AATTTATAAAATGAGT,2
AATTTATACTTTTTCC,2
AATTTCCAGCAAAGGG,2
AATTTCGAGACCTGCG,2
AATTTCGAGCTATAAA,2
AATTTTAATATAACTG,2
AATTTTATACAACCAG,2
AATTTTTATCGAGCGG,2
AATTTTTCCAAGAAGC,2
AATTTTTGCCACATTC,2
ACAAAAACAAGACAAG,2
ACAAAACATGATCAAA,2
ACAAAACGAATCAAAA,2
ACAAAACGCAATCGTC,2
ACAAAAGAGCACGAAA,2
ACAAAAGGATAGTATT,2
ACAAAATTTTGTATCC,2
ACAAACAAATAACGGC,2
ACAAACAACAAATACG,2
ACAAACGGACAGACCA,2
ACAAAGAACTCTCTTT,2
ACAAAGAGTGACTTAC,2
ACAAAGATTCCATCTG,2
ACAAAGCGTGTCCATT,2
ACAAAGGAGCTTTATT,2
ACAAAGTAAGCGAATC,2
ACAAATAAAAAAAGAA,2
ACAAATAAAGAGTTTC,2
ACAAATAACTTCATGC,2
ACAAATCCAATTTTTA,2
ACAAATGATGAAACAT,2
ACAAATGTGGCTTTCA,2
ACAAATTTTCGAATCC,2
ACAACAACTTAGGACA,2
ACAACATAATATTGAA,2
ACAACATTCTTAGTAG,2
ACAACATTTACACCTA,2
ACAACCACAACATCAA,2
ACAACCAGAACATTAG,2
ACAACCAGTCAAAATA,2
ACAACTCGCCTCAAAC,2
ACAACTCTCATGACTT,2
ACAAGAAAAGGGAATA,2
ACAAGAAATCGAGTCA,2
ACAAGAGATGTACACC,2
ACAAGAGCAAACAAGC,2
ACAAGCACTAAGTTAC,2
ACAAGCTTCACATAAG,2
ACAAGGAACCGTTACG,2
ACAAGGATTAAGGGGA,2
ACAAGGCATGAGTGAA,2
ACAAGGCCCGTATTGG,2
ACAAGGTGTACAATCT,2
ACAAGTAAATTAAATG,2
ACAAGTATATGTAAAA,2
ACAATAACACGGTACG,2
ACAATATACGGATAAA,2
ACAATCATATCCTTCA,2
ACAATCCAAAAAGCAA,2
ACAATCGACCTGAACA,2
ACAATGGCTTGAACTA,2
ACAATGTACACTTAAC,2
ACAATGTCCAGACTCT,2
ACAATGTCTCAACTAG,2
ACAATTACTATACTCT,2
ACAATTATGTTAAACA,2
ACAATTTCTGGCACGC,2
ACACAAAGAAGGTCAG,2
ACACAAAGCCAGCGGA,2
ACACAAGCATCAATCC,2
ACACACCGGTGTTTTG,2
ACACACTCATGAAGGC,2
ACACAGCACTGAAGTA,2
ACACAGTGCTGACAAA,2
ACACATACGTCTTCCG,2
ACACATACTGAGTGTC,2
ACACATAGAATAGTCC,2
ACACATAGCTCGCGAT,2
ACACATTATTTAGACG,2
ACACCAAAATGACTCG,2
ACACCAATCGGTAAGA,2
ACACCACCAGGCCGTA,2
ACACCACCTACCAGGT,2
ACACCATAACAAAAGC,2
ACACCATGACAAGACC,2
ACACCCCTCCCTAATT,2
ACACCGATTCAGCAAG,2
ACACCGCTTCCTTGCC,2
ACACCTCCTTAGCTTA,2
ACACGAAACAATATCG,2
ACACGAAACAATGGTC,2
ACACGACAACTGCCAA,2
ACACGATAACCGCCAT,2
ACACGATAGCTAAAAT,2
ACACGATAGTCCAGTT,2
ACACGATGACAAGCTG,2
ACACGCCTCCAGACTC,2
ACACGTACGACTTCAC,2
ACACTACTACCACATG,2
ACACTAGGACTTTCAC,2
ACACTATCTAAAATAT,2
ACACTATGTTCGTCAA,2
ACACTCAATATCTTCG,2
ACACTCGAAACAGGAC,2
ACACTGTCACCGTAAA,2
ACACTTCACTTCTTTA,2
ACACTTTTCACCGTTT,2
ACAGAAACAAGATCAA,2
ACAGAACTTAGAGAAG,2
ACAGAAGGAAATGGGA,2
ACAGAATTGGATGACC,2
ACAGACATTCCTTAAT,2
ACAGACTCTTTACAAC,2
ACAGAGTTGTAGATCA,2
ACAGAGTTTACTGCTT,2
ACAGATGATTGCCATC,2
ACAGCAATAGAGATTC,2
ACAGCACAACAAAGCT,2
ACAGCACTCGGTTTAT,2
ACAGCATAGACAAAGG,2
ACAGCCCCACTACGGA,2
ACAGCCCGAATTCCCT,2
ACAGCGCATTATTCAA,2
ACAGCTAAAAACCCAT,2
ACAGCTGAATTAGGTT,2
ACAGCTGCTATCAGCG,2
ACAGGCTCAACATAAG,2
ACAGGGAATGCTTCAC,2
ACAGGTCTTCATTCTT,2
ACAGTACGAAGGACTT,2
ACAGTATAAACCACAT,2
ACAGTCACATAAAACA,2
ACAGTCACCCTTCAAC,2
ACAGTCACTACACAGA,2
ACAGTCCCGGCCTGTG,2
ACAGTGCCCATAAAAT,2
ACAGTGTCATTACCCG,2
ACATAAAATGCTCGAG,2
ACATAAAGCCTTGTAA,2
ACATAAATTAAAGAGA,2
ACATAACTAACTTACT,2
ACATAACTACGGTTAA,2
ACATAAGTTAGCAGAG,2
ACATACAAAAACACGA,2
ACATACAAAAATATCT,2
ACATACGAGATGTAGA,2
ACATAGAAGCAAATTG,2
ACATAGAATAAATAAA,2
ACATAGAGCCCATTAC,2
ACATATAAATATCTAC,2
ACATATACCGTTAATT,2
ACATATAGCATATCCA,2
ACATATAGGAAATCCG,2
ACATATGAAGGTCATT,2
ACATATTAAAAGAACT,2
ACATATTGAATCCTAA,2
ACATCAATAAAGTTTT,2
ACATCAGAAAATTAGA,2
ACATCAGTACCAGAGT,2
ACATCCCGACCGACCT,2
ACATCGAAGTTCCTCC,2
ACATCTTGGGTTAACA,2
ACATGAATTCCAAACG,2
ACATGACGGTAGAGCT,2
ACATGATTAGCTCCAA,2
ACATGCCATCCGAACC,2
ACATGCGACCCCTATG,2
ACATGCTGAGATATTT,2
ACATGTAACCCAAACT,2
ACATGTCTAACCTCCT,2
ACATGTGATAACGGGA,2
ACATTAAAACAATACA,2
ACATTAACAAATTAAT,2
ACATTACGACAAGGAA,2
ACATTATCTTTATAAT,2
ACATTCAAGGTTAACT,2
ACATTCCCCTGCTCGT,2
ACATTGTATGTCTCAA,2
ACATTTGCATCAACAC,2
ACCAAAAAATGAACGC,2
ACCAAAAGTTTCTCGG,2
ACCAAAATTTAGGTAA,2
ACCAAACATTCATACA,2
ACCAAAGCCTCGGATT,2
ACCAACAGACCGCATA,2
ACCAACCAAGAGGTAG,2
ACCAAGAAAATAATTT,2
ACCAAGATAAACCTAA,2
ACCAAGTCAATCTTGA,2
ACCAATACAGAACTTA,2
ACCAATTAACAGACAT,2
ACCACATATAACAACT,2
ACCACCAGTTATCTAG,2
ACCACCGAAGGAACAC,2
ACCACCTTCTCAACGC,2
ACCACTAAAGCGTAGC,2
ACCACTAGAAATACCA,2
ACCAGAATGCGTGGTC,2
ACCAGACGAGGAATTA,2
ACCAGATAGGACGAGA,2
ACCAGCAAAGGGATCT,2
ACCAGCAACCATAAAT,2
ACCAGCAATGCAATTC,2
ACCAGGATCCAGTAGA,2
ACCAGTAAGACTCAAA,2
ACCAGTATCTTCGCTA,2
ACCAGTTTAAAGATGA,2
ACCATAAAAAATCTCC,2
ACCATACTAAGGTCGC,2
ACCATCATTCTAACAC,2
ACCATCGCCCGCGTAC,2
ACCATGTAACACCGCT,2
ACCATTAACGGGATAC,2
ACCATTCAGTTTATAC,2
ACCATTTGAAAAGCAA,2
ACCCAACAACTTCAAC,2
ACCCAACTAACCACAA,2
ACCCAAGATTGGTTCA,2
ACCCAAGGATACGAAC,2
ACCCAATAAAGCTCAA,2
ACCCAATCATACAACT,2
ACCCACCTGATCAGAG,2
ACCCAGAACTGCTTTG,2
ACCCATGACCAGATGA,2
ACCCCTTAGCCAGTTA,2
ACCCGACTACTAACAG,2
ACCCGAGCTTAATCAT,2
ACCCGATCAATTGAAA,2
ACCCGCCACAAAACGG,2
ACCCGGGAGCACTAGA,2
ACCCGTCCGATATCCG,2
ACCCTAAGTTTTACAA,2
ACCCTACACGTGGACT,2
ACCCTACTCCATCCTA,2
ACCCTCGCTTGTCCGT,2
ACCCTTCACAAGTTTA,2
ACCCTTCACTTGGTTC,2
ACCCTTCTACCACGCA,2
ACCCTTTCTTGGTGAG,2
ACCGAAGGACTGGTTG,2
ACCGAATTTCAATCCA,2
ACCGACCTTACACACA,2
ACCGACTGACAAAGGT,2
ACCGAGACAAACGTTA,2
ACCGCACAATGATATC,2
ACCGCATTAGAAAATA,2
ACCGCCGCCACACGTT,2
ACCGGAAAATAGCGAG,2
ACCGGAACGACATCCA,2
ACCGGACAAATCATAA,2
ACCGGACCAAATCAGT,2
ACCGGATACTTTACCG,2
ACCGGATCACACTTTA,2
ACCGGATTCTTATCTA,2
ACCGTAAAATGATTAG,2
ACCGTAATATACGGTT,2
ACCGTATCACGCACAC,2
ACCGTATGAGACAACG,2
ACCGTATTAACATGCA,2
ACCGTTAACTCCTTAT,2
ACCGTTACAAGTCAGT,2
ACCGTTCCCTTTCGAT,2
ACCTAAAAATCCTTTA,2
ACCTAAGAACTGACTA,2
ACCTAATAACGAGCCA,2
ACCTAATTAATAAAAA,2
ACCTACAGCAAATCCC,2
ACCTACCTCTAACATC,2
ACCTACTATCTTAGCA,2
ACCTAGCCCCGTGCAC,2
ACCTAGGCATCAGCAA,2
ACCTAGTTTAGGTGGC,2
ACCTATCGAAAGTGAA,2
ACCTATTATGTAAAGA,2
ACCTCAATGCACCATC,2
ACCTCCACGAATCCAG,2
ACCTCCTTGTCATTAC,2
ACCTCGAGTGAATCAG,2
ACCTCTACCAGTTGTT,2
ACCTGAGACTTGAAAC,2
ACCTGCAATTCGGTAC,2
ACCTGTATATCATCAA,2
ACCTGTTAGGATTAAC,2
ACCTTAAAGCATAAAT,2
ACCTTATGAAACCCAA,2
ACCTTTGTCACAAATC,2
ACGAAATACCACGTAA,2
ACGAACGACTCGAATA,2
ACGAAGAGGAACTTAC,2
ACGAAGCGATCGGACA,2
ACGAAGTAATGACCTA,2
ACGAAGTACATGTTTA,2
ACGAATATTCCCTCCA,2
ACGACAATACGTAGCT,2
ACGACACAACTATACC,2
ACGACACCTCAAGGCT,2
ACGACATCCCAAAAAT,2
ACGACTACATGCCAAC,2
ACGACTGCTCTGACTA,2
ACGACTGGTAGCTATG,2
ACGACTTCAAAGGTTC,2
ACGAGAAGTTAATCTC,2
ACGAGATAAAATACCT,2
ACGAGATTGAGTCATT,2
ACGAGCGTATATGAAG,2
ACGAGCTAACAACGTA,2
ACGAGGCTAACCAGGG,2
ACGAGGGGCCACACGA,2
ACGAGTCCTTAGATGG,2
ACGAGTTGCCGCGCGG,2
ACGATGAGGACTAAAG,2
ACGCAAAATAGTAATA,2
ACGCAACAGCAGTTCA,2
ACGCATTATGTACTAA,2
ACGCATTTATATATCG,2
ACGCCAACCATTTCCC,2
ACGCCCGAGTTTAGAA,2
ACGCCCTTCTTAAAAT,2
ACGCGATCTTGTAACC,2
ACGCGGCCAGGATAAT,2
ACGCGGTCTACGCGCG,2
ACGCGGTTATGAAGAG,2
ACGCTACACAGCCCAG,2
ACGCTACCAACATCAA,2
ACGCTATGCAAACAAC,2
ACGCTCGCCTAATTAT,2
ACGCTCTACTAATAAT,2
ACGCTGACTAGGAATA,2
ACGCTGCCAACGAGTA,2
ACGCTTTGAAAGTTGA,2
ACGGAACATCAATTCC,2
ACGGAACTTCAACCTA,2
ACGGAATAGTATTCGC,2
ACGGAATCGCACAAAG,2
ACGGATAGACCCAACC,2
ACGGATAGGCACCCTT,2
ACGGCAAGGATGAAAG,2
ACGGCACTGATTTAAA,2
ACGGCCAGTTGCAAAA,2
ACGGCCCGATCTACAA,2
ACGGCGGTCGACAGCA,2
ACGGCTATCCCGTATT,2
ACGGGAACCTCGATGA,2
ACGGGCTCACCTTGTA,2
ACGGGCTCGTCTTAGA,2
ACGGGGAATACCTCAT,2
ACGGGGACGGTAACAC,2
ACGGGGATGCGAATCC,2
ACGGTAGCACTCTGAA,2
ACGGTATTGAATAAAC,2
ACGGTGCTGATTACTA,2
ACGGTGTTTAGCAAAA,2
ACGGTTAACTTAGTTC,2
ACGGTTATATGAAGTA,2
ACGGTTCCTAATCTCC,2
ACGGTTGTGTACCTAA,2
ACGTAAAGACAAACAC,2
ACGTAATCAAGCACCT,2
ACGTACTTAAACTTCA,2
ACGTAGAGTGATACTA,2
ACGTAGCGCCAGGGGT,2
ACGTAGTGAGTCCGAG,2
ACGTATAAATACTCAG,2
ACGTATCAGACCTTCA,2
ACGTATGCATGCTGCA,2
ACGTATTAATATGACC,2
ACGTCCGTTTTTAAAT,2
ACGTCGAATTGTGTAT,2
ACGTCTATTTGTAACC,2
ACGTCTCATATCGACC,2
ACGTGGCTTCATTAAG,2
ACGTTAAATCGGATCC,2
ACGTTACAAGCTAGTC,2
ACGTTACACCAGCACC,2
ACGTTCTATATCACCA,2
ACGTTGCTATCCAAAC,2
ACGTTTTTTTATTTAA,2
ACTAAAACAATCTGTA,2
ACTAAAATGCAAGAAA,2
ACTAAACACACTTATA,2
ACTAAATAGCTCAACA,2
ACTAAATTCAGCCACC,2
ACTAACAGTGAGTATA,2
ACTAACGCAGAAAATA,2
ACTAACGTAAGCTGCA,2
ACTAAGGTAGAATAAC,2
ACTAATCCGGCCGATC,2
ACTAATCGAGCACCAG,2
ACTAATTCAAAAGTAA,2
ACTACAATATTGAGCA,2
ACTACAATGCTTGCAC,2
ACTACACACTATGAAT,2
ACTACACCGGTTTTAA,2
ACTACCCAACAAAAAC,2
ACTACTAAAGAAATGT,2
ACTACTAGAAGATAAA,2
ACTAGAATAGACACAC,2
ACTAGCTGTGTTAGTA,2
ACTAGTAATTCAAAAT,2
ACTAGTATCACGGAAT,2
ACTATAAACAATAAGA,2
ACTATAAACACGTAAT,2
ACTATAAGAACAGTAG,2
ACTATAAGTACAAAGT,2
ACTATAGCCTTTTTGC,2
ACTATAGCTCTTGATC,2
ACTATCTCGAGAAAAA,2
ACTATCTCTTGTTCAA,2
ACTATCTGCAACCGGA,2
ACTATCTTGCAGGATT,2
ACTATGGCAAGTTTCC,2
ACTATGTGTCCGACAA,2
ACTATTACCCAATTTC,2
ACTATTGCGCTATATT,2
ACTATTTATGTTTTGT,2
ACTATTTGAACGGAAA,2
ACTCAAAATGCTACTG,2
ACTCAAATCATTCCTA,2
ACTCAATGGTTGGTAA,2
ACTCACACAACAGGTA,2
ACTCACACTCATAAAA,2
ACTCACAGAATTCTAC,2
ACTCATGCCATTACTG,2
ACTCATTTTCGTGCCG,2
ACTCCAGTTAGCGGGA,2
ACTCCCAAGCCTCCTT,2
ACTCCGCAGATTTTGG,2
ACTCCGGTACTCTGAC,2
ACTCCGTGACAAAACG,2
ACTCCTGATAGTTCGG,2
ACTCCTTATAGACACA,2
ACTCCTTGCACAAGAA,2
ACTCCTTGGCTGATTT,2
ACTCGAAAAAATTCAC,2
ACTCGAAAGCTAGACT,2
ACTCGACTTGAGCCAA,2
ACTCGCAGAATAATAT,2
ACTCGGTAACTGTTAT,2
ACTCGTTAAATCTGAA,2
ACTCTATATGTGAAAA,2
ACTCTCAAACATAAGC,2
ACTCTGGACTAATAAT,2
ACTGAATTGTTTACCA,2
ACTGACAGCAATTCGG,2
ACTGACTTGAGCATAT,2
ACTGACTTTATAGTTA,2
ACTGAGAAGACCTCTT,2
ACTGAGATGCGCCACA,2
ACTGATAAACTACAAG,2
ACTGATTTACTTGCGG,2
ACTGCATTTCTTGACA,2
ACTGCGAAAACCCAAG,2
ACTGCTCCGCCCAATG,2
ACTGGCCGAAGTTAGC,2
ACTGGCGAGGCATTAT,2
ACTGGGACTGGCAGGG,2
ACTGGGGACCAGATAG,2
ACTGGTATCCGTCACG,2
ACTGGTGCGATAGTGA,2
ACTGGTTATACAAGGG,2
ACTGTAAAATATGTGT,2
ACTGTACAACGGAAGG,2
ACTGTATCTACAGAAA,2
ACTGTATGTAACACTT,2
ACTGTCAAGCCCTTCT,2
ACTGTCAGATGTGTCC,2
ACTGTGAACCAATATA,2
ACTGTTACAGACTCAA,2
ACTTAAAAATTATGGA,2
ACTTAACGGAAACCAA,2
ACTTAATTTATAAAAG,2
ACTTACAATTGCATAA,2
ACTTACCACAGTACCG,2
ACTTACGCGTCTCAAA,2
ACTTAGAAAGCATGTC,2
ACTTAGAACCGAGACC,2
ACTTATCGTATTAAGT,2
ACTTCATAACACAGAC,2
ACTTCCATGTTAATGT,2
ACTTCGCTGATAACAT,2
ACTTCTATATGACAAT,2
ACTTGAAAAAAAGTTA,2
ACTTGAAGACTACTAT,2
ACTTGAGTCTCACGAT,2
ACTTGATAAAAAAACA,2
ACTTGGTCACGATCCA,2
ACTTTAACCCATATGG,2
ACTTTACAACGTATTA,2
ACTTTACATGAAAATT,2
ACTTTAGATGCTATCG,2
ACTTTATAACAACCAA,2
ACTTTATCTAAAGACT,2
ACTTTCTTACCTCAGA,2
ACTTTGATTTTAACTT,2
ACTTTTAAAAAACCAA,2
ACTTTTCGCAGGATCG,2
AGAAAAACAATGCATC,2
AGAAAACTTAAGTATT,2
AGAAAAGGGATATGTA,2
AGAAAATGCTAAAACA,2
AGAAAATGTTGAGTAA,2
AGAAACAGGGGACTTC,2
AGAAACATTTGCAAGT,2
AGAAAGAAATTTCTTC,2
AGAAAGAGAGAAACCC,2
AGAAAGCTTTGATTAG,2
AGAAAGGTCAAACGCG,2
AGAAAGTTTACCATAT,2
AGAAATACCATCATTA,2
AGAAATACCTATACCC,2
AGAAATCAAATCGGCC,2
AGAAATCAATGGAAAG,2
AGAAATCCCTTAAGAA,2
AGAAATCCGCTTGTTT,2
AGAAATCGGCGGGTTG,2
AGAACAAAAGACACGA,2
AGAACAAGGTCGAGAC,2
AGAACAATGTCAACAG,2
AGAACATCTACTTCTC,2
AGAACCCCATAACCTA,2
AGAACCTACACTAATA,2
AGAACGATTGACGCTC,2
AGAACTACTTAATGAA,2
AGAACTATCCAGTCCA,2
AGAACTGACGGATCTA,2
AGAACTTTAAAATGAC,2
AGAAGAACACCTGATC,2
AGAAGCGTAGATCAGT,2
AGAAGGAATTCAGTAA,2
AGAATAAAAACCGTTG,2
AGAATACTCTACTCGA,2
AGAATAGTTGTCGGAG,2
AGAATCAAAACTAGAT,2
AGAATCACCACATTAA,2
AGAATCCATCACTCGC,2
AGAATCCTAATGTCCC,2
AGAATCGGGTATATTC,2
AGAATGAAGATGCAAG,2
AGAATGAATAAATATA,2
AGAATGGAACCGAAAA,2
AGAATGTTCAAGGAAC,2
AGAATTACTGACAAGT,2
AGACAAATCAATGTAC,2
AGACAACCTGTAATCG,2
AGACACAGCCTGTCAT,2
AGACACAGTAAAACTA,2
AGACATACAAAAAGAA,2
AGACATCCAACGAGTT,2
AGACATCTCTAATACC,2
AGACATTATATCACAG,2
AGACCATAATAAACGC,2
AGACCATTCCAAAGTT,2
AGACCCACTAAGCTCA,2
AGACCCAGGATCCCAA,2
AGACCCCTGAAGCTAG,2
AGACCTTATGATATTG,2
AGACGAAAGTTTTAGC,2
AGACGACTTAATACAA,2
AGACGAGCCCGCGAAA,2
AGACGCTATTCGAATG,2
AGACGTTAAAATTGTC,2
AGACTACCGAGGTCTA,2
AGACTACTTTCATTTA,2
AGACTATGTACATCAC,2
AGACTCCCTAGATTGA,2
AGACTGAGAAAAAAAA,2
AGACTTCAATATTTAG,2
AGACTTGCCAAAAGTG,2
AGACTTTAAGTCGAGA,2
AGACTTTAGATCCATG,2
AGAGAACGAGATTCAC,2
AGAGAACTTTCTTACC,2
AGAGACAAAGACCTTA,2
AGAGACACCCTAGAAG,2
AGAGAGAGGCTTGTGC,2
AGAGAGCCACGTTGAG,2
AGAGCAATACATCATT,2
AGAGCCAAGGGCCTGA,2
AGAGCGAAACCGTAAG,2
AGAGGAAAAATATCCC,2
AGAGGTAATCCCTAAC,2
AGAGTAACTCTGTAAT,2
AGAGTAATCTATAATA,2
AGAGTAATTGGTAGCC,2
AGAGTACAAGCCGAAC,2
AGAGTATGACACATTA,2
AGAGTATGCCAATATA,2
AGAGTATGTCGCTAAA,2
AGAGTCAGACCAATGA,2
AGAGTCCAAATTAAAA,2
AGAGTCTGAATATAAA,2
AGAGTGATAGATTCAT,2
AGAGTTTCTCACACCG,2
AGATAAAAAAGGATAC,2
AGATAAAAGGTTGAGA,2
AGATAAAATAAAGAAG,2
AGATAACAAGAAATCA,2
AGATAAGTTAATAGCC,2
AGATAATATCCAGCGC,2
AGATAATTAGGCCACT,2
AGATACAACGATAGCA,2
AGATACCCGTACCCCC,2
AGATACCCTTCGTTCC,2
AGATACCTAACATTCC,2
AGATACGATCTCCTTC,2
AGATACGTGTTAGACG,2
AGATACTGTGCACATG,2
AGATAGAGTAAAGTGA,2
AGATAGGCCATACGGA,2
AGATAGTCAAATTTAA,2
AGATATACAATAATCC,2
AGATATTTAGAAATAG,2
AGATCCCACACTATGG,2
AGATCGCTCTAGCTGC,2
AGATCTAAAATCAGTT,2
AGATCTACTATCAGCC,2
AGATCTTACGTATATA,2
AGATGAACTATACTAA,2
AGATGCAAAACATTCA,2
AGATGGCTATCTAAAC,2
AGATGTTAAAGCTGGT,2
AGATTAAAGTAAAAAA,2
AGATTAAGCCAATATT,2
AGATTAATCTGAAAAT,2
AGATTACCAATTAGTG,2
AGATTATCTTCCTACA,2
AGATTCACAAACCATA,2
AGATTCCGTTACCTGG,2
AGATTCTAAGATACTT,2
AGATTGAATCAAAATC,2
AGATTTAACAAACAGC,2
AGCAAAACAAAATCGA,2
AGCAAAACTCCATAAG,2
AGCAAAAGTGGACAAT,2
AGCAAAGGATTTAAGA,2
AGCAAATGTCCCTATA,2
AGCAAATTGGATTGAC,2
AGCAACAGTAACTGAA,2
AGCAACATTCTCATCC,2
AGCAACCTCATTACCT,2
AGCAACTTGAATGATA,2
AGCAAGTTAAGACGCT,2
AGCAATGCGGATACAA,2
AGCAATTTCAGTTAAG,2
AGCACAGTATCTTGCT,2
AGCACATCGCATGTAT,2
AGCACATTAGGAAGAT,2
AGCACATTCAACACAG,2
AGCACATTGTACCTCT,2
AGCACGATGATCTCGA,2
AGCAGCCACATTAGCC,2
AGCAGCGGATATGAAG,2
AGCAGCGGATGAAGAT,2
AGCATAAAATCATCTA,2
AGCATAAATCCCAATG,2
AGCATAGAAATACGCC,2
AGCATAGTAATTACAC,2
AGCATCTCGCAAAGTT,2
AGCATGACCAAGCCAT,2
AGCATTCCACCAAAGA,2
AGCCAAGACAAAGTCA,2
AGCCAAGATATAGATT,2
AGCCAGCGACCAATGA,2
AGCCAGTGATTTCTTG,2
AGCCATCACACGTAAT,2
AGCCCAGAGCATAACA,2
AGCCCCGAAGCCAATG,2
AGCCCGTAAATATGCA,2
AGCCGAGTGATGCAGC,2
AGCCGATAACCGCGGA,2
AGCCGCCGCTCTTGCC,2
AGCCGTAAAATTATAT,2
AGCCTCCTGAATGAAA,2
AGCCTGATGTCCAGAA,2
AGCCTGCCTTAGTGCA,2
AGCCTGGAGTAAAACA,2
AGCCTGTACGACAAAT,2
AGCGAATGTGGTATAT,2
AGCGAGCTGGACCAAT,2
AGCGATAATCACATAA,2
AGCGATATTACACACT,2
AGCGATCACCAGTCTA,2
AGCGATTTCTATATAA,2
AGCGCATTCTACACCC,2
AGCGCGTCTACCACAT,2
AGCGCTGGTGAAGCCC,2
AGCGCTTCAAATTCAC,2
AGCGGAAACAACTATT,2
AGCGGAATAAACGGGA,2
AGCGGAGGGCCCAGCG,2
AGCGTAAATCAATAAA,2
AGCGTACAGGTCATGG,2
AGCGTTTATTGCAACG,2
AGCTAAAACAACTCTA,2
AGCTAAATAGGGCATT,2
AGCTAACCCCCCAGCC,2
AGCTACTAGAGCTCCA,2
AGCTAGGTAGTAAGCT,2
AGCTAGTCGAATGAAA,2
AGCTATCGCAACATCT,2
AGCTATGATTAATAGC,2
AGCTCGGCCATTTCCC,2
AGCTGTTCAACAATGC,2
AGCTTACTTCGCGTGA,2
AGCTTCCGATAATGGT,2
AGCTTTAATGGCGACC,2
AGCTTTCTTGGAGGAA,2
AGCTTTGAAATGTTAT,2
AGGAAAATTTTTGGAT,2
AGGAAAGAATTAGAGT,2
AGGAACAGCGTCAAGC,2
AGGAACATCAGCATTA,2
AGGAACTCATCGCACC,2
AGGAATATCAAATCAC,2
AGGAATTCACCTGTTA,2
AGGAATTTCTGCCATA,2
AGGACGCAGCAAAATT,2
AGGACGCAGGCAATCG,2
AGGACGGTAAATAAGA,2
AGGACTAGACTATGAA,2
AGGACTCCATCCTAAT,2
AGGACTTGCGAGCCAG,2
AGGAGGGCGGGTTGGA,2
AGGATAATACATCGAC,2
AGGATACCAAGTGAAT,2
AGGATAGGTGACTATG,2
AGGATAGTTCCACTAC,2
AGGATCAGAAAAGAGA,2
AGGATGACTAAAGAAC,2
AGGATGTTCGAATCAA,2
AGGATTCACAATATAG,2
AGGATTGCAGGCCAAT,2
AGGATTTACGATATAA,2
AGGCAAAAATCCCGGT,2
AGGCAAGGATACCCTC,2
AGGCACAACACGTGAT,2
AGGCAGATTCAAGAGA,2
AGGCAGCAACGTCTTG,2
AGGCATTGCCCGGATA,2
AGGCCAAAAATTGGAA,2
AGGCCAATGAGAAGGG,2
AGGCCCATGAGAATTC,2
AGGCCCCACTTCAATC,2
AGGCCCTTCATAAGTA,2
AGGCCTAAAAATAAAA,2
AGGCGCACACCGAACC,2
AGGCGCGACATTACGC,2
AGGCTAACGCAGAACA,2
AGGCTGAAATCGACCA,2
AGGGATCTAGGTAAAT,2
AGGGCATAATTTTACA,2
AGGGCCTAAACTCTAC,2
AGGGCCTGTATCAACG,2
AGGGCTATAATTTACA,2
AGGGCTCAGTAACCTG,2
AGGGCTTTTAGTCGGC,2
AGGGGACCAGGGCGTT,2
AGGGGATGCAAAACCC,2
AGGGTAACGTTGCGGG,2
AGGGTCCAACTGCAGC,2
AGGGTTGATTTAGCCT,2
AGGTAATATCACACTT,2
AGGTAATGGGATACGA,2
AGGTACTATGACCAGG,2
AGGTAGGACCTCTCAT,2
AGGTATCCTGATGAAA,2
AGGTATGGACTCATAT,2
AGGTCCACGACGTGGC,2
AGGTCCCAAATATTTT,2
AGGTCTCATTCGAGTA,2
AGGTGACGTCTCTTCA,2
AGGTGATTTACACTGC,2
AGGTGGAAGTCCATCA,2
AGGTGGACCCAATAAA,2
AGGTGTCAAAACATAC,2
AGGTTAAAAGGCAACT,2
AGGTTAGCTATGCCAA,2
AGGTTCAGAAATGCTG,2
AGGTTGTGCAAATGGG,2
AGGTTTCATCGGAGCG,2
AGTAAAGGCAACATGT,2
AGTAACACACCCACCG,2
AGTAACAGAAAATGTA,2
AGTAACAGCACACCAA,2
AGTAACGTTGTCCATC,2
AGTAATAAATCGCGAA,2
AGTAATCCCCTATGGT,2
AGTAATTAACTCTCAT,2
AGTACAACCCAACACC,2
AGTACAACTCTTTCTA,2
AGTACAATCCACAAAA,2
AGTACAGACCAACCAC,2
AGTACATATAACTGCA,2
AGTACATTTAATTAAA,2
AGTACCCGAGCAAATT,2
AGTACCGGTCAAGTAC,2
AGTACGCGCTTATTGC,2
AGTACGTACATACAAT,2
AGTACGTACTAACAAA,2
AGTACTTTTACACCTC,2
AGTAGACCTGAACGAA,2
AGTAGATACCATTGTA,2
AGTAGATTTTGACCAT,2
AGTAGTCCACGTCCAC,2
AGTATAAAAAAATAAG,2
AGTATAAATTGGATAC,2
AGTATCAGTATTAACA,2
AGTATCTAATGACCCC,2
AGTATGAAGAATTGAA,2
AGTATTAACTGACCGA,2
AGTATTACATTAGATA,2
AGTCAAAAAGCACGAT,2
AGTCAAAGTACAGAAT,2
AGTCACAAAAAGTTGG,2
AGTCACGATAACTCTG,2
AGTCATCTACAAGAGG,2
AGTCCAACGAAATTGC,2
AGTCCCACGCATAAAT,2
AGTCCGCATTTAGAAC,2
AGTCCGGAAAAGTACT,2
AGTCCTGACAATCATT,2
AGTCGAGGATACAGAC,2
AGTCTAAAGGTTAAGA,2
AGTGAAGGAACTATCA,2
AGTGACAGAATGAAAA,2
AGTGACATCACTAATT,2
AGTGACATTTATTGGC,2
AGTGACCAGAGATAAA,2
AGTGACCTGTGTTAGA,2
AGTGACGTTCAAACGA,2
AGTGAGATTTTTCTGT,2
AGTGAGCCCAAAACAA,2
AGTGAGCGTACAATAG,2
AGTGATACCAATCTCT,2
AGTGCCGCAACATCTC,2
AGTGCCTGATTCCTTC,2
AGTGCGGTCTGCACGA,2
AGTGCTACAGTGCTAC,2
AGTGCTCACAGAATAC,2
AGTGGCAATGGTCATG,2
AGTGGCATATGCCTCA,2
AGTGTACTTCGAAAGG,2
AGTGTATATATCCGCA,2
AGTGTCAAAACTAAAT,2
AGTGTCAGATAACGAA,2
AGTGTCGATCCGTCCG,2
AGTGTTAAACACTAAA,2
AGTTAATAAGTGATGC,2
AGTTACAAATACTCCC,2
AGTTAGAAAACGATCT,2
AGTTAGCACATAAGCT,2
AGTTAGCATAGTATTC,2
AGTTAGCCAGATGGTG,2
AGTTATCCTACACATT,2
AGTTCAATTGTTCCAA,2
AGTTCACGTTATCGGA,2
AGTTCATTAGAATGAA,2
AGTTGAATGGTCTCTG,2
AGTTGGAGGCTATACT,2
AGTTGGTGCAAGGTTT,2
AGTTGTAAACGAGATC,2
AGTTGTAATTGTATGA,2
AGTTGTACACCTTTTC,2
AGTTTAGATACGGGTG,2
AGTTTCAAGGACATCA,2
AGTTTCAAGGCAGCTT,2
AGTTTCCTAGAGGCGT,2
AGTTTCTGAACCCGCA,2
AGTTTTTCTGAAGTAG,2
ATAAAAATAAAAAGAT,2
ATAAAACTGACAAACG,2
ATAAAAGATTTAGCCA,2
ATAAAAGCAAATAAAA,2
ATAAAAGGTTATAGCT,2
ATAAAATACAACTAGA,2
ATAAAATGTTACGATC,2
ATAAAATTATACAAGA,2
ATAAAATTTACTTTAC,2
ATAAACAAGACATTGC,2
ATAAACCAAGCACCTA,2
ATAAACGTCACCCTAA,2
ATAAAGATAACGGCAG,2
ATAAAGCACATATGAT,2
ATAAAGCACCCTTAAC,2
ATAAAGTGAGAATAAT,2
ATAAATACGCGGTACA,2
ATAAATATTAGCAAAT,2
ATAAATCAACAGGTGA,2
ATAAATTATCAGAGCA,2
ATAAATTTGCCTAGGA,2
ATAAATTTTGCCGTAC,2
ATAACAAATAACCAAC,2
ATAACAACTGAACTGA,2
ATAACAAGGAGCTGCG,2
ATAACACCCACATACA,2
ATAACAGCTAATCAAG,2
ATAACATTACACGAGT,2
ATAACATTCCTCGATA,2
ATAACCACTCATTTGG,2
ATAACCCTCCAGACAA,2
ATAACCGACCTCAGTT,2
ATAACGAATGACCTTT,2
ATAACGACGCAAAAGT,2
ATAACGAGCGAAAGAC,2
ATAACGCAGGCATGAG,2
ATAACGCATGTATTCC,2
ATAACTACATCTTAAA,2
ATAACTACCAACATAA,2
ATAACTACGATTATAG,2
ATAACTCCAATACGAA,2
ATAACTCTTCCTACCC,2
ATAACTTCGTACACCA,2
ATAAGAATTATCTCTT,2
ATAAGACACATCAGGA,2
ATAAGACATTATTATT,2
ATAAGACCGAGTTCTA,2
ATAAGAGCATAAAAAA,2
ATAAGAGCGTGCACAC,2
ATAAGATAGACTTAAT,2
ATAAGATGACGTTAAA,2
ATAAGATTGACAGTCA,2
ATAAGCAATCAATTCA,2
ATAAGCACATGCCAGA,2
ATAAGCTCAAAGGACC,2
ATAAGGGAGAACAGGA,2
ATAAGTAAAGGCACCG,2
ATAAGTACGTACCGTA,2
ATAAGTGTTAATATGG,2
ATAATACAATATGTAC,2
ATAATACCCCGAAACA,2
ATAATACGAGACGCCT,2
ATAATAGAACTTAACC,2
ATAATAGACCTAGGTA,2
ATAATAGCCGCTAAGC,2
ATAATATAAATACGTT,2
ATAATATAACACCTAT,2
ATAATCAAAGCAAGAG,2
ATAATCCATTAAACTA,2
ATAATCGGGCCTAATC,2
ATAATCTGAATGATGA,2
ATAATCTTATCTGTAG,2
ATAATGATGGCCTGGA,2
ATAATGTCGGGATACA,2
ATAATGTTTTCAAATC,2
ATAATTCGGGGGGAAA,2
ATAATTGTAATATAAC,2
ATACAATCAAGGTATA,2
ATACAATGCCTTAATG,2
ATACAATTCTGACAAT,2
ATACACAAAACCAAAT,2
ATACACAACTTACATT,2
ATACACAGCCATCATT,2
ATACACTGGTTGCAAA,2
ATACAGACCCTGGTCG,2
ATACAGTTGGTACCTT,2
ATACATATTAATTTCA,2
ATACATCCAGGAGGAT,2
ATACCAACTATGTCAC,2
ATACCAATACGAAATC,2
ATACCAGTACTCGATA,2
ATACCCCGATAAGGCT,2
ATACCCGAAAATACTT,2
ATACCCGCCAAGGTTC,2
ATACCGATACTCTGCT,2
ATACCGTGATGTACTG,2
ATACCTCTCTGCAAGC,2
ATACCTTAGCGGTCAC,2
ATACGCGCAAGACCCT,2
ATACGCGGAGATAGAC,2
ATACGCTGGCAAGACC,2
ATACGTAAAGGAGTAT,2
ATACGTGCCTATTTGC,2
ATACGTGTGACAATAC,2
ATACGTTATATTTAAG,2
ATACTAAAGCAAATAG,2
ATACTAACTGCAAGAG,2
ATACTACCTAAGAAGT,2
ATACTAGAATGTAACT,2
ATACTCGTGTGAAATC,2
ATACTCGTTTCGAACA,2
ATACTGAGAACTTACA,2
ATACTGCTTTATTGGA,2
ATACTTCTAATCGTAC,2
ATAGAAAAGCCGTGAA,2
ATAGAAAATGAGACCA,2
ATAGAAACTCCTCTTA,2
ATAGAACCCCGATAAT,2
ATAGAATTCACTAAAT,2
ATAGACATATAACAAT,2
ATAGACGCTTCTTTGA,2
ATAGAGAAAAGTTTGA,2
ATAGATAAAATAATCT,2
ATAGATGACGAGGTAA,2
ATAGATGGAAAACCCA,2
ATAGATGGACTAAAAT,2
ATAGATTACAACCTCT,2
ATAGCACTTCCCGCAA,2
ATAGCAGGAATCTCTC,2
ATAGCATCTAGGTTCG,2
ATAGCATTTACGATTG,2
ATAGCCCTAAGAGGGA,2
ATAGCCCTGCTACTAA,2
ATAGCCGAATGTTAAA,2
ATAGCCGAATTTTGTA,2
ATAGCCTTATAGACCC,2
ATAGCGCAGATGATTT,2
ATAGGCGCGCTATAGA,2
ATAGGTCACACGACAT,2
ATAGGTCGACGCCGCA,2
ATAGGTGTAATTCACC,2
ATAGGTTACCAGCTGA,2
ATAGGTTTAAGCCATG,2
ATAGTAATACCAACGC,2
ATAGTAGAGTTAAAAA,2
ATAGTATAGACGAATG,2
ATAGTCTACTAGGACA,2
ATAGTCTCGTATGTGG,2
ATAGTCTTCAATGTAA,2
ATAGTGAGCCGTATAA,2
ATAGTGTAACGATTAA,2
ATAGTTCTATCTAGCT,2
ATATAAAATTTCACAA,2
ATATAAATATCGTGTC,2
ATATAACAGCAATACA,2
ATATAAGATAGTTATA,2
ATATAATGCTGAAAAC,2
ATATAATTGAACACGG,2
ATATACATAGTTCAGG,2
ATATACATGTAATGGA,2
ATATACCTTCTTCGTC,2
ATATACTAAATAATCA,2
ATATACTCTTTATACC,2
ATATAGACAAGCAGGA,2
ATATAGAGTTACAGCA,2
ATATAGATAGGAATTA,2
ATATAGATTAGGACTC,2
ATATAGCGTGCAATCA,2
ATATATACCCTGTGAC,2
ATATATTATCAACATC,2
ATATATTTATCAAATA,2
ATATCCACAAAGATCA,2
ATATCCCGAGTTACTA,2
ATATCCTAACCCCGAT,2
ATATCGGAAATCAAAA,2
ATATCGTGTTTACCTG,2
ATATCTAAAGAATGTA,2
ATATGCAAAGTGAAAT,2
ATATGCAAATCAACAG,2
ATATGCCAAGTACGGA,2
ATATGTAACCAGACTC,2
ATATGTAGCAGGTCGG,2
ATATGTCCTAATGCCC,2
ATATTATAATAATTAC,2
ATATTATCAGACAACC,2
ATATTCAGAATCTCCG,2
ATATTCATTAATGGGG,2
ATATTCATTTAGTTAG,2
ATATTCCCCCAATTAT,2
ATATTCGGAGTTAATT,2
ATATTCGTACATAAAA,2
ATATTGAGAACCAGTA,2
ATATTGATGTCGTGAC,2
ATATTGATTGAAAACT,2
ATATTGCAGATAAACC,2
ATATTGGAACCTAATG,2
ATATTGTCCAAAAAAG,2
ATATTTATAGAGTATG,2
ATATTTCTAACAAACA,2
ATATTTGAAAAAGAAT,2
ATATTTTTATAGCAAC,2
ATCAAAAACCAGTCAC,2
ATCAAAGATGCGATCG,2
ATCAAATCAAACAGGA,2
ATCAACTAAACCGTGA,2
ATCAACTACTTGAACT,2
ATCAAGATTCTACGAT,2
ATCAAGCATGACCTAC,2
ATCAAGCGGATGACTT,2
ATCAAGCTCAGGGCGT,2
ATCAAGGATGAGACAA,2
ATCAAGGTTTAAAGCC,2
ATCAATAATGTTAGGA,2
ATCAATACATCGTAGA,2
ATCAATATGAACAAAG,2
ATCAATCCAAATACCT,2
ATCAATTACGTTAATG,2
ATCAATTGAGAGACAA,2
ATCACACCACAGTATC,2
ATCACGGCACCCGGGG,2
ATCACGGCCTAATCAA,2
ATCACGTTGAATTTGT,2
ATCACTAACGATCATT,2
ATCAGAATGCGTGCAA,2
ATCAGATATAGCCAGG,2
ATCAGCTTAATCCCTT,2
ATCAGGCCATGCTCTA,2
ATCATACCAAAAATAT,2
ATCATACTTCTCACGT,2
ATCATACTTGATAACA,2
ATCATCAACTTGGAGC,2
ATCATCAAGTTAGAAA,2
ATCATCAGCGCAAGCG,2
ATCATCCAAGATGCTA,2
ATCATCCCCTCAAATA,2
ATCATGAACTTTCGAC,2
ATCATTAAAAGTTTAA,2
ATCATTAACCCTTGTT,2
ATCATTCCACCATATA,2
ATCCAAAAGATCGATC,2
ATCCAAACAACACAAG,2
ATCCAACCAAATCTGC,2
ATCCACAACTATTAGA,2
ATCCACGTATTTAAAA,2
ATCCAGAGGTTTGGTG,2
ATCCAGTAGTTCTGAG,2
ATCCATAAAGGCACTC,2
ATCCATGAAAAGAATC,2
ATCCATTACAACTACA,2
ATCCATTGTAAGCTTG,2
ATCCCAAAGGTATGAT,2
ATCCCAACCACAATTG,2
ATCCCACATGAAACAA,2
ATCCCAGGTGAAGTAC,2
ATCCCATTCATATACG,2
ATCCCCACTAAGTATA,2
ATCCCCTAATCACCCA,2
ATCCCGACAATATTTC,2
ATCCCGCTCGTCACAA,2
ATCCCTGTATACAAAA,2
ATCCGGTTAAAAATCA,2
ATCCGTTGAAACATAC,2
ATCCTACTCGGATGGT,2
ATCCTAGTATGCAAGG,2
ATCCTCAAGAATCCAT,2
ATCCTGACAACAAAAA,2
ATCCTGATTGTAACCA,2
ATCCTTAAAAAGATGG,2
ATCGAAAAAACACTAT,2
ATCGAAATGATATCAG,2
ATCGAACAGGTATTGA,2
ATCGAAGTTGCAAAAA,2
ATCGAATTACACCTAA,2
ATCGACAACAGGAGAC,2
ATCGACAAGAATTAGA,2
ATCGACAGTCATGATT,2
ATCGACCACTCATACA,2
ATCGACCAGCTCGAAA,2
ATCGACCCTATTTATC,2
ATCGAGATGCCGTTGG,2
ATCGAGGAAACATCAG,2
ATCGATACAGTCTATC,2
ATCGATACTAAAAATG,2
ATCGCAAGATACACAA,2
ATCGCACAAGAGGGGA,2
ATCGCCAACATAGTGT,2
ATCGCCCGGACCAAAT,2
ATCGCGCCTCCTTCTT,2
ATCGCGGAGCTTTTAG,2
ATCGCTGCACACCGCC,2
ATCGGAGGGGCACAAA,2
ATCGGATAGATCTGGC,2
ATCGGCCTCCTAGACA,2
ATCGGCGACCGGCACT,2
ATCGGGGCAGAGGAGA,2
ATCGTGGAATAAATAC,2
ATCGTGGCGATCGGTT,2
ATCGTTGTCCCTTATA,2
ATCTAAAAAGTTTCCG,2
ATCTAAAATAGTCCAG,2
ATCTAACACTTTTATA,2
ATCTAAGGCTATTGAC,2
ATCTAAGTATATATGA,2
ATCTAATTATTCTGCT,2
ATCTACAAGAACAATA,2
ATCTACCTGTAAGGCA,2
ATCTAGAATAAGGCCT,2
ATCTAGGGCAGTAATC,2
ATCTATCAGTTAGAAG,2
ATCTATGATAAAGACT,2
ATCTCAATTGACTCGA,2
ATCTCACACTATAGCA,2
ATCTCATACGCTAATG,2
ATCTCCGCTGCCGCTA,2
ATCTCCGGAGATGGAT,2
ATCTCGTGACCGAACA,2
ATCTCTATGGTGGCTT,2
ATCTGGATAGTTCAAT,2
ATCTGTCAAGAAAGAC,2
ATCTGTTAGTCTACAC,2
ATCTTAAATATTGCAT,2
ATCTTAACGATACTAA,2
ATCTTGCTTAATGAAA,2
ATCTTGGAAAAATGCC,2
ATCTTGGACAGACCTT,2
ATCTTTGGATGTTAAA,2
ATGAAAATCAACAAAG,2
ATGAACAATAAAAACG,2
ATGAACATGAGACAAA,2
ATGAACTAAATTAATT,2
ATGAAGATCTCACCTT,2
ATGAAGCACGTTACGC,2
ATGAAGGCAGCCCAGT,2
ATGAAGTAAATTCCAC,2
ATGAAGTAATGTGACC,2
ATGAATCCGGTACCCA,2
ATGAATGACTGCGCAC,2
ATGACAACTATGATTA,2
ATGACACGACAAATGT,2
ATGACAGGATATGGAA,2
ATGACATAAGTTCGCA,2
ATGACATAGCAAGAAT,2
ATGACATCAGAAAAAC,2
ATGACCATAAAACTCG,2
ATGACGAACATCAAAC,2
ATGACTAAAAATAGCG,2
ATGACTAGAATAGCAT,2
ATGACTAGCCACACCG,2
ATGACTCAAGCTTAAC,2
ATGAGATGGCCTATCG,2
ATGAGCCAGAGGATCC,2
ATGAGGTCGTTCATTG,2
ATGAGTAGAACAAATC,2
ATGAGTATAGAGAGGA,2
ATGAGTTATAAGTTGG,2
ATGATAAACGCACCAC,2
ATGATAATAAGTGTAG,2
ATGATATCCCATTCGT,2
ATGATATTTTTGCAAT,2
ATGATCTCCAATGCCA,2
ATGATCTGGTAAGATG,2
ATGATGCTCTCATCCA,2
ATGATTACCCATGCTG,2
ATGCAACAACACTCAC,2
ATGCAAGACCAATCGA,2
ATGCACCAGAAGCTCA,2
ATGCAGCTATAATGTA,2
ATGCAGGCGATCCTCG,2
ATGCATCGCACTAGAC,2
ATGCATGCGCACCTTT,2
ATGCCAAGGTAGCTCT,2
ATGCCATACGGCTACC,2
ATGCCCATATATTTGG,2
ATGCCCCTATTATGAT,2
ATGCCTACGCACTTAG,2
ATGCCTAGTATTCCTA,2
ATGCCTGAGGAGACGA,2
ATGCGAAATGAGAAGA,2
ATGCGAATCAGCACTC,2
ATGCGTAGCAATAAGA,2
ATGCTACTGGAATAGG,2
ATGCTAGAACATCATG,2
ATGCTTCAAGTCATCT,2
ATGCTTCCACATATAT,2
ATGGAAAAATTTGGGC,2
ATGGAAGAATGAATAT,2
ATGGAATAGAACATCT,2
ATGGACATCCAAAGTT,2
ATGGAGCGCCTCTCAA,2
ATGGATTCTTTAGTCT,2
ATGGCAAAAGCACATA,2
ATGGCCCGCAACGCTC,2
ATGGTCGACGAATTAA,2
ATGGTCTGTGCTATGG,2
ATGTAAAATGGGCTAC,2
ATGTAAATACATTATA,2
ATGTAAGGCAGATAGA,2
ATGTACGAGAATTCTC,2
ATGTACTTACACAATC,2
ATGTAGAAGATCCGAG,2
ATGTAGACAATGTCAG,2
ATGTAGATACCATTGC,2
ATGTATATTTGCTTTG,2
ATGTATGTGCTACATC,2
ATGTCATTATGGAATA,2
ATGTCCCACGCCAATA,2
ATGTCGACATCCAGTG,2
ATGTCTAAAACAACCC,2
ATGTTACACCCCATGT,2
ATGTTACGCGTCCACC,2
ATGTTACTCGGTACAC,2
ATGTTCAATGAAACAA,2
ATGTTCTCTAGCCAAT,2
ATGTTGGATTTATAGT,2
ATGTTTGCCAGACACA,2
ATGTTTTAAAAGATCG,2
ATTAAAAAAAATGGCC,2
ATTAAAATGTTAACTT,2
ATTAAAGAACGAATAG,2
ATTAAAGATATCCATC,2
ATTAAATACTTTAATC,2
ATTAAATCGATGTGGC,2
ATTAACAGCAACCACA,2
ATTAACGACGGAATGA,2
ATTAACGAGTGCCAGG,2
ATTAAGAAAGGACTGA,2
ATTAAGCTAAGATACC,2
ATTAATAATAAGTAAA,2
ATTAATATGTAGGTCA,2
ATTAATCGCATACAAG,2
ATTAATGAGTACTCTC,2
ATTAATGGGCTTAATG,2
ATTAATGTAGGTATTA,2
ATTAATTCACACGCTA,2
ATTAATTGTAGTTATA,2
ATTACAACCAAACTTA,2
ATTACAACTCTGAAAT,2
ATTACACAACATCCCG,2
ATTACAGCAGTTTTAA,2
ATTACCACTGTTCTGT,2
ATTACCCTTGAAACGA,2
ATTACGATTCACACCC,2
ATTACGGAAGAAGCCC,2
ATTACTAATTTTAAAG,2
ATTACTCAACTTCGGT,2
ATTACTTTGACCATTG,2
ATTAGAAATGATTTAT,2
ATTAGAGCAATTAACC,2
ATTAGAGCGTCTACAA,2
ATTAGAGTGTTAAAGG,2
ATTAGATAGCAAAGAA,2
ATTAGCATCAAGTCCT,2
ATTAGCCATGACAGAG,2
ATTAGCCCATTTTAAA,2
ATTAGCGTCCATTGCG,2
ATTAGCTGAAACGACT,2
ATTAGCTTGTCAGCAT,2
ATTAGTAATACCGAAA,2
ATTAGTGTGAATAATC,2
ATTATAACTCTCTAAT,2
ATTATAGAAACCAACA,2
ATTATAGAGCGAGTTG,2
ATTATATAGCAATGTT,2
ATTATATCAATTGCTA,2
ATTATCATTAACTCGA,2
ATTATTATCTGGAAGG,2
ATTATTGATCTAAGGA,2
ATTATTTGAACAGGGG,2
ATTCAAAGCATCAGTT,2
ATTCAACAGACCTTGA,2
ATTCACGGTGGGCATT,2
ATTCATCATGGGACAT,2
ATTCATCCGCGGAAAG,2
ATTCATCCGTAGAACT,2
ATTCATTCATCTTAGT,2
ATTCATTTCTCCAAAA,2
ATTCCCAAACGTACGA,2
ATTCCCAGATCGTGTA,2
ATTCCTAAATTATACT,2
ATTCCTTAAGAACCAT,2
ATTCGACGTTCAATAA,2
ATTCGAGTTTAACGCA,2
ATTCGCAATCATACTA,2
ATTCGCTAGCTAAGTT,2
ATTCGGCGCAGTACAT,2
ATTCGTGCGGCTGAAA,2
ATTCGTTAAAAAGACC,2
ATTCTAACTAAGCAGT,2
ATTCTAGTAATCACAC,2
ATTCTCCATGTACAGA,2
ATTCTCGAGTACCAGC,2
ATTCTGGCATGACTCC,2
ATTGAAAGTTAATTCG,2
ATTGAAATAGACTAAG,2
ATTGAATTGTATGCAC,2
ATTGACAACCATTCCA,2
ATTGACAGGGTAACAC,2
ATTGAGAGTCCGTCCA,2
ATTGATCTTCACCCTC,2
ATTGATTCTCGCCAAA,2
ATTGCAAAACTAAGAC,2
ATTGCAACAGCGTCCA,2
ATTGCACTTAACGATC,2
ATTGCACTTACGAGGG,2
ATTGCAGCAGCAAAGC,2
ATTGCCACCAAGTGCC,2
ATTGCCGAGATATAGC,2
ATTGCCGATTTCCGTA,2
ATTGCTGTTCTCCTAG,2
ATTGGAATGTCACCCT,2
ATTGGATGCTAGTTAA,2
ATTGGCGTACCATATT,2
ATTGGTGACAAGTCTA,2
ATTGTCCAACATCCAA,2
ATTGTGACCTACCGCA,2
ATTGTTAAAGACCTAT,2
ATTGTTGCCCTCCCCC,2
ATTTAAAACGGGCATT,2
ATTTAAACATGAAGCT,2
ATTTAACAGCCTGCCA,2
ATTTAAGAATCCTAGA,2
ATTTAAGCAAAACAAG,2
ATTTAATCGTAAGTCC,2
ATTTAATGGTACATTA,2
ATTTAATTCCAAAATA,2
ATTTAATTTTGAACGC,2
ATTTACAAATTAGAGA,2
ATTTACCGGCACGTAA,2
ATTTACGCAAAACCAA,2
ATTTAGGCACACACAT,2
ATTTATATAGGAATTG,2
ATTTATTCTGCATAAG,2
ATTTCAACACACCCTC,2
ATTTCAATAAATTAAA,2
ATTTCCACGATAATGT,2
ATTTCCCATGGCACTT,2
ATTTCTACTATCCCAG,2
ATTTCTCATGATGTCG,2
ATTTGAAAAGTGCAAA,2
ATTTGAGAACGATATC,2
ATTTGCCAGAATACTA,2
ATTTGGAATTTTTATT,2
ATTTGTAAAGAGTCAT,2
ATTTGTCATATTCAAC,2
ATTTGTGATCGGACTT,2
ATTTGTGCACTGAGGC,2
ATTTTAAAGACGGGCG,2
ATTTTAATTCCGCGTA,2
ATTTTCCGATACAGTG,2
ATTTTCTACATACGAA,2
ATTTTTAACTTTACGG,2
ATTTTTTCTAAAGCCA,2
CAAAAAAAGGTAATGA,2
CAAAAAAATATACTCG,2
CAAAAAACACTTATGA,2
CAAAAAACCGATGGGC,2
CAAAAAATAATTCCCG,2
CAAAAAATGAGTATCA,2
CAAAAACTGCGCCATC,2
CAAAAATCAGGTCTAC,2
CAAAACACAATCCTCA,2
CAAAACAGTATCTGGG,2
CAAAACTTATAGTACC,2
CAAAACTTCCGCATTT,2
CAAAAGACGACGAATA,2
CAAAAGACTATACTCA,2
CAAAAGACTCCTACCG,2
CAAAAGCTTATCTGAA,2
CAAAAGGGTACAGACA,2
CAAAAGTCTCCAAGCA,2
CAAAATCTTTAAACAA,2
CAAAATTATAATACGC,2
CAAACAATGATAAATA,2
CAAACACGAATAGCAG,2
CAAACATCTGCTAACG,2
CAAACCAAGTCTATCG,2
CAAACCTTGCTAGAAC,2
CAAACGCAAAACACTT,2
CAAACTAGGAGAATTA,2
CAAACTGCCTATTCCG,2
CAAACTTATACTTGAT,2
CAAACTTATGTTGTCA,2
CAAAGAAAAGCAGACG,2
CAAAGAATAAGACCCC,2
CAAAGAGGTTTACACT,2
CAAAGAGTTTACACGG,2
CAAAGGCGAACAATGG,2
CAAAGGGATCCCAATA,2
CAAAGGGCATACATAC,2
CAAAGGGTCTCTGGTA,2
CAAAGTAAAATACCAT,2
CAAAGTGGGAAGTAGG,2
CAAAGTTTGCTAATCT,2
CAAATAAAATTCAATG,2
CAAATAAGACATAAAC,2
CAAATAATCGGAGCTA,2
CAAATACAACAACCAA,2
CAAATACCATTATTCA,2
CAAATACTCATCTACG,2
CAAATATCCGACAAAG,2
CAAATATGGCAGTAAA,2
CAAATCGGAAAGTAAG,2
CAAATCTATATTATAT,2
CAAATGGTGATCCCAA,2
CAAATGTGACGTTCTG,2
CAAATTAAACAAATGA,2
CAAATTACAATGAAGA,2
CAAATTCGAAGTAATA,2
CAAATTCTAAGCAGAA,2
CAAATTGCAACTAACA,2
CAACAAAAAAAAGAAC,2
CAACAAGTTTGCCATC,2
CAACAATCAGAGACAA,2
CAACACACATTACCTG,2
CAACACATGAATTAAA,2
CAACACCGATGTGAAC,2
CAACACCGCCCATGAA,2
CAACAGAGCTCAGAAC,2
CAACAGTGGCTTCTCG,2
CAACAGTTACATTGCT,2
CAACATATACAGAATT,2
CAACATCAGGATATAG,2
CAACATGACATTAATG,2
CAACATGTATGATACC,2
CAACCAATTTCTCAAA,2
CAACCACCTTTTACGT,2
CAACCACTACCATACA,2
CAACCAGAACAACCAA,2
CAACCAGTGGTCACCT,2
CAACCCACCCCATACT,2
CAACCCATCTGAAAAA,2
CAACCCTATTTATTCT,2
CAACCTGATTCCAAAA,2
CAACCTTCCTATAAAA,2
CAACGACTACTACTAA,2
CAACGCCACACAAAAA,2
CAACGCGAAAAGATAA,2
CAACGCGTTACTGACA,2
CAACGGATCATCCTAA,2
CAACGGTCTTATTTTG,2
CAACGGTTCATAACCA,2
CAACGTAAGAGAAACC,2
CAACGTCTCTAGATCT,2
CAACTACTGAAAAGTG,2
CAACTAGTCTACACCA,2
CAACTCGTCCTTATAC,2
CAACTTATGCGATGGG,2
CAACTTTTAATTTTAG,2
CAAGAAACAAATAACT,2
CAAGAAAGATTCCACA,2
CAAGACAAAAGCACAG,2
CAAGACAAGAAGCACT,2
CAAGACATTCATACTA,2
CAAGACTGTGATGGCC,2
CAAGAGACGTCAAAAA,2
CAAGAGCGTGTTTAAT,2
CAAGATAAAAGGCCAA,2
CAAGATAACCCGATAA,2
CAAGATATCAACCAAA,2
CAAGATCGATTAAACA,2
CAAGATGACCTTAATA,2
CAAGCACAACAAGGCT,2
CAAGCAGAAGTACCTT,2
CAAGCCATTAAAAGAC,2
CAAGCGAAACAAGTCA,2
CAAGCGCTATAATGCC,2
CAAGCGGTAGACTTCG,2
CAAGCTGATATAAAAT,2
CAAGGAAAACTAACCA,2
CAAGGAATAACTCAAT,2
CAAGGACACAGATACT,2
CAAGGCCATAAGTCCC,2
CAAGGCTGACGCCACG,2
CAAGGTATTAAACAAT,2
CAAGGTGAGATCACTT,2
CAAGTAAGAGTACGCT,2
CAAGTAATTGCTCTTA,2
CAAGTCAATCTGTGGT,2
CAAGTCCCAAAGTGGC,2
CAAGTCGACTGCCGCT,2
CAAGTGTACATACAGA,2
CAAGTTTAACGATAAA,2
CAAGTTTTACACCAAA,2
CAATAAACAGTCACAG,2
CAATAACGATATCATA,2
CAATAAGCCTAACCCA,2
CAATAATTCTCAAAGT,2
CAATACCAATTGAAGA,2
CAATACGCACTTAACA,2
CAATACGTACTACATG,2
CAATACTAATAAACTA,2
CAATACTACGAGATGG,2
CAATAGTATAAGATAC,2
CAATATAAGATTTGGC,2
CAATATACGGGGTTGA,2
CAATATGCATGATACA,2
CAATATTGGATAATTC,2
CAATATTTTAGGACAT,2
CAATCAAATAACAGAT,2
CAATCAAGGGTGAGAG,2
CAATCAATGCGAGCAG,2
CAATCATACAAATTCA,2
CAATCCATCAGCTGAT,2
CAATCCCAACGTCGCC,2
CAATCCTCCTAAGCAA,2
CAATCGCGCTAACAAT,2
CAATCGTACTCGACCA,2
CAATCGTGAATATCGA,2
CAATCTCCCACTAACC,2
CAATCTTTGTGCCAGG,2
CAATGATAACAGCATT,2
CAATGCAAGACTCTGT,2
CAATGCAGTGATTAGT,2
CAATGCATAAAGGTAT,2
CAATGCCTGAAACAGC,2
CAATGCTATTTACATA,2
CAATGCTGTCATGATG,2
CAATGCTTTATGTAGC,2
CAATGTCCCAAGCAAA,2
CAATGTCCGCGGATAA,2
CAATGTTTCATGAGAT,2
CAATTAGGTACTCAAG,2
CAATTCAATCACTTTC,2
CAATTCTAAACCTGCA,2
CAATTGAACATACGGA,2
CAATTGATCATATGAT,2
CAATTGCTGTGTAGTC,2
CAATTGGAACTATTTG,2
CAATTGTCAGAGACCA,2
CAATTGTCTCAGATGA,2
CAATTTTAAATAGTGT,2
CACAAAATCGGGCAGA,2
CACAAACGTTACTATG,2
CACAAATCACTACATA,2
CACAACAAGCCGCCTT,2
CACAACCAAAGCCCCA,2
CACAACCTACAACTGC,2
CACAACTAATGGATTC,2
CACAACTGATGCAGAA,2
CACAAGGATAACGAAG,2
CACACACTTACTCGGA,2
CACACAGAAACCACCT,2
CACACCAAGTTATGTG,2
CACACCCAGGATACTT,2
CACACGGGCCATGTTC,2
CACACTAAAACGCCTT,2
CACACTAACCGGGGCA,2
CACACTAATTAAAATT,2
CACACTTACCTTAAAG,2
CACACTTATGACTGTA,2
CACAGCAATCCTCGTC,2
CACAGCCCCGAAGTAC,2
CACAGGGATTTATACA,2
CACAGTAAGAGATCCG,2
CACATAACAACATAGT,2
CACATAATAATAAGTT,2
CACATATTCAATTCAA,2
CACATCCCGTTAAATA,2
CACATGAAGTACCAAG,2
CACATGATCTGGACAA,2
CACATGTAAATTGTTT,2
CACATTACCAAGCCAA,2
CACCAAAAAAAACTGA,2
CACCAAAAAACGATAA,2
CACCAAAAATCCAAAA,2
CACCAAAACTTCATAA,2
CACCAAAGGATGCTCT,2
CACCAAATCCCCTACC,2
CACCAACAGTCGGTCT,2
CACCAACGTGGTGTAC,2
CACCAATTAAAGGAAT,2
CACCACAGTGAACCGC,2
CACCAGAACTCGAAAG,2
CACCAGAGAGCTTTCA,2
CACCAGTTATTTCCTC,2
CACCATGGAAGGCCAC,2
CACCCATCCATAACTA,2
CACCCATTTGTACTTC,2
CACCGAAGAAAGAAAC,2
CACCGCCACTTAGGAA,2
CACCGTACATAACTCT,2
CACCGTCATTCCCAAA,2
CACCTAAGCTCATATT,2
CACCTATACGGATACT,2
CACCTATATATTATTA,2
CACCTATCACGCTGAG,2
CACCTCCCAACCTGGA,2
CACCTGAGATCAAACG,2
CACCTGGAGAAAAATA,2
CACCTGGTGAAACAGG,2
CACCTTTCGAGCGCTG,2
CACCTTTGATAGGACG,2
CACGAAACATCCAAAC,2
CACGAAAGACTCCAAT,2
CACGAACGCATAACAA,2
CACGAAGAGACCTAGA,2
CACGAGAAAATTAATT,2
CACGAGATGCTACGAA,2
CACGAGCCTACATCCG,2
CACGAGGCCGCAAAGA,2
CACGAGGGTACATATT,2
CACGAGTCAAACCACC,2
CACGATCCGAAGTTGA,2
CACGCACAATACAATC,2
CACGCCAGTAAGCGCA,2
CACGCCATGTAAAGCT,2
CACGCGATGTCGGCAG,2
CACGCTGAAAAAATTA,2
CACGGACCAAAACGAC,2
CACGGACGATGACTAA,2
CACGGGCCCCCCTAAT,2
CACGGGCTGAAAATCG,2
CACGGTGACTTGACAG,2
CACGGTTACACAAAGC,2
CACGTACATAGTCAAT,2
CACGTCATAACCTACC,2
CACGTGATTACTCCCT,2
CACGTTCCGAATAAAA,2
CACTAAAATCCATAAA,2
CACTAACAGAAAAAAC,2
CACTAACTCTATGTAA,2
CACTAAGGGATACTGA,2
CACTAATTAGCTGGAT,2
CACTAATTCAGATTCC,2
CACTACATGAAATTAA,2
CACTACGGCACAATAC,2
CACTAGAAGGCTAGGT,2
CACTAGAATAATGGCT,2
CACTAGAGATGCAGAA,2
CACTAGGAAAACGCAA,2
CACTATAATGGCAGCA,2
CACTATCTGACGTCGT,2
CACTCAAAGTAGTAAC,2
CACTCACATCCGGTCA,2
CACTCACGCGTACATG,2
CACTCATCATAACAGA,2
CACTCCACAACCAACA,2
CACTCCGGGACCAGAT,2
CACTCTTGAAGGTCGA,2
CACTCTTTCTGTCTTT,2
CACTGAAACATTGGAT,2
CACTGAGTTGACGTGA,2
CACTGGAACCTCTAAA,2
CACTGGGACAACGCCA,2
CACTGTTGCGTATGTA,2
CACTTACCTTGATAAT,2
CACTTCAAAGCAGGAG,2
CACTTTAAATACACTC,2
CACTTTTTGAACCTGG,2
CAGAAAACACAACACG,2
CAGAAAACACAGAAAC,2
CAGAAATAACCTAAAT,2
CAGAACGATGAATCGA,2
CAGAAGAATCAAAGGC,2
CAGAATAAGCCGCAGA,2
CAGAATTAATCCTTTT,2
CAGACAAGATTAACGG,2
CAGACACAGGTCTCTT,2
CAGACAGTTCTCGCAT,2
CAGACCACTTAGTGCA,2
CAGACTATCTTACAGT,2
CAGAGAGGCAGAACCA,2
CAGAGCCGCTGGATAC,2
CAGAGTCCCGAATAGA,2
CAGAGTGAACACAGTT,2
CAGAGTGGACGACTTA,2
CAGATACTTATCCAAG,2
CAGATCTAGTTCCAGA,2
CAGATGGGTTAAACCA,2
CAGATTATACAAGACC,2
CAGATTGCCCGACACT,2
CAGATTTAACTCACGC,2
CAGCAAAAAAATGCCC,2
CAGCAAAAGAGGTTTG,2
CAGCAATACAATTTCC,2
CAGCAATTCTACTTCC,2
CAGCACAGAAATCCTG,2
CAGCAGACCATTGATA,2
CAGCAGCAGTTAACCG,2
CAGCAGCCTCCTTGGG,2
CAGCAGTCTGATGTAA,2
CAGCATATACACTATC,2
CAGCCACCGTAAGGCA,2
CAGCGAAGTACAGACC,2
CAGCGATACGCCTGCT,2
CAGCGCACTATTCCGC,2
CAGCGGTCAATGACAA,2
CAGCTAATTTGCTCCA,2
CAGCTGAGTACCCACT,2
CAGCTGCGACTAAACT,2
CAGCTTAAAAGATATG,2
CAGCTTATACATAAAA,2
CAGGAAAAATTATCGA,2
CAGGACAATACCCAAC,2
CAGGATACCAAATAAC,2
CAGGATCGTAAAACCC,2
CAGGATTCTCTGGACA,2
CAGGCAACATGCTCCA,2
CAGGCATAGATCACAT,2
CAGGCGTTATCATTAT,2
CAGGGACGCAATGATA,2
CAGGGCGACGAACCCC,2
CAGGGCTTTTGTCTCG,2
CAGGGTCTCGATTTAG,2
CAGGTCAACCAGATAC,2
CAGGTCAAGCTCCACT,2
CAGGTCCCCCTAGCAC,2
CAGGTGCAAAAAGAAA,2
CAGTAAAACCTCCTTA,2
CAGTAATATGCCATTC,2
CAGTAATCAAAAATAT,2
CAGTACCCCCGACACG,2
CAGTAGACTCCGTATG,2
CAGTAGCTTTCAGCGC,2
CAGTAGGCACAAGATA,2
CAGTAGTCAACAAAAT,2
CAGTATCGCCATAAAA,2
CAGTATGATATTTATA,2
CAGTATGGCTTTAACA,2
CAGTCAACAGTATAAG,2
CAGTCACTTAGGCGCA,2
CAGTCATTTTACTGTG,2
CAGTCGGACCGACATA,2
CAGTCTTCCATCAAGC,2
CAGTCTTTGAAGATAG,2
CAGTGAAACCAGATCA,2
CAGTGAGAGTGGATGG,2
CAGTGATCGATCGAGC,2
CAGTGCGATGCGCATA,2
CAGTGCTTTACAACGT,2
CAGTGGAAGTAGAGAC,2
CAGTGGACAGGTTCTG,2
CAGTGTGCAGCCAAAG,2
CAGTTAAGTGAGAACA,2
CAGTTCATAATCATTC,2
CAGTTGAAACCAATAT,2
CAGTTGGTATTCTTTC,2
CAGTTTTCGAAACTTA,2
CAGTTTTTATGCCCCG,2
CATAAAATGTGCAATA,2
CATAAACAGGCTTGTA,2
CATAAAGATCACACAC,2
CATAAAGCGTTGTCGA,2
CATAAATATTTGCTAT,2
CATAACATATGGCCGA,2
CATAACTTATCACAAT,2
CATAAGTTTAAGCAAT,2
CATAAGTTTTAAAATT,2
CATAATAAAATGATAC,2
CATAATAGACATACTG,2
CATAATCCATTACTAG,2
CATACACGAGATTTTG,2
CATACAGAACCGATTG,2
CATACAGCTAGTACAT,2
CATACAGTGAGAATTA,2
CATACATCGTACCCAA,2
CATACCACTTTACATC,2
CATACGAGCGGTAAGA,2
CATACGGGACAATGAG,2
CATACGTAGCAACATG,2
CATACGTTTGATTGAC,2
CATACTCGTGTGGTCA,2
CATACTTAAGGGAAGG,2
CATAGAAACGTAAGAG,2
CATAGAATCTTCAGCT,2
CATAGAGTTACTCAAG,2
CATAGATAAAGCAGAA,2
CATAGATATGGAAAAC,2
CATAGCATAAGAAACA,2
CATAGCCTCTTTATAC,2
CATAGCGGGGCTAACA,2
CATAGGGGGGGTCTCT,2
CATAGGGTCTTACAGT,2
CATAGTTTCGCCCGAA,2
CATATACACATTTTAC,2
CATATACAGATGCATA,2
CATATACGCTAAAGGG,2
CATATATCCAATAATA,2
CATATATTGTGAAACG,2
CATATGCGATGTTGTA,2
CATATTAGTCGTTACG,2
CATATTTATAACTAAG,2
CATATTTTGCAGCCGA,2
CATCAACAAGCCCTAT,2
CATCACAATATAACAT,2
CATCACCAAAAGCGGT,2
CATCACTAAACATTAA,2
CATCAGGACTACAACT,2
CATCATCTCCAGTAAT,2
CATCCACTTTGGAAAG,2
CATCCAGACGAAAATA,2
CATCCATACTACAAAA,2
CATCCCTCTAGGAGCA,2
CATCCCTTGTACTAAG,2
CATCCGATAAGAACAA,2
CATCCGCCCCCAAATA,2
CATCCGCTTTCAAGGC,2
CATCCTAAACCGTTAC,2
CATCCTACTGTAATAT,2
CATCGCCATTGCTATG,2
CATCGCTACGAACTCA,2
CATCGTGACTCGACGA,2
CATCTAATAAACGAAT,2
CATCTACGCGATTAAG,2
CATCTACGGCAGCGAA,2
CATCTCATATGTCTTT,2
CATCTCTATCAATAGA,2
CATCTGAAACTGAGAA,2
CATCTGCGTGAATATA,2
CATCTGTACCTCCGAA,2
CATCTGTGTAATCCAT,2
CATCTTTACCATGAAA,2
CATGAAATGAAACCCT,2
CATGAACAAATGTACG,2
CATGAAGAACGATAAT,2
CATGACCATTGTAATT,2
CATGACCCAAGATGTG,2
CATGACGCGATTCACC,2
CATGATACAGAACAAA,2
CATGATATCTAAAACA,2
CATGATCATGTGTACC,2
CATGATGCTATTAGAT,2
CATGATGGCAAATTAT,2
CATGATTAAAACTAAA,2
CATGCAGCTCTCAACA,2
CATGCATTCATACGAA,2
CATGCCCCAGCTTTGA,2
CATGCTAAGAACACTT,2
CATGCTCAACATAGAG,2
CATGGAAGAAGTAAAG,2
CATGGACCGCCAGCCA,2
CATGGCATCAATTTAC,2
CATGGGCATTCGTTTC,2
CATGTAACAAACTTAC,2
CATGTATCTTCTAGAG,2
CATGTATTACCATATG,2
CATGTGCTAGAATCGA,2
CATGTTGATAAAAATG,2
CATTAAGAAAATGCTA,2
CATTAATATCTAAATG,2
CATTACTATGGAGATT,2
CATTAGACATGAGACT,2
CATTATAACTCCATAC,2
CATTATGATTCCGCAT,2
CATTATTACTTATGCA,2
CATTATTGGGGATAAC,2
CATTCAGAGAACCCAA,2
CATTCCGCGTCAGTCC,2
CATTCTCGACAGTGGG,2
CATTCTTACCATTACT,2
CATTGACAAACCAATC,2
CATTGGGACTCACACA,2
CATTGGTGTAAAATAA,2
CATTGTAAGACGACAG,2
CATTGTCCAGTACAAT,2
CATTGTGGACTGGCCC,2
CATTTAACTTTAGAAT,2
CATTTAAGATTCCCCT,2
CATTTAATATTCAAAT,2
CATTTACACCTGTGTT,2
CATTTCAAAGCTTAGA,2
CATTTCGAAACTAGCC,2
CATTTCGGACACGACT,2
CATTTGAAGCGATCAG,2
CATTTGACCCGGTATC,2
CATTTTGTGAATAAGT,2
CCAAAAAATTGTAAAA,2
CCAAAACATGTACGTT,2
CCAAAAGAGTTAGTTT,2
CCAAAAGGCCTATAAA,2
CCAAAATTTCCGTAAT,2
CCAAACAAGATAGCAA,2
CCAAACCCTGAGTCCT,2
CCAAACCTTCTCATGA,2
CCAAACGTTTATAGCT,2
CCAAACTATGAATAAC,2
CCAAACTTGAACACCA,2
CCAAATACGGCTCGGT,2
CCAAATGCCCAGCGTA,2
CCAACAACCATAAGCA,2
CCAACCCACGAATTCG,2
CCAACCTCATTGCTGT,2
CCAAGAAAAAAAATGC,2
CCAAGACTGCTACTAT,2
CCAAGATACAACACAA,2
CCAAGATTATAGCCTG,2
CCAAGCAAAATCTTTG,2
CCAAGCAACCCGAAAT,2
CCAAGCACTGACGTTG,2
CCAAGCGGCTGAATAG,2
CCAAGCTCACCAGCAG,2
CCAAGCTCTCAACGTA,2
CCAAGGGCTAAGTTAA,2
CCAAGTAACAAAGCGG,2
CCAAGTTAATATGTCT,2
CCAAGTTGAGTATGGA,2
CCAATAAACATTAAAA,2
CCAATACATGTAGTCT,2
CCAATCACCAAGAAGA,2
CCAATCGAAGAAACGC,2
CCAATGCTCTACCAAG,2
CCAATGGGTAATCATA,2
CCAATGTAGAAAAAGC,2
CCAATGTCTGAGGTGG,2
CCAATTAAGCACAGAA,2
CCAATTAGTTGCATGA,2
CCACAAAACTTAACGA,2
CCACAACAAAATATAT,2
CCACAAGAAGCAATTG,2
CCACAAGCATCCAACC,2
CCACAATTAAATAACA,2
CCACACAATTTCTACA,2
CCACAGAGCATGATAT,2
CCACAGCCAACACTCA,2
CCACAGGTACTAGTGC,2
CCACATACTGATCTCT,2
CCACATATACGCAAAC,2
CCACATCATGCCAACC,2
CCACATGGAAGCATGC,2
CCACCACGAAGCTACC,2
CCACCATAAGGCCGTC,2
CCACCATACCTCTGCC,2
CCACCCGCTAAACAAC,2
CCACCGAGCCACACGA,2
CCACCGATGAAGGCTA,2
CCACCTAGAGCATGGC,2
CCACCTCAAGACCTCC,2
CCACCTGCTGGCCCAG,2
CCACCTTTGCGGGCCT,2
CCACGAAATACAAAAT,2
CCACGAGATCCGAGAA,2
CCACGAGGGCGAATGG,2
CCACGAGTTTATTTAT,2
CCACGCACCTCTAAAG,2
CCACGCCCTAGGAATA,2
CCACTCAGAGCAAACC,2
CCACTGTTACTCAATT,2
CCACTTAATTACATAA,2
CCACTTTTTCCCATCA,2
CCAGACAAGCGAGCCC,2
CCAGACTACTTTAGGC,2
CCAGATTATAAACGTT,2
CCAGCATTTTGCCGTC,2
CCAGCCACAGAACGGT,2
CCAGCCCTTTCGACGT,2
CCAGCTACTGTACCTA,2
CCAGCTTGCGTTGCAA,2
CCAGGAAAACGTTTTT,2
CCAGGACCAGAATAAT,2
CCAGGCCACGCCCGTA,2
CCAGGGAGAAACGACG,2
CCAGGGCACATAGTAA,2
CCAGGTTCATAGGTGG,2
CCAGTACACTAACTTA,2
CCAGTACATAACACAC,2
CCAGTCTATAAACGAG,2
CCAGTTAACCGTCAAT,2
CCAGTTATAAGGCCCG,2
CCAGTTCCAGGAATTA,2
CCAGTTTACAAGTCCC,2
CCATAAAGTGAGATGA,2
CCATAACGACCAAACG,2
CCATAACGCGGCAGCT,2
CCATAAGAGATTCTAT,2
CCATAAGTGTCCCGAC,2
CCATAAGTTTACGCAG,2
CCATACCCATTAGGCC,2
CCATACTAACGTTGTA,2
CCATAGCCCTTTCAAA,2
CCATATAAATGAACCA,2
CCATATCTCATAAGAA,2
CCATCAAGCTAAATAG,2
CCATCACAAGAGAACA,2
CCATCAGAAACTCCAT,2
CCATCGACATACGTGA,2
CCATCGATCTCATCAA,2
CCATCGGTGTGACCAA,2
CCATCTTTGCACTGGT,2
CCATGAATGCAACTAA,2
CCATGAGTTCGCACCG,2
CCATGCCTAGGTCAAT,2
CCATGTATATGCTACA,2
CCATTACTAGCCATAA,2
CCATTAGAAGCATCTG,2
CCATTATTCAATTATA,2
CCATTGACATTACGAT,2
CCATTTTCCGGGCCAA,2
CCCAAAAGACTTCTAC,2
CCCAAACGATTTTAAA,2
CCCAACCCTAAAATTT,2
CCCAACTGAGAAGTAT,2
CCCAATCCTGGGCCAC,2
CCCACAAAGCAGTGAC,2
CCCACAACATTCAAGT,2
CCCACAGAATATTGAA,2
CCCACATCCAATTTAC,2
CCCACATTGCCTCGAT,2
CCCACCAACTGAAAGC,2
CCCACCAATCAAATCC,2
CCCACCGCACTGGAAA,2
CCCACGAAACCGAAAT,2
CCCACGATGGTCCTCT,2
CCCACGCGTAGCAAAG,2
CCCACTACCAGCCCAG,2
CCCAGAATCGTAGAAA,2
CCCAGATTTCAGAGAA,2
CCCAGCGACAACGCAA,2
CCCAGTCTAACACATC,2
CCCAGTCTAAGCGCCC,2
CCCAGTGGCAACGTGA,2
CCCATATAGCAATTGA,2
CCCATATTTAGTAATA,2
CCCATCACAATATACA,2
CCCATCACCTGATGAT,2
CCCATCCTAAATACTA,2
CCCATCTTGACACACA,2
CCCATTAAATAGCCTC,2
CCCATTGGCGTGACTC,2
CCCATTTGTCAGTATG,2
CCCCACAATGAATAGT,2
CCCCACTAATAACATC,2
CCCCACTCCCCAATCT,2
CCCCACTCTGAGTTCT,2
CCCCACTTAACTCAAC,2
CCCCAGGGACTACATC,2
CCCCATACCCACAATT,2
CCCCCAAATCCCTAAC,2
CCCCCAAGAATAGAAT,2
CCCCCACCACAAATAT,2
CCCCCACCTTCCCGTA,2
CCCCCCGAGTACGATC,2
CCCCCGTCCGTATTCA,2
CCCCCTAACAAAAAAA,2
CCCCCTTCTTATCAAG,2
CCCCGAAACGTTCTAC,2
CCCCTATTTTAGTACC,2
CCCCTGCGTAAACAGG,2
CCCGAATTTTGGCGGA,2
CCCGACTCTATCTATC,2
CCCGCGATCGGCCAAT,2
CCCGCTATTGAAAGCT,2
CCCGCTCCGGAACAAA,2
CCCGGATTTCCGATAT,2
CCCGTACCGAAGTCGT,2
CCCGTGAACTGGCCAG,2
CCCTAAATAAATCATT,2
CCCTACAAACGCTTTA,2
CCCTACATTTACAACT,2
CCCTACCAAGTGGTGT,2
CCCTAGCCACCCCTTT,2
CCCTAGGTAGCAAATT,2
CCCTATAGACCTAGTG,2
CCCTATTGACATCTGG,2
CCCTCAATTGAGTAAA,2
CCCTCATCCAATACTA,2
CCCTCCACATGAAACT,2
CCCTCGAACTCAGCGT,2
CCCTCTCACTCACGAA,2
CCCTCTCATCACACCC,2
CCCTGAAAACAACTTA,2
CCCTGCCAGGGCCTTA,2
CCCTGCTGTTAGCATA,2
CCCTTAAAGAAGGAGA,2
CCCTTTACAATCACGA,2
CCGAACAATTCCCGTG,2
CCGAAGAATACATATG,2
CCGAAGCGAGAAATTC,2
CCGAAGTAACCTTCTA,2
CCGAATAATCGCATTA,2
CCGAATTCGTGGAATT,2
CCGACACTTATGGACT,2
CCGACCACGTGGGCAG,2
CCGACCCCGGAATACA,2
CCGACCTCTCGTACAC,2
CCGACCTTATCCGCTT,2
CCGACGAATATAAACC,2
CCGACTCCACATGAAA,2
CCGAGATACGGCTTTA,2
CCGAGCCATTCATATG,2
CCGAGTTAGAGCGGAT,2
CCGATAATTGACAATT,2
CCGATACAACATAACA,2
CCGATATTAAAGACAA,2
CCGATCGAGTCAAAGT,2
CCGATGGACTTGTGCT,2
CCGCAATCATCTTATT,2
CCGCACACAATGTTAT,2
CCGCACTAACCAGCTC,2
CCGCACTGCAGGACAT,2
CCGCATGAAATAATTA,2
CCGCGGATTACACTAT,2
CCGCGGTACGAAGAAA,2
CCGCTACACCGAGCAT,2
CCGCTCAAAAGTAAGG,2
CCGGAATTATAAAAGA,2
CCGGACGCCTCAAACC,2
CCGGAGAAAAAATTAT,2
CCGGATGGATTTGGAA,2
CCGGGATAATGGGAGT,2
CCGTAAACAACTAGTA,2
CCGTAAGTTAACACAA,2
CCGTAATTGACACCTT,2
CCGTACCACGCATTAA,2
CCGTAGTCCAGGTCCC,2
CCGTATGACCCCACTT,2
CCGTATTTAGGTAAAT,2
CCGTCAAACGGGATAA,2
CCGTCCTTTTACATAC,2
CCGTCGTATGTCAATA,2
CCGTCTCAAGAAAACC,2
CCGTGTAGCTGGAAGA,2
CCGTTGGAGAGATACA,2
CCGTTTACCATATCAT,2
CCGTTTATAAGACTCT,2
CCTAAACGGTCTAGGG,2
CCTAAAGGCGCTGGCC,2
CCTAAATATAATAGAG,2
CCTAAATTAAAAGCGT,2
CCTAACTCGATAAGAC,2
CCTAAGTCAATTTGAT,2
CCTAATAACAAGTCAG,2
CCTAATAACTACCACT,2
CCTAATCTACGTTCCC,2
CCTAATGTAAATGCGA,2
CCTACACCTCCGTCCA,2
CCTACATAAGATCCGG,2
CCTACATACCCTGATC,2
CCTACCAAAGTTAAAT,2
CCTACCCGTCTGTCAA,2
CCTACCGTCCAAATTA,2
CCTACGCGGCATTACT,2
CCTACGGCTATACCCA,2
CCTACTATACCATGAC,2
CCTAGATAATGAAAAC,2
CCTAGATAGATCAATT,2
CCTAGCACGGTGAAAG,2
CCTAGCAGCAGATCAG,2
CCTAGGGCAAATCTGA,2
CCTAGTCTTTCTCTAT,2
CCTATATGAAATGATG,2
CCTATGATAAGTAACT,2
CCTATGTCCTTCGTAT,2
CCTATTCCCCCGTCAT,2
CCTCAAACTTACCATA,2
CCTCAGTCGAATGCCT,2
CCTCCAGCCCAGTCAT,2
CCTCCATTCAAACAAC,2
CCTCCCTAGTTGCCGA,2
CCTCCGGAAGTGTGAC,2
CCTCGAATACAAAGAT,2
CCTCGAATGCGTCTGG,2
CCTCGATAGAGCAAGT,2
CCTCGCAAAAGCACCC,2
CCTCGGGCCAAACCTC,2
CCTCGTACCTCATGAA,2
CCTCGTCCCTGATCGT,2
CCTCTCAGAGCCAGTA,2
CCTCTCCACTGCACAG,2
CCTCTTCACTGGTTCT,2
CCTGAACGGTTTTTGC,2
CCTGAAGCGGACAATA,2
CCTGAATACCTTCTAG,2
CCTGAGATACATCCAA,2
CCTGAGATGCGACTTC,2
CCTGAGTTCTAAGTTA,2
CCTGATACGTAGAAGC,2
CCTGATACTGTACGCT,2
CCTGATGATATCTAAG,2
CCTGATTCTATCAAGC,2
CCTGCATTTAATTATG,2
CCTGCCCAGGTCCAAA,2
CCTGCCCAGTATAAAA,2
CCTGCTAATAAGCAAT,2
CCTGGAAAAAATTAAG,2
CCTGGATTAACTATTG,2
CCTGGATTGATTATCC,2
CCTGGCGCTAAGACGA,2
CCTGGGTGTTATCTCA,2
CCTGGTGATGAGCTGT,2
CCTGTCATATTCACAA,2
CCTGTGAAAGTACAAC,2
CCTGTTTGAGCAAACC,2
CCTGTTTTCTAGGTTC,2
CCTTAAAAGGGTCGTC,2
CCTTACACCAAGTATA,2
CCTTACCCTAGAATTA,2
CCTTACGACATGTAAA,2
CCTTAGAAATTACCTC,2
CCTTAGCCAATGTTAA,2
CCTTAGCCGTAGCTCA,2
CCTTAGCTTAAAAGCT,2
CCTTCAGAGTTTAAAA,2
CCTTCATTACTTTCAA,2
CCTTCCGATTTTGACT,2
CCTTCTAAACTCAGTC,2
CCTTCTATTACCTATT,2
CCTTCTGTATTTGTTA,2
CCTTCTTACACAGGGT,2
CCTTCTTACTAAGACT,2
CCTTGAACCACGAATT,2
CCTTGATGTTTGGTCT,2
CCTTGTGGAGTTCTAA,2
CCTTTACCGCTAAGAG,2
CCTTTAGAACGAAGCC,2
CCTTTATAAAGCGCAC,2
CCTTTCAGATTAAGCA,2
CCTTTCCGTCGCACCA,2
CCTTTCGAACCACCCG,2
CCTTTCTGTACCTACA,2
CCTTTGCTCAGCAAGG,2
CCTTTTAAACATGGGC,2
CCTTTTACTCCTTGAT,2
CCTTTTTCCTCTAACT,2
CGAAAACTTGTGTCTT,2
CGAAAAGTATAAAAAC,2
CGAAAATAACTTCTCG,2
CGAAACCAAGACGTAG,2
CGAAACGCTCGGTATT,2
CGAAACTGCCATTGTA,2
CGAAAGAGTATAGTTA,2
CGAAAGTAGATCTAAA,2
CGAAATGAGTAAGTAC,2
CGAAATGATATGTGGC,2
CGAAATTGGCAACCAC,2
CGAACAGATTTCTATA,2
CGAACAGCCAAAACAA,2
CGAACCAATAATGTAT,2
CGAACGCCAAAAGTAG,2
CGAACGGCAGTACACA,2
CGAACTACAAATTAGT,2
CGAACTAGTATTCTTA,2
CGAACTCAAGCTGGCA,2
CGAACTGAGTTCAATT,2
CGAACTTATAAATATC,2
CGAAGAATCAAAAAAC,2
CGAAGATGTTGTGAAT,2
CGAAGGCGTAATACCA,2
CGAAGTAATCCCGGCA,2
CGAAGTGAGCACTCTT,2
CGAATAAAAAAACAAT,2
CGAATAAACTTCATAC,2
CGAATAAGAATAGAGA,2
CGAATACATGCGAACA,2
CGAATATAATAAGACT,2
CGAATCATATACCAGT,2
CGAATCCACCGACGTA,2
CGAATGACTCAAAAAT,2
CGAATGGGAGAGATAA,2
CGAATTATCGATAACA,2
CGAATTATGGTGCAGT,2
CGACAAAGCACAAGTA,2
CGACAATTATACAATA,2
CGACACAACAACTATG,2
CGACACAGTACTACCA,2
CGACAGTGAGACACTT,2
CGACAGTTGAACCAAA,2
CGACATACTAAATAAC,2
CGACATGGTTAACGAT,2
CGACCAAAGGAATGCT,2
CGACCATCACGAAGAA,2
CGACCATCTAACGCAC,2
CGACCCAAAGACAGCT,2
CGACCCATCGAGCAGG,2
CGACCCATGGTCAAAC,2
CGACCGATTACGCAAC,2
CGACCTTAAAGTCATT,2
CGACGAATAATTGCTC,2
CGACTACAGATGAAAT,2
CGACTATACACCGCGG,2
CGACTATCAAGAGACA,2
CGACTATTATATCGAC,2
CGACTCTTAAAAACAC,2
CGACTGACCTGCCTAG,2
CGACTTGATCAGAAAG,2
CGAGAATAATGCCTGA,2
CGAGACCTTAAAGAGG,2
CGAGAGGACGATCACT,2
CGAGAGTGTAAAAAGT,2
CGAGATAGCACCCTGC,2
CGAGCATAAAAAAAGT,2
CGAGCGCCTAACCAGC,2
CGAGGACGACCATGAA,2
CGAGTAAGTTACACGT,2
CGAGTAGAAAACTGTG,2
CGAGTATAGATTGTCA,2
CGAGTGCAAATACGGT,2
CGAGTTGAAACCATAC,2
CGATAAAATTTCTCGT,2
CGATAAAGCAAAGTAC,2
CGATACAGTGCGAGCT,2
CGATACCAAATATGCG,2
CGATACCAATCAACGA,2
CGATACCCGCTCTGGC,2
CGATACCTGTTACAAA,2
CGATACTATATATTCA,2
CGATATTCCGGACCCC,2
CGATCACTGCGTACCG,2
CGATCAGTGCAGGAGA,2
CGATCCCTACATCATG,2
CGATCGCTATCGCCCA,2
CGATCGGCATTAAGGT,2
CGATCTAATCTCGACC,2
CGATGACAAACTACAC,2
CGATGACCAAGGTAAC,2
CGATGTTATCAAGGAA,2
CGATTAGCGAACATCT,2
CGATTATACGCAAAAC,2
CGATTATCCAAGCAAT,2
CGATTCAAGACCATCA,2
CGATTCTAGTTAGCCG,2
CGATTCTGAGATGCTT,2
CGATTGGGTACTTTAA,2
CGATTTAATCGAAAAT,2
CGATTTGAACATGATA,2
CGCAAAAGTAATAGGA,2
CGCAAACTCTCAACTG,2
CGCAAGCTAACGCGGC,2
CGCAAGTTCAAACAAG,2
CGCAATCTGTTATTAA,2
CGCAATGGTGAAACCC,2
CGCACATTTATGTACC,2
CGCACTAAACCCTATA,2
CGCAGACCACCAGTCT,2
CGCAGATTAGAGCATG,2
CGCAGCGCATTCGACT,2
CGCAGTACGTTAAGTT,2
CGCATAAACAAAGACC,2
CGCATATGTAACTTGA,2
CGCATCTAGGGTAATC,2
CGCCAAATCATTCACA,2
CGCCAAGAACAGGAAG,2
CGCCACCCGACACTAA,2
CGCCACGACCAACCCT,2
CGCCACTCTTAATACG,2
CGCCACTGTACATAAC,2
CGCCATCCAAAAGCAA,2
CGCCATTCCTACTTAT,2
CGCCATTTTGCAAACC,2
CGCCCAAAAGTGGCAA,2
CGCCCACAAGAAGTTC,2
CGCCCCGCACGAATGG,2
CGCCCGATGTCAAAAT,2
CGCCCGCTCCTGAACA,2
CGCCCGGGGACGTACT,2
CGCCCGTTAAAAAATG,2
CGCCCTGGACATTAAA,2
CGCCCTGGCGCGAATT,2
CGCCGAATCCTAAATA,2
CGCCGGACAATACACA,2
CGCCGTATTCACATCG,2
CGCCTTGAAAGCAAAC,2
CGCGAACTCGTATATG,2
CGCGAGCCACTCCTAT,2
CGCGATAAAAATAAAA,2
CGCGCAATCAGTAGAT,2
CGCGCATTACGCAGTT,2
CGCGCGGTAACCAAAA,2
CGCGCTGGCACTTATT,2
CGCGGCCATTACGAAA,2
CGCGTAAATGTAAATA,2
CGCGTTTTTTCTGCGT,2
CGCTAACCCGAGTAGG,2
CGCTACCAGATCTCTG,2
CGCTACTTAAGATACC,2
CGCTATAAGATTACAC,2
CGCTATATATCCTAAA,2
CGCTCAATACCATTGG,2
CGCTCAGGAGTTGGAA,2
CGCTCCGCTGCCAATG,2
CGCTCGAAATGTTCAT,2
CGCTCGCTACTCTTAC,2
CGCTCTCCTTGACGCA,2
CGCTCTGCTTGTGCTT,2
CGCTGATGGAATGGCA,2
CGGAAAATAAGCCCAA,2
CGGAACGGGTGGCAGA,2
CGGAACTTACTCCAGA,2
CGGAATATGAGTAGTT,2
CGGACAACCGAATGCT,2
CGGACAGAGGCTAACA,2
CGGACCATCTTTATAT,2
CGGACGAAAATACTTC,2
CGGAGACAACAGTTTA,2
CGGAGGGACGCGGAAA,2
CGGAGGTTATCCAATT,2
CGGATACATAACCATC,2
CGGATACTAGTACATA,2
CGGATACTGTAACAGA,2
CGGATCATTACTAACT,2
CGGATGCTTTTGAGAT,2
CGGATGTTATACATCT,2
CGGATTATAGCATTAT,2
CGGATTTACGAATAAC,2
CGGCAAAAGATACATC,2
CGGCAAAGCGTGGTAT,2
CGGCACCCAAATAAAT,2
CGGCAGGATTCTACAC,2
CGGCCCAAAATGGATC,2
CGGCGACAAGTCCCAG,2
CGGCGACAGGATGTTA,2
CGGCTAATAGAACACG,2
CGGCTGGGTAGAATTT,2
CGGGACAATCCAACGA,2
CGGGACGACTGATAAA,2
CGGGAGCCCATGTCTC,2
CGGGATAGACTATTGT,2
CGGGATCTAAACTGAA,2
CGGGCATCTAGACACT,2
CGGGGATATGGCCCGG,2
CGGGGCTGATATTCCC,2
CGGGTAAGAAGCCACA,2
CGGGTAATAAAGGGCT,2
CGGTAACTTAACCTAA,2
CGGTAATGCTTTATTA,2
CGGTACATGGTGTCTG,2
CGGTACTAGCAGGGAA,2
CGGTATTTTGGGGGCC,2
CGGTCAAGATTCCATC,2
CGGTCAATAAAACGGA,2
CGGTCACAATAATAAG,2
CGGTCACCTAACAGCC,2
CGGTCCGATGAATACA,2
CGGTCGAACGACATTG,2
CGGTCTGCATCAAAAA,2
CGGTGTCCAGGAAGTC,2
CGTAAAATTACTTTGG,2
CGTAAACCATAAAATG,2
CGTAAATCTTTGACAA,2
CGTAAATTACCGGCGA,2
CGTAACTTAAATAACA,2
CGTAAGATTCTCAAAA,2
CGTAATAAATTGAGAC,2
CGTAATTGCGTCTTGT,2
CGTACAAATAGAGAGA,2
CGTACACATAGCCAAT,2
CGTACACGAATAATAC,2
CGTACAGCTGGAGGTT,2
CGTACCGATAGAAAAC,2
CGTACGCTGCAACGTT,2
CGTACGCTTACACAAT,2
CGTACTAAAGGCAACG,2
CGTACTATCCCTGCGG,2
CGTACTTTACCTAATG,2
CGTAGAAAAACATTTC,2
CGTAGAACACCGTATT,2
CGTAGCTGCCGGACGT,2
CGTATAAGTAATATTA,2
CGTATCATTATCGCCT,2
CGTATGAATTTCAAAA,2
CGTATGCTTGTATAAA,2
CGTATTTATTCTTTAT,2
CGTCAGATCACGCCTG,2
CGTCAGGACGGTCGCC,2
CGTCCGAGAAATGGAA,2
CGTCCTTGCCTATGAT,2
CGTCTAAACTTCAGAC,2
CGTCTAAGCGTGAAGT,2
CGTCTCAATCCCAAAA,2
CGTCTCACGCGTAACC,2
CGTGCCTCCCCACATC,2
CGTGCTCGATTCTCAT,2
CGTGGAAACCAACTAA,2
CGTGGCCCAACATTGG,2
CGTTAAGAATAGCTAG,2
CGTTAAGAGTCGAATC,2
CGTTCGAGTAGGAACG,2
CGTTCTATGCAGCTAA,2
CGTTCTATTGAAAATT,2
CGTTCTCCCAATATAA,2
CGTTGACTCTCATAAA,2
CGTTGAGACCAGCTGA,2
CGTTGCAGGCTTCGAA,2
CGTTGCGGCTTATAAA,2
CGTTGCTGTATATCAC,2
CGTTGGACTTCCTACA,2
CGTTGGTGTCGTGCCA,2
CGTTGTATTCGTAGAT,2
CGTTTAAAAAAACAAT,2
CGTTTCAACGATCTGA,2
CGTTTCCATCAGCCTC,2
CGTTTGTCATCAGGCT,2
CGTTTTACACATACCA,2
CTAAAAAAACGTCCAG,2
CTAAAAAAGTGCTTGA,2
CTAAAAACTCGCAAGA,2
CTAAAAAGACCACTAA,2
CTAAAACCCTGGTGTT,2
CTAAAACCGGCCCCGA,2
CTAAAAGACGAACCAT,2
CTAAAAGTCATCCAAC,2
CTAAAATAATCACCAA,2
CTAAACCGAACATACC,2
CTAAACGGCAAAAAGT,2
CTAAACTAATAAAAGA,2
CTAAAGAAATCTAAAA,2
CTAAAGGACGTCCAAT,2
CTAAATACAAAGGTAG,2
CTAAATGTAGCAAGCT,2
CTAACACATCCAATCG,2
CTAACAGGACATCCAC,2
CTAACATAGACCACTC,2
CTAACCAACACAGAAT,2
CTAACCAGCAATGTGA,2
CTAACCATTGCTCATC,2
CTAACCCAGCCTCGCA,2
CTAACGAACGAACTAA,2
CTAACTCAAAATATGA,2
CTAACTCAACCCGTTC,2
CTAACTCCCAATCCCC,2
CTAAGAAGGACGTCCG,2
CTAAGACACCATGTAA,2
CTAAGACGGGGCATAC,2
CTAAGACTCTCATCGA,2
CTAAGCAATGGGTGAA,2
CTAAGCATCTATCAAA,2
CTAAGCCAACAAGCTT,2
CTAAGCCCTTTAAATC,2
CTAAGCCTTTAAGGAA,2
CTAAGGCATAAAAAAC,2
CTAAGGCCAAAATGAT,2
CTAAGGGTGATACATA,2
CTAAGGGTTTATAATA,2
CTAAGTAATCGATGTA,2
CTAATACCTACCTGAT,2
CTAATATCAAGCTTGC,2
CTAATCCACTCAGGGC,2
CTAATGATCGGTGGAC,2
CTAATGGAATAAATTA,2
CTAATTCGAGTTTTAT,2
CTAATTTGGTTCACAG,2
CTACAACACACAAGAG,2
CTACAAGGTCAAGGCT,2
CTACAATCAGTGTGTT,2
CTACACATAAAACTGA,2
CTACAGTTACTGGCCC,2
CTACAGTTCATGTTGA,2
CTACATTAGTAATCAC,2
CTACATTCTTTTTGCT,2
CTACCAGCATCGAACC,2
CTACCGCAGATAAAAC,2
CTACCTATCGCTCGAA,2
CTACGATGATAAACCA,2
CTACGCACAAGGGGCC,2
CTACGCACCCACCCCC,2
CTACGCCAATTTCATT,2
CTACGCCCACTCTATA,2
CTACGGTCTTCAAACA,2
CTACGTAAAGCGACTC,2
CTACGTACCGGAAAAA,2
CTACGTCTCACACCAG,2
CTACTACTCAGTCTTT,2
CTACTCCGTACGTGAC,2
CTACTGGTAAAACCGA,2
CTACTTATACTAATCC,2
CTACTTCTCAATAGAA,2
CTACTTTAGCTAAGAA,2
CTACTTTTGTTAACGT,2
CTAGAAAGTGAACCAT,2
CTAGAAATATGTAACC,2
CTAGAAATCAAATTTA,2
CTAGAAGCATCTAATC,2
CTAGAATAGATAATTA,2
CTAGAGTCAAAATCAC,2
CTAGCAACATATCTAC,2
CTAGCACCTGCAAGGA,2
CTAGCCCAATGAAATC,2
CTAGCGAACACAAGAT,2
CTAGCGTACTTCGTAT,2
CTAGCGTCTCAACACT,2
CTAGCTCTTCAATTCC,2
CTAGGTTTCGGATAAA,2
CTAGTAAAGTATAACT,2
CTAGTAACTGTCAAGA,2
CTAGTATAAACGACTT,2
CTAGTTCAATATCGAA,2
CTATAAACGACCCAAC,2
CTATAAAGTCCAATAC,2
CTATAAGACATTAAAT,2
CTATAAGTTAACGGTC,2
CTATACACAAACAACA,2
CTATAGACACGTTTGC,2
CTATAGCAGTTTAAGC,2
CTATATAAAGGACCTT,2
CTATATAGTTGTATCT,2
CTATATCAATAATTAA,2
CTATATGAGCAAAAAT,2
CTATCAAAAGGAATTA,2
CTATCAACGTCATGGA,2
CTATCACTAGCTGGTA,2
CTATCAGAATCAACGT,2
CTATCCAGAATTCGTC,2
CTATCTAAGAAATGGC,2
CTATCTACAAATTCGA,2
CTATCTCAAACCAACT,2
CTATGAAACTGCTTAT,2
CTATGAGAAAACTGGC,2
CTATGATAAATGACAA,2
CTATGGTAGAATGGAC,2
CTATGGTCGGTCAGCA,2
CTATGTGAAGTTTACT,2
CTATTATAAGAAACAT,2
CTATTCGATGACTACC,2
CTATTCGTGTTACACA,2
CTATTGAACTAATGGA,2
CTATTGATCCTATCAG,2
CTATTGCGCTTCATGA,2
CTATTGTATAGACTAT,2
CTATTTAGCGCCTGAA,2
CTCAAATCATATCAGA,2
CTCAAATGTTCTCAAT,2
CTCAAGAATTACTTGA,2
CTCAAGTAATCGCCAC,2
CTCAATCACCCCACCA,2
CTCAATTAGGAGAAAT,2
CTCACAGGCGACTATA,2
CTCACATGCGTATCAA,2
CTCACATTACAATCAA,2
CTCACCTGGCCTCCCG,2
CTCACGATTACAATTA,2
CTCACGGAAAATGATC,2
CTCACGTAAGTAGGAA,2
CTCACTAGCAACCACC,2
CTCACTCACGACTACG,2
CTCACTCATATTTGGC,2
CTCAGAAGGTATAAAG,2
CTCAGTGCTCTATACC,2
CTCATCATGCTACCTA,2
CTCATTATAATCACAC,2
CTCATTGATAACCACA,2
CTCATTTTTGGGAGAT,2
CTCCAAAACCTGAATC,2
CTCCAAAATTACACCC,2
CTCCACACTAGTTTTA,2
CTCCAGAGTACAGTCC,2
CTCCAGGGGCTTGTCT,2
CTCCCAAAAACTGCCA,2
CTCCCCCGAACTTAAG,2
CTCCCCTCACCAAAAA,2
CTCCCCTTTTTTCGGA,2
CTCCGATTCAATTAAT,2
CTCCGCGCATTTCGCT,2
CTCCGGTAGGCTTAGA,2
CTCCGTCCTAGACGTG,2
CTCCGTGACCTATGAT,2
CTCCGTTATTTTACCA,2
CTCCTACCTAACATCC,2
CTCGAAAAAAATAGAC,2
CTCGCACAATAGAAAT,2
CTCGCCCAACCACTTT,2
CTCGCCCCCCAACTAA,2
CTCGCTGGAATCGAAC,2
CTCGGAATCGAGCAGA,2
CTCGGCAGCCCACACG,2
CTCGTAGTGAGCTAAC,2
CTCGTGTCATGATACA,2
CTCGTTAGATAACTGT,2
CTCGTTATCAGAGAAT,2
CTCGTTATTCAATACC,2
CTCTAAAGGTAAAATG,2
CTCTAACAGATCAATT,2
CTCTACATCCAGGACA,2
CTCTACGAATTTATTG,2
CTCTAGTAATATACTG,2
CTCTCAACCGGCGTTT,2
CTCTCACAAGCCATTA,2
CTCTCATACCAGGAAA,2
CTCTCCCAGATATGCC,2
CTCTCGCAATTAGCTT,2
CTCTCTAACGTAGCTG,2
CTCTCTACACATCTAT,2
CTCTGCCCCGTAAAAC,2
CTCTGCCTAATTGATC,2
CTCTGCTAATAAGATG,2
CTCTGGACCATTCAAC,2
CTCTGGACTAAGCCTT,2
CTCTGTACAGGAACAG,2
CTCTGTCCTCCTGAAG,2
CTCTTACAATTAGAAT,2
CTCTTACATGCGAAAG,2
CTCTTCCGATATCGGA,2
CTGAAAATAAACGCAT,2
CTGAAACCGTGAATTC,2
CTGAAACGGCTAGGTC,2
CTGAAAGAAATGCCAA,2
CTGAAAGATCATACGA,2
CTGAAAGTATTAAAAT,2
CTGAACAACAGTTTCT,2
CTGAACCCTACATTAA,2
CTGAACGCAGACCATG,2
CTGAATATCTAACAGC,2
CTGAATCAATATCCCA,2
CTGAATCCTATAAATC,2
CTGAATGCCGGGATGC,2
CTGAATTATCGCAGGT,2
CTGAATTGAAGCGGCA,2
CTGACAAGCACAAGGA,2
CTGACAGTCTTACTGT,2
CTGACCGCACTACATC,2
CTGACTCATGTATTGT,2
CTGAGAACTTGATAGA,2
CTGAGATAGTAAGTCT,2
CTGAGCGCGAAAAATA,2
CTGAGGTACCCACGGG,2
CTGATACCACCAAATT,2
CTGATCAAAATTTAGC,2
CTGATCCATAAAAGAC,2
CTGATGAATTGAACGG,2
CTGATTACAACATGGA,2
CTGATTCTTACAAACA,2
CTGCAACAAAAGCCTA,2
CTGCAATTAGAGTAAA,2
CTGCACCTCATAACTT,2
CTGCAGAATCAGTAGC,2
CTGCAGCCCGTCAGAT,2
CTGCAGTATAAATAAA,2
CTGCAGTCCCTGAAAT,2
CTGCCGCCTCACAATT,2
CTGCCGGTTGAACACC,2
CTGCCTGGCAACGATT,2
CTGCGACACTTAGCAC,2
CTGCGGATTTACGAAA,2
CTGCTACTAACATTTG,2
CTGCTAGCCTACGTTC,2
CTGGAAATTTGAATGA,2
CTGGACTCCTGCAGCA,2
CTGGAGTCGTCCTTTA,2
CTGGCACCACCCTGCC,2
CTGGCCGGCGTTTCAA,2
CTGGCGAGCCGACCAG,2
CTGGCTATTGTGGGAC,2
CTGGCTCCGAAAAAGG,2
CTGGGTAATATGTATT,2
CTGGTATCGGAATATC,2
CTGGTCTGAGTTAGCC,2
CTGTAATGTACCTAAC,2
CTGTACCACAATACAA,2
CTGTACTAGAATTCAA,2
CTGTATATACTAAAAT,2
CTGTCAAATACCTTTA,2
CTGTCAGGTTAGAATC,2
CTGTCAGTTATCAAAG,2
CTGTCCACTCGCTTAT,2
CTGTCCCGATCACTCT,2
CTGTCCTTTTGCCCGC,2
CTGTCGACTATCCTGT,2
CTGTCTAATTATCTGA,2
CTGTGCTATAAATATT,2
CTGTGGCACACATTAC,2
CTGTGTCGAAGAAAAA,2
CTGTGTTAGATATAGG,2
CTGTTAATCAAGACCT,2
CTGTTACACAATCCTC,2
CTGTTAGATCAAAATA,2
CTGTTGAATCTAAGAT,2
CTGTTTAAGCCGTTAT,2
CTTAAAAACTCATCTG,2
CTTAAAAGGGAAACAA,2
CTTAAACCTAGATATC,2
CTTAAACCTTCTCGGC,2
CTTAAAGAACCAAGGA,2
CTTAAATAAAGTTATG,2
CTTAAATCGTAGCGGG,2
CTTAAATTGTTACGTC,2
CTTAACAACACTTTGT,2
CTTAACAACCAGAACG,2
CTTAACCTTTAAATAG,2
CTTAACGATACTAGGA,2
CTTAACGCTAGCATTG,2
CTTAACGCTTTGAAGA,2
CTTAAGATTCTAATTA,2
CTTAAGCCGATGCCTT,2
CTTAAGTTGATGTAGC,2
CTTAATTTAACCGACA,2
CTTAATTTCTCTACCA,2
CTTACAACGCCCATTT,2
CTTACACATCTATACA,2
CTTACGACAAATCTCA,2
CTTACGCGCTATACGA,2
CTTACGGGTAATGTAA,2
CTTACTCCTTAACGCC,2
CTTAGAACCACACGTA,2
CTTAGACTGGTAATAC,2
CTTAGATACTTAATTG,2
CTTAGGGTTCCAAGCT,2
CTTAGGTCTTTACAGT,2
CTTAGTCCAGTTGGTC,2
CTTATAACACATAGTC,2
CTTATAACATCTAGCA,2
CTTATAACCGGTGGAC,2
CTTATAAGTAAGAGGC,2
CTTATACAAATCTAGA,2
CTTATACTATCACTTA,2
CTTATATCACCCCGAG,2
CTTATGAAGTTTACAG,2
CTTATGCCTTTATTCG,2
CTTATGCTTGAGAACG,2
CTTATTGATATAAATT,2
CTTCAGCCTAAGATAA,2
CTTCAGTGAAATAACA,2
CTTCATAAAAAAAACG,2
CTTCCCGGACATCTTT,2
CTTCCGATCGGCAACA,2
CTTCGAAATATTTGTT,2
CTTCGAGCAAAGTTAC,2
CTTCGATATGTTAATC,2
CTTCGTGTCATATACA,2
CTTCTATGACAACTAT,2
CTTCTATTAGTCGGCA,2
CTTCTGATGCTATAAA,2
CTTGACAACCTTGTAG,2
CTTGATAGACCATATA,2
CTTGATTATTCATAAG,2
CTTGATTCAGCGCAAA,2
CTTGATTCTATACTAT,2
CTTGCACACTCCCAAA,2
CTTGCACCACAATATA,2
CTTGCCAATAAGAGAC,2
CTTGCCTGCCTGTCCA,2
CTTGCTACTACTGCTC,2
CTTGCTATGAAATATC,2
CTTGGTTTGAATAGAC,2
CTTTAAGATCTGTGTC,2
CTTTACATGCTACCCA,2
CTTTAGTTATATAATT,2
CTTTATATGCATAGAA,2
CTTTATCATAAACATA,2
CTTTATTTTACAATCC,2
CTTTCCATTTAGTACG,2
CTTTCGATCGAATACA,2
CTTTGAACTAACCCTA,2
CTTTGATCAACAATCA,2
CTTTGATCCATCAATT,2
CTTTGATTTCTCAGAC,2
CTTTGCGCCACAATTA,2
CTTTGCTTCAAGTGAC,2
CTTTGTCGTCTACAGG,2
CTTTTAACTTTGTTTG,2
CTTTTACCCAAGACAA,2
CTTTTACCTGCACACT,2
CTTTTAGAAGCAAACA,2
CTTTTCATTTGGGTCC,2
CTTTTGAAACTACTAG,2
GAAAAAAAACTGAACG,2
GAAAAAAACGACCCGA,2
GAAAAAAATATGTCTT,2
GAAAAAACCGGGCCCG,2
GAAAAAAGATCAGACG,2
GAAAAAATACCTGCTG,2
GAAAAAATCACAAAGC,2
GAAAAAATTTAGTTTG,2
GAAAAACTAACTAACC,2
GAAAAAGCTAAGATGC,2
GAAAAATCTGATCTAT,2
GAAAAATTACAAGTAA,2
GAAAACCGGACATATA,2
GAAAACGTCGCATAAG,2
GAAAAGAGTATTAAAT,2
GAAAAGGTACAAAGAT,2
GAAAAGTATAATAAAA,2
GAAAATACTTAGGCTA,2
GAAAATCAAACAGATT,2
GAAAATCGACACGTTC,2
GAAAATGACACTTTAC,2
GAAACAAACTATGCAA,2
GAAACAGCAAGTACGA,2
GAAACAGTACTATATC,2
GAAACCAAGTGTTAAA,2
GAAACCGCTTTGCTCA,2
GAAACCTTTACTAAGA,2
GAAACGCACGCTTAAC,2
GAAACTAAGTTTATAA,2
GAAACTAGACCAGACT,2
GAAACTCTAAGATGCT,2
GAAACTCTACCACCCT,2
GAAACTCTCCAAAAGA,2
GAAACTTACCAATGAA,2
GAAACTTTAAATGTTC,2
GAAAGCAATTAAACGG,2
GAAAGCCCATAAATTA,2
GAAAGGAAAACACTCA,2
GAAAGGTTTTTTTTAG,2
GAAAGTATTCCTCTGC,2
GAAAGTCAGCGAAAGT,2
GAAAGTCCCCCTGAAA,2
GAAAGTGACTCATGCC,2
GAAATAACATTTATAT,2
GAAATACCTAAATTAA,2
GAAATACTATATACAC,2
GAAATAGCGCAAAGAG,2
GAAATCGACAAAAGCA,2
GAAATCTTCCCTGATA,2
GAAATGAATGTATGCA,2
GAAATGCAAACTTCAA,2
GAAATGCATATGCAAC,2
GAAATTAAACGGTTGT,2
GAAATTGCATGCGTAT,2
GAAATTTGGATGAAAG,2
GAACAAATGTCTGTCA,2
GAACAACTAACAAAGC,2
GAACAACTTATCCTGG,2
GAACAAGATCTTCTAA,2
GAACAAGTCACAAAAA,2
GAACACAAATACTGTG,2
GAACACAAATGTTACT,2
GAACACCCGGACAAAA,2
GAACACGCTTTAGCCT,2
GAACACGGGCTCCAAT,2
GAACAGGATAAATTAC,2
GAACAGTAAAAGTGAA,2
GAACATAGTTCATATT,2
GAACATGCTACACTCG,2
GAACCAAATGACACTG,2
GAACCAGTTTTACATA,2
GAACCCACTCATCATT,2
GAACCTACCTACGCTA,2
GAACCTGTCATAACTC,2
GAACCTTAATGAGCAT,2
GAACCTTACCCCTCTA,2
GAACGAATCACGATTC,2
GAACGACATTAAAAAA,2
GAACGCATTCGATACT,2
GAACGGACCGAACGCA,2
GAACGGTGTTAGTCTG,2
GAACTAGTAGCAACTC,2
GAACTATCACGCGTAG,2
GAACTCACTTTGACGC,2
GAACTCAGAGATAAAT,2
GAACTGATGTTTACGC,2
GAACTGATTTCCGATT,2
GAACTGTATATAAAAT,2
GAACTTACAGAGGGTA,2
GAACTTATCAACGCTA,2
GAACTTCAAATTAGAG,2
GAACTTCTACAACAAT,2
GAACTTCTTATCGAAC,2
GAACTTTACAAACAAC,2
GAACTTTTATTGGAAG,2
GAAGAAACACGATTCG,2
GAAGAAATACCTAAAT,2
GAAGAACGCAATTACT,2
GAAGAATCGAGTGTTT,2
GAAGACAGATAAATTT,2
GAAGACATGACTATAG,2
GAAGACTACATTAACT,2
GAAGACTCTGAGTAAA,2
GAAGACTGCGTTTTGT,2
GAAGAGAGATTTCGGA,2
GAAGAGAGGTGATCAA,2
GAAGAGCCAGGTTCCC,2
GAAGATATCACACCTA,2
GAAGATCGAGCCACAC,2
GAAGCAATTATAACAC,2
GAAGCCAGAGACAATA,2
GAAGCCTAGTAGAACA,2
GAAGCGCTAGTTCAGT,2
GAAGCGCTGTCAGCAC,2
GAAGCTGACGAGATCC,2
GAAGCTGATTAACATA,2
GAAGCTGCAACTGATC,2
GAAGGACCGATTCACG,2
GAAGGACGACGTAACT,2
GAAGGACGATAGCCTT,2
GAAGGAGAACAAACTC,2
GAAGGATATGACTAAA,2
GAAGGCAGAGCTCACG,2
GAAGGCTCTGCACGTA,2
GAAGGTAGGGTTATAT,2
GAAGTAAATCTCAAAA,2
GAAGTACGAATACAAA,2
GAAGTACTCTCTACCA,2
GAAGTAGAAGTACTAC,2
GAAGTATATTAACATA,2
GAAGTCAAAGGCGTAT,2
GAAGTCGGCGTGGTAT,2
GAAGTCTACTGCGATA,2
GAAGTGTCAAACTAAC,2
GAAGTTAGCGTCACAA,2
GAAGTTCTCGTAACGA,2
GAAGTTGTCCACCTAT,2
GAATAAACTTAATGGA,2
GAATAATCAAAATCCC,2
GAATAATCATTTATCC,2
GAATAATCCGTAAAAC,2
GAATACCTGATACACA,2
GAATACTAAAATTCCA,2
GAATAGAAGAATATCG,2
GAATAGAATCGAACTC,2
GAATAGACTGTCAACC,2
GAATAGTAGACGAGAT,2
GAATATAAGACGCTAT,2
GAATATCAGAAAAAAG,2
GAATATTAAAGTGGCG,2
GAATCAATACTGAGTA,2
GAATCATAGTCAAAAT,2
GAATCCAAAAATGCTC,2
GAATCCAATTTTGACC,2
GAATCGCAAAGTATTT,2
GAATCGGAACTTTGAG,2
GAATCTCGCTTTCGGG,2
GAATCTGAATGACCCA,2
GAATGACATATGGCAT,2
GAATGAGTACTCGCAA,2
GAATGCTAAATGTGTA,2
GAATGCTGAAATCATT,2
GAATGCTTATAAACAA,2
GAATGCTTTCAAACGA,2
GAATGGAATGCACATA,2
GAATGGCAGAATGAAA,2
GAATGGGATGTTACGA,2
GAATTAAAAAACTAAA,2
GAATTAAAACATAACA,2
GAATTAAAATCAATGC,2
GAATTAAATTGACGCG,2
GAATTACGGCCTTGAA,2
GAATTATCTATAGATA,2
GAATTCCAAAAACAAA,2
GAATTCCGACTTTGGA,2
GAATTCGCTACTAACG,2
GAATTCGTACCTAAGT,2
GAATTCGTCATCTAAT,2
GAATTGTAAGGAGTAA,2
GAATTTCAACGTCTCT,2
GAATTTGCACTGGCAA,2
GAATTTGGCCCACTAA,2
GACAAAACCATTAATT,2
GACAAAAGAAGAGTTA,2
GACAAAAGCTTAATGT,2
GACAAACAACAGAAAA,2
GACAAATAGGGCAAAG,2
GACAAATATTTCAAAA,2
GACAAATTAATAAATG,2
GACAACACGCAGTTTA,2
GACAACCATACCGAGT,2
GACAACTCACTCTCTG,2
GACAAGAACCTTACGC,2
GACAAGAATCTTAAGC,2
GACAAGTATAACGTTG,2
GACAATACATAGAGCA,2
GACAATACCACTCAGA,2
GACAATATGCGAAGTA,2
GACAATGACGGGCATC,2
GACACAGAAAGGCCAA,2
GACACGGAGAGATAAG,2
GACACTAGAACAAAAC,2
GACACTTATTCTGGGA,2
GACACTTTGTTCAATT,2
GACAGAACCAGTAACA,2
GACAGACAAGGATAAC,2
GACAGACGTACACCAT,2
GACAGGCCTATATTGA,2
GACAGTGCATAATTAA,2
GACATAACTTTTCAAT,2
GACATAAGTGAGTTTT,2
GACATAGTTGAATAGG,2
GACATCGAACCACATA,2
GACATGAATCTTATTC,2
GACATGAGCATCCACA,2
GACATGATCAGCGCGA,2
GACATGCTCCTCTCAG,2
GACATGTAGAATATCT,2
GACATTAAATCGACTT,2
GACATTATAGCACGCC,2
GACATTATCTATGAAC,2
GACATTCCTCACTCTT,2
GACATTGTCCAGAATT,2
GACCAAAAATGATTCC,2
GACCAACCCACCTTAC,2
GACCAAGCGCCAATGT,2
GACCAATTACATATTT,2
GACCACAATTTTACTA,2
GACCACGAATAGGACC,2
GACCAGAAGGCTAGAT,2
GACCAGACACGGGGTA,2
GACCAGTTAATTTATA,2
GACCATAACAACGCGA,2
GACCATTAGCCCGATA,2
GACCCAAAACCTATAT,2
GACCCAAGGAGAATCG,2
GACCCGCTCATCCAGA,2
GACCGACGTATAAGAC,2
GACCGCAGAGGCCCAG,2
GACCGCAGATTTATGT,2
GACCGTATTACAATCT,2
GACCGTCAAACTAGGT,2
GACCGTTCACGTGACC,2
GACCTAACTTAGTGAC,2
GACCTAATACTTGGAG,2
GACCTATATAACAGGA,2
GACCTCTGAACCTGCA,2
GACGAACATGACAATA,2
GACGAACCAAAACATC,2
GACGAATAACTTAAGT,2
GACGACAGCGCGTAAC,2
GACGACAGCTTGAAAA,2
GACGCCAAAATTAAAA,2
GACGCTCCTGGACATA,2
GACGGAACAAAGGTGC,2
GACGGAACAATAAGAC,2
GACGGCATTAGGAAAT,2
GACGGCGATCCTCGTC,2
GACGGTTCGAATCAAA,2
GACGTAATTCGAACCG,2
GACGTATATGTAAAAT,2
GACGTGCATGCACTTC,2
GACTAAAAAAATAAGT,2
GACTAAAATAAAAGAG,2
GACTAATCTGATGGAT,2
GACTAATTTACCTTTT,2
GACTAGACATTTATCC,2
GACTAGAGTTGTGATA,2
GACTAGCAAATCATCT,2
GACTAGCCAGAATAGA,2
GACTATATTCTTGAGT,2
GACTATCCTATGGTGG,2
GACTATGCGAAATACA,2
GACTATTATAGCCTTA,2
GACTCAGATGAAGATC,2
GACTCCTATCAATAAA,2
GACTCCTCATCCGCAG,2
GACTCCTTGCACACGT,2
GACTCGAACTAATCCA,2
GACTCGCCCACACATA,2
GACTCGGCAAGTTTTG,2
GACTCGTCAACTTATG,2
GACTCTACTTGTTCTA,2
GACTCTAGCCCAACCA,2
GACTCTCACGCATTCT,2
GACTGAAAACAATCAT,2
GACTGATCTCTCATCG,2
GACTGCACCGACTCCT,2
GACTGCATATACTGAT,2
GACTGCGAATATTAGT,2
GACTTAAACTCGGAAT,2
GACTTAATTCTCAAAG,2
GACTTAGACTTCTATC,2
GACTTATATTAGACCA,2
GACTTATCCTGCGTAA,2
GACTTATTGGAAGATC,2
GACTTCGACCCAGAAG,2
GACTTGACAGTAAATA,2
GACTTGAGCGGCCTAA,2
GACTTGGATTTCAACC,2
GACTTTAATTGTGCAA,2
GACTTTCGTTTCCAGC,2
GAGAAAAGATGCCCGC,2
GAGAACTACAAAACTG,2
GAGAACTGACCAGGGC,2
GAGACATTGAAACGAA,2
GAGACCAACAATCCTT,2
GAGACCAGAGAGGCAA,2
GAGACCATATTTTACG,2
GAGACCATCCGAAATC,2
GAGACCCTTAGTACAG,2
GAGACGAGACGTGGAT,2
GAGACTCTAATTTCGG,2
GAGAGAACTGGACACA,2
GAGAGACTAAAGACCC,2
GAGAGCCACAGCCAAA,2
GAGAGTGGTGCGTTTA,2
GAGATCAGTATCCCAA,2
GAGATCCAATTCCAGT,2
GAGATGATCGCTTGGA,2
GAGATTAGGCCGCGCA,2
GAGATTTAAAAATGGC,2
GAGCAACTTCCAAACT,2
GAGCACAGTCGCCCCT,2
GAGCACTCAAGCGGGA,2
GAGCAGTTACGGCCTG,2
GAGCATGTTAAATGAC,2
GAGCATTAATAAACAG,2
GAGCCAGCAATGTCTG,2
GAGCCTACTACGCTGG,2
GAGCCTTCACATACTC,2
GAGCGAAAACAACTGA,2
GAGCGAATCGTTCCTG,2
GAGCGGACAACACTAT,2
GAGCGTCTGCCTTATT,2
GAGCTAAAAACTCACA,2
GAGCTAATGCACACAT,2
GAGCTCTAACAGGGAA,2
GAGCTGGACAATGAAC,2
GAGGAAATTACAATCT,2
GAGGAAGCCCATAAGT,2
GAGGAATGGCCGAATC,2
GAGGAATGTCAATCAG,2
GAGGACAAACGAAAAA,2
GAGGACGACCTAGGCA,2
GAGGACTATGAGAACG,2
GAGGAGAAACAGAAAT,2
GAGGAGAGCTACTAAG,2
GAGGAGGCGGCACACT,2
GAGGATAAAAGATTCT,2
GAGGATCACATTCTAA,2
GAGGATCCCCACAAAG,2
GAGGATTGGCTAAAAC,2
GAGGCCGTAGATCACT,2
GAGGCCTTATTTTTGT,2
GAGGGATCCTATACAA,2
GAGGGTGCCCTTAGCA,2
GAGTACAAAGAATTCC,2
GAGTACAACTAGACAT,2
GAGTACCACAAATATT,2
GAGTACCCAGTTCACT,2
GAGTAGGCCAAATTAC,2
GAGTATGACCAAATAT,2
GAGTCAGGCTGAAGGC,2
GAGTCCGTACAGGCCG,2
GAGTCTGACGAATGAA,2
GAGTCTGGTCCCACCT,2
GAGTGAGAGTCAAACA,2
GAGTGAGATATAACGA,2
GAGTGCGTATATTAAG,2
GAGTGGGAAATATATA,2
GAGTTCTAACCTCGCC,2
GAGTTCTAGGTTTGAG,2
GAGTTTAATCATCTCC,2
GAGTTTACATGCTGCA,2
GATAAAAGTTAAGCTC,2
GATAAACCACTTACAT,2
GATAAAGATATCCCAC,2
GATAACAACGGCAGCT,2
GATAACAGTGAGGTCT,2
GATAACCTCAATGAGA,2
GATAACCTTAAAACCA,2
GATAACGAGTATCTGT,2
GATAAGATAATGCGAA,2
GATAAGTATACTGCGC,2
GATAAGTATCTGAATT,2
GATAATAACTGATGAA,2
GATAATACGGCTCGCC,2
GATAATATATACCTGA,2
GATAATCCCAATACAT,2
GATAATGACCGGTCAC,2
GATAATTAAAAAATCC,2
GATACAACAACACCAA,2
GATACACTAATGTAAG,2
GATACAGGAGGGAGCA,2
GATACCACATTGAGTA,2
GATACCGGTAAGGGAA,2
GATACCTATCTTATAA,2
GATACGGTCCTATACA,2
GATACTAAAATCCACG,2
GATACTTGTAGCACCC,2
GATACTTTAGAAGTTG,2
GATAGACATTAATAAA,2
GATAGCACTACTCCGT,2
GATAGCTTGGAGCGCA,2
GATAGGGTGGGACTAC,2
GATAGTTAATGAACAA,2
GATAGTTATACCCGTA,2
GATATAACAGACTCCG,2
GATATAGATACGAGAC,2
GATATAGCTCGCCCGC,2
GATATCCTACATACAG,2
GATATCGTTAATCGCG,2
GATATCTCGCTTAAAG,2
GATATGAAGAGTTAAC,2
GATATGAAGATCAATC,2
GATATGTAGCGTTGAT,2
GATATTAAAAGTACGC,2
GATATTACATTGAGTT,2
GATATTATGACTATAA,2
GATATTATGCGTGTGC,2
GATATTTTTAAACAGA,2
GATCAATATATCAAGC,2
GATCACAACTGCAAAC,2
GATCACTAATAACAGA,2
GATCACTAGCCCCTCA,2
GATCACTTGTTTCTAC,2
GATCAGCTGCCGACCA,2
GATCATACACTACATA,2
GATCATGGTCTTTATG,2
GATCATGTTCTAAAGC,2
GATCATTTTAGAACTC,2
GATCCACAATCAGTTC,2
GATCCACTACGGTAAT,2
GATCCCCCTCCAATTA,2
GATCCGAGTAAGTCAA,2
GATCCGGTAGATGCCC,2
GATCCGGTTTCCCATC,2
GATCCGTATCACCATA,2
GATCCGTCTGAACCTG,2
GATCCTGGCATCCTAA,2
GATCGAAACTAGTTTA,2
GATCGAATTGATACCT,2
GATCGATATCGCTTCA,2
GATCGCAACTCCGCAG,2
GATCGCATGAACTATC,2
GATCGCGAATTAAAAC,2
GATCTTCGCGTTAACT,2
GATCTTTACTACCCTA,2
GATGAAAAATGAAAGG,2
GATGAAAACATATCAC,2
GATGAAACTTACATAC,2
GATGACCTTGATTCTA,2
GATGAGCAAAAACAGC,2
GATGCCCTTATCTGGG,2
GATGGAACCAATTGTA,2
GATGTATCATTAAAAA,2
GATGTTTGTTCCCGTC,2
GATTAAAAGGAACCAA,2
GATTAACAAACAACCC,2
GATTACAATACATTTA,2
GATTACGAAAAATCAT,2
GATTACGCGAAACTTT,2
GATTACTCACTCTTAA,2
GATTACTTATAATATA,2
GATTAGATTTATTATT,2
GATTAGTCAGGGCCTC,2
GATTATAAGCGAACAA,2
GATTATGAGGCCATTA,2
GATTATGATTTTTTCA,2
GATTCATCAAACACAA,2
GATTCCAAATTAGCCC,2
GATTCCTGTTTATATG,2
GATTCGAAAGCTGTCA,2
GATTCGGTAAGCCGAA,2
GATTCGTGAGCTGATC,2
GATTGAATAACCAACA,2
GATTGAGTGAAGGAAC,2
GATTGATATACAGCAT,2
GATTGCAAGTATCCCT,2
GATTGCAGAGTCCATG,2
GATTGCATGAAAGTCA,2
GATTGCCTACTGCACC,2
GATTGCGGGATTAATC,2
GATTGGCAGCGCCTAT,2
GATTGTGGAAAACAAT,2
GATTGTTGACTTTGCG,2
GATTTACCTGACGCTA,2
GATTTACTGATGTGTG,2
GATTTAGAATCCCGAA,2
GATTTAGTATCCTAAT,2
GATTTCTGAGTCCGGA,2
GATTTGAAATCACAAC,2
GATTTTAGTTTAATAC,2
GATTTTATAAATTCCA,2
GCAAAAAAGTTTAACA,2
GCAAAAACAAAGATTA,2
GCAAAAATAAAGTTCC,2
GCAAAACAAATGGCCT,2
GCAAAACCTTCTAACA,2
GCAAAACCTTGAAGGA,2
GCAAAAGAAACTCCAG,2
GCAAAATACACATGCG,2
GCAAACGTATTTCACT,2
GCAAAGAACCCATAAA,2
GCAAAGTACTTATAAT,2
GCAAATAAGTTCCTCA,2
GCAAATACCATCAGAC,2
GCAAATCCAACTTTCC,2
GCAACAAAAGTCAATT,2
GCAACAAACCATCAGT,2
GCAACAATATTTGTCG,2
GCAACCCGCTAGCTTA,2
GCAACCGACCATTCGT,2
GCAACGAGATGACAGC,2
GCAACGCACTCTAAGA,2
GCAACGCAGGTCCATA,2
GCAACTGGAACAATTA,2
GCAACTTAAATTGTCG,2
GCAAGAAAGAGTTAAG,2
GCAAGACTCTGCAAGA,2
GCAAGATCTAACAAAC,2
GCAAGATTTCGTGCGT,2
GCAAGTAAAATCACAG,2
GCAATAATCGAACGAG,2
GCAATAATCTTTGGCG,2
GCAATCTCCAGTTAGT,2
GCAATTATACAGAAAC,2
GCAATTTCTTCTCCGA,2
GCAATTTTTGGACAAT,2
GCACAAGCCAGGTGCA,2
GCACAAGTAAACACAA,2
GCACAATCATGAGCGA,2
GCACACAACAATCAAC,2
GCACACAGGTTTATTT,2
GCACACCAAACTTAGA,2
GCACACGCTGAACGAC,2
GCACAGAATAACACAA,2
GCACAGAATACGCAAG,2
GCACATCTGAATTATT,2
GCACCAAACCTATAAT,2
GCACCACCTCGCCAAT,2
GCACCAGCACATTTTG,2
GCACCCCGCTACATAT,2
GCACCCTTACATTTGA,2
GCACCTCGATAATCTG,2
GCACCTGATGCCGAGA,2
GCACGAAATAATATCA,2
GCACGCAGTCATTGCT,2
GCACGCCCCCTCAAAT,2
GCACGGCTTCGCCAAT,2
GCACGTAATTAAGCTA,2
GCACGTCTCTATCTTC,2
GCACGTCTGCTATGCT,2
GCACTAAATTTTACGG,2
GCACTAATATAAATAG,2
GCACTCTATGCATTTG,2
GCACTGAGTGCAACAG,2
GCACTGCTGCATAATT,2
GCACTTGGTGGAAATG,2
GCAGAAAAGGTTAAGC,2
GCAGAACTCCCCATTT,2
GCAGAATAGCCAATAC,2
GCAGAATAGGCGAAAT,2
GCAGACCCTACTTTGT,2
GCAGACTATGCTGCCG,2
GCAGAGAGTACTTATA,2
GCAGAGGATGGTATAA,2
GCAGATAAGACTATCT,2
GCAGATAATCCACAGA,2
GCAGATCGGAAAGAAC,2
GCAGATGTAATTTAAA,2
GCAGATTTTATACTGT,2
GCAGATTTTTATGTAA,2
GCAGCCTTAAAATCCG,2
GCAGGATCAGAAATTT,2
GCAGGCGGAGACTGTC,2
GCAGGTCTGCATAACA,2
GCAGTACATCAGTTAA,2
GCAGTCCGCCAACTGC,2
GCAGTGACCAATCAAC,2
GCAGTGTCAGCAAGGC,2
GCAGTTCCGACCTAGC,2
GCATAAAAATAAATTC,2
GCATAAATCAGTACAA,2
GCATAACAGTTATAAT,2
GCATAACATACCTTGG,2
GCATAAGAAAGACTTG,2
GCATAATTGTTTCGGG,2
GCATACAATTCGATCG,2
GCATAGAGGAACCTAA,2
GCATAGATATGAACAA,2
GCATAGCGATGAAAAC,2
GCATAGTAAGGATCGT,2
GCATATCAGAAGGATC,2
GCATCACGCAATTATC,2
GCATCCTATATCCCTA,2
GCATCCTGCAAGTGGC,2
GCATCTGTATACAACT,2
GCATGACGAAGCTCTC,2
GCATGATTTCATCACT,2
GCATGTTGTGTTCTTG,2
GCATTAAACCCTACAT,2
GCATTAAAGCTGAAGC,2
GCATTAACACCAGTAG,2
GCATTAGCAAACTTGA,2
GCATTATAAGGGTAAA,2
GCATTCAGCATAAATA,2
GCATTGAATGACATAA,2
GCATTGAGGCACTTTA,2
GCATTGTAATATGGAC,2
GCATTGTCGTATTTCA,2
GCATTGTGACACCGTA,2
GCATTTTCTTAATTCA,2
GCCAAACAAAGGCTGC,2
GCCAAAGAACCGCGAG,2
GCCAAATAAAAAGAAA,2
GCCAACCTAGGGTAGA,2
GCCAACTTGGTACTGT,2
GCCAAGCACGTGTATA,2
GCCAAGTAGCCATATG,2
GCCAATAGTACAATTA,2
GCCAATAGTCTAAATT,2
GCCACAACCAGTTAAA,2
GCCACAATCAATCCCG,2
GCCACATATACTGGCA,2
GCCACCAATCTAAGAA,2
GCCACCGTACGTCAGC,2
GCCACGCTAAGTTTGC,2
GCCACTACATCGATAG,2
GCCACTTCGTCCGGGA,2
GCCAGAGAATCGGATC,2
GCCAGCTAGACCGACT,2
GCCAGGACGACCCAGA,2
GCCAGGCGGATGACCC,2
GCCAGTAAATACGCCA,2
GCCAGTCGCAAACTTG,2
GCCATACTATTGAGAA,2
GCCATATCGTTGCCGC,2
GCCATGAGATCTAATC,2
GCCATTCCATCAACAC,2
GCCATTGTACGCATGA,2
GCCCAATGTAGCAACA,2
GCCCATCTCACGCAGG,2
GCCCATGACATAATAT,2
GCCCATTCAAAAGCCA,2
GCCCATTCTAAAATAA,2
GCCCCACCAACAACAC,2
GCCCCAGCATAGTAAA,2
GCCCCCTCAACTCAGA,2
GCCCCGAATGCTTCCA,2
GCCCCTCGATCCTTTA,2
GCCCGACAAACTGCAT,2
GCCCGCAGATAAGAAG,2
GCCCTAACCGAACACC,2
GCCCTACAGTACCACT,2
GCCCTATTAAAACAAA,2
GCCCTCAAGTAATACA,2
GCCCTTTTATCAAAGC,2
GCCGAACCTCTTCTTA,2
GCCGAATCAGAGGTTC,2
GCCGACATACAGAATA,2
GCCGACATAGGAAGAA,2
GCCGAGAATGATCCCA,2
GCCGGGATTGCTGGTA,2
GCCGTATAACTTGCCA,2
GCCGTGAACCAGCGAA,2
GCCGTTCGAATACAGA,2
GCCTAAAAGCAAAAAG,2
GCCTAACAGAGGAAGC,2
GCCTACGAAATAATAC,2
GCCTAGTTAATATAAG,2
GCCTATGTTAGTTATG,2
GCCTCAAAAGAATCTA,2
GCCTCAAGTACTAAAA,2
GCCTCACGTATTGTTG,2
GCCTCCAAAACGAAAA,2
GCCTCCGTCCTATCCA,2
GCCTCTAAAAACCCCA,2
GCCTGACTAAAAACTA,2
GCCTGCATTCGTGAAG,2
GCCTGCCTATTCACCA,2
GCCTTAGCATTCATAC,2
GCCTTCTTCCTATGAT,2
GCCTTTCATTGTAGTA,2
GCGAAACCGTTAGTCC,2
GCGAAATCAACAACTC,2
GCGAAGTTAACCCCGA,2
GCGAATAAAGTGAACC,2
GCGAATGTTACATGAG,2
GCGAATTGAAGAAAGA,2
GCGACATACCTACCGT,2
GCGACCCCCTTTATCG,2
GCGACGAAATTACTAT,2
GCGAGAAAAAGCGACA,2
GCGAGTAGCTTGCATT,2
GCGATCCATAACAAAA,2
GCGATGAAAACCATGT,2
GCGATGATCACAATAA,2
GCGCAAGAAAGAGTAA,2
GCGCACTTATAAAGAC,2
GCGCATAAAGGATCGA,2
GCGCATCGAGACAAAG,2
GCGCATCTTATCTTTT,2
GCGCATGGCACATTAC,2
GCGCCTAGAGCGATTA,2
GCGCGGCTCGAATGGT,2
GCGCTAATATTCACTT,2
GCGCTTCTGCATGACG,2
GCGGAACCTCTCAACA,2
GCGGGTAAAGCTACAA,2
GCGGGTTACTAAAAGT,2
GCGGGTTTCCGGGTCG,2
GCGTAAACGATCCCAT,2
GCGTAAAGACGCCTAG,2
GCGTAAGGCACAATCA,2
GCGTAATGACAAGAAC,2
GCGTACAAAGCACCTC,2
GCGTACGTACCATAAA,2
GCGTATCCTTTGGCCG,2
GCGTATGTTCCACAAA,2
GCGTCAACAAAAAAAG,2
GCGTCACAGAGCAATT,2
GCGTCAGGCTACACCT,2
GCGTCATAAAATGAAC,2
GCGTCTGGCGTCGCTA,2
GCGTTACCACTACTCG,2
GCGTTCTTCAATTCCT,2
GCTAAAAAACCCCTGT,2
GCTAAAAACTAAGGTA,2
GCTAAAAAGATGTTGA,2
GCTAACCCAGATAAAG,2
GCTAAGAGCCAAGCAT,2
GCTAATCAAGAGGACT,2
GCTAATTGTTCAAAAT,2
GCTACAAAGTAGTGCG,2
GCTACACAATACATTC,2
GCTACACGAACAAAAA,2
GCTACCAACTTTTAGG,2
GCTACGTAGACACACG,2
GCTACTAGTATCACTA,2
GCTACTATCAATGAAA,2
GCTACTTATGAAAAAG,2
GCTAGACGTGCGCTGA,2
GCTAGAGTCCAAAAGA,2
GCTAGCCTCGATCGAG,2
GCTAGCTGTGTATTCC,2
GCTAGTACGAGATCAG,2
GCTATACAATACGGAG,2
GCTATCTAAAGAAACT,2
GCTATTAGAAAATGCC,2
GCTATTGCCGTACCAA,2
GCTCAAAGACGCTTTC,2
GCTCACCGGGGACGAT,2
GCTCAGCAAGACTACT,2
GCTCAGCTCTTACAAT,2
GCTCATGCTATAACAC,2
GCTCCGTATATTCCTT,2
GCTCGCGTCTTAAAAC,2
GCTCGGAAAGACCCTA,2
GCTCGGCTCATTCGGA,2
GCTCTCTAAAACAATA,2
GCTGAAACCAAGGGTT,2
GCTGAAAGAAGATTCC,2
GCTGACAAAATAGCAA,2
GCTGACTGACCATCCA,2
GCTGACTTCTTGGAAA,2
GCTGAGTACGTTGCGA,2
GCTGATCACGGCTGCC,2
GCTGATCTATACCAAC,2
GCTGCAACGAATCTAC,2
GCTGCATAGTCACAAC,2
GCTGCCAGGAATAGGG,2
GCTGCCCATTGGACAA,2
GCTGGACTTATACCAC,2
GCTGGAGCGTATGTGA,2
GCTGGATACCACGAAA,2
GCTGGATATATTTCAT,2
GCTGGCAAACTTAGCT,2
GCTGGCAGACAAATGT,2
GCTGGCATTACTACCC,2
GCTGGCGACCAGCCGT,2
GCTGGCTCCAATGAAT,2
GCTGTGTCCAAGACAG,2
GCTGTTAAACCTAATT,2
GCTTAAAAAGAGGAGG,2
GCTTAAAAGAGACCGT,2
GCTTAACAAAGCGTCT,2
GCTTAACAGTATAACT,2
GCTTAAGATGATACGC,2
GCTTAGACAATCGCTA,2
GCTTAGGATCAGCAAA,2
GCTTATTACAACCCTA,2
GCTTCAAAATAACCCA,2
GCTTCAACCCCCTCAA,2
GCTTCATATAACCCCA,2
GCTTCCTAATGAGGAA,2
GCTTCGAGACGAACAC,2
GCTTCGATACAGTGCT,2
GCTTCGTTAATAGAGC,2
GCTTCTAAACATAGTA,2
GCTTGACCATTTGCAC,2
GCTTGCCATACTCAAA,2
GCTTTAACCAGAAGCA,2
GCTTTACAATGTTACA,2
GCTTTACAGCACCAGA,2
GCTTTAGCTAGAAATC,2
GCTTTATAAGATACTA,2
GCTTTATTCGGTGATT,2
GCTTTCGCAACCCGAG,2
GCTTTGAGCAACCATA,2
GCTTTGCGTTAATTAA,2
GGAAAAAACGAGCAGA,2
GGAAAAAAGCCACAGA,2
GGAAAATCATAAAAAT,2
GGAAAATCTATCCAAG,2
GGAAAATTAACGCATT,2
GGAAAGATGCCATACT,2
GGAAATAACATCCTAG,2
GGAAATAATCTATGCA,2
GGAAATATGCGTTGCT,2
GGAACAAATCACAAAA,2
GGAACACACCCGCTTA,2
GGAACACCGAGATCCA,2
GGAACACTAAACTAAA,2
GGAACAGTACTTCAAG,2
GGAACAGTATTCATCA,2
GGAACATACTTCAGAT,2
GGAACCCTATTGGACG,2
GGAACGTACAAAGAGG,2
GGAAGAACTAAAGACT,2
GGAAGAATTATTTACT,2
GGAAGACACTTATCCA,2
GGAAGGAACTAGAATC,2
GGAAGGTACTTTCCTT,2
GGAATAAATACAGACG,2
GGAATAATTAAAAACC,2
GGAATACTAGTGCGTT,2
GGAATACTCCCAGATA,2
GGAATAGACGGTTAAT,2
GGAATGTTATAATTCC,2
GGAATTCCCTGTCATT,2
GGACAACAAGCCAGGA,2
GGACAACTTCGTGCCT,2
GGACAAGATACCGAAG,2
GGACACGCTTATTAAA,2
GGACACTCTATGAGAC,2
GGACAGACTTCGCCGA,2
GGACATAGGGTCAATA,2
GGACCACAACTGCACG,2
GGACCCATGCATAATG,2
GGACCGAGTTGGACCT,2
GGACGGCCGTCTGAAC,2
GGACGTCGACACAGCT,2
GGACGTCGCTAGGAGG,2
GGACTAAGGTCGGTTC,2
GGACTACAACGAATCA,2
GGACTATAAAAAGGCT,2
GGACTCGCCTGACAAT,2
GGACTGAACTTACAGA,2
GGACTGACTAATTACC,2
GGACTGATCGTGGCGA,2
GGACTTAATCACTTAC,2
GGACTTCCATGTCCAG,2
GGACTTGCATGAAACG,2
GGAGAATCAACGATAT,2
GGAGACAACAATTTCG,2
GGAGACAATATTCTTT,2
GGAGACGAATAGTTAT,2
GGAGAGACAGGGCAAG,2
GGAGCAAAGCATGTTA,2
GGAGCATATTCGGGAT,2
GGAGGAATACATAAAC,2
GGAGGCAAAAGTAATA,2
GGAGTATGGCACACCA,2
GGAGTCAAGCACGTAG,2
GGAGTCTCATTGTGAC,2
GGAGTCTTCGCCAATA,2
GGAGTTACAAATATAT,2
GGATAAACACACCATG,2
GGATAAACGGTTCAAA,2
GGATAATCTACACTAC,2
GGATAATTCTCCATTT,2
GGATACACAAGCGTTA,2
GGATACGTTATTCAGA,2
GGATACTCTCCATATA,2
GGATAGAAGCTCTTAC,2
GGATAGACAGGCATGT,2
GGATATAAGGGCTAAT,2
GGATATAAGTAAAATA,2
GGATATGAGTTAACAC,2
GGATCCATCAAACGGC,2
GGATCCCATATAGCGT,2
GGATCGGTCTTAGAGT,2
GGATCGTCGATAAATT,2
GGATCTGATGACCCCT,2
GGATCTGCGTAAGATT,2
GGATCTTTGGGAATAA,2
GGATGACTAACATGTA,2
GGATGATTTTTCAACA,2
GGATGGTGGAGTTTTC,2
GGATGTGTAGTTGCCA,2
GGATTATAAAGCGTGA,2
GGATTATAATACGGAA,2
GGATTATTAAATTTTT,2
GGATTCATACGAAATT,2
GGATTCGCTAACGCAA,2
GGATTGTAATTACTTA,2
GGATTTAAACCCCTAT,2
GGCAAGTCTTCACACC,2
GGCAATATTCACAGAA,2
GGCAATTCGTAACATA,2
GGCACCACGTAAATCA,2
GGCACGATACTAAACA,2
GGCAGAAAACTAACTA,2
GGCAGAACCATTGAGA,2
GGCATATGAACATAAT,2
GGCATCTAAAACTTAA,2
GGCATTCGGAAAAAAT,2
GGCATTTCTTAATACG,2
GGCCAACACCTCTTTG,2
GGCCAAGCTGGTCCGG,2
GGCCAATTTTGTAGGT,2
GGCCATCACAGGCATG,2
GGCCATTTAAAAACGC,2
GGCCCCAAATACGCAG,2
GGCCGAAGGAAAGCAC,2
GGCCGATTCATTAAAG,2
GGCCGCAAGAAATCGT,2
GGCCGTTCATAGAACA,2
GGCCTGTTTTGGTCGC,2
GGCGAAAACAAGCAAA,2
GGCGAACTGCTATTTA,2
GGCGAAGACGATCGTG,2
GGCGAAGCGTTATGCG,2
GGCGAATAGCAACAAC,2
GGCGAGTTGCTTGCGC,2
GGCGATAACGAATAGA,2
GGCGCCATAATACAAG,2
GGCGCCCCATGACCGG,2
GGCGCGGCAATTAAGA,2
GGCGCGTATAATCTAC,2
GGCGGAGGCAGGCATA,2
GGCGGTGTGTGAAGAT,2
GGCGGTGTTCAGGGTC,2
GGCGGTTACCGCTCCT,2
GGCTACAGATCCCGGC,2
GGCTACAGTACATGAT,2
GGCTAGAAATCGTGGA,2
GGCTAGACATTAAAGA,2
GGCTAGTAAATACGGA,2
GGCTGGATCTTTAAAG,2
GGCTTCCATGCCTAGA,2
GGGAAACATCCTATTC,2
GGGAACGCACCAATTG,2
GGGAAGCAAGCAGTTC,2
GGGAAGCTAATAACGT,2
GGGAATATCCATTCGT,2
GGGAATGTGGAAGGTA,2
GGGACAGACCCCAAAC,2
GGGACCAAATAGAGTG,2
GGGACGCTGCCGCTTG,2
GGGAGAACCCAGGCCA,2
GGGAGTAACTCTACAA,2
GGGATCCGCAAAGGTT,2
GGGATTTCATCAGGAC,2
GGGCACAAAGCTACCA,2
GGGCACCCCCGGTCTA,2
GGGCACGAATATACCA,2
GGGCACTAAGCTAGAC,2
GGGCCACGTAAAGATT,2
GGGCGAGTGGATAACT,2
GGGCGCCCAAGCAAAA,2
GGGCTATACAGTACGA,2
GGGCTATTACGCGGCC,2
GGGCTCAGCCCTTAGG,2
GGGCTTAAATTCCCCC,2
GGGGAACGATTAAGGA,2
GGGGAATAAGCTCAGC,2
GGGGAATATAATTCTT,2
GGGGAATTAACTCTTC,2
GGGGACTGCATTGTGA,2
GGGGAGGTCAATCGCT,2
GGGGCGAGAACCAATG,2
GGGGCGTCAAACCAAC,2
GGGGGCGAGGTTAGTC,2
GGGGGTTGAGGAACAC,2
GGGGTAGATTACTCTA,2
GGGTACTAAACATACG,2
GGGTACTAAACGTCGT,2
GGGTCACTGATAAAAT,2
GGGTCCTACTTGCGAT,2
GGGTCTTATCTGTAAT,2
GGGTGACTTAAAATGG,2
GGGTGTGCACGAATTA,2
GGGTGTTACCATAGCA,2
GGGTTACCTACTCGCT,2
GGGTTTCAAAACACTT,2
GGGTTTTAGCCCCAGA,2
GGTAACATGCATCTCT,2
GGTAACCTATACTCGT,2
GGTAAGCCATGTACAG,2
GGTAATAAAGATCTCA,2
GGTAATGTAGTCAGAT,2
GGTAATTACAGAAAGG,2
GGTACAACAAAAGGCT,2
GGTACAGGAAGAACCC,2
GGTACCAATCAACAGA,2
GGTACTGTATCATCCT,2
GGTACTGTTTTCGTGG,2
GGTAGAGAATAGAATA,2
GGTAGCCAAAACAAGC,2
GGTAGGTCCTAACATA,2
GGTAGTACTTTTAATT,2
GGTATCGAGGCTACGT,2
GGTATTACATTGCCAA,2
GGTATTCGGGCAAATA,2
GGTATTCTCCTTAATG,2
GGTCAAACATAAACCA,2
GGTCACACATCTAGTT,2
GGTCACATTACGCCCT,2
GGTCATTGTTTTCCGC,2
GGTCCCCGGCGTACTA,2
GGTCCTAAAGAAGACC,2
GGTCCTAAGCAAAATA,2
GGTCCTACTCAAAAAA,2
GGTCGAAAGGGCAACA,2
GGTCGATATCGTCATC,2
GGTCGCTACCACGATC,2
GGTCGTATTATTAAAA,2
GGTCTAGGCCAAGTGG,2
GGTGACACATCTATAC,2
GGTGATTGCACCCACC,2
GGTGCAGAAGCCGCTC,2
GGTGCTTACACACCAA,2
GGTGGAAGTTCTCCCT,2
GGTGGATAACTCTGAG,2
GGTGGCTGTGCCCTAC,2
GGTGGTACGTGACACG,2
GGTGGTCTCATCAATA,2
GGTGTAACCACGTGAA,2
GGTGTCACCCATTATT,2
GGTTAACTAGGGTCGA,2
GGTTACAATTCATTCA,2
GGTTCAAAAAGAGCCT,2
GGTTCACCCTAATATT,2
GGTTCCACGGGGGATG,2
GGTTCGGTGAGTTCTT,2
GGTTGCATGCCAAATA,2
GGTTGCCTAAAAGTGT,2
GGTTGCGATTCTTTCA,2
GGTTGGTATAACAAGG,2
GGTTTTATAGGTACCA,2
GTAAAAAAAGCATGTA,2
GTAAAAAAGGGATATG,2
GTAAAAACAAAGAAGC,2
GTAAAAATCTAAAAAA,2
GTAAAAATTTAACAGT,2
GTAAAACAATACTTGA,2
GTAAAAGCTATAGAGG,2
GTAAAATATCCCGAGA,2
GTAAAATCTAATCCCT,2
GTAAAATTCCTGATTC,2
GTAAAATTGACAATCT,2
GTAAACAGACCGCACA,2
GTAAACTTAGTATTAC,2
GTAAATACCGCCACTT,2
GTAAATTCAAACTTAT,2
GTAAATTTCTAACCTC,2
GTAACAATCAATTACA,2
GTAACAATCGACACAT,2
GTAACAATGTCGTGAC,2
GTAACCAATGCATGTG,2
GTAACCCAGAGCAGAC,2
GTAACCCGTATTGGCG,2
GTAACGATACTCTTTA,2
GTAACGCGAAACTGAC,2
GTAACGGGCATGCACT,2
GTAACTACTGCCGAAT,2
GTAACTGGATCCAATT,2
GTAACTTAAAAAAAAA,2
GTAAGATAATGGCTCA,2
GTAAGCAAATATATAG,2
GTAAGTAACCACACTC,2
GTAAGTCTTCTCCCTA,2
GTAAGTTATACATCAG,2
GTAATATACACAGATT,2
GTAATATGCACTACAG,2
GTAATCACGTTTTGCT,2
GTAATCATGTCAGCAC,2
GTAATCCACAAGTATT,2
GTAATGGAGATGAAGT,2
GTAATGGCCAATAGTG,2
GTAATGTCGACACGAA,2
GTAATTCAGAAATCAA,2
GTACAAACTTAGAACT,2
GTACAATTGATCAATA,2
GTACACGGTGCAACTA,2
GTACAGCCCAACCTTC,2
GTACAGTTCCCCAAAT,2
GTACATGAATGAATAA,2
GTACATTGAGTAAATC,2
GTACCATGCTGTAATT,2
GTACCCGTCCTATAAA,2
GTACCGAAGATGTACG,2
GTACCGACTAGTGACG,2
GTACCTAGAAAAAATT,2
GTACCTGGCTATCTTG,2
GTACCTTATGGCCAGC,2
GTACCTTGCGCCGGTC,2
GTACGCGATCACAATT,2
GTACGTACATAAGGCA,2
GTACGTCATTCACCAC,2
GTACTACTACACGTAA,2
GTACTCAATAAAAGCA,2
GTACTTAACCACTGAC,2
GTAGAAATTTGATTAG,2
GTAGAACAAATAAACT,2
GTAGAAGATTGCGACC,2
GTAGACCAAGAAGCTA,2
GTAGACTAGTGCCAGT,2
GTAGAGTTCTATGCAT,2
GTAGCAATATCAACTT,2
GTAGCACAATAGAACA,2
GTAGCACTCTCAACAC,2
GTAGCTACGGACCTAA,2
GTAGGAATTCATAATT,2
GTAGGATGATAAAACC,2
GTAGTATGAAGCCAGG,2
GTAGTATGTGACTCTT,2
GTAGTCACCACGCTTA,2
GTAGTCGAAAAGTCAC,2
GTAGTGATTTTGCCTT,2
GTATAAACCACATCTG,2
GTATAACGTCCTTGAA,2
GTATAATGATATTCAC,2
GTATATGCGCTAACCA,2
GTATCTAATGGACCTG,2
GTATCTGACTAACTAA,2
GTATCTGTCATATGAA,2
GTATGACCAAACTATT,2
GTATGAGGGAGTCTAA,2
GTATGAGTCCCATATT,2
GTATGATTAAATACCA,2
GTATGTCCTTGCAGCA,2
GTATGTTGTCATAATC,2
GTATTAACAACTACGT,2
GTATTAAGAACAACAC,2
GTATTACAATAAGATC,2
GTATTAGCTTAAATAC,2
GTATTCCACCACCACG,2
GTATTCCTCACAACTA,2
GTATTGCCGAAACCAT,2
GTATTGTTGACCACAA,2
GTATTGTTGAGATGAG,2
GTATTTGCCTTATATT,2
GTCAAAAACCGAAGTA,2
GTCAAAAGTTACAAAA,2
GTCAAAATAGACAGGC,2
GTCAAAATCAAGATCA,2
GTCAAATGACGCGAAA,2
GTCAATACAAGCTTAA,2
GTCAATATCTGCTGCT,2
GTCAATGAGATTAAAA,2
GTCACAAGATACGAAG,2
GTCACAAGCAGATGTT,2
GTCACACAGATAGTGT,2
GTCACCCACACGCGAT,2
GTCACGGAAGCCTCTG,2
GTCAGACATGCAATGA,2
GTCAGAGACAATCACG,2
GTCAGCGATTAATTCA,2
GTCAGGGTCACCCGTA,2
GTCAGTTCTATGAATA,2
GTCATAAAGACCTTAC,2
GTCATCAGTAAAGACG,2
GTCATTACGAATATGC,2
GTCATTTATATCCAAC,2
GTCATTTTTTATATCG,2
GTCCACAGAAAGAAGG,2
GTCCACCCCCACAACA,2
GTCCAGAAAACCAACG,2
GTCCAGCCAAATATCT,2
GTCCATAATTTCACGA,2
GTCCATTTAAATCTTA,2
GTCCCAAGGATTCAAA,2
GTCCCATAAAAAATGC,2
GTCCCCGCAGACATTT,2
GTCCGACAGGGTTGAG,2
GTCCGCGAAACCTGTA,2
GTCCGGAACTAATTAG,2
GTCCTCGACCGATGTT,2
GTCGACGATTACTTAA,2
GTCGAGATCGAAATGG,2
GTCGCTATATGAAGTC,2
GTCGGAGTTTTTATTG,2
GTCGGATGCTCGTCCT,2
GTCGGTATATATTATA,2
GTCTAAATAGGCGGGC,2
GTCTAGACCACTACCA,2
GTCTCAGCGGAAGTAT,2
GTCTCATCCTTAGGAC,2
GTCTGAAAAATGACCT,2
GTCTGGTAGAACCTGA,2
GTCTTAGGCTAAGCTA,2
GTCTTCACCACTGAGA,2
GTCTTCAGGAAAATAC,2
GTCTTCATTCGGTTAA,2
GTCTTCCCCCGTTCGT,2
GTCTTGCGCTACCATC,2
GTCTTTACCAACAACT,2
GTCTTTCCGCAACTTA,2
GTCTTTCTCTCGCTGC,2
GTCTTTTTAACCCTGC,2
GTGAAAGAATTGTAGC,2
GTGAAAGGTAGCAACA,2
GTGAAGACACAAAATA,2
GTGACACCAACAGTAA,2
GTGACACCCCAGCGTA,2
GTGACAGACAAATTCC,2
GTGACCAAGTCATGAG,2
GTGACCATACACCTAA,2
GTGACCCCTACTTCGA,2
GTGACCCTCTTCCCAG,2
GTGACGCAACTTACAA,2
GTGACTCGAATTCTAA,2
GTGACTGCCCGGCCTC,2
GTGACTGTATTACCAA,2
GTGATAAACTTCCTCT,2
GTGATAATACAGATGA,2
GTGATACGCAACATCG,2
GTGATACTAAAACTCG,2
GTGATACTCGACAAGA,2
GTGATCGAAAGTACAA,2
GTGATTCGCACCCCTG,2
GTGATTCTCGCTAGCG,2
GTGATTGTTGGAAAAC,2
GTGCAAAATCAACAAA,2
GTGCAAGAATAAGAGG,2
GTGCCACAGCGTGTCA,2
GTGCCACATGTTGCTT,2
GTGCCGCAATCGCCTC,2
GTGCGAAGACACGATG,2
GTGCGATAGCGGGATA,2
GTGCGCCTAAATCCCA,2
GTGCTAATTTTTCTGA,2
GTGCTACCCGAACAAA,2
GTGCTCCAGATCTCTA,2
GTGCTTTCCGCATCAA,2
GTGGACACTTTTCCCC,2
GTGGACCACCACACTT,2
GTGGACTCCTTAACAC,2
GTGGAGGTAACTCAAG,2
GTGGAGTGGTGCCTTA,2
GTGGATAAAGGACAGC,2
GTGGATGTTTAGTGCT,2
GTGGCAACTCATTCCG,2
GTGGCGATTAACTTTG,2
GTGGCTGTTACCCCAA,2
GTGGGTATTAAAATAT,2
GTGGTAATAAGAAAAA,2
GTGGTCTCTTTATCTA,2
GTGTAATATAAGACAT,2
GTGTACTAAACCACCA,2
GTGTACTGAGTACGAC,2
GTGTATAATATCATCC,2
GTGTCAAAAGAGGATG,2
GTGTCAAACAGCTACC,2
GTGTCATTTGGCTTAA,2
GTGTCGCTAACCTAAA,2
GTGTGCGCCCAGTTCG,2
GTGTGCGTAATAATAA,2
GTGTGCTTTTCCCCCT,2
GTGTGGATATCAATGA,2
GTGTGTAACACAAACT,2
GTGTTTAAGATACCCG,2
GTTAAAACACCGATCT,2
GTTAAAAGTAGCCACA,2
GTTAACCTACCGCCGT,2
GTTAACTGAGCCGAAG,2
GTTAACTTACAAATTT,2
GTTAAGCGGAACGAAT,2
GTTAATACGGAATTAA,2
GTTAATATCTCAATCA,2
GTTAATCCGATCAAAA,2
GTTAATTTAACAACGC,2
GTTACATCACTGGTAA,2
GTTACATTCATTACCT,2
GTTACCGTTGACGTAG,2
GTTACGAACCACCGGG,2
GTTACGCTTTCAAAAT,2
GTTACGGATCACAACA,2
GTTAGATCTTATGAGG,2
GTTAGCCTGGTAAACA,2
GTTAGCTCAACCTAGT,2
GTTAGGACAGTTAATT,2
GTTAGGATTAATACTG,2
GTTAGGGCTATCAAAC,2
GTTATAAACCCAATCC,2
GTTATCAGAGACCTAA,2
GTTATTACATGTACTC,2
GTTATTACGTCATAAA,2
GTTATTCCAGACTACG,2
GTTCAAACCGCATAAC,2
GTTCAAGGAAAATTAT,2
GTTCAATCATGGTGCT,2
GTTCAATGGACACAAA,2
GTTCATAACTCGGTAT,2
GTTCATTGCCATCTCT,2
GTTCCACGTATGTCCA,2
GTTCCGCCCGAAAATA,2
GTTCCTAACTACCCCA,2
GTTCGGTTCCGTGTGA,2
GTTCGTATTTATCAAT,2
GTTCGTCATTAAGATC,2
GTTCTAATAAAATGCA,2
GTTCTCATCATGTGCG,2
GTTCTGAATAGAAACA,2
GTTCTGCACGACAACA,2
GTTCTTAAGATTTACA,2
GTTGAGATGACAGAGT,2
GTTGATAAGAACACGA,2
GTTGATAGATAACGCA,2
GTTGATGCATAAGTCC,2
GTTGCACGAACAGATT,2
GTTGCACTAACACAAC,2
GTTGCTCTCCATTACA,2
GTTGCTTGATTACGGT,2
GTTGGACAATAAGTGT,2
GTTGTAAGACTCCGCA,2
GTTTAAAGCAATTAAA,2
GTTTAATACTTAGCTC,2
GTTTAATGCTTTAAAA,2
GTTTACGGCTTCCACT,2
GTTTACTCAATTGTAA,2
GTTTAGGATATGTGGT,2
GTTTATACTGCAACAG,2
GTTTCATACAACTGAT,2
GTTTCCCGGTGGTATA,2
GTTTCGTCATCTCTAT,2
GTTTCTGGGCAATTCC,2
GTTTGAAAAAACATGT,2
GTTTGAACGTGCTCGA,2
GTTTGAGGCCTTGGTA,2
GTTTGGAACCTGAATA,2
GTTTGTGCTCAGAAAT,2
GTTTTAAAATACCCAA,2
GTTTTAACAAAGAAAT,2
GTTTTACGAACATGGA,2
GTTTTATCGAACATTC,2
GTTTTCACACTATGAT,2
GTTTTTAATTCTCACT,2
GTTTTTTTTAACGTTT,2
TAAAAAACATGAAAAT,2
TAAAAAACCTAAAAAA,2
TAAAAACCTCCGGATC,2
TAAAAACTCAGCGAAA,2
TAAAAAGCCCACTTAA,2
TAAAAAGCTGACACCC,2
TAAAAAGTTAATAATC,2
TAAAAATATTTCCTCA,2
TAAAAATCTCCAATCT,2
TAAAACAATCAAACTC,2
TAAAACATACAGCCTT,2
TAAAACATCCATCTAG,2
TAAAACATCCCAGAAA,2
TAAAACCCCCTTCACC,2
TAAAACCTCCACCCTA,2
TAAAACGAAAAAGGAC,2
TAAAACTTGAGATAAT,2
TAAAAGCAACTAACAA,2
TAAAAGGATAAGAGAA,2
TAAAAGTTGCATAAGG,2
TAAAATACACATGTGT,2
TAAAATACATCTCTAA,2
TAAAATGACAAGAAAC,2
TAAAATGGAAAATGGA,2
TAAAATGTTCTTAGAA,2
TAAAATTATATAGGAA,2
TAAACACCAAATGCGG,2
TAAACAGCAGCATTTG,2
TAAACATGGGTAAAAT,2
TAAACCAAAGCATTCA,2
TAAACGCCACACCCGA,2
TAAACTGCAAGTCAGT,2
TAAACTTACCTAAACC,2
TAAAGAACCAGTCGTA,2
TAAAGACAAACGTTGG,2
TAAAGATCGCGTTTCA,2
TAAAGCACACAAAGGA,2
TAAAGCCCGCACTGGA,2
TAAAGGAAAAACACTA,2
TAAAGGAGCACCCTTG,2
TAAAGGCTCCAGACTA,2
TAAAGTACTTGCAGAT,2
TAAATAAAGTGAATCT,2
TAAATAACACAATCTA,2
TAAATAAGAAACCTTA,2
TAAATATCAACCCTAT,2
TAAATGAAGACCCTAA,2
TAAATGACACTAATTA,2
TAAATGCTGACATTGT,2
TAAATGGGTTTGTTGA,2
TAAATTATCTAGGCCC,2
TAAATTCACTTGAGAA,2
TAAATTGGTCGGCGTG,2
TAAATTGTAACCAAGA,2
TAAATTGTGTATGGAC,2
TAAATTTACCATCTAA,2
TAAATTTACGAACATA,2
TAACAAAAAGTCAAAA,2
TAACAAAACTAGAAGC,2
TAACAAAGTTGACGCC,2
TAACAACCTCTTCGAA,2
TAACAAGTTGATCTAT,2
TAACAATAAATAACAC,2
TAACAATATATCTTCC,2
TAACAATCACGATAAA,2
TAACAATTTATGTTAC,2
TAACACCCTCTACTGC,2
TAACACTCCTTATACT,2
TAACAGATTAGATACT,2
TAACAGTACAAGCCTT,2
TAACAGTATTCGGAGA,2
TAACAGTTCAAGCCGT,2
TAACAGTTTGTCGGAA,2
TAACATATACAAAAGC,2
TAACATATCACATAGT,2
TAACATGAGACGTAAC,2
TAACATTAACTACACG,2
TAACATTGACAATACA,2
TAACCACAGCTGAGTC,2
TAACCAGACCACCCGA,2
TAACCATGACCGGACG,2
TAACCCACAAGTATTA,2
TAACCCATTACCCCCG,2
TAACCGAGCAGCGCAC,2
TAACCTTCGGAGACCA,2
TAACGAAAAGTTTCTC,2
TAACGAAATTGAAAGG,2
TAACGAACATAAGTAA,2
TAACGAACTTCAGTGG,2
TAACGAAGCTGTCGCG,2
TAACGATATCTAGGAA,2
TAACGTAAAAAATCGC,2
TAACGTGGGCCTTCAC,2
TAACGTTAAAGTTATG,2
TAACTAACTTACCAAG,2
TAACTAATAAGCTGAC,2
TAACTCAACTAGACCT,2
TAACTCCAGCCTCCTG,2
TAACTCGTATGCTCTA,2
TAACTGGTTAATAAAA,2
TAACTTCCATTAACGG,2
TAACTTCTGTTCGGCT,2
TAACTTTAAATATTCA,2
TAAGAAAATATTTAAT,2
TAAGAAACACTAAAAA,2
TAAGAAATGCTGTAGT,2
TAAGAACCCACGCTAT,2
TAAGAACTACTACCTA,2
TAAGAAGCCACCTCGA,2
TAAGAAGCGAAGATCC,2
TAAGAAGGCCCCTATT,2
TAAGAAGTTAAAAGGT,2
TAAGAATACCCACTAA,2
TAAGACAACCCGTATC,2
TAAGAGACTACATATT,2
TAAGAGACTGACTCTT,2
TAAGAGGACTTAACAA,2
TAAGAGTGCAAGCGAA,2
TAAGATGTAAGCATGA,2
TAAGCAAATTTAACTC,2
TAAGCATCTGAACCAA,2
TAAGCCCCAGCGACAA,2
TAAGCCTAAACAGACA,2
TAAGCGGTTCCCCTTT,2
TAAGCTATCATTAAGA,2
TAAGCTCCTAACATAC,2
TAAGCTGAATGAAAGA,2
TAAGGAGATAGTACGA,2
TAAGGCGCCGTCGAGT,2
TAAGGGAAACTTCTAA,2
TAAGGGATATCACGAA,2
TAAGGGCACAATACCA,2
TAAGGTGTATCAAGGT,2
TAAGTAACTTGTCACT,2
TAAGTACCTTCGCATG,2
TAAGTAGAGAGTTCAA,2
TAAGTAGATAACCATA,2
TAAGTCAGTGTACACG,2
TAAGTCCAATTCCTAA,2
TAAGTCTGAGAGGGAT,2
TAAGTCTTCAGAAAAA,2
TAAGTGTTTAGTACTT,2
TAAGTTAACTGTTGTA,2
TAAGTTAATCGTCCGA,2
TAAGTTCCAATCTAAG,2
TAAGTTTCAGGCCATA,2
TAAGTTTCGGTCGTTC,2
TAATAAAACATCCACC,2
TAATAAACATACTATA,2
TAATAAACGAGAACAA,2
TAATAACTTCCAGTAC,2
TAATAATAAAAAGACC,2
TAATACCTCAGGCAAA,2
TAATAGAATGCATGAA,2
TAATAGCACCTTCGGG,2
TAATAGTATCACCCTA,2
TAATATAAAAGCCCTT,2
TAATATACACACCACA,2
TAATATATAAGGTCAA,2
TAATATATGAAATAGT,2
TAATATGAACTATCGA,2
TAATATGCAAAACGCT,2
TAATATGTGAAAATGT,2
TAATCAAGCAGTGTTT,2
TAATCACGTATGTCTT,2
TAATCACTCCTTTGAT,2
TAATCATACTTATCCA,2
TAATCATGTACTAGTA,2
TAATCATTCTGTCAAA,2
TAATCCACATCAGAAT,2
TAATCCGATTCTATAC,2
TAATCGACGCAGTTTA,2
TAATCTGCAAAAACAT,2
TAATCTTAGCGATCAG,2
TAATGAAATAACCAAG,2
TAATGAAATAGCACAA,2
TAATGAAATATACAGT,2
TAATGAATAGCAAGGG,2
TAATGAATATAGTACC,2
TAATGACTGGATAAAC,2
TAATGAGAAATGGTGA,2
TAATGGAAAAACACTA,2
TAATGGGATTTTGAAC,2
TAATGGGGGATACCAT,2
TAATGTACCCCAATCG,2
TAATGTGTAAAATTAT,2
TAATGTTCTTGTCCTC,2
TAATTAACCACTTTCT,2
TAATTACCTTTAATTT,2
TAATTACTTACCGTGT,2
TAATTCAAGAATTGAG,2
TAATTCGGGCGATGGG,2
TAATTCTATACAAAAA,2
TAATTCTCCCCGAGCC,2
TAATTTAAGTAAAAAA,2
TAATTTTGAATTCCGC,2
TACAAACACATGTGGC,2
TACAAACTAGCAGATC,2
TACAAAGATATAAAAT,2
TACAACAGACAGTATG,2
TACAACCATGATGAGA,2
TACAACCTAAAAACAA,2
TACAACGTAAGAACCA,2
TACAACGTGAATAGTA,2
TACAACTAACTCTAAA,2
TACAACTGTAGAACAG,2
TACAACTTGGCGTGAG,2
TACAAGAGTACAAAAT,2
TACAAGGGCAAAATAA,2
TACAATAACTTAGTGC,2
TACAATACAAAAATCA,2
TACAATATTGGGAAAT,2
TACAATGTAATCCATT,2
TACACACATCAGCTAG,2
TACACATGAAACCCCG,2
TACACCCGATTTCGTG,2
TACACGATAATGCTAA,2
TACACGCACTTATGTT,2
TACACGCATATGAAGA,2
TACACTAATATTATAT,2
TACACTACAACATAGA,2
TACACTAGCTAGTAAC,2
TACACTATAAACAGAG,2
TACAGACCATAACATA,2
TACAGACTCAGCACTA,2
TACAGAGCCCCCATGT,2
TACAGCACGCACTCGA,2
TACAGCATTTTTAGAA,2
TACAGCCTAAGCAAAC,2
TACAGGAATGATGGTA,2
TACAGGTCAAATAATT,2
TACAGTTGAAAATAAA,2
TACATAAAGAACCCTT,2
TACATAAATGACAACC,2
TACATAATAAGAAGGA,2
TACATACAGAATATTG,2
TACATACATCCAGCAA,2
TACATCAGACAAAATG,2
TACATCCAATGATAAA,2
TACATCGGCTACACCA,2
TACATCTAGGGGGAAC,2
TACATTGCGTCGTAGT,2
TACATTTCAATGAGAC,2
TACCAAGTGAATGAGC,2
TACCAATAGCCAAATG,2
TACCAATCGATGGCAT,2
TACCACAACAACTCAC,2
TACCACAGGCTGCGAG,2
TACCACCAGTACACAC,2
TACCACCGATCAAACG,2
TACCACTACATCAAGT,2
TACCAGAATCTGCTGG,2
TACCAGCAATAAACCC,2
TACCAGCGCACAGGAG,2
TACCAGTAGCACCTTT,2
TACCAGTGAGAATAAT,2
TACCATCAAGACAAGG,2
TACCATCCGATTCAGC,2
TACCATCGAATACAGC,2
TACCCACATACTAATC,2
TACCCACCCTAGCAGA,2
TACCCACCTACAGCAA,2
TACCCCATGAGCAGAT,2
TACCCCGCCACGCAAG,2
TACCCTTCACTGGAAG,2
TACCGAAGAACACTAA,2
TACCGCACCCAAAAAC,2
TACCGCCAGTTTAACT,2
TACCGCCGGAGTCAGA,2
TACCGGTACCCTGTAA,2
TACCGTCTCGAAACTG,2
TACCGTTGCCCGCGAA,2
TACCTACTGTCAAGAA,2
TACCTAGAAAAGGATA,2
TACCTCAGAACCAAAA,2
TACCTCCTAAGGCGCA,2
TACCTCTTCCTATCAT,2
TACCTTAGAATCTTTC,2
TACCTTTTCTAGCCGT,2
TACCTTTTCTTCTCGC,2
TACGAAAAGGAATTAT,2
TACGAAAAGTCCATTT,2
TACGACCACGACTGGC,2
TACGACTTAAAACGAA,2
TACGAGCTCGTAGTAG,2
TACGAGTCTTATGTTT,2
TACGATAGGATAAAAG,2
TACGCAGATGGCTTAT,2
TACGCCCTCACATATG,2
TACGCTCCAATAGGTA,2
TACGCTCTGAAATGGA,2
TACGCTGAAGAGAACT,2
TACGCTTCCTACCCGA,2
TACGGAGGTACTTAAC,2
TACGGAGTCAAGATTT,2
TACGGAGTTGCGCGAT,2
TACGGATCTAGCACCA,2
TACGGCAGTCCATATA,2
TACGGCCCATCGCAAA,2
TACGGGACTCTAAAAT,2
TACGGGCGCTACGTGT,2
TACGTCCAAGCAATTC,2
TACGTTTCTGAAATTG,2
TACTAAAGCCTTTGCA,2
TACTAAATATCGACGG,2
TACTAACCAGTCAAAA,2
TACTAAGAGCGAAGTC,2
TACTACTATAAGCATT,2
TACTAGCATACTTATC,2
TACTATCTTGTCAAGG,2
TACTATGCTTTATAAA,2
TACTATTTATGCCTAC,2
TACTCACCGCACGCAT,2
TACTCCAATCCGACGC,2
TACTCCATGTGGGATG,2
TACTCTCCTACAATAC,2
TACTGACGGTGCACAC,2
TACTGGACGAAAAGTG,2
TACTGTGCCGATGTGA,2
TACTTACCATTCACTA,2
TACTTCACGGTTCAAA,2
TACTTCTTAGGTCGCC,2
TACTTGAGTAAAAGAA,2
TACTTTACTAAGACTA,2
TACTTTCACAACATGA,2
TACTTTGCCACCTTAA,2
TAGAAAAATATCAGGA,2
TAGAAAAGTGGAGAAC,2
TAGAAAATCAACAATC,2
TAGAAACAGACGGACA,2
TAGAAACTACAATAAC,2
TAGAAAGACGCCCGTC,2
TAGAAAGTCTGAACAC,2
TAGAAATACATCATAC,2
TAGAAATCATGCATCA,2
TAGAACACCAGGGAGT,2
TAGAACATGGCCGATG,2
TAGAACATGTATACAC,2
TAGAACATTGCTACCT,2
TAGAAGCAGGATTATG,2
TAGAAGCGAATCATAC,2
TAGAAGGTCTGAATGA,2
TAGAAGTCTTAATCCT,2
TAGAATAAAAACCCAA,2
TAGAATAGTAAGTCCT,2
TAGAATCCAGCATACA,2
TAGAATGAAAACGTTA,2
TAGAATTATCTTAATA,2
TAGACAACCTGTGATA,2
TAGACAATTGTAGGGC,2
TAGACATGTGCAGACA,2
TAGACCATGATCAAAC,2
TAGACCCTTGGTACCA,2
TAGACCGATATGGTAA,2
TAGACCTATACAACAA,2
TAGACGCCAATTCCGC,2
TAGACTAAGCTACTCC,2
TAGACTATGAAGAAAC,2
TAGACTTATTAACCGG,2
TAGAGAAATGATAGAG,2
TAGAGACAAATATCGG,2
TAGAGACAACGTAATA,2
TAGAGCCAATCACCTC,2
TAGAGGATATCTAACC,2
TAGAGTATACATTGTT,2
TAGAGTTTCACTTGCT,2
TAGATAATAGCACTGC,2
TAGATACCAGAAGGAA,2
TAGATACTAAATTCCA,2
TAGATCTAATTGAGCA,2
TAGATCTATTACAATC,2
TAGATCTTTAATGACG,2
TAGATGAAACATACGA,2
TAGATGAATCAAGGAC,2
TAGATGCACGAATGAC,2
TAGATGTCTAACTTGA,2
TAGATTATTGCCACAA,2
TAGCAAAAAACCACGG,2
TAGCAAAAACACGAAA,2
TAGCAAGAAAAGTGTA,2
TAGCAATAATTCGCGC,2
TAGCAATCCCTAATAC,2
TAGCAGACCCACAATG,2
TAGCAGTTTTAGTCTT,2
TAGCATAAGCTAAAGA,2
TAGCCACCACTATTCT,2
TAGCCATTCGAACCGA,2
TAGCCGAACCTTGCTT,2
TAGCCGAACGTATCAT,2
TAGCCGACTCACCTCG,2
TAGCCGCAGAACGTCA,2
TAGCCTGCACTCGAAA,2
TAGCGAACACTTTCCT,2
TAGCGAACATTTGCAG,2
TAGCGTCAAGAAGTGC,2
TAGCTACAATCCCTCC,2
TAGCTAGGCATACTGG,2
TAGCTGTGTTATATTG,2
TAGGAACGACAAGACA,2
TAGGAATACGGCTATC,2
TAGGAATGTATCACAA,2
TAGGACTTAGTGTACT,2
TAGGCACAAACCAGGC,2
TAGGCATGCATGAAAG,2
TAGGGCTAGTAATGTT,2
TAGGGTACGCTCCCCC,2
TAGGTATCATGTGCAA,2
TAGGTCAAAACAGAAC,2
TAGGTTATACAAACAA,2
TAGGTTATGTTATGAT,2
TAGGTTCAGCTCGGGC,2
TAGGTTTAATCTTCGC,2
TAGTAACCTTACCCAT,2
TAGTAAGAAACGTCTA,2
TAGTAGAGACCATAAA,2
TAGTAGGTAAAAATTA,2
TAGTATCAAATGCTAA,2
TAGTATCCGCGTCAGT,2
TAGTATGATAGGATGG,2
TAGTATGTATACAAAT,2
TAGTCAATTAGACCTC,2
TAGTCACCAATTAGTG,2
TAGTCCGTGACGCGCA,2
TAGTCCTTCACAAACA,2
TAGTCGAGATAGACAC,2
TAGTCGCTAAATAAGT,2
TAGTCTAAATATTACA,2
TAGTCTATATGTCCTA,2
TAGTCTCATGTAACTA,2
TAGTGAAGAATGCTAC,2
TAGTGACCTTCGGCAA,2
TAGTTAGTTTCTGTAA,2
TAGTTCACATAGTGGA,2
TAGTTCTCGGAATTTG,2
TAGTTGAAGGCGTACC,2
TAGTTTCCTCTGTTCA,2
TAGTTTGACAAAAGAC,2
TATAAAAATCTATTAT,2
TATAAAACCCAATAAA,2
TATAAAGCTACAACGC,2
TATAAATCTGCGCGAG,2
TATAACATCGCATGGG,2
TATAACCAGAAACCAA,2
TATAACCTTTCCTGCC,2
TATAACTATCATTAGT,2
TATAAGACGAGACCCT,2
TATAAGCACGACGATT,2
TATAATGAAGACAAAA,2
TATACAAAAAGAACAA,2
TATACAACACGCACAA,2
TATACAATGAGCAACT,2
TATACAATTATATCTG,2
TATACACTAAATCATA,2
TATACAGAAACAATTC,2
TATACATTGACATACT,2
TATACCAGGAGAACAC,2
TATACTAAAAGACCTC,2
TATACTACCAAGTATG,2
TATACTCTCCACCTTC,2
TATAGAGTCCCAGAAA,2
TATAGAGTTTGCAAAT,2
TATAGCAGTTCCACGA,2
TATAGCGACTCAAAGA,2
TATAGCGTCAACTTCT,2
TATAGGATAACCTTCA,2
TATAGTAGAGCGATAT,2
TATAGTCATAGTATTT,2
TATATAAAGCATAACA,2
TATATAAGAACGACTT,2
TATATACGGAAGATCC,2
TATATATTTTCTACGG,2
TATATCAATGCTTTTG,2
TATATCAGTAAGCCTA,2
TATATCCTGCATTAAT,2
TATATCGACAAATCAA,2
TATATGGGGGACAAGA,2
TATATTAAGCGTTTTT,2
TATATTACAGTAGTTA,2
TATATTAGTTCGACAC,2
TATATTCTGCTCTGAG,2
TATATTGCACCTAGTA,2
TATATTTTACACAAGT,2
TATCACTGGATAGAAC,2
TATCAGATGTGGAACC,2
TATCATGAAATGTATA,2
TATCATTCATACACAA,2
TATCCAAACCCGCACT,2
TATCCAAGGAGTATTC,2
TATCCCAGGGAGATAA,2
TATCCCAGTTCAGGCT,2
TATCCCTAATTAATAA,2
TATCCGGAGTTGGGAT,2
TATCCTCGTTCGTGGC,2
TATCGACAATACCTTG,2
TATCGAGAACGTCTGA,2
TATCGATATCATTGCA,2
TATCGATTACAAACCA,2
TATCGGACTTGAGAAA,2
TATCGGATGTTCCGCG,2
TATCGGTATAATCAAA,2
TATCGTTATCCAAACA,2
TATCGTTGGTCCAGAA,2
TATCTCGCAACTTTAG,2
TATCTGTGATCTACGA,2
TATCTTAGACAGACAA,2
TATCTTCAGCTCGATC,2
TATCTTTACAAAGAAA,2
TATGAAAAAATTAATA,2
TATGAATGCATTGATC,2
TATGACAAAATAAATC,2
TATGACCTGCTTTTAA,2
TATGACGCCCCCGCAC,2
TATGAGCTGCATACAG,2
TATGAGGTCACAACTG,2
TATGCAAGTTATGCTG,2
TATGCAATTGCACATA,2
TATGCCCAGTACGGCG,2
TATGCCCTTAACCGGT,2
TATGCCTGCACCATGA,2
TATGCCTGGCATTAAA,2
TATGCGTAACAAGGAG,2
TATGCTCAAAACTCAA,2
TATGCTGTAACGTTAG,2
TATGCTTTATTTAAGG,2
TATGGATAAAAACTTG,2
TATGGCTCTCCTGACC,2
TATGTCAGCCATTTAA,2
TATGTCAGTACTGAAG,2
TATGTCCGACGATTGA,2
TATGTCTATATATAGC,2
TATGTGTCCTAAATAG,2
TATGTTCACCGAGTCA,2
TATGTTCATTCATCCA,2
TATTAAAAAAAAACTC,2
TATTAAACCTCAAAAA,2
TATTAAAGTATCCGGC,2
TATTAAATGGGGGTCA,2
TATTAACCATATCCCT,2
TATTAACCTTAATTGG,2
TATTAACGGCTTACAT,2
TATTAATCAAAGCTGA,2
TATTACAATACGCAAG,2
TATTACAATATAATTG,2
TATTACACTAGGGTCA,2
TATTACAGATACCATG,2
TATTACAGTTAAAACA,2
TATTACTAACTCAAAA,2
TATTACTTCGAACCGT,2
TATTAGACCGAACAGA,2
TATTAGATGTTTTGCA,2
TATTAGCATATACACA,2
TATTAGTCAAACGATT,2
TATTAGTTGGACAATA,2
TATTATAGACAGTCAG,2
TATTATATCAATAGAT,2
TATTATTCTAAATTAG,2
TATTATTTTGGTTAAC,2
TATTCAAGAAAGAACA,2
TATTCAAGATAAAGCA,2
TATTCACAGTGCTTGC,2
TATTCATAGAGAATGA,2
TATTCATAGATCAATA,2
TATTCATAGCACCAGA,2
TATTCATCGAACCCAA,2
TATTCCTAAATCCTTA,2
TATTCCTAACTTAGCC,2
TATTCCTAATAAACCA,2
TATTGAAAGAAGCGAC,2
TATTGAAAGTACAAGA,2
TATTGACGCAAAATCT,2
TATTGACGGCGCCTTC,2
TATTGCAATGAATGCT,2
TATTGCAGAAAAACGA,2
TATTGGGTCAAAAAAT,2
TATTGTCCCATACCTT,2
TATTGTCTATACTTTC,2
TATTGTTTAGAAGCAC,2
TATTTAGCTTCGAATT,2
TATTTCAAGACGCACC,2
TATTTCACACTATCAA,2
TATTTCACACTCCACT,2
TATTTCGCATAGCATG,2
TATTTCTAAAGAGCAA,2
TATTTGCAGATCTGAT,2
TATTTGTCCAACAGTG,2
TATTTTAAACAAGCCA,2
TATTTTATTGATTACG,2
TCAAAAAACAACCAGA,2
TCAAAAACCTTAAGCG,2
TCAAAAATTCGCTTAG,2
TCAAAACACGACCCAT,2
TCAAAACATCAGTCGT,2
TCAAAATTGAGCCCGC,2
TCAAAATTGCAGGTGT,2
TCAAACCGGTCCACTT,2
TCAAACTACAGGGAAA,2
TCAAACTGAAACACCA,2
TCAAAGACCAAACCGT,2
TCAAAGATTATATGAA,2
TCAAAGCCATTTAGCA,2
TCAAAGTGTATCTCTG,2
TCAAATGCGGTGGTCA,2
TCAAATTAAGAAAAGA,2
TCAAATTGTGAAGACC,2
TCAACAAAACTCGATA,2
TCAACAAACAGAGGTT,2
TCAACAAAGGCTATAG,2
TCAACAGTCCTGCTAT,2
TCAACCAATGCTTCGC,2
TCAACCCGGAGCCTAG,2
TCAACCGTCCACAATC,2
TCAACGATGTGATGCC,2
TCAACGCTCACTGTCT,2
TCAACTAGCAGAGTGC,2
TCAACTGAGTATGAGT,2
TCAACTTATTAAAAAA,2
TCAAGAACAATACCTA,2
TCAAGCAATTACTGTA,2
TCAAGCCACCTTAGGA,2
TCAAGCTAATTAATGA,2
TCAAGCTTAAACATAG,2
TCAAGGCATTTATTGT,2
TCAAGGCTGGCCTGCT,2
TCAAGTAATTAGAAGG,2
TCAAGTATTGGTGTAT,2
TCAATAAAAAACTGAC,2
TCAATACCACCAAAAA,2
TCAATAGAATGACTTC,2
TCAATAGAGGTACAAT,2
TCAATAGATTATAAGC,2
TCAATAGCAATTAAAA,2
TCAATAGCGGTTTTCA,2
TCAATAGGTCAATCTA,2
TCAATAGTTTCACTCT,2
TCAATATCGTTCCCGA,2
TCAATATCTACAAACC,2
TCAATCAAAACAATAT,2
TCAATCATCAAACAGC,2
TCAATGGTCATCCGAC,2
TCAATTAAAATCTCAT,2
TCAATTAATGCCACTT,2
TCAATTATCGACTAAA,2
TCACAACATCACAACC,2
TCACAACGGGATATGT,2
TCACAAGAAGCTACGG,2
TCACACATTGTTACGC,2
TCACACGATAACTCTG,2
TCACAGAGTCATATAG,2
TCACAGCTCGATCATA,2
TCACATGTGTCGGGGA,2
TCACCAAGTTTCCATT,2
TCACCACGACTCAGAA,2
TCACCATTCAGTGTCC,2
TCACCCCCTAACCCAA,2
TCACCCGGTAATTACT,2
TCACCCTTTGAGAATT,2
TCACCTACAAAAAAAA,2
TCACCTTAAATCTGCA,2
TCACCTTTCACTCACC,2
TCACGCCTTGTTAAAG,2
TCACGCTAAAAGTAAA,2
TCACGCTTTAGGATAA,2
TCACGTCAAAATTCCT,2
TCACTACACACGAATC,2
TCACTACAGCCCCAAC,2
TCACTAGTTTACTGGA,2
TCACTTCGTAGGAAGC,2
TCACTTGACGCCTCTG,2
TCACTTTCCCATTTTA,2
TCAGAAACTTGAAAAT,2
TCAGAACCTTAATTTA,2
TCAGAATAACAAAGAC,2
TCAGAATAATACTATA,2
TCAGACAATCTGCTTG,2
TCAGACGTCCCCAACA,2
TCAGAGACAGCATAAC,2
TCAGAGCCCGAGAATA,2
TCAGATCTTGCTATTC,2
TCAGCAACGGCCGATT,2
TCAGCTTCACGAACCA,2
TCAGCTTCTACATAGG,2
TCAGGATCCTGCTTCG,2
TCAGGCAAGACGAAAG,2
TCAGGCTACAATGTTG,2
TCAGGGAAAACCAGAA,2
TCAGGGTATCACAATA,2
TCAGGTCAGAATACAG,2
TCAGTCATCGGCACAC,2
TCAGTTTTACGTAGGT,2
TCATAAAGATTTTAAT,2
TCATAATATGCCCCAT,2
TCATACATAAAATAAG,2
TCATACATGAAACATA,2
TCATACATTCTTTACA,2
TCATACCTTGAAATCT,2
TCATACGGAATACGTG,2
TCATAGACTTGAAACC,2
TCATAGCAATAATGGT,2
TCATAGGCTATTAGTC,2
TCATATAGATCAATCT,2
TCATATATAGATGAGA,2
TCATCCTATCTAACAC,2
TCATCGATTTTCCGAA,2
TCATCGCACTACACCT,2
TCATCTCAAGAAAGAT,2
TCATCTTGGCGAAAAA,2
TCATCTTTCAGTACAG,2
TCATGATGCGAATACG,2
TCATGCCTAGAGGTCT,2
TCATGGGATATACCCT,2
TCATGTATAGCTTGAC,2
TCATGTCCCTATGACG,2
TCATTAAATTGTGGTG,2
TCATTAACCATAATCC,2
TCATTACACCAACCAG,2
TCATTAGAAGCCTCCC,2
TCATTCGGCGGATAAG,2
TCCAAACACGTACTCT,2
TCCAAACATGTCTAGA,2
TCCAAAGTCCCACCGC,2
TCCAAATGTTGGACTA,2
TCCAAGACAGTTACAA,2
TCCAATACTATTGCGA,2
TCCAATGATTTATCAA,2
TCCAATTTGCACTGTT,2
TCCACAAAAGAAACGT,2
TCCACACCCGGAGGAT,2
TCCACCACGCACTCCA,2
TCCACGAGCAGCCGGT,2
TCCACGGTGATTCATA,2
TCCACGTACTATTTGA,2
TCCACTCCTGCGGTCC,2
TCCACTCTTCTAGCAC,2
TCCACTGATAGACAAG,2
TCCAGAAGATCCCTCT,2
TCCAGATCCAATAGAT,2
TCCAGCGAGAGACACA,2
TCCATAACGACTATAC,2
TCCATAGACTCGTAAC,2
TCCATCTCATAAGATT,2
TCCATGTAACATAAAA,2
TCCATTAGAACCGAGT,2
TCCATTCGTAACCCAA,2
TCCATTTTTGGACACG,2
TCCCAATATACATTAT,2
TCCCAGGAACATACCG,2
TCCCATTCTAGTCATA,2
TCCCCAAGCAATAAAG,2
TCCCCCTCGCCCCAAA,2
TCCCCGGTACATACCA,2
TCCCCTAAAGATAGGA,2
TCCCCTCAATTGCAAC,2
TCCCGCAAACAGGGGC,2
TCCCGCACTTTCATTA,2
TCCCGGACTACTAATT,2
TCCCGGTTAAGCTAAC,2
TCCGAAACAATCCGCT,2
TCCGACGCAACTACAT,2
TCCGAGACTAACTAAT,2
TCCGAGCTGAGTAAAG,2
TCCGATAGGCTGAATA,2
TCCGATGCCAAAATCA,2
TCCGCCCTCCAATATC,2
TCCGCGGTCTTTGAAA,2
TCCGCTAATGCATCCC,2
TCCGCTATGTTCAAAG,2
TCCGCTCATAAGCTAA,2
TCCGGACTGACATCAA,2
TCCGGATTAGAAGGTT,2
TCCGGTACACACAGAT,2
TCCGGTCTTCCGACAG,2
TCCGGTTGTTAAAAAC,2
TCCGTAAAGAGCCTTA,2
TCCGTATATCATTTAG,2
TCCGTCGGTTGCACTG,2
TCCGTGTACTATACAC,2
TCCGTTATAATGGTGC,2
TCCGTTGAAAGCCCTG,2
TCCTAAAACAAATTCT,2
TCCTAAACGTCCTCGA,2
TCCTACAATGACAGTC,2
TCCTACCCAACGCGAT,2
TCCTACTAGGCAGAAG,2
TCCTAGGTCATACAGC,2
TCCTAGTATCATTGGT,2
TCCTATTACCACAGAT,2
TCCTCATGCGTTACTT,2
TCCTGACAGGAGGAAG,2
TCCTGACCAAATAAGC,2
TCCTGATAAAATCACC,2
TCCTGGCCTGACACCT,2
TCCTTAAATAACACAG,2
TCCTTAAATGTACAGC,2
TCCTTATACAAAACAC,2
TCCTTCATACGACCAT,2
TCCTTGAAAGCTGTCC,2
TCCTTGGTTTTTGCAA,2
TCCTTTCATGCCCTTC,2
TCGAAAAACCAAAATT,2
TCGAAAATTGGATCAA,2
TCGAAATATAGCCAGA,2
TCGAACAAAGGTGCTC,2
TCGAACACGTGAGGCG,2
TCGAACTTTGCCTTAA,2
TCGAAGAAGCCTAACC,2
TCGAAGCAATAGTTTA,2
TCGAAGGCATTGTTGA,2
TCGAAGTCTAAACACG,2
TCGAATAAGATTCTAG,2
TCGAATATAACCAAAA,2
TCGACAAACGGGCCTA,2
TCGACAGGCTGGTAAG,2
TCGACAGGGCCCCACT,2
TCGACCCTTAAAAAAT,2
TCGACCGTTATACAAT,2
TCGACCTGGGACTAAA,2
TCGACGCAAGACCAAG,2
TCGAGAAACCAGATCA,2
TCGAGTGAATGGTCGT,2
TCGATACGAACCTCCT,2
TCGATATAGCCCAGAC,2
TCGATGTCCTTGTTAG,2
TCGATTACGACTACTC,2
TCGCAAATGGCTAAGA,2
TCGCAATCAAAATCGT,2
TCGCACAATCATTAAG,2
TCGCACATCCTAAGCG,2
TCGCACCACAGGCATT,2
TCGCACCCGTGATGCC,2
TCGCACCGGTCGTCAC,2
TCGCACCTGCGTCACT,2
TCGCACGTTACACAGT,2
TCGCATAATATATGTA,2
TCGCATTTCCAAGACT,2
TCGCCTATCGAAGTAA,2
TCGCCTCACCTGTACC,2
TCGCCTCCAAACCTTC,2
TCGCCTTGAAAAGTCA,2
TCGCCTTTTACTGGTT,2
TCGCGAGGTCCAAAAT,2
TCGCTTTGACAACACA,2
TCGGACCCGTACGCCT,2
TCGGACTAGGAACCCA,2
TCGGATTAAATTTGCA,2
TCGGCCTTTTTCGAGT,2
TCGGGAGGATACTTAT,2
TCGGGCAATACAAAGT,2
TCGGTATTTAACCTGC,2
TCGGTCTGAAGAGCCA,2
TCGGTTCCCATAATAC,2
TCGTACTATATATCGA,2
TCGTAGAAAAACCCAT,2
TCGTAGAAACATAAGT,2
TCGTATAAACATACAA,2
TCGTCCATTCCGAAAA,2
TCGTGACCTTCATTCT,2
TCGTGTGCGCCCGATT,2
TCGTTACACCCGCCAT,2
TCGTTGGTATTACAAC,2
TCGTTGTACATAAATA,2
TCGTTTTAGATAAAGC,2
TCTAAAGCATACAATA,2
TCTAACCAAAGGTAGA,2
TCTAACCCGTCCCCCT,2
TCTAATATGTCCGGAG,2
TCTAATGAGTAGTGGG,2
TCTAATTCTTCAATTT,2
TCTAATTTTGGAAAAA,2
TCTACAACATATTTGG,2
TCTACAAGTTTTTCAT,2
TCTACACAATTGCAAC,2
TCTACATAGCCACACA,2
TCTACATGTCACATTA,2
TCTACATTAACCATCG,2
TCTACCACACGCACGG,2
TCTACCACCCTGATTT,2
TCTACCTCGTGCGATT,2
TCTACGGCAACACCAG,2
TCTACTTTGGCAAAGA,2
TCTAGAATAAATCTTG,2
TCTAGCCTAAATTGAT,2
TCTAGCGCCGACAAAT,2
TCTAGCGTAATGAAAT,2
TCTAGCTCAATAGATG,2
TCTAGGGTAACGCAAC,2
TCTAGGTCCCTATCCA,2
TCTAGTTACGCGACAA,2
TCTATAGGTTATAACG,2
TCTATCACCTATCGAA,2
TCTATCCAAACTAACA,2
TCTATCGCAACATACA,2
TCTATGGCTAACCATG,2
TCTATGTGTAGCTTAT,2
TCTATTTTGATCTTAG,2
TCTCAAAAAATTCAAT,2
TCTCAACGACTTATGG,2
TCTCAAGCAATCATCA,2
TCTCAAGCATTAAGGT,2
TCTCATACCCTCAAAT,2
TCTCATCCGGAAACGA,2
TCTCATTGAAAGATTC,2
TCTCCACATGCCATAC,2
TCTCCACCCCAATTTG,2
TCTCCACCCTTTCCAA,2
TCTCCACCTTCTACCG,2
TCTCCAGCAGATTTGA,2
TCTCCATACGTGGAGA,2
TCTCCGGCACGGAGAC,2
TCTCCTATCTTTATAA,2
TCTCCTGATGAGCTAC,2
TCTCGAAAGATACAAC,2
TCTCGAACATAAACAT,2
TCTCTAAAAACCGGAA,2
TCTCTCCTGAAATACA,2
TCTCTCTGAGCAAGCA,2
TCTCTGCCAGAACGCA,2
TCTCTGGGACAAAGGC,2
TCTCTTGCAACAGCAT,2
TCTCTTTAACCACAAG,2
TCTCTTTGTGCAACGT,2
TCTGACAATTGACCCC,2
TCTGAGCACCGTATTA,2
TCTGAGTGTTTGCGTT,2
TCTGCAGGCAGTCAGC,2
TCTGCATGGTCTAAGA,2
TCTGGACCCCTCGACA,2
TCTGGCTTAGTAAACA,2
TCTGGTCCGTCCTACC,2
TCTGTACATAAGAAAA,2
TCTGTCATCTGAACGG,2
TCTGTTCAATCACCAG,2
TCTGTTTTCTATTTGA,2
TCTTAAGTCTGAAGAA,2
TCTTAATGCCCCCTTA,2
TCTTACTCCTCTTACC,2
TCTTAGACAGCTGACA,2
TCTTAGCTCAGCAAGG,2
TCTTATCGTACATCGT,2
TCTTATCTAAATACTA,2
TCTTATGCACATTCCC,2
TCTTATGTACCGACAG,2
TCTTCGAAGGCCAATT,2
TCTTCTTCATACCAGA,2
TCTTCTTCCAAACACA,2
TCTTGAAAAGCGCAAA,2
TCTTGGCAATAGTATG,2
TCTTTAAGATGTATAC,2
TCTTTAATAGGCAACC,2
TCTTTACATCTAGGCG,2
TCTTTACGCTCCCTTG,2
TCTTTCCACTGAAGAA,2
TCTTTGAATGGGACCT,2
TCTTTGACTACAATCC,2
TCTTTTAATCCCCAAC,2
TCTTTTCCAACTTCTT,2
TGAAAAACCCCTCCAT,2
TGAAAAATTTAGAGAT,2
TGAAAAGCATCTAGCA,2
TGAAAATAATCTATCC,2
TGAAAATATGGGATCC,2
TGAAACCTCAGAGTCA,2
TGAAACTTGTGTCTAA,2
TGAAAGTTAATAGAAA,2
TGAAATACTGTTCGCG,2
TGAAATAGAACCTTCC,2
TGAAATTAGTATAGTT,2
TGAAATTTGGACCTGC,2
TGAACAACTCGATAAC,2
TGAACAAGTCGAAAGT,2
TGAACAATAATGATTA,2
TGAACATACTGTCCAA,2
TGAACATTGACAAAAG,2
TGAACCCTATTCTCAA,2
TGAACGAATCACAAAT,2
TGAACGATGACGATAG,2
TGAACGCCTTAAAGAG,2
TGAACTACCTTAACTT,2
TGAACTCGATACCCAA,2
TGAACTCTGTTATAAA,2
TGAAGAATGTGCCGAC,2
TGAAGACAAGTTGCTA,2
TGAAGATGTACCCAAG,2
TGAAGCCCCTTGTGGC,2
TGAAGCTGAGAACCCA,2
TGAAGGCTTTAGTGTA,2
TGAAGGGTATGTCTAA,2
TGAAGTCGACACCCGC,2
TGAAGTGCGACTATAA,2
TGAAGTTGAGGTTTAT,2
TGAATAACCCTATGTC,2
TGAATAAGTAAAACGA,2
TGAATACATCTAAGGT,2
TGAATCAGAGGCTAAT,2
TGAATCCAATACAGAG,2
TGAATGATTACGATAT,2
TGAATTACTTCACAAT,2
TGAATTCTTAGCCAAA,2
TGAATTTCAAGAAGGA,2
TGACAAAAAAATAGGC,2
TGACAACCCTGATTTA,2
TGACAAGAGCAGCCCA,2
TGACAAGCACCAACTA,2
TGACAATCCAAAAGGT,2
TGACACAAGTAATGCG,2
TGACACACCAGAGCGC,2
TGACACCCAAAACATA,2
TGACACCTTCCAATGT,2
TGACACGTTGATATAA,2
TGACACTGGATATAAA,2
TGACAGAAACGGGCGG,2
TGACAGAAGAGCAGAC,2
TGACAGAGGTACCGTG,2
TGACAGTTTTCTAAAA,2
TGACATAAGTAGAAAA,2
TGACATACACTTCGGA,2
TGACATTGACATACCA,2
TGACCACGAGCACCAA,2
TGACCCCATCTATCAG,2
TGACCGCAATAACAGA,2
TGACCGTATTACGCCT,2
TGACGGCGTATCCTTC,2
TGACGGGGTAGTAGAC,2
TGACGTAGGTCGCATC,2
TGACTAAAAAATTGTG,2
TGACTCAGCCGTCATT,2
TGACTCTCCTAATATT,2
TGACTGGTAGTGGAAC,2
TGACTGTACTCTCAGC,2
TGACTTATACCAGGTC,2
TGACTTCTTTATTGTC,2
TGACTTTGAGGATTAC,2
TGAGAAAGTAAATATT,2
TGAGAAGATGTCTGCC,2
TGAGAATCCCTGACCT,2
TGAGACGATGTACAAG,2
TGAGACGCAAGTGCCT,2
TGAGACGCATAGTAGG,2
TGAGCCTGAGAACACT,2
TGAGCCTGCAATACTA,2
TGAGCTAATGTATTAT,2
TGAGCTATTTTAATGC,2
TGAGGATACTTTAACG,2
TGAGGATCAACGGGAC,2
TGAGGTACCCAACACA,2
TGAGGTTGACCCCATA,2
TGAGTATTGCTATCAT,2
TGAGTCAAAGACCATA,2
TGAGTCCGGGTACTAC,2
TGAGTTCTTTGTATGT,2
TGAGTTGAAGTGTTGG,2
TGATAAAACCGTTTCA,2
TGATAAAACGAATAAT,2
TGATAAAAGAACTTCC,2
TGATAAAATAACACCA,2
TGATAAAATGAGCAAA,2
TGATAAACCCACTTGA,2
TGATAAATGTTTCAAT,2
TGATAAGAATCATAAG,2
TGATACAGAACTGATG,2
TGATACTATACTAACC,2
TGATAGCTAACTTTAA,2
TGATAGCTGTAAAATG,2
TGATAGTAACTAGTAA,2
TGATCACCTCGCTTGA,2
TGATCCAGTAACAGAA,2
TGATCGAACATACGAC,2
TGATCTCCTTTAGCCA,2
TGATGAGATAAAGAAC,2
TGATGAGTTGACACTA,2
TGATGCAATCATTGCG,2
TGATGCTTAACGAGGT,2
TGATGTAAGTCCTTAA,2
TGATTATCATCCACCA,2
TGATTATCCATAGACA,2
TGATTATTAGGGTGCA,2
TGATTCCCGTTAAAAA,2
TGATTCTGGGTTTCTG,2
TGATTGCAGCTCAATG,2
TGATTGCCGCGAGCCG,2
TGATTTAACGAATGTA,2
TGATTTAAGTACCGCT,2
TGATTTATTATCGAAC,2
TGATTTGAAGGCAAAT,2
TGATTTGCTGACGTGT,2
TGCAAAACAGAAGAAG,2
TGCAAAACCGAATTAG,2
TGCAAATACAACGAAA,2
TGCAAATGATTCCACT,2
TGCAACCGAAGGCCGT,2
TGCAACCGGTGTTTCG,2
TGCAACGTCTAGGACT,2
TGCAATAGTCAAATGC,2
TGCAATATCCTTTGTG,2
TGCAATCGATAACATG,2
TGCAATTACAACGCTT,2
TGCACAACTCCACCGC,2
TGCACACCAGCAAACC,2
TGCACAGCTGGGCCGC,2
TGCACCAGATAACAGA,2
TGCACTAAGAAAAAGC,2
TGCACTACTCTGAGCA,2
TGCAGCATCATATCGA,2
TGCAGCGAGTAATACG,2
TGCAGTTTATCTATCA,2
TGCATAACAAGCCCAT,2
TGCATACAACGTCCGA,2
TGCATAGAGGATTACA,2
TGCATAGTCTTGAACC,2
TGCATATACTAATACC,2
TGCATCAAAGCGGATA,2
TGCATCCCGATGCCCA,2
TGCATGATCCCTCTAT,2
TGCATTATAAAAAAAG,2
TGCATTCACAGGTTAG,2
TGCCAACAAGATACCG,2
TGCCAATGCACAATTT,2
TGCCACTTGCTGTAAC,2
TGCCAGATAGGTTCAA,2
TGCCATAAATGGACAC,2
TGCCATCAGACCATAG,2
TGCCATTAATAATATA,2
TGCCCCGTAAGAGGCA,2
TGCCCCTGCGACCAAT,2
TGCCCTGATCGTAGTT,2
TGCCGACGATACTATT,2
TGCCGGACACACAATA,2
TGCCGGACTCAATACA,2
TGCCGGGATGAAGAGC,2
TGCCGGTGACAGTGTT,2
TGCCGTCATGACAACC,2
TGCCGTGACAGACGGC,2
TGCCTAGTTTTTACTA,2
TGCCTCGCAATTTAAA,2
TGCCTTCGCCATAATC,2
TGCGAGTGACTGTTAA,2
TGCGATATTGTACAAA,2
TGCGATCCATCCTTTT,2
TGCGCATCAGTGTCGC,2
TGCGGCTGTCCCTAGC,2
TGCGGTGACGCCCACA,2
TGCGTCAAGACACAGT,2
TGCGTCTAGTGTCCTT,2
TGCGTGCAATAAAGAA,2
TGCGTTCGTACTTGAT,2
TGCTAAAGACAATGCA,2
TGCTAACAATTAACTC,2
TGCTACAAGATTTCTA,2
TGCTACCAGCCTGGCG,2
TGCTACCATGGGGACG,2
TGCTAGAGTGTATCAT,2
TGCTCACCCCCCCTGG,2
TGCTCATCAAAATCTA,2
TGCTCCGCGATTAAAC,2
TGCTCCTTTGAAACCG,2
TGCTGAACCAGAAGTT,2
TGCTGTCGATCAAAGA,2
TGCTGTGCGTTTCTGC,2
TGCTTAAATCCCACTA,2
TGCTTCCGATTACGCC,2
TGGAAATAACTTAATC,2
TGGAAGGACATCCGTG,2
TGGACATATCAAGACA,2
TGGACATTGGGTCTAG,2
TGGACTAAACTACGAT,2
TGGACTACCATAAGTT,2
TGGACTGCAAGAATAC,2
TGGAGTTCCACACATC,2
TGGATAGACCAATCAG,2
TGGATCCACGTATATC,2
TGGATTCGAGTAGCTA,2
TGGATTGAGTCCTTAA,2
TGGCAATATCCCACCT,2
TGGCAGAAGCACGATG,2
TGGCATTAACAAGACC,2
TGGCATTACGAACTTA,2
TGGCATTGTAAAAAAG,2
TGGCCCCATCTTATTC,2
TGGCCCCCTAGTGGTA,2
TGGCCTAATTCAACGA,2
TGGCCTATCCGAGATT,2
TGGCCTTGTATCTTGG,2
TGGCGACTCCACTCCA,2
TGGCGAGAAACTTCCA,2
TGGCGGCTTCCTCCAA,2
TGGCGTTTGGACCCTT,2
TGGCTAATGGAGATCA,2
TGGCTAGAAGGATGGT,2
TGGCTGAAAAAGGGGT,2
TGGCTGAAAGATCCTG,2
TGGCTGAACTGACTGA,2
TGGCTTACCAACCGTT,2
TGGGAAGACAGTAATA,2
TGGGATAGTCCTCATT,2
TGGGCCAGAAGAATCA,2
TGGGGAAAATCGTATA,2
TGGGGAACGATCCACT,2
TGGGGAGATGGTAACA,2
TGGGGCACTGCGAAAC,2
TGGGGGATTCAAAGAG,2
TGGTAAGCCCCGAACA,2
TGGTAATCAGAGTGGG,2
TGGTAATGGAAAATAA,2
TGGTAATTTAGCACAT,2
TGGTACACGACTCATT,2
TGGTACATGCCGTTAC,2
TGGTCCTTTTTTTGAT,2
TGGTCGCCTTCCGCAG,2
TGGTCTTAGCTCATTC,2
TGGTGGTAACACCAAG,2
TGGTGTCCCCTGCAAA,2
TGGTTACAAAAGATAA,2
TGGTTATAAGTAAAAT,2
TGGTTGCTCCCGCCCA,2
TGTAAAACCTTAATGT,2
TGTAAAATACAACTGC,2
TGTAAATTACTAATGA,2
TGTAACAACTTTGAGC,2
TGTAACATAACCTACA,2
TGTAACCCCCAAACTG,2
TGTAACCTTCCGTCCG,2
TGTAACGTAAAGTAAA,2
TGTAAGGTTGCACAGT,2
TGTAATTACAAGGCAC,2
TGTACAACTATTAATA,2
TGTACATATATTGAGT,2
TGTACATCATATATTC,2
TGTACATGTAAAAATA,2
TGTACCTATGAGATTA,2
TGTACGTGTGGAGACT,2
TGTACTAAGGATCCAG,2
TGTAGACGTTGTGTGC,2
TGTAGGTAGCTGTGAT,2
TGTATAACAGTTAGGC,2
TGTATCCCGATTAGGT,2
TGTATCGTTTGCGAGC,2
TGTATGTTACTGTCTC,2
TGTATTGTGACACGTA,2
TGTATTTGTGACAACG,2
TGTCAAATAAAATAAA,2
TGTCAATACACTCGAC,2
TGTCACATGGAACACA,2
TGTCACCCAGTATAGC,2
TGTCAGAGGCAACTGA,2
TGTCATCCATAAAATG,2
TGTCCAAACAAACCTA,2
TGTCCAAGTGAAAATT,2
TGTCCTACGGAACAAA,2
TGTCGAAATGTAGCAC,2
TGTCGAATTCACAAAG,2
TGTCGGAAGATACCAG,2
TGTCGTTCAGCAAAAC,2
TGTCTAACGTAATCAT,2
TGTCTACTTAACACAC,2
TGTCTCTTTAGAATCA,2
TGTCTTAGACAGAAAA,2
TGTCTTCATTCCGATG,2
TGTGAAAAAGGACTGC,2
TGTGAAACTTAAATGC,2
TGTGAAATAATAGTTG,2
TGTGAAATATGAACCT,2
TGTGAATAGAAACCTA,2
TGTGAGATGTCGACGA,2
TGTGATTAGAACTGAG,2
TGTGCAATCTTGAAGT,2
TGTGCAGATGGATCAA,2
TGTGCCAGGAATCAAT,2
TGTGCCCTATTAAAAG,2
TGTGCCGCGGTTAAAA,2
TGTGCTTAACAACGCG,2
TGTGCTTCGATTAAAG,2
TGTGGAATAACCCAAA,2
TGTGGACAGCCCCAAT,2
TGTGTGAATGACATCA,2
TGTTACTAGCCTAAAT,2
TGTTATGGTCGCAGAT,2
TGTTCACGTAGGAACC,2
TGTTCACTGAGAGTAA,2
TGTTCCCTGCTGATAA,2
TGTTCGAACAAGGCCT,2
TGTTCGCAATCTTTTT,2
TGTTGACTCACGTCGG,2
TGTTTAAAGTAAACAG,2
TGTTTACCCGACTCCT,2
TGTTTCGTCACTTCCG,2
TGTTTGCACACAGTTG,2
TGTTTTGATCACATAA,2
TTAAAACTATGTAGAT,2
TTAAAACTTAACTCCT,2
TTAAAAGATTAAAATA,2
TTAAACCCTATAACGC,2
TTAAACTGCCTCCCCC,2
TTAAAGAAGGACTTCC,2
TTAAATTATAACGGCA,2
TTAAATTTCACTATTA,2
TTAACAGCAAGTTATC,2
TTAACATACCTAATGT,2
TTAACCGCTTGAGAAT,2
TTAACCGGAGTCAGAT,2
TTAACGAAAAAGACCA,2
TTAACGACTTATGGAG,2
TTAACTTGAGCTGGAG,2
TTAAGAAACGAGAGCC,2
TTAAGAGGTTTCTCGC,2
TTAAGATAATCTGCAA,2
TTAAGCATGGATCCAT,2
TTAAGCTTATTAGAAG,2
TTAAGGTTGGTGACGA,2
TTAAGTCAGTACTCCT,2
TTAATAAGGCGTATTC,2
TTAATACCAAATACCT,2
TTAATAGCTGTTAACA,2
TTAATCAAACCACTAA,2
TTAATCCAACAAGCTT,2
TTAATCGGACCCAACG,2
TTAATCTGCTAAGTTC,2
TTAATGCATGTAAGAC,2
TTAATTATACCAACAC,2
TTAATTGATAACCTTA,2
TTAATTGTCCAAGTCA,2
TTAATTGTGCTAGAAA,2
TTACAAACCTCACCGT,2
TTACAAATTTTAAACG,2
TTACAACAAGCCCTTC,2
TTACAAGAAGCCCGAA,2
TTACAAGATAGCCCCT,2
TTACAAGTTTCTAACT,2
TTACAATATCCCTTCT,2
TTACACAAAATCAAAC,2
TTACACAAAGGAAAAG,2
TTACACAGATATAAAT,2
TTACACCCGCCATAGA,2
TTACACTAGTGATACC,2
TTACAGAATGTCAGTG,2
TTACAGAGTAAAGCTC,2
TTACAGTTTTAAGCAA,2
TTACATAAATAGAATT,2
TTACATACCGTACATG,2
TTACATCAAAGTAATA,2
TTACATGCCCGATTGG,2
TTACATGCTGGTAACT,2
TTACATTATGTAATAG,2
TTACATTCTCGCAAGA,2
TTACCACCTCCACCGT,2
TTACCAGGTCATAATA,2
TTACCATAAGCCCGCG,2
TTACCCAATCTTGGAA,2
TTACCCCTTATGAAAG,2
TTACCTAAATACAGCA,2
TTACCTAGGCTTAACT,2
TTACCTATAGAACGAC,2
TTACCTGGCGAAGCCG,2
TTACCTTCAAATAACC,2
TTACGAGATGGCTCTA,2
TTACGATCCAACTTCT,2
TTACGCCTCCAACTGG,2
TTACGCGCGACCTAAA,2
TTACGCTTTCCATCTA,2
TTACGGGCCTTCTCTT,2
TTACGGTCCATAATTA,2
TTACGTAACCCAGAAC,2
TTACTAAACCCTATAG,2
TTACTAAATAATATTG,2
TTACTAAGTTGATAGT,2
TTACTACAGATTAAAA,2
TTACTACGAAGCCTAG,2
TTACTACGCATCTGCT,2
TTACTAGCGAGACTAA,2
TTACTATGAAGAGCAG,2
TTACTCAAGGAATAAG,2
TTACTCATGATTCGTA,2
TTACTCGGTTGAAAAC,2
TTACTGAAACACTTAG,2
TTACTTAGTATAATAA,2
TTAGAAAGGATCAATA,2
TTAGAACCTTAATAGA,2
TTAGAATGTACCAGAA,2
TTAGAATTACTATTAC,2
TTAGACTTAAACTATT,2
TTAGAGAAAATTAAAC,2
TTAGAGAGGTCCACGC,2
TTAGAGCTCTAGACTC,2
TTAGAGGTAGATTATA,2
TTAGATACACAACTAA,2
TTAGATTCGTTAATCC,2
TTAGCGGTCCCTGACC,2
TTAGCTGACGTGAGCA,2
TTAGGACTTTGCAGAA,2
TTAGGAGGAACCCCGT,2
TTAGGATAGGTGGCAA,2
TTAGGATAGTTATGCT,2
TTAGTAATACTTGTAT,2
TTAGTATCGAACACGA,2
TTAGTATGAAAGACTA,2
TTAGTATTGCTAATCA,2
TTAGTCAAAGACTTAC,2
TTAGTCTTTAAACCAG,2
TTAGTGAAGGATGAGC,2
TTAGTGAATACTCTAA,2
TTAGTGTGATCCCTCA,2
TTAGTTAGCTATTTGA,2
TTATAAATTCCGTTGA,2
TTATAAGAATGTGGAA,2
TTATAAGCATACTCCT,2
TTATAATCTGAGCGTT,2
TTATACAGAGCTCTTA,2
TTATAGAGAAGCAAAT,2
TTATAGAGAATCTTAC,2
TTATATAAGCACCGCA,2
TTATATACTCCTAACA,2
TTATATATCGTAAACA,2
TTATATATTCAGAGTT,2
TTATCAACACAGTAGG,2
TTATCACGCTATCTCC,2
TTATCATGATTAAAAG,2
TTATCCACCGTGCTTA,2
TTATCCTATAATATAA,2
TTATCGCAAGATCCAA,2
TTATGAACCCAGTGCC,2
TTATGACCGTCCACTT,2
TTATGCAATCAAGAGA,2
TTATGTTTTCTAACAC,2
TTATTCGAATAGTGTC,2
TTATTCGAGCATCTAG,2
TTATTGGTAGTGCGAA,2
TTATTTCGAAACTGGA,2
TTCAAAACCATTGAAC,2
TTCAACCCATCAAATC,2
TTCAACGAGCTAAATA,2
TTCAAGCTTGATGCCA,2
TTCAAGGCTATATCAC,2
TTCAATACATTGACAG,2
TTCAATACGTGAACTC,2
TTCAATAGTCGAAAAT,2
TTCAATATAAACTTGG,2
TTCAATTATTATCCAG,2
TTCACATCTGGACTCC,2
TTCACTCGAAAGTATT,2
TTCAGAACTGTGTGAT,2
TTCAGACGCAGCGAGC,2
TTCAGCCCCATATAGC,2
TTCAGTAACCATATGA,2
TTCATACCCCGAGATT,2
TTCATACGAGGTTGGG,2
TTCATAGGATAGACTT,2
TTCATATCGTGCACAG,2
TTCATATGTCAGATCA,2
TTCATGGGGTGTATCA,2
TTCATGTGTGCCTGGC,2
TTCATTCGGGCACTTG,2
TTCCAACTATCTGATG,2
TTCCAATCTTTTCAGA,2
TTCCAATGACCAGGCA,2
TTCCACATAATGCCAT,2
TTCCACCCCTTACGTC,2
TTCCACGGCCAAATAC,2
TTCCACTATCCACGTA,2
TTCCACTATGAAAAAA,2
TTCCAGCACTCCGATC,2
TTCCAGCGGAATTAAC,2
TTCCATACAAGCGCAA,2
TTCCATCGATGACACT,2
TTCCCAAAAGTACCAT,2
TTCCCAGTGTCAAGAA,2
TTCCCCCCTAACTTAC,2
TTCCCGGCCAGTACCG,2
TTCCCTAATCGCAAAA,2
TTCCCTCCCAGTATAT,2
TTCCGAATTTGACGTG,2
TTCCGGAAGATATTTG,2
TTCCTAAAAGGGAATC,2
TTCCTACAAAAAGAAC,2
TTCCTACCTTTCATCC,2
TTCCTATACACATTAA,2
TTCCTGTATCGTGTCA,2
TTCCTGTCTACTTATT,2
TTCCTTCTTTAAGTCC,2
TTCCTTCTTTGTCTCT,2
TTCGAATAAATTATCA,2
TTCGACCCTCATAAAA,2
TTCGAGAAACAAAAAT,2
TTCGAGACGGTACACG,2
TTCGAGTGCGACGTTA,2
TTCGATAGCGCTTAAA,2
TTCGATCCCTTGGGAC,2
TTCGCTAGTTTGAAAA,2
TTCGGACGCATTCGAC,2
TTCGGGATCGGGATAA,2
TTCGGGGCTACCAAGC,2
TTCGGTTACTGCAATA,2
TTCGTCAGAAATAAAA,2
TTCGTCATCAGAAGAG,2
TTCGTTGTAAAGGTAA,2
TTCGTTTAGATTACAC,2
TTCTAAACGTGCTCTC,2
TTCTACACAAACTTGA,2
TTCTAGACGTACTCAA,2
TTCTATACCTCTCGAG,2
TTCTCAAACTTATAAC,2
TTCTCAGTTCACCCTA,2
TTCTCCCTAAGTAACC,2
TTCTGAATGCTATACT,2
TTCTTAAGAATACTTT,2
TTCTTAGCAACTAATA,2
TTCTTCAAGAGGCCAA,2
TTCTTGTGGCGCTTTA,2
TTCTTGTTACCTTAGG,2
TTCTTTTAAGCACTGA,2
TTGAAAGACCCACCAG,2
TTGAACATAACCATCC,2
TTGAAGGTTTGCCGCA,2
TTGAAGTAGGATCAAT,2
TTGAAGTCGAATGTAA,2
TTGAATCAATAGCGAT,2
TTGAATCAGGTATAGA,2
TTGAATCTAATAAATG,2
TTGAATCTCGAACCAT,2
TTGAATGGACATCACT,2
TTGACAAACCCTAATA,2
TTGACAAAGGACAGAT,2
TTGACAATGAGACTGT,2
TTGACATCCGGCATTT,2
TTGACATTGCGAAACA,2
TTGACCTTAAAAACTC,2
TTGACGTAACTGCCCT,2
TTGAGAATGTAATGGG,2
TTGAGACGAGGTACAC,2
TTGAGGAAGTAAACAC,2
TTGAGTACGCTCTATT,2
TTGAGTCAGTAACCGC,2
TTGATAATCCCTCATC,2
TTGATAGCGCACAATG,2
TTGATCCCTTCAAAAT,2
TTGATCTCTGGTTAGC,2
TTGATGCTGAGCCCAA,2
TTGCACACCCAAATGC,2
TTGCAGCATTGTAAAC,2
TTGCAGCTACAGACCA,2
TTGCATTTGAGAAGGT,2
TTGCCAAATGCACTTC,2
TTGCCAAGGCCCTAAT,2
TTGCCAGCCTCTGCTA,2
TTGCCATCGGCTAACG,2
TTGCCCCCACTATTCA,2
TTGCCTACATATGAGC,2
TTGCCTCAATGTCTCG,2
TTGCGTCCATAAATTT,2
TTGCTACTATATATTT,2
TTGCTCCGTTACCAGC,2
TTGCTTTAACCGGTAA,2
TTGCTTTGTCTACACG,2
TTGGAAACACGTATAC,2
TTGGAAATATGGTTAT,2
TTGGAATCTATCAACG,2
TTGGATGAACCTTAAG,2
TTGGATTAAATGTGCT,2
TTGGCCTATCCCAGAC,2
TTGGGCTTCTTAATGA,2
TTGGGTTTCTACCTTA,2
TTGGTAATTTCATTAT,2
TTGGTACACACAAAGC,2
TTGGTGCCAATGTATA,2
TTGGTGTACTTGAAGT,2
TTGTAAATCGGTTGGG,2
TTGTAACTAGTCGACG,2
TTGTAAGAGAAGTAAC,2
TTGTACAGACTCAGAC,2
TTGTAGACTAACTCGG,2
TTGTATGGTCAGCTCT,2
TTGTATTGAGTATAAC,2
TTGTCCAACATCTACA,2
TTGTCGAAAGAAAGTT,2
TTGTCTATAAGAATAC,2
TTGTCTGTTCCTGAAC,2
TTGTGAGGTCCACTTT,2
TTGTGATCATCAACAC,2
TTGTGGAGCAATTAGA,2
TTGTGTCTAACCTCCC,2
TTGTTAACCCTAATTT,2
TTGTTAGCCTCCTAAG,2
TTGTTGTAAAGGATTT,2
TTGTTTATCTCCAAGC,2
TTTAAAAAGCCTTACA,2
TTTAAAACTATTACAG,2
TTTAAACCGACGGAAA,2
TTTAAATCATAGATCA,2
TTTAACAACCACAGTA,2
TTTAACAGAAGTGTCA,2
TTTAACCCGTTAACCC,2
TTTAACTAGTCATCAC,2
TTTAACTGTTATTGCG,2
TTTAAGTTCACGATAA,2
TTTAATAAAACAGTTT,2
TTTAATACCTATCAAA,2
TTTAATCCGTTCATGC,2
TTTAATCGTACATGAT,2
TTTAATGGATTTACAC,2
TTTAATTCCCACCAAT,2
TTTAATTGCGAGGAGT,2
TTTAATTTAAGAAATT,2
TTTACAACACCCTGAC,2
TTTACAACGATTGATC,2
TTTACAGCCCAAGTTA,2
TTTACATAGTAACATT,2
TTTACATTTTAGTCTA,2
TTTACCCAACGGCTGA,2
TTTACGATCACCGTAA,2
TTTACGTGTGAGTTAT,2
TTTACTAACATAGATC,2
TTTACTACAATAACAT,2
TTTAGAACTGACAACT,2
TTTAGCAATGCACATA,2
TTTAGCTATAGCCACA,2
TTTAGGATCGCCACAT,2
TTTAGGCTTGCATATT,2
TTTAGGTAAGATAATG,2
TTTAGTACATTAAATT,2
TTTAGTGAGTGAACAT,2
TTTATAAACCCAAACA,2
TTTATACATATAAGTT,2
TTTATACGGCCAAGAC,2
TTTATCCCACTAACTA,2
TTTATTGGGTTTAATA,2
TTTATTTAGTTGTGAC,2
TTTCAACTGCTGTTCC,2
TTTCAAGCATTAAGAA,2
TTTCAATTTGGATATG,2
TTTCACAACGCTCGAC,2
TTTCACCTGACATATA,2
TTTCACGCATCTCAAA,2
TTTCAGCACGGCCAAA,2
TTTCAGCTGGAACTTT,2
TTTCCAAATATGCACA,2
TTTCCACAAAACAGGA,2
TTTCCAGTTAAGATGT,2
TTTCCTAAAAGTCTCC,2
TTTCCTAAGTTTCTAT,2
TTTCGAATGGACTATA,2
TTTCGCAGCTGAAGTA,2
TTTCTAGTTCATGTCA,2
TTTCTCCCTGCCAAAG,2
TTTCTGAACCATTATT,2
TTTCTTTATACGCAAT,2
TTTCTTTGGAAGTATA,2
TTTGAAAAAGACAACG,2
TTTGAAAATAATTACC,2
TTTGAAGTTGAACCCT,2
TTTGAATGCTCTCAAT,2
TTTGACAAGATAAAGT,2
TTTGACTTAATAGCCA,2
TTTGAGATAGGGGACG,2
TTTGAGCTTTCACCAA,2
TTTGAGTTTTTGTATA,2
TTTGATGGTCGCTGTT,2
TTTGATTGATTAGGTA,2
TTTGCAACAAAATTTC,2
TTTGCATCAGGAACTT,2
TTTGCGAAGACGAAAG,2
TTTGCTTGGCCATTTA,2
TTTGGATTGTAGCAAC,2
TTTGGCACCTGCGAGA,2
TTTGTCTTATATAACC,2
TTTGTGTGTAAAAAGT,2
TTTGTTATGTACCGGG,2
TTTGTTTCTGAAACGA,2
TTTTAAAAAATGCATT,2
TTTTAAAGCCAAACCT,2
TTTTAAATCTTCCACA,2
TTTTAAGGGCCAATTC,2
TTTTAAGTGCGGATAT,2
TTTTACGAACAATACA,2
TTTTATAGTCAATACG,2
TTTTATCACCGAAACA,2
TTTTATGCGAATTGCT,2
TTTTATGGTAAGCAAT,2
TTTTCATCTAGACTAC,2
TTTTCGGATACTCGAA,2
TTTTCTGTGAGCCTGA,2
TTTTGACGCAACGCCA,2
TTTTGAGCTTAAAACA,2
TTTTGCAGTTACACAT,2
TTTTGCATTCAGGAAG,2
TTTTGGAAAACGATAA,2
TTTTGGTAACTCGCAA,2
TTTTGGTTACCGAAAA,2
TTTTGTCGTTCCTCAA,2
TTTTTACCAGAATTTC,2
TTTTTATGCTAACTAC,2
TTTTTCACGCCACAAA,2
TTTTTCATACCAATAG,2
TTTTTTAGACACACAT,2
TTTTTTCACGATGCTT,2
AAAAAAAAAGTTTGCA,1
AAAAAAAAATCCGAAG,1
AAAAAAAACCAGGCCT,1
AAAAAAAACCTTGGTT,1
AAAAAAAATACTAAGA,1
AAAAAAACAAAAAGTC,1
AAAAAAACCGGAATTG,1
AAAAAAACCTTACCAC,1
AAAAAAACCTTAGACT,1
AAAAAAACTACTGAGC,1
AAAAAAAGGGGGCATC,1
AAAAAAAGTATTAATA,1
AAAAAAATGCAATTAC,1
AAAAAAATGCGACCGC,1
AAAAAAATTTTAAATT,1
AAAAAACAAAAGACAT,1
AAAAAACAACCCAAGA,1
AAAAAACACTTACGAA,1
AAAAAACCATGGTTTA,1
AAAAAACGGCAACAAA,1
AAAAAACGTTACACTA,1
AAAAAACTCGTACATT,1
AAAAAACTGTCGCAAC,1
AAAAAAGAATATCACA,1
AAAAAAGAATTATAAA,1
AAAAAAGATACTACAA,1
AAAAAAGATATCCGGG,1
AAAAAAGGAATCAAAC,1
AAAAAAGTCCCCTTTA,1
AAAAAATAAATAATGT,1
AAAAAATAAATCACCT,1
AAAAAATAATTAGTCT,1
AAAAAATACAAAACCT,1
AAAAAATAGTAAGGAA,1
AAAAAATAGTGCAATT,1
AAAAAATAGTTATTAC,1
AAAAAATATACGACCC,1
AAAAAATCATCTAAGA,1
AAAAAATCGTAAAGTT,1
AAAAAATCTTCCTGGG,1
AAAAAATTAAACAAGC,1
AAAAAATTCATAATTC,1
AAAAAATTTAATCTAT,1
AAAAAATTTTCTTGCC,1
AAAAACAAAAAAAATC,1
AAAAACAAACACCCGT,1
AAAAACAAAGTGCTAT,1
AAAAACAATTTTAAAC,1
AAAAACACGCGTGCAC,1
AAAAACAGAGACATCT,1
AAAAACAGCCAATAGT,1
AAAAACAGGTCGGGAC,1
AAAAACATACGACTAA,1
AAAAACCAACGAAGCT,1
AAAAACCACCTGCCTG,1
AAAAACCAGCCGGTAA,1
AAAAACCCATCTCACA,1
AAAAACCCTAAGTTAT,1
AAAAACCGGAGAAACA,1
AAAAACGAAAGGCCAG,1
AAAAACGACGATGACT,1
AAAAACGATAACCCCC,1
AAAAACGATGAAGAAC,1
AAAAACTAATCGAGTG,1
AAAAACTCGACGAATC,1
AAAAACTCTCTTTTAT,1
AAAAACTGACCAACAC,1
AAAAACTGCGCTCACC,1
AAAAAGAAACTTCTAG,1
AAAAAGAACCTTTAGC,1
AAAAAGAAGAAAGGCT,1
AAAAAGAAGCTGAGTA,1
AAAAAGAATCATACCA,1
AAAAAGACCATAACAT,1
AAAAAGATAACAGCGC,1
AAAAAGATAATAATAG,1
AAAAAGATAGCTTCTT,1
AAAAAGATGACCCACT,1
AAAAAGATTAAACGGC,1
AAAAAGCCAGGATCAT,1
AAAAAGCCGAACTTCA,1
AAAAAGGAAGCCCGAA,1
AAAAAGGCGTGACAAC,1
AAAAAGTAGGACAAAA,1
AAAAAGTGCTAAACTT,1
AAAAAGTGTCATTTTT,1
AAAAATAATAATATCA,1
AAAAATACAACCCCAA,1
AAAAATACCTTTACTC,1
AAAAATATAAGTGACA,1
AAAAATATCCTAACCG,1
AAAAATATGACCATGC,1
AAAAATCAAGCAAGGA,1
AAAAATCAATTTACAA,1
AAAAATCCACTCCGTA,1
AAAAATCCTGTAAATA,1
AAAAATCTACAAAAAC,1
AAAAATCTGAGTTCCC,1
AAAAATCTGATGACGC,1
AAAAATCTGCGCCATA,1
AAAAATGAAGATATAC,1
AAAAATGATAACGTAC,1
AAAAATGATCTTAAGA,1
AAAAATGGTGGCACCA,1
AAAAATGTCCCTACAA,1
AAAAATGTCGGCCATA,1
AAAAATGTGTTCTTAA,1
AAAAATTAAAAACCAT,1
AAAAATTATAAACAAT,1
AAAAATTTAAAAAAAT,1
AAAAATTTTGATTAGC,1
AAAACAAAACGCCGAT,1
AAAACAAAAGGGGAAG,1
AAAACAAAAGTCGAAA,1
AAAACAAACTTCTTCG,1
AAAACAAATGGACCAT,1
AAAACAAGGGGCGCTC,1
AAAACAATAATATAAT,1
AAAACACAATGCAAAA,1
AAAACACCTAGATCAG,1
AAAACAGCAATACTCG,1
AAAACAGCCTAACAGC,1
AAAACAGCGTATCAGA,1
AAAACAGGCCGAGGAT,1
AAAACAGTACCATAAT,1
AAAACAGTATCGCACA,1
AAAACATATACTATTA,1
AAAACATGGGAGAAGA,1
AAAACATGGTTAACCA,1
AAAACATGGTTCTATC,1
AAAACATTAATAGACA,1
AAAACATTGTGCAAGG,1
AAAACCAAAAATTAAA,1
AAAACCAAGGGCGACA,1
AAAACCAGGAAACTGA,1
AAAACCCAACAAAAGA,1
AAAACCCATCCCATGA,1
AAAACCCCAAAGATAC,1
AAAACCCCCAGGACCT,1
AAAACCCTAATTTAAA,1
AAAACCGATACCAACA,1
AAAACCGCAAGACAAA,1
AAAACCGGTAATAGGA,1
AAAACCGTCCATATAC,1
AAAACCTAACCCCAAG,1
AAAACGAGATTTATAA,1
AAAACGAGCATAAAGA,1
AAAACGATAGTCATTA,1
AAAACGCATCGTATAA,1
AAAACGCCATTTAAGG,1
AAAACGGTATAAACAT,1
AAAACGGTATCCTCCG,1
AAAACGGTCACAGGTA,1
AAAACGTGCCGGCCGT,1
AAAACGTTGAACACAC,1
AAAACTACTATACCTA,1
AAAACTATCTGTACGC,1
AAAACTATTCTAGACA,1
AAAACTATTTCGTGAT,1
AAAACTCCCGGAGGAA,1
AAAACTCTATCGATAA,1
AAAACTCTTGCGCGAT,1
AAAACTGTAGAGCTTT,1
AAAACTTAAGATGGTA,1
AAAACTTCGAAAATGC,1
AAAACTTGCAGAGCGA,1
AAAACTTGGCTCACAA,1
AAAACTTTATAATTAT,1
AAAACTTTTTGAAAAG,1
AAAAGAAAATGAGGTC,1
AAAAGAAACAACTATG,1
AAAAGAACAAATTAGG,1
AAAAGAACAGACCAAA,1
AAAAGAATTACAGATC,1
AAAAGACAACATTTAG,1
AAAAGACAGATCAGCC,1
AAAAGACAGCCAAGGG,1
AAAAGACCACGTCATC,1
AAAAGACTCTATCTCT,1
AAAAGAGCAATATAGT,1
AAAAGAGCGATTTATA,1
AAAAGAGCTATCCGTC,1
AAAAGAGGACGCGATT,1
AAAAGAGGCTCCCGAA,1
AAAAGATAAACCGTAA,1
AAAAGATAGACTTATT,1
AAAAGATAGATACAAG,1
AAAAGATATAACCTTT,1
AAAAGATCATATGAGC,1
AAAAGATGACAACATG,1
AAAAGATGATCTTCTA,1
AAAAGATTCATACCAG,1
AAAAGCAACAACAATC,1
AAAAGCAACTTGATTC,1
AAAAGCAATCAATTTG,1
AAAAGCAGTACCATTT,1
AAAAGCCACCAAGATA,1
AAAAGCCGAAATGATG,1
AAAAGCCTTCGTGGGC,1
AAAAGCGCTAGCTAAA,1
AAAAGCGTTTTGCCAA,1
AAAAGCTAAATCGCAA,1
AAAAGGAACCATTGTG,1
AAAAGGACTTATATCG,1
AAAAGGATTAAAGCAA,1
AAAAGGCCATGGCAAA,1
AAAAGGCCCAACGCTG,1
AAAAGGGCACCCCGGT,1
AAAAGGTAACGATGTC,1
AAAAGGTAAGTACTCA,1
AAAAGTAATTCTCGAT,1
AAAAGTACCCCAGTGC,1
AAAAGTACTTAGCGCA,1
AAAAGTAGAGAAGACC,1
AAAAGTAGATGACAAG,1
AAAAGTATCTAACAAA,1
AAAAGTCAAAGATACC,1
AAAAGTCCTATGTATA,1
AAAAGTCGTAACAAAA,1
AAAAGTCTAAATAAAT,1
AAAAGTGACAGTATGC,1
AAAAGTGCTTAGTGTC,1
AAAAGTTACAATCGGG,1
AAAAGTTCTGCACAAA,1
AAAAGTTCTTTGAGTA,1
AAAAGTTGACTCCTGA,1
AAAATAAAAACAACGG,1
AAAATAAACAATGGTA,1
AAAATAACCGGCGAGT,1
AAAATAACTGACTATG,1
AAAATAATAACCAACA,1
AAAATAATGAACACGA,1
AAAATAATGAGTCTTT,1
AAAATACCATGCCAGT,1
AAAATACCTTATCAAA,1
AAAATACGAACCGAAA,1
AAAATACGGTATATCA,1
AAAATACGTCAATCTG,1
AAAATACTCATAAAAA,1
AAAATACTTTACCTAC,1
AAAATAGAAACTAGAT,1
AAAATAGACAATTCCA,1
AAAATAGGGAACCACA,1
AAAATAGGGCGAACCC,1
AAAATAGTACCGACTC,1
AAAATATACAACCGGT,1
AAAATATACATTTGAT,1
AAAATATCAAAGCGGA,1
AAAATATCCATCAGGC,1
AAAATATTCTACGAGT,1
AAAATATTTAAAAAAT,1
AAAATCAAAATAACTA,1
AAAATCAACACAACGC,1
AAAATCAAGAAAATCC,1
AAAATCAATCTTATCG,1
AAAATCACCGAAACCA,1
AAAATCCAGCCAAAGC,1
AAAATCCTGTAAAAAG,1
AAAATCGAATCTGGCA,1
AAAATCTAGAGCCGCC,1
AAAATCTCCGACATTG,1
AAAATCTCCTGGAAAC,1
AAAATCTGACAGAGGC,1
AAAATCTGAGACAGTA,1
AAAATGAGAAAACCTA,1
AAAATGCGGGGACAAA,1
AAAATGCTCTCTACTT,1
AAAATGTACATTCTCA,1
AAAATGTTCAACAGGA,1
AAAATGTTTCTTCTGT,1
AAAATTACAGCGTAAC,1
AAAATTAGATGCCACG,1
AAAATTCAAAAAGATG,1
AAAATTCAATATATGA,1
AAAATTCCAGGGTAAT,1
AAAATTCCCAACACAC,1
AAAATTGAGAAGCGTG,1
AAAATTGCAATAGCCC,1
AAAATTTGGATGACGA,1
AAACAAAATGAACAGA,1
AAACAAAATTTCCACA,1
AAACAAACACTAACGA,1
AAACAAACATTAGTAA,1
AAACAAACCACATTTA,1
AAACAAACCTATGCAA,1
AAACAAATCATTGGTA,1
AAACAAATCGGGGACC,1
AAACAAATGCTACTCT,1
AAACAACAAGATACCC,1
AAACAACAATACAGAG,1
AAACAACATTCATATA,1
AAACAACCAACTTCAA,1
AAACAACCAATAACCC,1
AAACAACCCATGCGGA,1
AAACAACTTTGTCGTA,1
AAACAAGGGTGCTGAT,1
AAACAAGTTCGAAACA,1
AAACAAGTTTCGCCAA,1
AAACAATAAGTGCGGA,1
AAACAATAGCAATCCT,1
AAACAATGACAGCAAA,1
AAACAATTAGCTAAAA,1
AAACAATTTTAATGCA,1
AAACACAAAAAAATCA,1
AAACACAAACTTAATC,1
AAACACAATAGAAAAG,1
AAACACAATTCATGCG,1
AAACACACAACGATCA,1
AAACACACTATCAACA,1
AAACACCGGTATAACG,1
AAACACCTCGTACATT,1
AAACACGTATTGATCC,1
AAACACTGATTCGGCA,1
AAACAGACACAAGGAA,1
AAACAGATAACCATCA,1
AAACAGCCTAATGCCA,1
AAACAGCGTTATGTTA,1
AAACAGGATCTGAGAA,1
AAACAGGATGAGTATG,1
AAACAGTGCAGAAGTC,1
AAACAGTGGGTACAAA,1
AAACAGTTAGGAGCAA,1
AAACAGTTTATTACAA,1
AAACATAAAGCTCTAT,1
AAACATAACACCTCAT,1
AAACATAAGAAGTAAA,1
AAACATACTTACTATC,1
AAACATATCGCCTCCC,1
AAACATCCGACTCCAC,1
AAACATCCTAACAGGC,1
AAACCAAAAGATCATT,1
AAACCAACCTAGGAAT,1
AAACCAATAAATAGCC,1
AAACCAATTTGTGATT,1
AAACCACCACTAATGA,1
AAACCAGAATTGTGAA,1
AAACCAGACGTTTCGG,1
AAACCAGCACCGATCT,1
AAACCATACAAAGGGA,1
AAACCCATATTGGCAT,1
AAACCCATCGTTGAAA,1
AAACCCCACTCAAACG,1
AAACCCCCACTAAAGC,1
AAACCCCCAGTAAACC,1
AAACCGATAGCTAAAG,1
AAACCGCCGGTTAACC,1
AAACCGCGTAAACTAA,1
AAACCGGAGCGTTACA,1
AAACCTAAAGAACTCA,1
AAACCTAAGTTGTGAC,1
AAACCTAGGCCAGTAC,1
AAACCTATAAGAATGG,1
AAACCTATATACAAAA,1
AAACCTATCAAAGGAA,1
AAACCTATGATCGGTA,1
AAACCTCAAAATACAT,1
AAACCTCCTGATATCT,1
AAACCTCTAAATATAA,1
AAACCTCTTAATAGAA,1
AAACCTGATGTTAATT,1
AAACCTTCACCAACTA,1
AAACGAAAATAACCGG,1
AAACGAACTCTCGATC,1
AAACGAATCATACATT,1
AAACGAATTATCCAAA,1
AAACGACAACCGATAT,1
AAACGACGACTCATGA,1
AAACGACTTATAATGA,1
AAACGCAAATAAAAGT,1
AAACGCACAGCACAAG,1
AAACGCGTATTCAATA,1
AAACGGAATATCATTA,1
AAACGGACTTGTAAAA,1
AAACGGATTAAAAACA,1
AAACGGATTTATTTAA,1
AAACGGCGCCAGAAAT,1
AAACGGGAAAACGCAC,1
AAACGGTGTGGCCGTG,1
AAACGTCATGTAATTT,1
AAACGTTAATCTTCTA,1
AAACGTTTAACTATGG,1
AAACTAAAGATTGACA,1
AAACTAAATAATGTAT,1
AAACTAAGGTCCAAAC,1
AAACTACTCATAAGAT,1
AAACTAGAGCGCCTAC,1
AAACTAGTACATACCG,1
AAACTATATAAAACTT,1
AAACTATCGCAATTAA,1
AAACTATGATGATAAG,1
AAACTCACAATCAACA,1
AAACTCACGGACTCGG,1
AAACTCCATAAAACTG,1
AAACTGAAGATAGCAG,1
AAACTGACACGATTTT,1
AAACTGAGGCTGATTC,1
AAACTGATACAATTTA,1
AAACTGGAGATAGGCT,1
AAACTGGTAAGACAAC,1
AAACTGGTTGATCTCA,1
AAACTGTATGGACTTA,1
AAACTTCTAGTTCAAC,1
AAACTTGATAAAATGC,1
AAACTTGCAGCACCTC,1
AAACTTTCCCAAGAGT,1
AAACTTTGAAACCAAT,1
AAAGAAAAAAATTTCA,1
AAAGAAAAACTTAAAT,1
AAAGAAAAGGTGTCCC,1
AAAGAAACAACAAAAT,1
AAAGAAAGGAAAATCC,1
AAAGAAAGTTAGTATA,1
AAAGAAATCATCACAA,1
AAAGAAGCATTTAAAG,1
AAAGAAGGATCGTTGG,1
AAAGAAGTAAATTAAG,1
AAAGAATATGCCTAAG,1
AAAGAATTTTGGGCGG,1
AAAGACAAATTAGATA,1
AAAGACCCCTACTAGG,1
AAAGACCCTAAAGGTT,1
AAAGACCTACGATCAA,1
AAAGACGGATACTAGA,1
AAAGACGGCGGTGCTC,1
AAAGACTATTAATAGT,1
AAAGACTTAAGAATTG,1
AAAGACTTATCCAACC,1
AAAGAGACAAAGAAAA,1
AAAGAGACAGACGCTA,1
AAAGAGAGCAGCAAAG,1
AAAGAGATTTGTCCTA,1
AAAGAGCACAAAAGAA,1
AAAGAGCACTAAACCA,1
AAAGAGCATCAGGAGA,1
AAAGAGCATTAAATTT,1
AAAGAGGAATAAAACA,1
AAAGAGTACCACGAAT,1
AAAGAGTTGCTACACA,1
AAAGATACACCAGAGT,1
AAAGATAGAACAAAGA,1
AAAGATATTACCTCTC,1
AAAGATGACACAATAC,1
AAAGATGCATCTCATG,1
AAAGATGTTAGAGCCT,1
AAAGATTATACAATGT,1
AAAGATTATGCACCCA,1
AAAGATTGAGGTGACG,1
AAAGATTGAGTATCAA,1
AAAGATTGCAAAGTGA,1
AAAGCAAAAAATGATC,1
AAAGCAAAGGTAACAG,1
AAAGCAATATGAAATT,1
AAAGCACCAAAGTAAA,1
AAAGCACTGTAAATGA,1
AAAGCAGAGCCAAATT,1
AAAGCATAAGGATACA,1
AAAGCATCACTCTACC,1
AAAGCATTGGTACAGA,1
AAAGCCAAAACCAAAA,1
AAAGCCAATCGAAAGA,1
AAAGCCATAGAGTTCC,1
AAAGCCATGTGTTATG,1
AAAGCCCTTCCGTAGG,1
AAAGCCGATATAACGG,1
AAAGCCGTCAAATACC,1
AAAGCGAAATACTTTA,1
AAAGCGCATACAGCAC,1
AAAGCGTCCACCAAAT,1
AAAGCGTGACTCCAGA,1
AAAGCTAATAAGACGA,1
AAAGCTCCTCATTATA,1
AAAGCTCGGGAAGGAG,1
AAAGCTCTCAATAGCA,1
AAAGCTCTGAAACGAA,1
AAAGCTGGTTAGTGGG,1
AAAGCTTCGATCAAAA,1
AAAGGACATGAGAAGG,1
AAAGGAGCTATAATGT,1
AAAGGATATGTAGATC,1
AAAGGATTATTCACTC,1
AAAGGCACTAATTGTA,1
AAAGGCCTGCCAGATA,1
AAAGGCGAACACCCAA,1
AAAGGCTAAGAGCCGT,1
AAAGGCTACTTCAACC,1
AAAGGGCAAGATCCTA,1
AAAGGGCGACAATGAG,1
AAAGGGCTTTTCATGG,1
AAAGGGTAAAGAAATA,1
AAAGGGTTCATTGAAT,1
AAAGGTAATAGTATGA,1
AAAGGTAGAAACAAAA,1
AAAGGTCACTATGAAT,1
AAAGGTCCATTAAACT,1
AAAGGTCCTTACTGCT,1
AAAGGTCTTGATGAAG,1
AAAGGTGCGCATACAA,1
AAAGGTTAAAGGAAGA,1
AAAGGTTGTCGACACA,1
AAAGGTTTAGAATACA,1
AAAGTAAACAGTTATT,1
AAAGTAAAGGGAACAA,1
AAAGTACGAACCGACA,1
AAAGTACTGATAAACT,1
AAAGTACTGTACTCCT,1
AAAGTAGAAATGGATC,1
AAAGTAGAAGGTTAAA,1
AAAGTATAAACTCACT,1
AAAGTATCATAAAAAA,1
AAAGTATCATGCAAAT,1
AAAGTATCCCATGTAT,1
AAAGTATTCATCATGC,1
AAAGTCAACTAAGTCA,1
AAAGTCATCAAGTAGC,1
AAAGTCCTATGCCCAA,1
AAAGTCGTGGGCTTGA,1
AAAGTCTTAACAAATC,1
AAAGTGACTAGACGTA,1
AAAGTGCCAAACAACA,1
AAAGTGCCCTAAACGT,1
AAAGTGCTAATACAAA,1
AAAGTGGGAAGATAAT,1
AAAGTGGTATGTTAGA,1
AAAGTTAAACTTTCAC,1
AAAGTTAATATTGACA,1
AAAGTTCCCAGTGTCA,1
AAAGTTCCTAACCATA,1
AAAGTTGGACTTTCAT,1
AAAGTTTAAACAGCTC,1
AAAGTTTAACGAGCAT,1
AAAGTTTCGACCCTAC,1
AAATAAAAACATAAAT,1
AAATAAAAATAGAGTT,1
AAATAAAATCGACCAT,1
AAATAAACAATTGCAT,1
AAATAAACGCATCTGT,1
AAATAAAGAGAAACTT,1
AAATAAAGTGCCATGA,1
AAATAACCTACTTGAG,1
AAATAACGTCCAAAGC,1
AAATAAGCTCAAATCG,1
AAATAATAACACGTTG,1
AAATAATATTCGAGAA,1
AAATAATCCATCATAT,1
AAATAATTATGACATG,1
AAATAATTCTTCATTT,1
AAATACAAGATCAAAA,1
AAATACACTTCAACGC,1
AAATACAGGTACAAAA,1
AAATACATGACTGAAA,1
AAATACCAAATACAAA,1
AAATACCACAACCTAA,1
AAATACCACGTATTCA,1
AAATACCAGAAGTGTA,1
AAATACCATCGGCAGA,1
AAATACCCACAAAACA,1
AAATACCGACCGGAAG,1
AAATACCGTATTAATA,1
AAATACCTGGTTCTAA,1
AAATACTCTCCTAACA,1
AAATACTGACTTATCT,1
AAATACTGTCGTTAAA,1
AAATAGAAACAAATTG,1
AAATAGACATAAGAGG,1
AAATAGACTTAATTTT,1
AAATAGATACCCTGAT,1
AAATAGCTTCTGGGAA,1
AAATAGGAAAAATACA,1
AAATAGTAGTTTCTCA,1
AAATAGTTAAAACCGA,1
AAATAGTTAGATGTGT,1
AAATATAAAAGGATCA,1
AAATATAACCACCATA,1
AAATATAACTAGATAC,1
AAATATACTGATATAT,1
AAATATATATAAGGAC,1
AAATATCCCGCCATTC,1
AAATATCTCATTGCTA,1
AAATATGAACGACACC,1
AAATATGAGACCTAAA,1
AAATATGCACCATTAG,1
AAATATTACAATCAAA,1
AAATATTCAACGGCCA,1
AAATATTGTACATAAG,1
AAATCAAAAACTAAGA,1
AAATCAAACCAGACCG,1
AAATCAAATACTAAAT,1
AAATCAACGAATTGCA,1
AAATCAACTATGTTAA,1
AAATCAAGCATTCAGT,1
AAATCAATTGAATTAC,1
AAATCACACCAAAATT,1
AAATCACACTAAGACA,1
AAATCAGAAGAAGTAA,1
AAATCAGATAATTCTT,1
AAATCAGGCTTAACTT,1
AAATCATAGCCGAGGA,1
AAATCATGACAACTTG,1
AAATCCAGATTAAAGA,1
AAATCCCAAGATCCCA,1
AAATCCCATACAACGA,1
AAATCCGATATCGATA,1
AAATCCGATTGCTAAT,1
AAATCCTAATAATAGC,1
AAATCCTCAACCTTCC,1
AAATCCTCAAGTACAC,1
AAATCCTGAGATCTAT,1
AAATCGAATAGCATTA,1
AAATCGAATCCAAAAA,1
AAATCGACCCAGTGAT,1
AAATCGATGTAAACAA,1
AAATCGCCATAGCGTA,1
AAATCGCGGGCTCACA,1
AAATCTAAACGAAAAG,1
AAATCTAAATTCTAGC,1
AAATCTATGTGATATA,1
AAATCTCAAGTAACGT,1
AAATCTCCGTGCCTGC,1
AAATCTCGGGATTGAC,1
AAATCTCTCACTCGCA,1
AAATCTTAAGAAATAA,1
AAATCTTTCAACCATA,1
AAATCTTTGAAAAATG,1
AAATGAAAAAGCGCCT,1
AAATGAATTTCTGCCA,1
AAATGACTACCACGAA,1
AAATGACTACCGCACT,1
AAATGACTTTTTACAA,1
AAATGAGAGACAGCAA,1
AAATGAGCTCATTTAA,1
AAATGAGCTTTATCGC,1
AAATGATGTTAAACTA,1
AAATGATTCGGGATCG,1
AAATGCCCTAAGCTTC,1
AAATGCCGAAAGCAAC,1
AAATGCCGAGTTGTAC,1
AAATGCGGCAAAAAGG,1
AAATGCTTCTAAAAAA,1
AAATGGAATTAGCAAC,1
AAATGGACCAAGTAGA,1
AAATGGATATCTCATA,1
AAATGTAACGCTAACA,1
AAATGTAGAGGTCCTA,1
AAATGTCACGGTGCGA,1
AAATGTCGAAAAGTGA,1
AAATGTGAAAACTTGA,1
AAATGTGCTGTTAGCT,1
AAATGTGGATACAAAA,1
AAATGTGGCTTAACCA,1
AAATGTTGGAGGTCCA,1
AAATGTTGGATGATAG,1
AAATGTTGGGGGTGGA,1
AAATTAAAAATATATA,1
AAATTAACAACATTAA,1
AAATTAACACTGCTTT,1
AAATTAATAGTGAAGG,1
AAATTACACACAATTG,1
AAATTACATAGCCACA,1
AAATTACCTGTACTAT,1
AAATTACTCTTCCGAG,1
AAATTAGATCCTCTGT,1
AAATTAGCAAAGCAAA,1
AAATTATACCCGAGGA,1
AAATTATATAAAAGCT,1
AAATTCAACTAAGTAT,1
AAATTCACAAATGCGA,1
AAATTCACAACATCCT,1
AAATTCAGTCAGACCC,1
AAATTCCAGAAATAAC,1
AAATTCCTCAAATATT,1
AAATTCGATAGAGCCC,1
AAATTCGGTCTTGTGA,1
AAATTCGTGCGATCGC,1
AAATTCTAAACAATGA,1
AAATTCTCTAAAATCA,1
AAATTCTTCAAAAATT,1
AAATTGAAGGAAACCG,1
AAATTGACGCACAAGT,1
AAATTGACTACCATTC,1
AAATTGATCTTAACAA,1
AAATTGGTGCAGACCT,1
AAATTGTATCATCATA,1
AAATTGTGAAGTCTTT,1
AAATTGTTAAGCAAAC,1
AAATTGTTTACTCTAA,1
AAATTTAAGAATGTGA,1
AAATTTCACAAAAATA,1
AAATTTCATATAACTA,1
AAATTTCATTCCAAAA,1
AAATTTCCCACCATTA,1
AAATTTGAGGCCATGA,1
AAATTTGCACATCTTC,1
AAATTTGCATGTATGC,1
AAATTTGGTAATTTGC,1
AAATTTGTGACTAAAC,1
AAATTTTAGCTAAGGT,1
AAATTTTCTTTTATGC,1
AAATTTTGAGATGGAG,1
AAATTTTGCCGTATCA,1
AACAAAAAATGTAGAT,1
AACAAAAACTAACCAG,1
AACAAAACGCCTAACT,1
AACAAAATCAGTATGG,1
AACAAAATGGCTTATG,1
AACAAACAAATCAGTA,1
AACAAACAGTATCTTG,1
AACAAACGCTCAGGGT,1
AACAAACTTGATCTTA,1
AACAAAGACTAACTGT,1
AACAAAGATTAACTCA,1
AACAAAGTAACTTACT,1
AACAAATAAAAACAGC,1
AACAAATAAAGATGAA,1
AACAAATAGTGAGTCA,1
AACAAATCACGACGGA,1
AACAAATTGAGTTCCA,1
AACAACAAGTGCTTAA,1
AACAACACGCACATAA,1
AACAACAGACCTGATC,1
AACAACCAACTCAACA,1
AACAACCAGTCGGTAT,1
AACAACGATCAAAAAT,1
AACAACGCACTCCAGA,1
AACAACGCCATGAATC,1
AACAACGGTATAGATA,1
AACAACTACGCTCCGT,1
AACAACTAGGACCAAG,1
AACAACTGCAACTGCA,1
AACAACTGCAGTAATC,1
AACAAGAAACGACCTT,1
AACAAGAATTGCCCAA,1
AACAAGAGACAAGTTT,1
AACAAGAGACCCCAGT,1
AACAAGCAAGCGTCTC,1
AACAAGCACACAATCT,1
AACAAGGAAGACTATC,1
AACAAGGAGAGGTGCC,1
AACAAGGCTAAGCCGT,1
AACAAGTGAATGACCA,1
AACAATAGTAAATCAA,1
AACAATAGTGTATAAC,1
AACAATCAACCTCTCG,1
AACAATCCATCACTAC,1
AACAATCCATGTATCC,1
AACAATCCCTAGCAGT,1
AACAATCCGGGTTATT,1
AACAATGCCAACGGAC,1
AACAATGTCGATAAAG,1
AACAATTAACTTCCAA,1
AACAATTACCTTCATA,1
AACAATTGATAAGATT,1
AACAATTGCAACCGAC,1
AACAATTTATCGAGGT,1
AACACAAGTAATGCAC,1
AACACAATGCCACAGT,1
AACACAGTATCCTAGT,1
AACACATAAAACTCAG,1
AACACATAACAGTGTT,1
AACACATCAAAAAAAA,1
AACACATCGCTCACTT,1
AACACATGCCATTATA,1
AACACATTACAAGGAG,1
AACACATTGGCCCTCA,1
AACACATTTATATCCC,1
AACACCCCCCCGAAAG,1
AACACCCCCGATCGAC,1
AACACCGAAGGTACAG,1
AACACCGAGACACCTG,1
AACACCGCACACAGGA,1
AACACCGCCAATCTTA,1
AACACCGCTACTCAAA,1
AACACCGTAATAATTT,1
AACACCTCTACCTGAA,1
AACACCTGAAACTCGA,1
AACACGATTATTACAG,1
AACACGCAAATATTGA,1
AACACGCGCAGGAATA,1
AACACGCTTCAATAGT,1
AACACGGACACCCAGT,1
AACACGTAGAATGTTT,1
AACACGTAGGTATTGG,1
AACACTAAAGCATGGT,1
AACACTACGAGACCTT,1
AACACTACGAGTAATC,1
AACACTCGAAGAGATT,1
AACACTGAAGGACCTG,1
AACACTGCACAGAATT,1
AACACTTCTAGTATTT,1
AACACTTGGCACCAAC,1
AACACTTTACCTTAGA,1
AACAGAAAAAGGATAG,1
AACAGAATCTAGGTGT,1
AACAGACAATCCTATT,1
AACAGAGCCAGGATGC,1
AACAGAGTAGTACAAC,1
AACAGAGTTACACGTT,1
AACAGATTGCCAAGCC,1
AACAGCAGATCCATTT,1
AACAGCCAAAAATATA,1
AACAGCCATATGAATA,1
AACAGCCGGATATCAT,1
AACAGCCTAAACTGCT,1
AACAGGCATTGGAAGA,1
AACAGGGGGGATCTGA,1
AACAGGGGTGTAAAGC,1
AACAGTACGGACATTA,1
AACAGTGATCTACCGC,1
AACAGTTAAATCTAAT,1
AACAGTTAGAACCCTG,1
AACAGTTCTCCTCCTC,1
AACATAAAACGTAGAA,1
AACATAAATTTGTCAT,1
AACATAACAGGCCCGT,1
AACATAACCAGGTCAA,1
AACATAACGCTCTGAT,1
AACATAATTAGATTAG,1
AACATACACGTATACG,1
AACATACAGACGCAAC,1
AACATACAGGGTAAAG,1
AACATACATAGTAGAG,1
AACATACATGGCATAT,1
AACATAGAAGACAAAA,1
AACATAGCGGTCTATT,1
AACATAGGAGTAACAT,1
AACATAGGATGATCGT,1
AACATAGGTGGCACAT,1
AACATAGTCACAACAG,1
AACATATAAAAAAAGA,1
AACATATAGGTTCTGC,1
AACATCAAAGCCCTTC,1
AACATCATAACTTACA,1
AACATCATTAAACTGA,1
AACATCCAACTAAAAT,1
AACATCCGCTAAAAAC,1
AACATCCGGAGTCGTA,1
AACATCCTACGTCGTC,1
AACATCCTGATAATTT,1
AACATCGCCAAACTAA,1
AACATCGCCTCAATAA,1
AACATCTTATATTATG,1
AACATCTTGTTTATCC,1
AACATGACTAACCGAG,1
AACATGAGCAGAAACG,1
AACATGGACCTTAAGA,1
AACATGGAGCTTCTTA,1
AACATGGATCAACAAC,1
AACATTAATACAAAAC,1
AACATTACCGCAGTGC,1
AACATTACTCATATTT,1
AACATTAGACTACGCC,1
AACATTAGATTGGAAT,1
AACATTCACAGAGCAA,1
AACATTCCATATTTTC,1
AACATTCTAAAACCTA,1
AACATTCTTCTATAGA,1
AACATTGCGCCAAGAA,1
AACATTTGTCTTACTA,1
AACCAAAAATTAATAG,1
AACCAAAACTATGTAA,1
AACCAAAGATAATATA,1
AACCAAATTTATAGTA,1
AACCAACACTTGGCCG,1
AACCAACGTACTAAAA,1
AACCAACGTGATTCGA,1
AACCAACTGTTTAACA,1
AACCAAGCAATAATAC,1
AACCAAGTGAGGATAC,1
AACCAATGAATATAAC,1
AACCAATGACATAATA,1
AACCAATTACCACAAC,1
AACCACAATATAGAAT,1
AACCACCTATTCCGCA,1
AACCACCTGAGAGGTT,1
AACCACGATCAACCCA,1
AACCACGATGCCTCCG,1
AACCACTCCTACTTTA,1
AACCACTCGAAAACCA,1
AACCAGAAACACGTTT,1
AACCAGAGACGCTATT,1
AACCAGAGCAGAGGCA,1
AACCAGCAACTCAAAG,1
AACCAGCAATGCACTA,1
AACCAGCGATATTTAG,1
AACCAGGGCAATCAAA,1
AACCAGTATCACGTTG,1
AACCAGTCAAGTACTC,1
AACCATACCTTCTCCT,1
AACCATACTGGGAATG,1
AACCATATCTTGATTT,1
AACCATATTAAGTGAA,1
AACCATCCCACGGAAG,1
AACCATTACATATACA,1
AACCATTATTGTGCCC,1
AACCATTGATAGCTGA,1
AACCCAACAAGACTAA,1
AACCCAAGAAATAATG,1
AACCCACCACTCTGCG,1
AACCCAGATAACGAGG,1
AACCCATAACATTGCT,1
AACCCATCTTCCCAAA,1
AACCCATGCGGCGAAT,1
AACCCCAAAGAAGTTA,1
AACCCCAGGACACAAC,1
AACCCCATATGCCACG,1
AACCCCCAACAGTAAA,1
AACCCCCATAGAGGTA,1
AACCCCGTATGCAAAC,1
AACCCGATACCCAATA,1
AACCCGCCAATCAAAT,1
AACCCGTTATGCTCAG,1
AACCCTATATAATGAA,1
AACCCTATCATCAAAA,1
AACCCTGAAGACCTAA,1
AACCCTGAGATCAAAA,1
AACCCTGGTTCAAACA,1
AACCGAATCATTATTT,1
AACCGAATTCCATAAG,1
AACCGACCAGAGTAAA,1
AACCGAGACAAGACCT,1
AACCGAGATGGTGCAT,1
AACCGAGTCATCCTAT,1
AACCGATAAAGCCAAC,1
AACCGATAGAAATACC,1
AACCGCACCTATCCAT,1
AACCGCACTATATCAG,1
AACCGCCTTGTCCAAT,1
AACCGGAGAGTCACAG,1
AACCGGATTCAGAACC,1
AACCGGCAAGGCAGGG,1
AACCGTTGTAGATATC,1
AACCTAAATGCACCTC,1
AACCTAACAATGAAGG,1
AACCTAAGCAGGCCAA,1
AACCTACACCACTCAT,1
AACCTACATGTCAAAA,1
AACCTAGTCTGTTTAA,1
AACCTATATGAAGGCC,1
AACCTATATTAATAAT,1
AACCTATGAAAACAAG,1
AACCTATTCCACACTA,1
AACCTCAAAGTCCCAA,1
AACCTCGAAATTCACA,1
AACCTCGTTCTTTTAA,1
AACCTCTTAATATTGC,1
AACCTGAAACAGTTCA,1
AACCTGCTGCGGTCCA,1
AACCTGGAAACACTAA,1
AACCTTAAAGGTAGCA,1
AACCTTCAACATCCGA,1
AACCTTCACAGAATAT,1
AACCTTTAAATCAGCC,1
AACCTTTAATTATTGA,1
AACGAAAATGTTTTCA,1
AACGAAACTCTCTACA,1
AACGAAATGCTAGAGT,1
AACGAAATTCGTAATA,1
AACGAACAAATCAAAA,1
AACGAACGATAGGAGC,1
AACGAATAAAAAACTG,1
AACGAATAACCGGTTC,1
AACGAATGAGCGCTAG,1
AACGAATGGCATATGA,1
AACGACAATAGACAAG,1
AACGACAATGAACCCC,1
AACGACACAACCAAAC,1
AACGACACACCTATGA,1
AACGACCCACATCATC,1
AACGACCCTCGCACTT,1
AACGACTCAGTGGATC,1
AACGACTGCATACATT,1
AACGAGAAGAACCTTA,1
AACGAGAATTAACTTA,1
AACGAGATCTATACAA,1
AACGAGCACGAAATGA,1
AACGAGCGAAGAAGGA,1
AACGAGTCCTATTGCA,1
AACGAGTGGAAATCAT,1
AACGATAACCTAATGG,1
AACGATAAGTGTACAA,1
AACGATATTAACTGCT,1
AACGATCAACCTATCT,1
AACGATCATCGGAAAA,1
AACGATCGTCTGGCGA,1
AACGATGTTTATGAAG,1
AACGATTAAAAATCCT,1
AACGATTGACCCATCA,1
AACGCAAAACCTCATC,1
AACGCAAACCTCCAGC,1
AACGCAAATACCCCGT,1
AACGCAAATCAATCAT,1
AACGCAATCAAATTAA,1
AACGCAGGAGGAACAT,1
AACGCAGTAAAATCAA,1
AACGCATAACTCGTTC,1
AACGCATACTTGAGGC,1
AACGCCAGTTCTCAAC,1
AACGCCCAAACCTTTT,1
AACGCCCATGCATGGC,1
AACGCCGAAAGACAGG,1
AACGCGAACTGTGCTT,1
AACGCGAATGCTACTT,1
AACGCGACTCCAACAA,1
AACGCGCATTAATATT,1
AACGCGGACCACGTTG,1
AACGCTAAAGCTCCTC,1
AACGCTACGATTATAA,1
AACGCTCAGAAATATA,1
AACGCTCTAATAGTAT,1
AACGCTCTGTAACCAA,1
AACGCTGATATATAAA,1
AACGCTTAGGAAACAC,1
AACGGACTACCCTACC,1
AACGGACTCCTAATAA,1
AACGGAGGCTAGCATA,1
AACGGATAATAAGAAC,1
AACGGCAACAGATACG,1
AACGGCTTTATCACAA,1
AACGGGAGCATCCCAA,1
AACGGGTCCAAAGTCA,1
AACGGTATTAGCGAGT,1
AACGGTCAGAAGACTA,1
AACGGTGAAACCTGTT,1
AACGGTGCTCCGAGCA,1
AACGTAATTAGCCTTA,1
AACGTACTGACATCTA,1
AACGTAGTCAAGTATT,1
AACGTATTAAATTACG,1
AACGTCTTCAGGTCTC,1
AACGTGATAATCGTAC,1
AACGTGGGCTTAAACT,1
AACGTTAAGAAACGCA,1
AACGTTCAAAAGGAGT,1
AACGTTCATGAAGTGG,1
AACTAAAAGGCTCTGA,1
AACTAAAATAGACCCC,1
AACTAAAGATTAGGAG,1
AACTAACCCGATAAGT,1
AACTAACGTATCACAT,1
AACTAAGAGTGGCTAA,1
AACTAAGGCCCATATA,1
AACTAAGTAAGCTTCA,1
AACTAATAAAGGTTCC,1
AACTAATTGAAAAATT,1
AACTACCCACGTTAAA,1
AACTACTCTTACATCT,1
AACTAGAAAGTGATAT,1
AACTAGACCATTGAAT,1
AACTAGAGCGGGTGAA,1
AACTAGCTACCCAAAT,1
AACTAGGAGCAAGTTC,1
AACTAGGCTGCAACCA,1
AACTAGGGATACTAAA,1
AACTAGTGTAGTGCAA,1
AACTATAACGGATATT,1
AACTATACACAAGAAT,1
AACTATACGGAAGTTG,1
AACTATATCCTCGCGC,1
AACTATCATACTGTAA,1
AACTATCTGACGGAAA,1
AACTATCTTGACAGCG,1
AACTATGACTCATTTT,1
AACTATTCCTTAAGCG,1
AACTATTTCAACCAGC,1
AACTATTTTTTACATA,1
AACTCAAATTGTAATG,1
AACTCAACCAATCTTA,1
AACTCACCCCTCGCCT,1
AACTCAGCATGTTGTA,1
AACTCATGTCACATGA,1
AACTCATTCAGTCTGT,1
AACTCCAAAAACGAAA,1
AACTCCCAGCATCCTC,1
AACTCCCATATTAGAA,1
AACTCCGTTTTCAGTG,1
AACTCCTGTTCCCGGC,1
AACTCCTTAATACCGA,1
AACTCCTTCTTCCTCT,1
AACTCCTTTTCCGTTA,1
AACTCGACAATCTTGA,1
AACTCGTACGAAACTA,1
AACTCTAAACAAGATG,1
AACTCTACAATACGAA,1
AACTCTATGAATCAAT,1
AACTCTCAAGGCAGGA,1
AACTCTGAACCACCCG,1
AACTCTGAGAGCAGTT,1
AACTCTTTGTCATCAC,1
AACTGAAAAAGCTAAA,1
AACTGAACTATAGCAC,1
AACTGAAGGAGTAATA,1
AACTGACAGTGCAATC,1
AACTGATGTAAACTGA,1
AACTGATTCGATGCGA,1
AACTGATTTAATGTGC,1
AACTGCAATGTTATCA,1
AACTGCACGGAGGTAA,1
AACTGCGACTCCCTTT,1
AACTGGCACCTGCTAA,1
AACTGGCATTAACACC,1
AACTGTCAACTTAATC,1
AACTGTCCTGAACGCC,1
AACTGTGCATCAACCC,1
AACTGTTTGAGTAAAT,1
AACTTAAACACGTCGC,1
AACTTAAGCCGTAACA,1
AACTTACATTGCCAAT,1
AACTTACCTAATCGAA,1
AACTTAGAAGTAGATT,1
AACTTAGGCTACTCTG,1
AACTTATAATCTCGTG,1
AACTTCGTAATATACA,1
AACTTGAGCTTCAACC,1
AACTTGGATTTATCCG,1
AACTTTAAACAGGAGC,1
AACTTTAAAGTCGTTC,1
AACTTTACTCAGCAAA,1
AACTTTCAGTATGTTC,1
AACTTTCGTAAACCCC,1
AACTTTGGGAAATCGC,1
AACTTTTAGCACTGTG,1
AACTTTTCCTGTCGTT,1
AAGAAAAAGGAAGTAT,1
AAGAAAACAATAGAAG,1
AAGAAAACTCAAATAA,1
AAGAAAATACAACTCA,1
AAGAAAATAGACATGC,1
AAGAAACATAATACAC,1
AAGAAACGTAAAGTCC,1
AAGAAACTAAATAAGG,1
AAGAAAGATCTCCGCT,1
AAGAAAGCCTCCTTGT,1
AAGAAATAATGTTTAC,1
AAGAAATACCATTTAG,1
AAGAAATCCCGGTATA,1
AAGAACAAATCTCTGT,1
AAGAACACATTGAACG,1
AAGAACAGGTTCACGA,1
AAGAACAGTGCTAATA,1
AAGAACATATTTACCC,1
AAGAACATGTACAGCT,1
AAGAACCAAAGGTAAA,1
AAGAACCTTCCTTAAC,1
AAGAACGTGAAGCAAA,1
AAGAAGAAAACCCAAC,1
AAGAAGAAGACCTATC,1
AAGAAGAGACTCAATG,1
AAGAAGATGTATATTG,1
AAGAAGCGCGATACTA,1
AAGAAGTATTAGCATG,1
AAGAATAGATAGCTAG,1
AAGAATAGGGGTTCCT,1
AAGAATCCGTACCTAG,1
AAGAATGGGGACACGC,1
AAGAATTTGACCGATT,1
AAGACAAAAAGACCCC,1
AAGACATCTAAGACTT,1
AAGACATCTTGAATAA,1
AAGACCCAAAGCTATA,1
AAGACCTACTGTCCTT,1
AAGACGATGACTAGAA,1
AAGACGCAATCTTTAG,1
AAGACGGCACGCTCTT,1
AAGACGTAAGCGTACA,1
AAGACTAAATACGTAC,1
AAGACTAAGCGTATGT,1
AAGACTAGACTCAGCA,1
AAGACTATAAACAACT,1
AAGACTATACCCTAAT,1
AAGACTATCCCAAAAT,1
AAGACTCAATACTACA,1
AAGACTCACCACGGCT,1
AAGACTCATTTAGATA,1
AAGACTCCGATGACTA,1
AAGACTCTAATAAATT,1
AAGACTCTGGGTAAAA,1
AAGACTGCCCATAATG,1
AAGACTGGACTAAGAG,1
AAGACTTCTAACATTC,1
AAGAGAAAGTCAAACA,1
AAGAGACTTCTCTATA,1
AAGAGAGACACGAAGC,1
AAGAGAGCCATAGCTG,1
AAGAGATAAGCAACGT,1
AAGAGATGATCTGATA,1
AAGAGATTCACCTTAC,1
AAGAGCAAAGTAGCTA,1
AAGAGCCATAATCTCC,1
AAGAGGACGCCCTTCA,1
AAGAGGAGAAACCATA,1
AAGAGGATGCTGTGCC,1
AAGAGGCCGCAACTGA,1
AAGAGTAAGCCTGCCT,1
AAGAGTCATAAGCCGC,1
AAGAGTGACATAGCTG,1
AAGAGTGCCGAATTCG,1
AAGAGTGTATTACTCA,1
AAGAGTGTCTCTCCAT,1
AAGAGTTCTAGGATCC,1
AAGATAATCACTGAGC,1
AAGATACAAGACTGAA,1
AAGATACAATTATTGA,1
AAGATACGCCGCAACT,1
AAGATACGTGGTTTGA,1
AAGATACTGTATACCG,1
AAGATAGATTTACTAT,1
AAGATAGATTTTCACC,1
AAGATATCAAGCCGAA,1
AAGATATCAATTCCTT,1
AAGATATCAGTACACA,1
AAGATATTCGTACTTT,1
AAGATCAAAAAGAAGA,1
AAGATCAAATACTAGA,1
AAGATCAACTACAAAA,1
AAGATCAGATAAAAAA,1
AAGATCCATATCCAGT,1
AAGATCCCAAAGAGTT,1
AAGATCCCCCTACAAT,1
AAGATCCTAAATAACA,1
AAGATCGCGTATCTAG,1
AAGATCTATCCCATGA,1
AAGATCTCCTTTGAAT,1
AAGATGCCAGAAGGAC,1
AAGATGCCTTATCTCA,1
AAGATGGCGTGATCAC,1
AAGATGGTAAAGCTTC,1
AAGATGTTGACAAGAA,1
AAGATTAAGTAGTAGA,1
AAGATTAGTTGTTTGA,1
AAGATTCACTTTAATC,1
AAGATTCTATGCCTAC,1
AAGATTGCCCATGCGC,1
AAGATTGCGCTACTAA,1
AAGATTTCAGTTCCCA,1
AAGCAAAAGATTGCTT,1
AAGCAAACGAATCAGA,1
AAGCAAACGAGCTAGC,1
AAGCAAAGATTATGGT,1
AAGCAAAGCGATGGTA,1
AAGCAACACGGGAGAA,1
AAGCAACAGTCCAATC,1
AAGCACAATATACCCA,1
AAGCACACTGCAAAAA,1
AAGCACAGTTTGCAAC,1
AAGCACATTTGTCTAC,1
AAGCACCAACATCTAT,1
AAGCACCGCGTGTAAA,1
AAGCACCTAACAGCTA,1
AAGCACTAAGAGACCT,1
AAGCACTTTACGAAAT,1
AAGCAGAACACAACTG,1
AAGCAGAATAACATAA,1
AAGCAGACGTCTTCAA,1
AAGCAGACTGCAGCCT,1
AAGCAGATGGCGTGAT,1
AAGCAGGGGATACACA,1
AAGCAGTAGCCGGGAC,1
AAGCAGTGCTAATAGA,1
AAGCAGTGCTGATCGT,1
AAGCATACTTATGTTT,1
AAGCATCTCATCCCGA,1
AAGCATCTTAATAATA,1
AAGCATGCAAAAAGCA,1
AAGCATTACTAAAATA,1
AAGCATTTTCTGGATG,1
AAGCCAAAGGGGAACA,1
AAGCCAAATCAAATTC,1
AAGCCAATCTCATGCT,1
AAGCCAATCTTAACCA,1
AAGCCACATACAAATA,1
AAGCCACGGAACACCG,1
AAGCCATACTTCTACG,1
AAGCCCAGTCCATACG,1
AAGCCCCGCACCGAAC,1
AAGCCCTTGAGAAAGC,1
AAGCCGACATTCTTCC,1
AAGCCGCCGTTGAACA,1
AAGCCGGAACAGCAGT,1
AAGCCGTGCGGGCAAT,1
AAGCGAAAAAAATATC,1
AAGCGAAGCAATAGCG,1
AAGCGACATCCTTAGA,1
AAGCGAGTAATAAAAG,1
AAGCGCTCTAGAAAAT,1
AAGCGGCTAAAGATAA,1
AAGCTAAAAGCAATGC,1
AAGCTAATATAGTCAA,1
AAGCTACAAGGTTACC,1
AAGCTATACTTGTTAA,1
AAGCTATCATAGTACC,1
AAGCTCATTAGGCGCT,1
AAGCTCCCGGGGCAAA,1
AAGCTCGCTAGCCTTA,1
AAGCTCTCCACTCATT,1
AAGCTGAACAAGTCTT,1
AAGCTGAACTGTCTGC,1
AAGCTGACAAGTCATC,1
AAGCTGGGTGCACAAA,1
AAGCTTCCTGCAAGAC,1
AAGCTTCTAGATAATA,1
AAGCTTGCCAGACAGA,1
AAGCTTTGTGATTACG,1
AAGGAAGACATGTTAT,1
AAGGAAGGTGAACTGG,1
AAGGAATACAATACCA,1
AAGGAATCATATAGCG,1
AAGGAATCTCTCGACC,1
AAGGACACATGTCAAT,1
AAGGACAGAATACGTA,1
AAGGACCAATTAACCA,1
AAGGACGAAGATAAGA,1
AAGGACTAGACAAGAC,1
AAGGACTCTAAGTTCC,1
AAGGAGAAGAAATAAC,1
AAGGAGATCCCACACC,1
AAGGAGATCTAAGCGA,1
AAGGAGCAAATGAAAC,1
AAGGAGCGCGTTTAGA,1
AAGGAGGATGTCACGA,1
AAGGATATTATAGCTA,1
AAGGATCATCCAACGA,1
AAGGATCGCATTAAAC,1
AAGGATTCCCAGATGC,1
AAGGCACCGTGATTTG,1
AAGGCACTCAAATTAA,1
AAGGCAGCCAACATGA,1
AAGGCCCAGACCAATA,1
AAGGCCGTAACTCTTG,1
AAGGCCTATAGGTAGT,1
AAGGCCTGTTGATATA,1
AAGGCGCTATAGACAG,1
AAGGCGGGACATATAA,1
AAGGCTACTAATATAC,1
AAGGCTATGACAGCTG,1
AAGGCTGTATCCACAT,1
AAGGGAATTAGATAAA,1
AAGGGAATTGTTTATA,1
AAGGGACAATATTACC,1
AAGGGAGAATTTACAA,1
AAGGGATTGGATCCAA,1
AAGGGCAAATTTAGAT,1
AAGGGGCACTTCGATC,1
AAGGGGCATGACGATT,1
AAGGGTCAAATTAAAC,1
AAGGGTCATTTATTCA,1
AAGGGTTAAATTTGGA,1
AAGGGTTTAACACCGG,1
AAGGTAAACTCCCGAA,1
AAGGTACATATGAGAG,1
AAGGTACTTCCGGAGT,1
AAGGTATAAAATTAAT,1
AAGGTATATGACCTAA,1
AAGGTCAAACAGGGCA,1
AAGGTCAATAAAACTT,1
AAGGTCTCCACACTAT,1
AAGGTGACTTTTGTAT,1
AAGGTGATACAAGAAA,1
AAGGTGCTGCCTGTTC,1
AAGGTTATATAAGAAA,1
AAGGTTCAAGAGTAGA,1
AAGGTTCCCTCTCGCT,1
AAGGTTCCGCGGACAC,1
AAGGTTTCAAGGTCCA,1
AAGGTTTCCCGTGCGC,1
AAGGTTTGCAGCATCG,1
AAGTAAAAAAATAACA,1
AAGTAAAAACGTGAAT,1
AAGTAAAACATACTAA,1
AAGTAAATGAATAGCT,1
AAGTAACACTAACGCG,1
AAGTAACCGATGAACT,1
AAGTAACCTGGAATGG,1
AAGTAACGGTGCACAC,1
AAGTAAGACAAAAGGA,1
AAGTAAGACCATTATT,1
AAGTAATATTACAACA,1
AAGTAATCATAAACTA,1
AAGTAATTAGTACATT,1
AAGTAATTGGTTATCA,1
AAGTACACAATGGATC,1
AAGTACAGGGGCGGTA,1
AAGTACAGTTAGTTTT,1
AAGTACATTAACCAAT,1
AAGTACGGAGTCGTGT,1
AAGTACTAAATACAGA,1
AAGTACTCTAACTCTT,1
AAGTACTTGCTATATT,1
AAGTAGAATTAGACTT,1
AAGTAGCACGATTATA,1
AAGTAGGCTCCTCGAA,1
AAGTATAATGGGCCTT,1
AAGTATAGACCACAAG,1
AAGTATATTTCACATG,1
AAGTATGACCTTAAAT,1
AAGTATTGGGTTAGAC,1
AAGTCAAGATTATAGT,1
AAGTCAATCTGTTAAG,1
AAGTCACTAAATCAAA,1
AAGTCAGTCTTGAAGA,1
AAGTCATCACAGTCAT,1
AAGTCCGACATAAACC,1
AAGTCCGAGCCCATAA,1
AAGTCCTTCTTGACAA,1
AAGTCGAAAAGCATAA,1
AAGTCGACGGTCCTTA,1
AAGTCGACTAAAAATC,1
AAGTCGCACAGCTAAG,1
AAGTCGCTGTCGTTAC,1
AAGTCGGTGTGAAGAG,1
AAGTCGTACTTATAAA,1
AAGTCTAATCCGAATT,1
AAGTCTTAGAATGATT,1
AAGTCTTTCAGCTTGC,1
AAGTGAAACCGGATAG,1
AAGTGAAAGGTACACG,1
AAGTGAATTTCAGCAA,1
AAGTGAATTTGGCGCT,1
AAGTGAGAAGCGCTTG,1
AAGTGAGATCTCACTA,1
AAGTGATCACTCAACG,1
AAGTGATGACCTCGTC,1
AAGTGCAACGACTAGA,1
AAGTGCACCCGCTATC,1
AAGTGCCTACCGCTGC,1
AAGTGGCATAACCATT,1
AAGTGGGATCTATCTA,1
AAGTGGGGAGAAATTT,1
AAGTGGTGTACTTAAT,1
AAGTGTCTAACTTGCC,1
AAGTTACAATGAACTC,1
AAGTTACAGACTATCC,1
AAGTTACCTCACACGC,1
AAGTTACGATAGATTT,1
AAGTTATCAAGACATA,1
AAGTTCATCGTAATCT,1
AAGTTGAAACTTGAAT,1
AAGTTGGGCAGCAGTA,1
AAGTTGTATCCACCAC,1
AAGTTGTGCGAAATTC,1
AAGTTGTGGCACGACG,1
AAGTTTACACCATTCC,1
AAGTTTCATGTTTTAT,1
AAGTTTGACCAGTTAT,1
AAGTTTTTCATCTAGA,1
AATAAAAACAGCAGAA,1
AATAAAACGCGGAAAA,1
AATAAAACTAAGTAAT,1
AATAAAAGATATTTGA,1
AATAAAAGATCAGTCT,1
AATAAAAGTGTAAGTC,1
AATAAAATAGATAAGA,1
AATAAACAGAAGAAGT,1
AATAAACAGCATCGCC,1
AATAAACGAATGATAA,1
AATAAAGCAACCCCTC,1
AATAAAGCGCCCCACA,1
AATAAATAACGAAAGA,1
AATAAATACGTAAGAT,1
AATAAATTACACTGAG,1
AATAAATTTAACCCAA,1
AATAACAATAGAACTC,1
AATAACACCGTAAATA,1
AATAACACGCAACATG,1
AATAACATCACCACGT,1
AATAACCAAACTGAAA,1
AATAACCAAAGGACCT,1
AATAACCCCGACAGAA,1
AATAACCGATCCTCTG,1
AATAACGTCGGACGAA,1
AATAACGTTTCATTAC,1
AATAACTTCGGAAGAG,1
AATAACTTTGGCAGAC,1
AATAAGAAAACAAAGT,1
AATAAGAAAACCGCCT,1
AATAAGAAGACAACAG,1
AATAAGAATCGATGCG,1
AATAAGATCTCTTAAA,1
AATAAGCAAAAGGAAC,1
AATAAGCAAGCCCCAA,1
AATAAGCTGACAGAGT,1
AATAAGCTGCCAGATG,1
AATAAGGAACCTAATT,1
AATAAGGCGCATTCAT,1
AATAAGGGTGAACTTT,1
AATAATAAATTTATCC,1
AATAATAATTTAGAAC,1
AATAATATGAAAGCTA,1
AATAATCAAAAGACCA,1
AATAATCAAAGCTTGG,1
AATAATCACCACTCCA,1
AATAATCACTAATTTA,1
AATAATCAGCGTATGT,1
AATAATGAAACAAAAT,1
AATAATGGACCACTAA,1
AATAATTATTGAAACG,1
AATACAAAAACTTTAA,1
AATACAAACAAAGTTC,1
AATACAAAGCTTCCAG,1
AATACAAATACAACCT,1
AATACAACAACATCGC,1
AATACAACATACTGAA,1
AATACAAGAGTGGACC,1
AATACAAGTTGGCCCA,1
AATACAATACTTAAAA,1
AATACAATAGACATTG,1
AATACACAGTACCAAT,1
AATACACTGACCGTAG,1
AATACAGCAATCAATA,1
AATACAGCCTGTAAAC,1
AATACAGCTTTTAAAC,1
AATACAGGAAATATCA,1
AATACATATTAGATTT,1
AATACCAATCAAGCGC,1
AATACCGAACGATTCT,1
AATACCTATTAGAAAC,1
AATACCTGCAGATTAT,1
AATACGACTTAAGAGA,1
AATACGATCAATCACT,1
AATACGATTAGTTCCA,1
AATACGCAAATGTCGC,1
AATACGCGTCTCGTAA,1
AATACGCTTAAAACCT,1
AATACGGACATGCAAA,1
AATACGGATAAGAAAG,1
AATACGTCATCATTCC,1
AATACGTTTCTACTAC,1
AATACTAAGAACAAAC,1
AATACTACAAGTAATG,1
AATACTACTAAGGCAC,1
AATACTCAGCTAATAA,1
AATACTCATCTATAGC,1
AATACTCTAGAGTAAG,1
AATACTCTATATGCCG,1
AATACTGACAGACCCG,1
AATACTGGATTCCAGG,1
AATACTGTCACAGAAT,1
AATACTTATGACAGCA,1
AATACTTTAAATTACA,1
AATAGAAAAGACATCA,1
AATAGAAACCGTTTCA,1
AATAGAAATCCAAAAG,1
AATAGAAGAAGGATTA,1
AATAGAAGCATCCGAA,1
AATAGAAGTTTTCATT,1
AATAGAATCGTGTGAT,1
AATAGACAAAATTTCA,1
AATAGACGATGCTTCA,1
AATAGACGTCCGCCAA,1
AATAGACTAGTTCGAT,1
AATAGACTGTATAACT,1
AATAGAGAGTTAGATA,1
AATAGAGCCCTGTTTA,1
AATAGATCTCAATGTA,1
AATAGATGGGGCATCC,1
AATAGATTGCAGATAT,1
AATAGCAAAGCTCTAT,1
AATAGCACGTTGCACA,1
AATAGCAGACCATAAG,1
AATAGCGAAACAAGTT,1
AATAGCGTTCAAAAAA,1
AATAGCTAATAACCCA,1
AATAGGAACTTCCGAC,1
AATAGGCCTGCATAAA,1
AATAGGGGAAGATAGC,1
AATAGTCTAAGCCCGA,1
AATAGTCTCAGTCTCT,1
AATAGTCTTTTTAAGA,1
AATATAAAACTTAGCG,1
AATATAACTCCAACAC,1
AATATAAGATTCCAAG,1
AATATACAAAAGCAAA,1
AATATACCTCTGATCT,1
AATATAGATAGGCGAT,1
AATATAGATTCAACTA,1
AATATATAAAGGATGC,1
AATATATGAGGATCTA,1
AATATATTGTGAGCCA,1
AATATCCGTGGTCAGA,1
AATATCCTAAAGCTCG,1
AATATCGACCGAACCG,1
AATATCGCAGAGATAT,1
AATATCGTCGTGACGA,1
AATATCTATGATTATA,1
AATATCTGGATATTTG,1
AATATGAAACGTCGAA,1
AATATGCAATGAGATA,1
AATATGCATCTATCTT,1
AATATTAACTTTGAAA,1
AATATTCATGAAGATG,1
AATATTCATGGATATT,1
AATATTCGGATTACAT,1
AATATTGCTCAAGTCT,1
AATATTGGCGTCTAGG,1
AATATTGGGTAAAGGA,1
AATATTTACTGTCAAG,1
AATATTTATGACCTGT,1
AATATTTTAACACATT,1
AATATTTTGCACTAAC,1
AATCAAAAACAACTTA,1
AATCAAAAAGCCCAGA,1
AATCAAAACTGATACC,1
AATCAAACACGTTATT,1
AATCAAACATCATCGG,1
AATCAAACCCCTCATC,1
AATCAAAGTAATAGGA,1
AATCAACCCCATATCA,1
AATCAACTAACGAACC,1
AATCAACTGAATAGGC,1
AATCAACTGCTAGACT,1
AATCAACTTCGTTCCC,1
AATCAAGCAAAATGAC,1
AATCAATCTAACCTGT,1
AATCAATGCGACAAAA,1
AATCAATTAGGATCAC,1
AATCAATTATTTGCAC,1
AATCAATTGTTGTAAT,1
AATCACAATCGAACAG,1
AATCACAGATTGGATA,1
AATCACATCCAAGCAG,1
AATCACCTCATTATCT,1
AATCACGGAAAAGGCA,1
AATCAGAAAGACCGAT,1
AATCAGACAACAAAAT,1
AATCAGAGCCGCGAAA,1
AATCAGAGTACTGCAA,1
AATCAGCCTCATTTTG,1
AATCAGCTATCTAATT,1
AATCAGGAGGAATGTA,1
AATCAGTGTACCCCTA,1
AATCAGTGTTCCAACA,1
AATCAGTTAACAACAC,1
AATCATAACCCGCAAA,1
AATCATACAAAAACCA,1
AATCATCACTTATAAC,1
AATCATCACTTGATAT,1
AATCATTCGTTGCACA,1
AATCATTTTATACCTA,1
AATCCAAAAGAAACAG,1
AATCCAAACACTCTCA,1
AATCCAACTCTCCTCT,1
AATCCACACAGCAACA,1
AATCCACATGAGATAT,1
AATCCACGAACATTTA,1
AATCCACTGCGCGGAC,1
AATCCAGAAGTGGGCA,1
AATCCATATAACGAAT,1
AATCCCACCTGTTCTG,1
AATCCCAGATTTAAAC,1
AATCCCAGTGCAAATA,1
AATCCCAGTTTATCCG,1
AATCCCATTTTAAAAA,1
AATCCCCAAGATAGAC,1
AATCCCGCGGATACTT,1
AATCCCTAGCGCCTCA,1
AATCCGAATTATCATA,1
AATCCGACTCTGACCC,1
AATCCGATAAAACTGT,1
AATCCTCAAGGGAGCA,1
AATCCTCATGTTGCTA,1
AATCCTGAACATTAGT,1
AATCCTGACTTCAATA,1
AATCGAAGCAATATCA,1
AATCGCACAACAAAAA,1
AATCGCAGAAGTAAAC,1
AATCGCCAACGCAAGA,1
AATCGCCAGGAGGATG,1
AATCGCGTTTAAAGAC,1
AATCGCTAAAACGATG,1
AATCGGCCCTCGCGTA,1
AATCGGCTACAAACTT,1
AATCGGGAACACCTAA,1
AATCGGTACAGGTGAT,1
AATCGTAATCAGGACA,1
AATCGTACGATAATCA,1
AATCGTTTCTTTCATT,1
AATCTAAACTAGTTGT,1
AATCTAAATGCCGGTT,1
AATCTACTAGATAAAG,1
AATCTACTGTAGAAAT,1
AATCTAGAGTCAATGT,1
AATCTAGCTTAATCTG,1
AATCTATCGGAAAGAA,1
AATCTCAACAGTGTTA,1
AATCTCCAAAATCCAC,1
AATCTCCAATTCACTT,1
AATCTCCATAATCGAG,1
AATCTCCATTCGTCAC,1
AATCTCTAATTACACA,1
AATCTCTCAATGGAAC,1
AATCTCTGATATAAAT,1
AATCTGAAGAGACCAT,1
AATCTGACCACAACAC,1
AATCTGGACACTTTTA,1
AATCTGTAGAAAGGCC,1
AATCTGTTACATCGCC,1
AATCTTATAATCACAA,1
AATCTTGTATAAAATA,1
AATCTTTCAATTATAC,1
AATCTTTGTATGATAA,1
AATGAAAAGATAACTG,1
AATGAAAATAACCCCA,1
AATGAAAGTTACTCTA,1
AATGAAATTACTCCAT,1
AATGAACACAGGTAGT,1
AATGAACTTATACCAA,1
AATGAAGCACACCACA,1
AATGAATAGTAAAAGT,1
AATGAATGAGAACGAG,1
AATGACAAAGATTCCT,1
AATGACAAGACGACAA,1
AATGACAATCAATTTC,1
AATGACATTAACTAAC,1
AATGACCAAAAAGAGG,1
AATGACGCAATAGCTT,1
AATGACGCCTACCACT,1
AATGACTAAGAATTAA,1
AATGACTAGAGCATAA,1
AATGACTCGGCAATCC,1
AATGAGAAAAAAAGAA,1
AATGAGAAAATGAGCA,1
AATGAGAGTTTAGATA,1
AATGAGCGTCGATGGA,1
AATGAGGACTGATCTA,1
AATGAGGATTCTCAAG,1
AATGAGGTAGATGTTG,1
AATGAGGTCGTAATCA,1
AATGAGTCAGCAAGCT,1
AATGATAAAAGCCTTC,1
AATGATAATACCAAAT,1
AATGATATGACCTTCT,1
AATGATCTTCGCAGGT,1
AATGATGCCTAGCGAC,1
AATGATGTATTATAAT,1
AATGATTAAAATAGGA,1
AATGATTACCCAGTGG,1
AATGATTACCTACTTG,1
AATGCAAAGCAGTATA,1
AATGCAAGAAACACAT,1
AATGCAAGAGGGGTGT,1
AATGCAATACCGGTAC,1
AATGCAGGCTAGACAA,1
AATGCATACCAACCCC,1
AATGCATCTCACCAAC,1
AATGCCAATCCCGAGA,1
AATGCCATCGTTTCAT,1
AATGCCATGCTTCGCC,1
AATGCCCTGTTGAGAA,1
AATGCCGAAAGAAGAA,1
AATGCCGTCAGAATAG,1
AATGCCTCTACAGGTA,1
AATGCGAAAGACCTTC,1
AATGCGAAGGGAACGT,1
AATGCGCCCACCCCTC,1
AATGCGGCCCTTAATC,1
AATGCGGTTCACATGA,1
AATGCGTGAGAACGTG,1
AATGCTAAAACTTTCA,1
AATGGAAACAATTTTA,1
AATGGAAAGCCTATAC,1
AATGGACGACCCCATA,1
AATGGACTTATATGGT,1
AATGGAGCATGGCGCC,1
AATGGAGTAAATCGAG,1
AATGGATCCCAAAGAT,1
AATGGCAGAGACACCA,1
AATGGCCAACGAATCA,1
AATGGCCTATGAGAAA,1
AATGGCCTCGAACTGG,1
AATGGCTTACGGCAAC,1
AATGGGAATGCAGACA,1
AATGGGATATCATCGC,1
AATGGGGAAAACATAA,1
AATGGGGCGTGCACAC,1
AATGGTCACGTAATCT,1
AATGGTGTAAAGCTAA,1
AATGGTTAAGGCGAAT,1
AATGTAAAAGTGACTG,1
AATGTAACGTGTGAAA,1
AATGTAATTGTACAGT,1
AATGTACAAAGGGCCG,1
AATGTACATCTTCCAA,1
AATGTACATGCCCTGA,1
AATGTAGATCCTATCT,1
AATGTAGTCATAACTA,1
AATGTATTAAAAGAAT,1
AATGTCCGAAGGATAT,1
AATGTCGAGGGAATAG,1
AATGTCGCAGTCATAC,1
AATGTCGGAAAACTCT,1
AATGTCTAATCCATGC,1
AATGTCTATGCAAAAA,1
AATGTGCTATCATGTC,1
AATGTGGAACCCCATA,1
AATGTGTAGTAACAGC,1
AATGTTAAACGAGCGC,1
AATGTTAAACGCCGTA,1
AATGTTAGATCTAGAA,1
AATGTTATAACCCTGG,1
AATGTTATAGTGATAG,1
AATGTTCGACAGCCAC,1
AATGTTCTACTAGTAA,1
AATGTTGGACACGGTT,1
AATGTTTATTCACGGA,1
AATTAAAAAAATCCGA,1
AATTAAAAAGCCTGAC,1
AATTAAAACGGTTGCT,1
AATTAAACCACCACAT,1
AATTAAACCCAACACA,1
AATTAAAGCCCACATA,1
AATTAAAGCTCGGCAT,1
AATTAAATAGTTGCAA,1
AATTAAATCGTTATCC,1
AATTAACATCTTAATT,1
AATTAACTCCGAAGTC,1
AATTAAGACATTCTAT,1
AATTAAGAGTGTAGAC,1
AATTAAGTCCCCGATC,1
AATTAATATATCTTTA,1
AATTAATTGCAATAAT,1
AATTACAACAAGTGAT,1
AATTACAAGGATGGCA,1
AATTACAATCCGAGCA,1
AATTACACTTGGACGA,1
AATTACAGCGATAATG,1
AATTACCTACAAGGCT,1
AATTACGAAAATGCGG,1
AATTACGATCAGAAAG,1
AATTACGCAACAAGGG,1
AATTACGGTACAAAAA,1
AATTACTTCGGTCCGT,1
AATTACTTGAACGCGC,1
AATTAGAAGATCAGTC,1
AATTAGAATGTACTAC,1
AATTAGATATCGTTTG,1
AATTAGCAGATCGAGC,1
AATTAGCCGATCCCAA,1
AATTAGCCTCCTAACT,1
AATTAGGCAGCAATTG,1
AATTAGGTATAAAAGA,1
AATTAGTCGATTACTT,1
AATTATAAAAACCAAA,1
AATTATAAAAGAAAAG,1
AATTATAAATAACCTC,1
AATTATAATGATCAAA,1
AATTATACCCATAGCC,1
AATTATACCCTCAGTT,1
AATTATAGTATTAGGA,1
AATTATCCCTGATTAC,1
AATTATGTTTGGACCT,1
AATTCAAACTAGAAAT,1
AATTCAAATGAAGGTG,1
AATTCAACCGAACGAG,1
AATTCAACGATATAAT,1
AATTCAAGAAGTTATC,1
AATTCAATAGACCTTA,1
AATTCACACTTGCTAA,1
AATTCACCCAAAGACG,1
AATTCACGAATCAACG,1
AATTCAGAAGCCATGC,1
AATTCAGCGACCATTA,1
AATTCAGTTCTCATTG,1
AATTCATATTCACGTC,1
AATTCATCACGTCGAC,1
AATTCATGCCTAGCTC,1
AATTCATGTTTCCATG,1
AATTCATTCTGGAAGA,1
AATTCCACATAGTCAG,1
AATTCCGCAAACGCAC,1
AATTCCGCCATATCAA,1
AATTCCGTTATCATTA,1
AATTCGACAATATCCT,1
AATTCGACCAATACCA,1
AATTCGCAATAACGGA,1
AATTCGCAGGGATAAG,1
AATTCGTTCTGGCATA,1
AATTCTAAAGCAAACC,1
AATTCTACATCACCCA,1
AATTCTATAGCGACTC,1
AATTCTATTGAACGCA,1
AATTCTGAAGGACCTA,1
AATTCTGGTGACCGTC,1
AATTCTTAAGATTCGT,1
AATTCTTCGGAGTGCC,1
AATTGAAAAAAAGCAG,1
AATTGAAACGGCAACT,1
AATTGAATAAATCAAC,1
AATTGACAGAAGCACG,1
AATTGACGTATGTGAA,1
AATTGAGCCCCATTCT,1
AATTGATAGCTATAAA,1
AATTGATTATACCTGA,1
AATTGCAAGGAGTCGT,1
AATTGCACCATCGGGT,1
AATTGCATGTTCACAA,1
AATTGCTAAAACATGA,1
AATTGGAGGTTATAGC,1
AATTGGGCTATTAAAA,1
AATTGGTGGAAACACA,1
AATTGTACGCCTTAAA,1
AATTGTAGTTAAGGAA,1
AATTGTATGTAGAAAC,1
AATTGTGGCATACCTA,1
AATTTAAAGCATCAAG,1
AATTTAAAGCTTAAAC,1
AATTTAAGGCGTTTCA,1
AATTTAATCCTTTCAG,1
AATTTAATTCCCGAAA,1
AATTTACAATCTACCG,1
AATTTACAGTCCGTTC,1
AATTTACATAGACAGT,1
AATTTACTTCCACTGC,1
AATTTAGCGGGTCCTA,1
AATTTAGCTAAAACTT,1
AATTTAGGATAGAGGA,1
AATTTATAAGCAAATC,1
AATTTATCCCGTCATA,1
AATTTATTCCATGTCA,1
AATTTATTTAAGAGCT,1
AATTTCAACACGGATT,1
AATTTCACATTAAGTC,1
AATTTCAGAGATTCCT,1
AATTTCAGCTATCTTG,1
AATTTCATAACGGATA,1
AATTTCCCTAAAATAC,1
AATTTCTAACAGTATA,1
AATTTGCCTTAGGTTT,1
AATTTGGCATACAAGG,1
AATTTGGCCAGTTATC,1
AATTTGTGTCAAATCT,1
AATTTTACGCGCCGGA,1
AATTTTCAAGTTCGCT,1
AATTTTGGCATTACAG,1
AATTTTTCAAACTGAA,1
AATTTTTCCTAAAACT,1
ACAAAAACATCTGCCC,1
ACAAAAACTCCAAAAT,1
ACAAAAATATCGTTGA,1
ACAAAAATTGTTTTAG,1
ACAAAACAGCGGCTAT,1
ACAAAACAGGTATAAT,1
ACAAAACCTTACATAC,1
ACAAAACGACTATCAG,1
ACAAAACTGACTTACG,1
ACAAAAGCGTACATGA,1
ACAAAAGGAGAACTAA,1
ACAAAATCAGAAACCC,1
ACAAAATCATTTGAAA,1
ACAAAATGAAACTTAT,1
ACAAAATGAATGACGA,1
ACAAAATTACAATGAG,1
ACAAAATTGATATGGC,1
ACAAACACTATACACC,1
ACAAACATAACGTATA,1
ACAAACATATGTGCGT,1
ACAAACATCTCCAATT,1
ACAAACATTCACTTAC,1
ACAAACCAATAATCAC,1
ACAAACCATTTCCCAA,1
ACAAACCCTAGAAACG,1
ACAAACCGGTTATCTG,1
ACAAACCTAAGGGATA,1
ACAAACCTCAAGTGTC,1
ACAAACGGTATTTTAC,1
ACAAACGTATTACAAG,1
ACAAACGTGATTGATG,1
ACAAACTGTGGCTAAA,1
ACAAAGAAGATGGCCA,1
ACAAAGAAGTAACAAA,1
ACAAAGATGAAAGCAG,1
ACAAAGATTAAATTCT,1
ACAAAGCTCGATTTAG,1
ACAAAGGACAGTACAT,1
ACAAAGGAGCGATAAA,1
ACAAAGGGTAGGCCTG,1
ACAAAGTCAAAGCAAA,1
ACAAAGTGTGAGAATC,1
ACAAATAAAGTTCAAT,1
ACAAATAAATAAACTA,1
ACAAATAACATATATA,1
ACAAATAGAAATTAGC,1
ACAAATCCATACGTAC,1
ACAAATCTCCCCGACT,1
ACAAATGAGACCTAGT,1
ACAAATGATATCTACG,1
ACAAATGTATGACGAG,1
ACAAATTACCCCTACT,1
ACAAATTCTGAGTCAA,1
ACAAATTGTCCGGCAT,1
ACAAATTTTAGGCAAA,1
ACAACAAACAAACTAG,1
ACAACACCATCAAAAA,1
ACAACAGCCTCTGATT,1
ACAACATAATCGGGAA,1
ACAACATACGGAAAAT,1
ACAACATACTGTTAAA,1
ACAACATCCAAAGAAT,1
ACAACCAAAAAGTACC,1
ACAACCAACGTGCTTA,1
ACAACCACAACAGCGT,1
ACAACCACCCACCCTG,1
ACAACCATAGAAGTCG,1
ACAACCCAAATCATTA,1
ACAACCCAACAAGCCG,1
ACAACCCACATCGGGC,1
ACAACCCGAGCTGTAA,1
ACAACCGATAAGCGCG,1
ACAACCGCCCGAGTAC,1
ACAACCTCTTTAACGA,1
ACAACGAATTAGAATT,1
ACAACGACAAAAATTG,1
ACAACGGTAAAGCCGA,1
ACAACGGTATTCAGCC,1
ACAACGGTGCGCCGAT,1
ACAACGTCAGTCGTTA,1
ACAACGTGCACCAAAC,1
ACAACGTTATAGACTA,1
ACAACTACACTAAGGT,1
ACAACTGATAAAACCC,1
ACAAGAAATTTAATCT,1
ACAAGAACCGTAAGTC,1
ACAAGACAAAGAAATA,1
ACAAGAGATTTTATGG,1
ACAAGAGTGAGGCCCC,1
ACAAGATCTTATCAAC,1
ACAAGATGAACACGAT,1
ACAAGCACAATCCCTA,1
ACAAGCATATGGCATA,1
ACAAGCATTCGTACCG,1
ACAAGCCCAATAACCC,1
ACAAGCGAATCTAACA,1
ACAAGCGGGAACTTAG,1
ACAAGCTATAGCCATT,1
ACAAGGAAAGTAACTC,1
ACAAGGCAAAAAATGC,1
ACAAGGCCGTCCGCAC,1
ACAAGGGATACACAAC,1
ACAAGGGCTATAATAT,1
ACAAGGTAACAGATAA,1
ACAAGGTCTTGTTATT,1
ACAAGTACTTTCTGTA,1
ACAAGTAGCCGCAAGA,1
ACAAGTAGGTCTAACT,1
ACAAGTATGAAATGGA,1
ACAAGTATGCATAGCT,1
ACAAGTCAAGGAACAG,1
ACAAGTCAATACCGTG,1
ACAAGTCTTGGCCGAG,1
ACAAGTTAATACTCTT,1
ACAAGTTTCCCAGGAG,1
ACAATAAAAATAGGAA,1
ACAATAAAGTTAGCAT,1
ACAATACAGGGAAACG,1
ACAATAGCAATTAGAA,1
ACAATATAATGCAAAG,1
ACAATATAATTTAATA,1
ACAATATAGTACAAAC,1
ACAATATATGTTCAAC,1
ACAATATGAAAATAAT,1
ACAATCATCTTAGCAT,1
ACAATCCAACAACTAA,1
ACAATCCACCCATCTT,1
ACAATCGGGCAAAAAT,1
ACAATCGTGAAACAAA,1
ACAATCTGAAGAACCG,1
ACAATCTTTTGCTCGC,1
ACAATGAAGGCCCCCC,1
ACAATGGACACACAAT,1
ACAATGTATCTCAAAA,1
ACAATTAAACAATGAA,1
ACAATTACCGTATACG,1
ACAATTAGCTTCACAC,1
ACAATTATATAACAAC,1
ACAATTCATGCAGGTA,1
ACAATTCCACACACCA,1
ACAATTCTTTTCACAT,1
ACAATTGGTCCCAATA,1
ACAATTTACAGGTATT,1
ACAATTTCTGCCTAAT,1
ACAATTTGGCCATAAT,1
ACAATTTTATGATACT,1
ACACAAAAAAAATCAA,1
ACACAAACGGAACAAC,1
ACACAAAGACTGGAAT,1
ACACAACAAGCTCTTC,1
ACACAACCGGTAGCGT,1
ACACAACTCATGCAGT,1
ACACAAGAAGTAGACA,1
ACACAAGAATAATAGG,1
ACACAAGATACAGACA,1
ACACAATACACGCGAA,1
ACACAATACCAAAAGC,1
ACACAATATAAAGGCT,1
ACACACAGAAATCCCA,1
ACACACAGCGGGTAAT,1
ACACACCAACATAAGA,1
ACACACCAGGTCGAGA,1
ACACACGTGATGTCCA,1
ACACACTGAAGGAAAC,1
ACACACTTAGAATAAT,1
ACACAGAAAAAATCAT,1
ACACAGAAGGAAGACA,1
ACACAGCAATGAGGCT,1
ACACAGGTGAGGGATG,1
ACACATACGAATACCA,1
ACACATATACACTGTC,1
ACACATCAAGAAAACC,1
ACACATCTAACTCCGC,1
ACACATGTTGAAAAGT,1
ACACATTAAACTTCTT,1
ACACATTACTAAAAGC,1
ACACATTCCATGGTGG,1
ACACATTCCCCACAAA,1
ACACATTCCGACCCTA,1
ACACCAAATCTTATCC,1
ACACCACGGCCAATAT,1
ACACCCACGATCGACG,1
ACACCCACGTCCATAG,1
ACACCCAGAGACATAA,1
ACACCCCAAAAACAGC,1
ACACCCCACCATTATT,1
ACACCCCATGCTTGTT,1
ACACCCCCCTTACCGA,1
ACACCCCTATGAGGGC,1
ACACCCGCCTTGAGGT,1
ACACCGTTTATCGCTT,1
ACACCTTAAACTGCTC,1
ACACCTTAATACTAAG,1
ACACCTTCATAAATAA,1
ACACCTTGAGCATATA,1
ACACGAACGCAACAAT,1
ACACGAAGTAATGTAT,1
ACACGAATTTCAAATA,1
ACACGACCTACAAATA,1
ACACGAGAAATTTCAC,1
ACACGAGGGCGTACCC,1
ACACGATAACTCCCTA,1
ACACGATTGTACACGA,1
ACACGCAAGTCAAGCT,1
ACACGCCAACACTAAC,1
ACACGCCAATTACAAG,1
ACACGGACTTTAACCT,1
ACACGGATCGTCTAGA,1
ACACGTGAGGGGGGAC,1
ACACGTGGATCCATTG,1
ACACGTTCAAGGGTGC,1
ACACGTTCTGACCTGG,1
ACACTAAACACACAGG,1
ACACTAAATGTAAGCC,1
ACACTAACTGACTTAC,1
ACACTACAGAGAATTG,1
ACACTAGGCTGCTCGT,1
ACACTAGTCCCTAGAA,1
ACACTCAAATAAAAAT,1
ACACTCCACTGGTTTC,1
ACACTGACTCAATATA,1
ACACTGGACTAAAATA,1
ACACTTAAAATCTACG,1
ACACTTAAGAAAATTA,1
ACACTTAATCGCTCCC,1
ACACTTACAATGTCAG,1
ACACTTATCTTTTAGG,1
ACACTTATGGAGTCGT,1
ACACTTATTATCAATG,1
ACACTTCTTATGGAGA,1
ACACTTGTAAAAGTCC,1
ACACTTTATCAGAACA,1
ACACTTTATTGAAATA,1
ACACTTTCGACCGAGA,1
ACAGAAAAACACCAAA,1
ACAGAAACATGGTATG,1
ACAGAACTAGTTGACC,1
ACAGAATACATGTCAC,1
ACAGAATTCTTAGTAC,1
ACAGAATTGAAGGTGA,1
ACAGACAACTTCATCC,1
ACAGACAGACCCCCGT,1
ACAGACAGCCTTCCCA,1
ACAGACCTCAACATTT,1
ACAGAGATCACGGCAA,1
ACAGAGCAGGCGTTTC,1
ACAGAGGTCCGGTCCA,1
ACAGAGGTCTCACTTA,1
ACAGAGTAAAAGTTGG,1
ACAGAGTACTAAATGC,1
ACAGAGTCAGGTCACA,1
ACAGAGTTCCTCACAA,1
ACAGATAGTTAAATAG,1
ACAGATCTGCAGAAGG,1
ACAGATGAGTTAATGA,1
ACAGATGGCCGAACGC,1
ACAGATTAGACGCAAG,1
ACAGCAAATTTATATA,1
ACAGCCAAACATTAAA,1
ACAGCCAGTTTCAACT,1
ACAGCCATAAGTGCAT,1
ACAGCCATCTCTCTTG,1
ACAGCCCAATCATCAA,1
ACAGCCCGTTCAACCG,1
ACAGCCGAACCTTACA,1
ACAGCCTGTTCCCCCC,1
ACAGCGAAATTAAATA,1
ACAGCGCCTAAACCTT,1
ACAGCGGACTAATTAT,1
ACAGCTAGGAAGCACG,1
ACAGCTCCCATGATTT,1
ACAGCTTCAAGCCGAA,1
ACAGGAATCGATATTG,1
ACAGGATCCAAAGTAT,1
ACAGGCATTGTAGCGT,1
ACAGGCCGTAGTTGTT,1
ACAGGGTGTTCGGATC,1
ACAGTAATGTTGAATC,1
ACAGTATTATGATGAC,1
ACAGTCAATGAAAACG,1
ACAGTCATTTCTTAAA,1
ACAGTCTTACTGCATG,1
ACAGTGATGGAACATC,1
ACAGTGTTAGTATAGA,1
ACAGTTAACCACAAGT,1
ACAGTTCCAAGAAGTG,1
ACAGTTGACGTACGTA,1
ACATAAAAGCTGTTGG,1
ACATAAACATTCATGT,1
ACATAAAGACCACGCC,1
ACATAAAGGTTTCCAG,1
ACATAAATTCAAAGAT,1
ACATAAATTTGACAAA,1
ACATAACCGATCAGTA,1
ACATAACTAGGAGCAG,1
ACATAAGAGATAATGA,1
ACATAATAATGTACAG,1
ACATAATGATCACCAT,1
ACATACAAACATCTTT,1
ACATACATGAGGCGTA,1
ACATACCCATCCCATT,1
ACATACCCTAAAATTA,1
ACATACTACCAACAAG,1
ACATACTCAGTCTAAT,1
ACATAGGAGAATTTTT,1
ACATAGGTACTCCCGA,1
ACATAGTGATTTTGAA,1
ACATATACAGGCTACA,1
ACATATACCGAAGATA,1
ACATATAGGATATCAC,1
ACATATCAACCTACTC,1
ACATATGAAGATAAGG,1
ACATATGACAGAAAAA,1
ACATATTAGTTCGATT,1
ACATATTTAGTGTGCA,1
ACATCAAAAAAGAAAC,1
ACATCAAAAATCCAAT,1
ACATCAAGCAATTGAT,1
ACATCAGAACGACAAA,1
ACATCCAAATAAATCG,1
ACATCCAATCTCATTC,1
ACATCCATTCCTAGGA,1
ACATCCCTCACAAACC,1
ACATCCTACAAATACA,1
ACATCCTATAGTGACA,1
ACATCCTGAAAACGAT,1
ACATCCTGAGAAGTCC,1
ACATCGACAAATATCT,1
ACATCGCGAGCTTCGT,1
ACATCGGCAGAATTTA,1
ACATCGTTATACAAAT,1
ACATCTACATGGCAAA,1
ACATCTACTGCATGAC,1
ACATCTATACTATCAA,1
ACATCTCAACAATACA,1
ACATCTCCTGACTCAA,1
ACATCTCTGGAACACA,1
ACATCTTCTCAATTGG,1
ACATGAAATACAGAGC,1
ACATGAAATTAGGACC,1
ACATGAACAGGTCCAC,1
ACATGAAGCATTATCA,1
ACATGACCAAACTAAT,1
ACATGAGCCGAAGGAG,1
ACATGAGCCGAGACCC,1
ACATGATAAACAGCTG,1
ACATGATATCTTACTC,1
ACATGATCAGACTCCA,1
ACATGCAACAAACTTG,1
ACATGCAAGGGAAGGC,1
ACATGCATACCGGCAC,1
ACATGCCACGATACCC,1
ACATGCTAGATGAAAA,1
ACATGCTCATAAACGT,1
ACATGCTTCCTGACGG,1
ACATGGAATCAATGAG,1
ACATGGCAGGACCTGA,1
ACATGGGTTAACAACG,1
ACATGGTACTGACATG,1
ACATGTCCCACAACCT,1
ACATGTGTTCGCCTGG,1
ACATTAATACACCCTC,1
ACATTAATTCATAACG,1
ACATTAGAAATTAACA,1
ACATTAGACGTTGCAT,1
ACATTAGTAAGAAAGA,1
ACATTATATTTTGCGA,1
ACATTATTGGATTCCA,1
ACATTCAAGGACAATC,1
ACATTCAAGTGCACCG,1
ACATTCAATAAGAGTA,1
ACATTCACCGCAATGT,1
ACATTCAGCAAAGGGC,1
ACATTCCAGTAAAAAA,1
ACATTCCTATTGTTCC,1
ACATTCGTATGCTACA,1
ACATTCTAACTAAATA,1
ACATTCTCAGTAACCA,1
ACATTGACAGAGAGTA,1
ACATTGACCCAATCTA,1
ACATTGCACTTCTAAT,1
ACATTGCAGTAAGAAG,1
ACATTGTAAAATCTGT,1
ACATTGTAGCTCTCGA,1
ACATTGTGAATTGTTT,1
ACATTGTTCGAAAACC,1
ACATTTACCAAGAAAC,1
ACATTTAGCCTTAAAC,1
ACATTTCATAGTCTAG,1
ACATTTGACGAATCCA,1
ACCAAAAAAACAAATT,1
ACCAAAAAACTAATTG,1
ACCAAAAACCTGGGAA,1
ACCAAAAAGACGCACT,1
ACCAAAAATAGACCTA,1
ACCAAAAATTCCAACA,1
ACCAAAACGATCCGTT,1
ACCAAAATATCAGTAG,1
ACCAAACAAAGCAATC,1
ACCAAACCAACTTACA,1
ACCAAACGCATACTTA,1
ACCAAAGATTCAAACT,1
ACCAAAGCATCGGCGA,1
ACCAACACACAACTAT,1
ACCAACACACACGGAG,1
ACCAACACTTTAAAAG,1
ACCAACCCACAGCGGT,1
ACCAACCCGTATCATA,1
ACCAACCGTTCTCCTT,1
ACCAACCTCTGTAGAA,1
ACCAACCTGCGCCAAC,1
ACCAACGAGCGGAACC,1
ACCAACTGTAGCATGA,1
ACCAAGAGACCCGAGA,1
ACCAAGAGTATATCAA,1
ACCAAGGCATACCGTC,1
ACCAATACTCGCCATT,1
ACCAATGAACGATTAA,1
ACCAATGTAATAGGCC,1
ACCAATTATGAACACT,1
ACCAATTTCTAAAGGC,1
ACCACAAAACGCTGAA,1
ACCACACAATTAAGAC,1
ACCACACATAGGTATT,1
ACCACACCGTCCTTAT,1
ACCACACGCGACCCTA,1
ACCACAGTTTTACGCC,1
ACCACATAAACGTACT,1
ACCACCACCGAATCAA,1
ACCACCAGCCATGTGC,1
ACCACCCCTAACCAGG,1
ACCACCTAGCATAGAA,1
ACCACGAATTATTTGT,1
ACCACGACGCGAAAAT,1
ACCACGCTGTTTTGGA,1
ACCACGTGGCATTCTG,1
ACCACTAACAATAGGA,1
ACCACTAATAGAAAAG,1
ACCACTATACGCTAAT,1
ACCACTGATATGTCAA,1
ACCACTGCGGCTAAAG,1
ACCACTTTTCACTTCG,1
ACCAGAACCATGCCTT,1
ACCAGAATAAAAGTGA,1
ACCAGACAATTAAGCA,1
ACCAGACATCGGTAAA,1
ACCAGACCTATATGCA,1
ACCAGACCTTATAGCA,1
ACCAGAGATAGCTCAA,1
ACCAGATGACAACCCA,1
ACCAGATGCGCCGACC,1
ACCAGATTCACCTTTT,1
ACCAGCGATCACAAAA,1
ACCAGCTACATATACA,1
ACCAGCTATTCTATAG,1
ACCAGCTTCAAGATAA,1
ACCAGGGACTTCTCTT,1
ACCAGGGTACAATAAT,1
ACCAGGTTTAGGGCCG,1
ACCAGTAACCGGATAT,1
ACCAGTATATGTCTTT,1
ACCATAAAACTCGTTC,1
ACCATAATGTTGCAAC,1
ACCATACAGATAATGC,1
ACCATACCACAGGCTA,1
ACCATACTGTACCTAA,1
ACCATAGCAACAAAGA,1
ACCATAGCCACTTAAT,1
ACCATAGTCACTATAA,1
ACCATATGATTAGCCC,1
ACCATATGCGATACCT,1
ACCATCAACTTTAAAA,1
ACCATCATTGCATGCC,1
ACCATCCACACGAAAA,1
ACCATCCAGTTGAAAG,1
ACCATCCCTTCACGAA,1
ACCATCGAACTCATGT,1
ACCATGATCCGAAAAC,1
ACCATGCAACCTCTGC,1
ACCATGTTCAAGACCA,1
ACCATTAAACTGATCT,1
ACCATTACCACGGGAA,1
ACCATTGAATGTGAAC,1
ACCATTGCTTCCAGTG,1
ACCATTGGCTTAGGAA,1
ACCATTGTCATGTAGT,1
ACCATTTAATTGACTA,1
ACCCAAATAGAAACAC,1
ACCCAACCAATAATCT,1
ACCCAATACGACAGAG,1
ACCCAATAGAAAACAC,1
ACCCACACTATCATCC,1
ACCCACAGCGATGGAT,1
ACCCACATAAACAGCA,1
ACCCACATGTCGTAAT,1
ACCCACGAACATTATT,1
ACCCACTCGCGTTTTC,1
ACCCACTCTACCAGGA,1
ACCCACTGACCGTAAG,1
ACCCAGCTAATACGCC,1
ACCCATAAACATGGCC,1
ACCCATATTCCGAAGA,1
ACCCATCTACGATTAA,1
ACCCATGACAAGCCTT,1
ACCCATGCCAAGTCAC,1
ACCCATTTTGCTTTCA,1
ACCCCAATATATCCGT,1
ACCCCATATGCGTACT,1
ACCCCCGCGCCTTGCC,1
ACCCCGAACCCACGCA,1
ACCCCGGGGTCAGCCA,1
ACCCCGTTTAAAATAA,1
ACCCCTATGTCAGTAA,1
ACCCCTGGTGCCCACC,1
ACCCGAAGAACCGCTT,1
ACCCGACGGGGCCCAA,1
ACCCGAGAGAACAGCT,1
ACCCGAGAGCAAGCCA,1
ACCCGCACCACAAACC,1
ACCCGCACTACACCTG,1
ACCCGCAGGAATATTG,1
ACCCGCATAAGCAAAC,1
ACCCGCTGTTCTACTA,1
ACCCGGGTAATGCTTG,1
ACCCGTACCCACCTAC,1
ACCCGTCTCTGTATAG,1
ACCCTAAGCCAGCCCG,1
ACCCTACCCGACACCC,1
ACCCTACGAGCGGAAA,1
ACCCTAGACTAAAAAA,1
ACCCTAGCTCTTTTTA,1
ACCCTAGTTGGGTAAT,1
ACCCTATAACATCCAC,1
ACCCTCAGACTTTAAG,1
ACCCTCCTCTTTGGTA,1
ACCCTCGCCCCTGCAC,1
ACCCTCGTATGAGAAT,1
ACCCTGAACTAATGAA,1
ACCCTGGTTATACCCC,1
ACCCTTAAAAAACACG,1
ACCCTTGGATTTTATA,1
ACCCTTTAGATCCCTA,1
ACCCTTTAGCTTTAAG,1
ACCGAAAATGGGAACT,1
ACCGAAACGATGAATA,1
ACCGAAGAATCACAAA,1
ACCGAATCGTAGCCCG,1
ACCGAATGAGTTTTCG,1
ACCGAATGCTCTACAG,1
ACCGAATGGCCCCCCT,1
ACCGACAAAATATACT,1
ACCGACACGCCAAGGT,1
ACCGAGGCATGGGGAT,1
ACCGATCAGCCCAAGA,1
ACCGATTGGGGAGGTA,1
ACCGCAACTAATGGTC,1
ACCGCAAGGTAAACAA,1
ACCGCACTCTCTGAGT,1
ACCGCATCGTTGCCAG,1
ACCGCCAACCGGATCT,1
ACCGCCCAATGTGGCC,1
ACCGCCCCCGGAATCG,1
ACCGCCTACCACGTTG,1
ACCGCCTGACAATTTA,1
ACCGCGCTTTCTGGCT,1
ACCGCGGATTACCTAC,1
ACCGCTAACACCTCAA,1
ACCGCTAAGTAAGAAT,1
ACCGCTTTACGTCCGC,1
ACCGGAAAAAAAACTA,1
ACCGGAAATCAAACGC,1
ACCGGAACGCAAGACA,1
ACCGGACATGACAACC,1
ACCGGATAACTCTCCC,1
ACCGGCAATATATCGA,1
ACCGGCATATAATTGA,1
ACCGGCCTATCCCGGG,1
ACCGGCTTGCATAAAC,1
ACCGGGAATTGTTGCA,1
ACCGGTATAATATAAT,1
ACCGGTGAAATTAAAA,1
ACCGTAAATATGTCTT,1
ACCGTACACATAACCC,1
ACCGTAGGAGAAGTAG,1
ACCGTATCTACATAAG,1
ACCGTCAAAAAATGTC,1
ACCGTCAGAAATACGT,1
ACCGTCAGTGAAATCA,1
ACCGTCTAAAAAAAGC,1
ACCGTTGCAGATATTC,1
ACCTAAACTAAAGCCA,1
ACCTAACAGCTAGAAC,1
ACCTAAGGAATTTAAA,1
ACCTAAGGAGAAATGT,1
ACCTAATCAACCCCGC,1
ACCTACAGAGAACCAA,1
ACCTACATAAAACTAA,1
ACCTACGCAACAAAAA,1
ACCTACGGAGTTATCA,1
ACCTACGGATACTTAC,1
ACCTACTAACAAACTT,1
ACCTAGATACCTCTGA,1
ACCTAGATGACACATC,1
ACCTAGGTTAGTCACT,1
ACCTAGTATACATCAA,1
ACCTATAAAACCAATG,1
ACCTATAACATGCCCA,1
ACCTATGGGTTTCAAA,1
ACCTATGTGGGCTTAA,1
ACCTCAATAACAATTA,1
ACCTCATTCGAGGATT,1
ACCTCCGCAAACTTAT,1
ACCTCGCCCCACAGGT,1
ACCTCTAAACCACTGA,1
ACCTGACAAATTAAAA,1
ACCTGCAAAAATGGGA,1
ACCTGCCAATTCCCAC,1
ACCTGCTCTATCATAC,1
ACCTGGCAGAACTAAA,1
ACCTGGGGACTTCGCC,1
ACCTGGTCAAGAGTTA,1
ACCTGTAAAAATAATT,1
ACCTGTCCCACATAAG,1
ACCTTAACAGAGTTTC,1
ACCTTAATAGAGCGAT,1
ACCTTACTAACGGTTT,1
ACCTTATAAGCCAATA,1
ACCTTATACCCTAGTA,1
ACCTTATCATAGTTGT,1
ACCTTATGAAACTATA,1
ACCTTCAACCCGCGTC,1
ACCTTCAACTGTCGCT,1
ACCTTCCAATTTGACA,1
ACCTTCCCAAAATGGA,1
ACCTTGTGATTCACAG,1
ACCTTGTTATCGCTAC,1
ACCTTTAAACCATCGG,1
ACCTTTCGAATCGCTA,1
ACCTTTCTGTTTCTTG,1
ACCTTTTTACTCATTT,1
ACGAAAATTAGTGAAA,1
ACGAAACACATCACAG,1
ACGAAATAGCTCGAAA,1
ACGAAATATCAGAAAC,1
ACGAAATATTCTTATA,1
ACGAAATCATGAGAAT,1
ACGAAATTCAGATATT,1
ACGAACAAACAATATC,1
ACGAACAGTTCGGAGT,1
ACGAACGGCTAAGTCT,1
ACGAAGAAAGTAATGA,1
ACGAAGAAGGAAGATT,1
ACGAAGACCTTAACCA,1
ACGAAGCCCGACTGTA,1
ACGAAGTATTCGCACA,1
ACGAAGTCGTTAAGCG,1
ACGAAGTGCGTCATAT,1
ACGAATACGTGAGCCA,1
ACGAATTAACCAGCCT,1
ACGAATTACAGCCGAA,1
ACGAATTTGAACAAGC,1
ACGACAAAAGAACTGT,1
ACGACAACTAGGATAT,1
ACGACAAGACAAGAGG,1
ACGACAATTACAGTAC,1
ACGACACGCGCCCTCA,1
ACGACAGCAACCATAA,1
ACGACCCAGGATTTAC,1
ACGACCCTTTGGCCAA,1
ACGACCGTCACGCATC,1
ACGACCTAAAATGCAA,1
ACGACCTCGGGAACGG,1
ACGACCTGATATAACT,1
ACGACCTTGCGGCCCT,1
ACGACGGTCACTCTGT,1
ACGACGTGGAATTTTT,1
ACGACTAATTGCTTCA,1
ACGACTCATAATATAT,1
ACGACTTAATACTCCC,1
ACGAGAAACGAAAAAT,1
ACGAGACAGATTGGCA,1
ACGAGATTAACATAAA,1
ACGAGCATGATACGAA,1
ACGAGCATTAAAGAAT,1
ACGAGCTTGGAAGACA,1
ACGAGGAGCAGAAGTT,1
ACGAGGAGTAATCTAG,1
ACGAGTAATGCGTTAA,1
ACGAGTACCTACGTAC,1
ACGAGTATCAATTACA,1
ACGAGTCAAGGAATGC,1
ACGAGTGCGGAGAAAA,1
ACGAGTGTAAAAACAA,1
ACGATAAAAGATTAGT,1
ACGATAAACACTTAAT,1
ACGATAAACTCACCAT,1
ACGATAACATGCGTAA,1
ACGATACACGCGGTTT,1
ACGATACCCACTCCGT,1
ACGATACCTCTGCGTC,1
ACGATACTATTTACCA,1
ACGATATATTATCAGG,1
ACGATATCAAGAGCCC,1
ACGATATGTAGCCATC,1
ACGATATTGAAGTCAG,1
ACGATCAAGCCTAAGA,1
ACGATCTATGAAAAAT,1
ACGATGTACGTTTCAC,1
ACGATTAAGATTTATT,1
ACGATTATAGCATGAG,1
ACGATTCAACCAAATT,1
ACGATTTACCCAGTCT,1
ACGCAAATACTGCCCG,1
ACGCAACCTATTCGAG,1
ACGCAAGACGATAATT,1
ACGCAAGATCTGCCTA,1
ACGCAATCAAGAAACT,1
ACGCAATCAGCTGTTT,1
ACGCACCTCACGATCA,1
ACGCACGTTTCGATGC,1
ACGCACTATTACTAGG,1
ACGCAGGGATAAACCC,1
ACGCAGTACCTACAAA,1
ACGCATAAATAGACCT,1
ACGCATCCCGTTTTCT,1
ACGCATCGATCTAGGT,1
ACGCATTGATCACGGG,1
ACGCCAAAAAAACGAA,1
ACGCCAATAAAGTGAC,1
ACGCCCGGCTTTTAAA,1
ACGCCGCGCCAGTAGC,1
ACGCCTCGATAGCAAT,1
ACGCGAAAAATTCTAC,1
ACGCGAGATTTGTCCA,1
ACGCGAGGATGGCAAA,1
ACGCGGCCTAACATCC,1
ACGCGGTGAAAAACAC,1
ACGCTAACAAGGCTGA,1
ACGCTAATTTGTGCAC,1
ACGCTATGAGTCCCCT,1
ACGCTCATAATGCGTA,1
ACGCTCCAGCATACTA,1
ACGCTCGGTAGCTCGG,1
ACGCTGCAAATCGCGA,1
ACGCTTTAGCGAACAC,1
ACGGAAAGACAACTGA,1
ACGGAACGATTGACAA,1
ACGGAAGAATGTAACT,1
ACGGAAGTTTTTACTA,1
ACGGAATATGAGTCTA,1
ACGGAATCAAAAACCC,1
ACGGAATCGCTTTTGG,1
ACGGACTGCTGAAAAG,1
ACGGAGTAACCATCGA,1
ACGGATAGCGACTTTG,1
ACGGATAGTAAGATCA,1
ACGGATTAAAACCAGA,1
ACGGCAACTAATGACA,1
ACGGCAGCAAAACTCA,1
ACGGCATCTGTAAAAG,1
ACGGCATTCAAAAAAC,1
ACGGCCAGAAAGTATG,1
ACGGCCCGGGCCGAGT,1
ACGGCCTCATAGATAT,1
ACGGCGACAGTAAATA,1
ACGGCTAATTTAAAGA,1
ACGGCTATTATGTATT,1
ACGGGAAATTTCTTAC,1
ACGGGAATCAGAAAGT,1
ACGGGCAAAATACTGA,1
ACGGGTATCGGCAGTG,1
ACGGGTTATTCCTTCA,1
ACGGTAGACAAGGCAG,1
ACGGTATACATGAAAT,1
ACGGTGGAGATGTAGT,1
ACGGTGGGCCCGCCCA,1
ACGGTTAGCTATTTAA,1
ACGTAAAAACTCTCTG,1
ACGTAAAAGTGTTACT,1
ACGTAAAATTTTCTGA,1
ACGTAAGCATAGAGCA,1
ACGTACAACTTATTGT,1
ACGTACGAAACTTTTA,1
ACGTAGAGACAAAACA,1
ACGTAGATTCGGGACC,1
ACGTAGTTCTACTATC,1
ACGTATAACTGCGCAA,1
ACGTATCATCGAAGAA,1
ACGTATGAGACAATAT,1
ACGTCAAATTGGCTAA,1
ACGTCAACTTCGTTAC,1
ACGTCAATGACTATAC,1
ACGTCCCATAACGTAG,1
ACGTCCGTACCAAGAC,1
ACGTCTAACGGCGATA,1
ACGTCTAGTGCAAGTG,1
ACGTCTGGTTCCCGGA,1
ACGTGCCACTATAATA,1
ACGTGCCAGTATGACT,1
ACGTGCTCCCGTGACT,1
ACGTGTTTGTTTATAG,1
ACGTTAATATGATAAA,1
ACGTTCAGATGACTAT,1
ACGTTCCCACCCGAGA,1
ACGTTCGAATGCACGA,1
ACGTTCTACCCACGAG,1
ACGTTGCATATGAGGA,1
ACGTTGCTAGGGCTAC,1
ACGTTTATAAACAACG,1
ACGTTTTCTGAAATAC,1
ACTAAAAAAGAATAAA,1
ACTAAAAACTTCAAAT,1
ACTAAAATTCCCTGTA,1
ACTAAACAAATGTATT,1
ACTAAACACTATGAAA,1
ACTAAACTCCCTACAT,1
ACTAAACTTAGAAACA,1
ACTAAAGAGACATTTA,1
ACTAAAGATAATATGA,1
ACTAAAGCCCTTCTGA,1
ACTAAAGTTCGCTAGG,1
ACTAAATAACAAAGAT,1
ACTAAATAATACCAAA,1
ACTAAATTACAAACCT,1
ACTAAATTTCTCTATA,1
ACTAACAACAATAATG,1
ACTAACACACCTTTAT,1
ACTAACAGGACAAACA,1
ACTAACCATCGAGCGT,1
ACTAACGCACAATAAA,1
ACTAACTAGAGGGCGA,1
ACTAACTAGTACGTCC,1
ACTAACTTAGTCTTGC,1
ACTAACTTGAAGCCAC,1
ACTAACTTTTCCAACT,1
ACTAAGATAAGCCATT,1
ACTAAGCAACATCTAA,1
ACTAAGCGAAATGCTA,1
ACTAAGCGGAATCAAA,1
ACTAAGGAACTTCTCC,1
ACTAATAACGAGCGTG,1
ACTAATAATTTCCAAC,1
ACTAATAGATAACCAT,1
ACTAATATACACTAGT,1
ACTAATCAACCTGCAT,1
ACTAATCACTACGCCA,1
ACTAATCTAACCTCAC,1
ACTAATGAAGCACATC,1
ACTAATGATTGTATCT,1
ACTAATGCAAAGCAAA,1
ACTAATTATAGTATGT,1
ACTAATTTCGGCAACA,1
ACTAATTTTGGTCTAT,1
ACTACAAAAAAAGAGT,1
ACTACAACAACCTAAG,1
ACTACAACGGTTAAGG,1
ACTACAATAAACAAGA,1
ACTACAATCGGTACTA,1
ACTACAATTCCCCCAT,1
ACTACACAATAACAGA,1
ACTACATTTAGAAATC,1
ACTACCATTTGATTTT,1
ACTACCCACAGCACCT,1
ACTACCCTCAATATGC,1
ACTACCCTTCCCTGTA,1
ACTACCTTAGATGTCC,1
ACTACGAAACAACAGA,1
ACTACGACGTGAAACA,1
ACTACGATATCCTTAA,1
ACTACGTCTTAGAAGG,1
ACTACGTTGATAAAGC,1
ACTACTAAAATACAAC,1
ACTACTAGCACGCGCC,1
ACTACTCGCAATCAGA,1
ACTACTTAAGACCACT,1
ACTACTTTGACTATAT,1
ACTACTTTGTTAGTAT,1
ACTAGAACTATATCAC,1
ACTAGAATAATGATAG,1
ACTAGACTCCCATACA,1
ACTAGATATGCACGAG,1
ACTAGATGTTCGTAGA,1
ACTAGATTACTCATAA,1
ACTAGCAGAACAAGAC,1
ACTAGCGTATTAATAC,1
ACTAGCGTCGGAAATA,1
ACTAGGACAAGTAACT,1
ACTAGGATGTGTATCT,1
ACTAGTATTTTAATCC,1
ACTAGTCGTGGAAAAA,1
ACTAGTGTTTTACAAA,1
ACTAGTTATTGCACAT,1
ACTATAAAGACCCAAA,1
ACTATAAAGATTTTTG,1
ACTATAACCTGTTATA,1
ACTATAAGGTATGACC,1
ACTATACACATGTTAG,1
ACTATACATAAGCTTT,1
ACTATATCTATGCTCC,1
ACTATATTGCTTGATG,1
ACTATCATATATCAAA,1
ACTATCCAAAAGGTAG,1
ACTATCCAAAATATTC,1
ACTATCCAACACAGGA,1
ACTATCGAAATTCTAT,1
ACTATCGTAATTATCG,1
ACTATCGTGGTAGCAT,1
ACTATCTGAGCACAAG,1
ACTATGAAGGCACCGT,1
ACTATGGATTATCAAT,1
ACTATGTATAATAATT,1
ACTATTAAATGGAAAT,1
ACTATTAACGAGCAAC,1
ACTATTAAGAACAAAA,1
ACTATTACGTTCTTTA,1
ACTATTAGCCTCACGC,1
ACTATTATCAAATGAA,1
ACTATTGAACAGTCAT,1
ACTATTGTCAACTCGT,1
ACTATTTGCAACTTTA,1
ACTATTTTTCACGCTG,1
ACTCAAAAAGCTCACC,1
ACTCAAACACAAACGG,1
ACTCAAATCAGTGGCC,1
ACTCAACAAAAAAACC,1
ACTCAACCAGATTCAT,1
ACTCAACTGTTTCATA,1
ACTCAAGACCTGCGGC,1
ACTCAATAACACGGGA,1
ACTCACACAATAATAC,1
ACTCACACACGCCTGG,1
ACTCACCAAATCAAAA,1
ACTCACCACGCATAAA,1
ACTCACCCCTCCTGAT,1
ACTCACGAGATAAACA,1
ACTCATATTGCCTCTA,1
ACTCATGAATCAATAA,1
ACTCATTAAAGTAAGA,1
ACTCATTACACCGTCT,1
ACTCATTCCTAAAATC,1
ACTCCAATCTCGGTGT,1
ACTCCAATGCAGAATA,1
ACTCCAGAAAAGCATT,1
ACTCCAGACTTTAAGG,1
ACTCCAGCTGAATTCT,1
ACTCCATATAAGATTA,1
ACTCCCAACCTAACTC,1
ACTCCCGTGACGAGAC,1
ACTCCGACGCCTGCTG,1
ACTCCTAACCATACAC,1
ACTCCTCCATACGAAT,1
ACTCCTGAAACAAAAT,1
ACTCGAAACAAGACAT,1
ACTCGAGTCCGTACAT,1
ACTCGATCTCTTCTCA,1
ACTCGCAGGGAAACAC,1
ACTCGCCTGTCTTACG,1
ACTCGCTAATATAACC,1
ACTCGGGTACCATTAA,1
ACTCGTAAACCACCAA,1
ACTCGTGCGGCCTACA,1
ACTCTAAAACAAAACC,1
ACTCTACAAGTCACGT,1
ACTCTACAATTTTAGT,1
ACTCTACAGAACTACA,1
ACTCTAGTCCAAGATC,1
ACTCTATAGGATGACA,1
ACTCTATCCCACTTAA,1
ACTCTATGCATCATAT,1
ACTCTATGCCACAGAA,1
ACTCTCACCGAAAGAC,1
ACTCTCAGCACCACCT,1
ACTCTCCAAACTGGCT,1
ACTCTCGATGGAACAC,1
ACTCTCTAACCTGAAA,1
ACTCTCTTTCACCCTA,1
ACTCTGCCTTATTAGA,1
ACTCTGTTATATTTGG,1
ACTCTTAAACAGAATT,1
ACTCTTAACTCCGAAG,1
ACTCTTATATATGCGG,1
ACTCTTGGCTTCAGAG,1
ACTGAAACAACCAACC,1
ACTGAAACATAATACT,1
ACTGAACTACAATTCA,1
ACTGAAGAATTATAGA,1
ACTGAAGTCCCGTATA,1
ACTGAATTAAGATACA,1
ACTGACAATAATCACT,1
ACTGACAGACCAACAT,1
ACTGACATTTACAATG,1
ACTGACCCTTCAACCC,1
ACTGACCGCAATCGTT,1
ACTGACCTTCCAAAAG,1
ACTGACTGTAAGTTTT,1
ACTGAGAAGGTGCCTC,1
ACTGAGACGTGAAGAA,1
ACTGAGATTCAAAAAT,1
ACTGAGGAGATACGTG,1
ACTGATACGAGGACAC,1
ACTGATAGCGTTCCTA,1
ACTGATAGGCGTACCC,1
ACTGATTGTCTCCTTA,1
ACTGCAAATATACTAG,1
ACTGCACCCTATATTA,1
ACTGCAGCCTTGAACA,1
ACTGCCCAGCGAAATA,1
ACTGCGTATAATAACT,1
ACTGCGTTAGCAGGCC,1
ACTGCTAAATATCAAG,1
ACTGCTAAGCAATATG,1
ACTGCTATCACTCAGT,1
ACTGCTCCGCACGACC,1
ACTGCTGGTCACCTGA,1
ACTGGAAATCGGAAGA,1
ACTGGAACGGAGACTA,1
ACTGGAAGATTAGCGT,1
ACTGGACCCAAAAAGA,1
ACTGGACTCTGTTGAA,1
ACTGGATTAGCAGAGA,1
ACTGGCCAGCCGTGGA,1
ACTGGCCTCTTGCATA,1
ACTGGCGGAGAACAGA,1
ACTGGCGTAACGGACC,1
ACTGGCTCTAGATATA,1
ACTGGCTGTTCCCCGT,1
ACTGGCTTGCAAAAAC,1
ACTGGGGTCGCGACGG,1
ACTGGGTTTCTGAATT,1
ACTGGTATTTATTAAG,1
ACTGGTTATTAGTGCC,1
ACTGTAAATTCCACCA,1
ACTGTAATAAATCTAA,1
ACTGTAATTCCAATAA,1
ACTGTATAACGTGATC,1
ACTGTATGCTTAAAGG,1
ACTGTCCGTTTAAATC,1
ACTGTCTCAGACCAAC,1
ACTGTTCCTTAACTAG,1
ACTGTTGCAAATTTCG,1
ACTGTTTTGATTAAGA,1
ACTGTTTTTCTGTATC,1
ACTTAAAATGTCCATC,1
ACTTAAACCAGAAGAT,1
ACTTAACAAAGGATTG,1
ACTTAACACTATTTCA,1
ACTTAACATTCTCATC,1
ACTTAACCCAAAGCAT,1
ACTTAAGAAGTCGTAG,1
ACTTAAGAGAAGATCG,1
ACTTAAGATGTTAGAA,1
ACTTAATCCAAGGGTT,1
ACTTACCATTCCAACA,1
ACTTACGTACAAATAT,1
ACTTACTGAAAAATCG,1
ACTTACTGAATTACAC,1
ACTTAGAATGTCGTAC,1
ACTTAGGAGATACTCT,1
ACTTAGTAAAACAATA,1
ACTTAGTCGTTTAAGA,1
ACTTATAAACATACAC,1
ACTTATAATTTACTAG,1
ACTTATATATATTAGA,1
ACTTATATTAGTAAGA,1
ACTTATGAGCCGTTAT,1
ACTTATGCTAGATTTA,1
ACTTCAAATCCGATCT,1
ACTTCAATAGGACCGT,1
ACTTCACTGACGAACA,1
ACTTCAGTATTCAAGG,1
ACTTCATAGGACACAG,1
ACTTCATTATGCTAAT,1
ACTTCCACCCAAACCA,1
ACTTCCATTTTATTTA,1
ACTTCCCATAGATAGA,1
ACTTCCCCACGGGTCC,1
ACTTCCGATTTTAGTC,1
ACTTCGATAACTTATA,1
ACTTCGATAATGTTAT,1
ACTTCGATTAGCGGTA,1
ACTTCGGCAACTAAAC,1
ACTTCGTGACATAACG,1
ACTTCTTGCCTCGCAC,1
ACTTGAGAATAAAATA,1
ACTTGATAATCTCATT,1
ACTTGATGATTGTCCA,1
ACTTGCAATCAGGTAA,1
ACTTGCCAAGCAGCCC,1
ACTTGGACTCTAACAC,1
ACTTGGCGATTACATA,1
ACTTGGCTAACAAAGG,1
ACTTGTAACTACCAGC,1
ACTTGTCAAAGTTGTG,1
ACTTGTTGAGTTTCCG,1
ACTTTAACAATTGGAT,1
ACTTTACCAATAAAAC,1
ACTTTAGCAGGCAGGT,1
ACTTTAGTCTTCTATT,1
ACTTTATAGGTTCCGG,1
ACTTTATGATAGGACG,1
ACTTTCAGCTGGCGCA,1
ACTTTCATTCAGCGTT,1
ACTTTCCTCACCTTGC,1
ACTTTCGAAAACTAAA,1
ACTTTTGCTTGCTTTC,1
ACTTTTGTCATCATCG,1
AGAAAAAATAGCATAA,1
AGAAAAACACGCCACA,1
AGAAAAAGAAGTAGAA,1
AGAAAACAAAGCGCAC,1
AGAAAACATACTACCT,1
AGAAAACTATAATAGA,1
AGAAAACTGAACGATT,1
AGAAAACTGTAAACAA,1
AGAAAACTTCACCGAT,1
AGAAAAGTTAGAGACC,1
AGAAAATCCGATGACA,1
AGAAAATCCTGAGAGT,1
AGAAAATGACCATGAC,1
AGAAAATGATCCATGA,1
AGAAAATGGCTCCTCC,1
AGAAACAATGGGCAGG,1
AGAAACCATTGTCCAT,1
AGAAACCCGGCTACTT,1
AGAAACCTAACACCAA,1
AGAAACCTCTGCCCCA,1
AGAAACGAAACTGCCA,1
AGAAACGACACTACCA,1
AGAAACGAGTTGGATA,1
AGAAAGCAAACGTCAA,1
AGAAAGCCGCGTGTAA,1
AGAAAGCCTCTAAAAA,1
AGAAAGGCCTAGATGG,1
AGAAAGTAAAGAAAAA,1
AGAAAGTCGTTAGTTG,1
AGAAATAAATCGTCAA,1
AGAAATAACACCTGTC,1
AGAAATAATGATAGAT,1
AGAAATCACGAAAACA,1
AGAAATTAAAGAAATG,1
AGAAATTAATTTTCTT,1
AGAAATTACAAAGAAA,1
AGAAATTCTTATGTGA,1
AGAACAAACCATATAC,1
AGAACAAAGTACGGAT,1
AGAACAAATATTATTT,1
AGAACAATAAACATAA,1
AGAACAGAGCCTTTAT,1
AGAACCAAAATAATTA,1
AGAACCAAATGCTACG,1
AGAACCACACAATATA,1
AGAACCACCATAGTGT,1
AGAACCCAAACCAACG,1
AGAACCCAAATCTCTG,1
AGAACCCAACACGGAG,1
AGAACCCGACCTAGAC,1
AGAACCCTAAGTTTAC,1
AGAACCGCTTTGATGG,1
AGAACCTAACATAACT,1
AGAACGAAATTCGGCT,1
AGAACGAACTGTCGCG,1
AGAACGGCACTCTCCG,1
AGAACGTACCACCTAA,1
AGAACTAATATGAGAA,1
AGAACTCCATAACACA,1
AGAACTGTTCCGTCCA,1
AGAACTTGGAGGAAAA,1
AGAACTTTCTAACTCA,1
AGAAGAAAACACTAGT,1
AGAAGAAAACATCTAA,1
AGAAGAAAGCCTAATT,1
AGAAGAAGATTCGAAT,1
AGAAGAATGATAGGAG,1
AGAAGACTTTCATTAT,1
AGAAGAGATGTGAAAA,1
AGAAGAGATTTGAACA,1
AGAAGAGGCCATAGAG,1
AGAAGATGACACCACA,1
AGAAGCAAAAACTTTA,1
AGAAGCCAACAATTCG,1
AGAAGCGGGTGCGGAG,1
AGAAGGATATAGACCA,1
AGAAGGCAATGTCTCG,1
AGAAGGGCGACTCATC,1
AGAAGGTGGAGATACT,1
AGAAGGTGTACCGCCC,1
AGAAGTATCAATGATT,1
AGAAGTATTAAGAGCA,1
AGAAGTCAACTTAGTG,1
AGAAGTCCTATCGAGA,1
AGAAGTGTGCTAAATC,1
AGAATAAAACGCGAAT,1
AGAATAAAAGCCCTCT,1
AGAATAAACTTCCGAG,1
AGAATAATGCATCTTA,1
AGAATACAAATATTGA,1
AGAATAGATTGGTCTC,1
AGAATATAAAACACCC,1
AGAATATAAGACAAAA,1
AGAATATCGAACGAAC,1
AGAATATTTTCTGGAC,1
AGAATCAATTGCTACA,1
AGAATCCTTGAAGAAT,1
AGAATCTGACTACGAG,1
AGAATCTTTTTGAAAA,1
AGAATGCCTACGACTA,1
AGAATGCTAAGCCTGA,1
AGAATGTAAGGTTGTA,1
AGAATTCAGCTCCCCA,1
AGAATTCATACGACAA,1
AGAATTCTAATAAATT,1
AGAATTCTCAAAGTTA,1
AGAATTGAAAGTAAGT,1
AGAATTTACGACAAGA,1
AGAATTTGCTTCACCT,1
AGACAAATCTGACGCG,1
AGACAACAATTGAATA,1
AGACAACCATATTGTT,1
AGACAACCTATCATTC,1
AGACAACTCTATAGTT,1
AGACAAGCGACCCACG,1
AGACAAGGCCAACATT,1
AGACAAGGGAAATAAA,1
AGACAAGTATTGATGA,1
AGACAATACTCGCAAT,1
AGACAATCAGTCGATT,1
AGACACAAAGCATCTA,1
AGACACAACACTGGTG,1
AGACACAGTCTAAAAA,1
AGACACCAAAATAGAA,1
AGACACCAACCAAAAC,1
AGACACCAGAAGCTAG,1
AGACACGGGCAGTTAC,1
AGACACTAAAATCAGG,1
AGACACTGAATGAAGT,1
AGACACTTTATATTAA,1
AGACAGAACATGACGA,1
AGACAGAATACTTATA,1
AGACAGAGAATACCAA,1
AGACAGAGCCGGGTCT,1
AGACAGGAACGTACGA,1
AGACAGGACCAATGGG,1
AGACATAATTATCATA,1
AGACATCCGCAACAAT,1
AGACATGATTTTTTAT,1
AGACATTAACGACGGA,1
AGACATTAATGCTAAA,1
AGACATTACTAACGCT,1
AGACATTGAATCGGAT,1
AGACCAAACAGTAGAC,1
AGACCAATAAGACCGA,1
AGACCACCAATGTGTG,1
AGACCACTAGCAAGTA,1
AGACCAGACACTCTTA,1
AGACCAGTTTTCTAGC,1
AGACCATACTACATTT,1
AGACCATGGACATGAG,1
AGACCCAGCTCGAAGT,1
AGACCCATTACCAACA,1
AGACCCATTCAGGGAC,1
AGACCCCAAAAAGAAG,1
AGACCCCCACTAAAAG,1
AGACCCCTCGAATACC,1
AGACCGAAAGCGATCA,1
AGACCGACAAAAGCTA,1
AGACCGGTAAGGTAAA,1
AGACCGTCAAACGACA,1
AGACCTAAACTTGAGT,1
AGACCTAAGTGCACGC,1
AGACCTGCTAAACATA,1
AGACCTGTCGGACAGA,1
AGACCTTAAAAAAAAT,1
AGACCTTACCAAAGCG,1
AGACGAACTATCCACA,1
AGACGAATAAAATTGG,1
AGACGAATGATTACCG,1
AGACGACCAATGATAA,1
AGACGATCATTGTCCC,1
AGACGATTCATACTAT,1
AGACGATTCCGAACCA,1
AGACGCAAGGCATCTA,1
AGACGCATTAAATCGT,1
AGACGCTAGATATCAT,1
AGACGCTCTGTACAGA,1
AGACGCTGTGACATAG,1
AGACGGACCAAGTCTT,1
AGACGGTCATACTGAG,1
AGACGTAAAATTTACC,1
AGACGTAACGCGACTC,1
AGACGTTTCGAATTAT,1
AGACTAAAAGCTTCGC,1
AGACTAAGCATGCTCA,1
AGACTACCCAAGCAAC,1
AGACTACCTCACAGCG,1
AGACTAGTAGTAGCCA,1
AGACTATCACAACTCG,1
AGACTCGTACGCCTCA,1
AGACTCTCACCAACCC,1
AGACTCTGGTAAACTA,1
AGACTGAGATCTGCTG,1
AGACTGATCTGACACC,1
AGACTGTGATAATAGA,1
AGACTTAAATTCAACA,1
AGACTTTCCATCCTAT,1
AGAGAAAACTGGCAGA,1
AGAGAAGCCTGATGTT,1
AGAGAAGTTCCACCAA,1
AGAGAATGAATCATAG,1
AGAGACAGTGACCCTG,1
AGAGACGAGGACACAA,1
AGAGACGTGATGGACC,1
AGAGACTAGCTTTGCC,1
AGAGACTATGATACGA,1
AGAGAGATTATAACGA,1
AGAGAGCAATAATAAT,1
AGAGATAACAGGGTAG,1
AGAGATATTACCAGCT,1
AGAGATCACCCGATAA,1
AGAGATCGGTGGACTA,1
AGAGATGTAGACAGGA,1
AGAGATTAAGGATCAT,1
AGAGATTATAACATCA,1
AGAGCAAAAACAAATC,1
AGAGCACACTAAGGGT,1
AGAGCATCATGTCCCA,1
AGAGCCAAAAAAGATA,1
AGAGCCATGCAAAACC,1
AGAGCCCCTCATGAAG,1
AGAGCCTATTAAAAGT,1
AGAGCCTGAGGCCACT,1
AGAGCGAACTTGACAC,1
AGAGCGAGTTTATGGG,1
AGAGCGTTTAGAATGC,1
AGAGGAAGCTAGCTCC,1
AGAGGACAGTTAAAGT,1
AGAGGAGATTCATCTC,1
AGAGGATTAATCTAAC,1
AGAGGATTCTTTCTTA,1
AGAGGCAGCCGCCTGC,1
AGAGGCCAAACCAACA,1
AGAGGCTGCATATCGA,1
AGAGGGCAAGCAGTCT,1
AGAGGTAGTGACCCAG,1
AGAGGTGAAAACAAGG,1
AGAGGTTAAACCGGCG,1
AGAGTAAAATAAAGAA,1
AGAGTAAGGTTATAAC,1
AGAGTAATTGATTTAC,1
AGAGTATCAATCTATA,1
AGAGTCAAACTCTCGC,1
AGAGTCACTTTAGATT,1
AGAGTCCAAGAACAAA,1
AGAGTCCGTCCGTTAC,1
AGAGTGAGGGTAAATT,1
AGAGTGGCTCTTGACT,1
AGAGTGTAACTATAAC,1
AGAGTTATCAAGCGCT,1
AGAGTTCCCACTTCAA,1
AGAGTTGAGCATCAAT,1
AGAGTTTAGAATAGAT,1
AGATAAACACTTAGTC,1
AGATAAACATCCCATG,1
AGATAAACGTAGCACG,1
AGATAAAGGATAAAAG,1
AGATAAATAACACATT,1
AGATAAATACACTCCT,1
AGATAAATCCAATGGC,1
AGATAAATGCATACAC,1
AGATAACATTTCCTTT,1
AGATAACGGACATAAT,1
AGATAACTAACTCCTT,1
AGATAATCATGACTCA,1
AGATAATGAACATAAA,1
AGATACAGATTCTAAG,1
AGATACCATATCAGAT,1
AGATACGCTTGCGACG,1
AGATAGATACCCCCAG,1
AGATAGCGAGCATTTT,1
AGATAGCTAAACCTGA,1
AGATAGCTCATAAACA,1
AGATAGGAGGGTGCTT,1
AGATAGGATGGACACA,1
AGATAGGTGCAAGCTA,1
AGATAGTTACAACAAA,1
AGATATACCCAAGATG,1
AGATATGGTCTCACAG,1
AGATATGTTATGCTCT,1
AGATATTGCGATTTCT,1
AGATCAAAATCTGAAT,1
AGATCAAAGGAATCCA,1
AGATCAACGTACCTAC,1
AGATCAAGGTGCAGGA,1
AGATCACCCTACTTAT,1
AGATCATAAACAATAC,1
AGATCATTAACATCGA,1
AGATCCAAGAAAAGAC,1
AGATCCACAAGAATTC,1
AGATCCTAAATATAGG,1
AGATCCTATTTTAACA,1
AGATCCTCAAAACTGG,1
AGATCGGCAGAAACAT,1
AGATCGTCCTACATAC,1
AGATCGTGAATGAGAG,1
AGATCGTGACTCGATA,1
AGATCTAAAAGACAAG,1
AGATCTACTATCAATG,1
AGATCTACTATTTGAA,1
AGATCTGACCCCAACA,1
AGATCTTACGGTCATT,1
AGATGACACCCTAATA,1
AGATGACACCCTTAAG,1
AGATGACCGAAAAATA,1
AGATGACTATTATACC,1
AGATGAGTAAGCAAGA,1
AGATGCCAACTATCTA,1
AGATGCCCTGACTATT,1
AGATGCGACTGTAGTT,1
AGATGCTTCATAAGCG,1
AGATGGAATGATGCGC,1
AGATGGCCGTGTTCGT,1
AGATGGGAGCACTCAC,1
AGATGGTGTCACGATA,1
AGATGTTGGATACCTC,1
AGATTAAAATTCAACA,1
AGATTAAACAATCGAG,1
AGATTAACCATCAATA,1
AGATTAATAAACAGAT,1
AGATTACACTCGATCA,1
AGATTACATCTCGAAC,1
AGATTACGCGACGAAC,1
AGATTAGACCAATAAA,1
AGATTATAATAACCCT,1
AGATTATGGCCAATCC,1
AGATTATTCTAGCTCA,1
AGATTCGAGAGACCGT,1
AGATTCTAGTTGTATC,1
AGATTCTTGCCTTAAA,1
AGATTGAACTTTAAAT,1
AGATTGCCAATCGGTA,1
AGATTGTAGGAAATAC,1
AGATTGTTAGCCTGTA,1
AGATTTATAATGAACT,1
AGATTTATGGCGAATT,1
AGCAAAACGCCCAGCG,1
AGCAAAACTAACTCAG,1
AGCAAAAGAACAACAT,1
AGCAAAATACTAAAGC,1
AGCAAAATTACTGACT,1
AGCAAACCAACTATAT,1
AGCAAACCGAATAAGA,1
AGCAAACTCAGTAACG,1
AGCAAAGCAGCATCCC,1
AGCAAAGTCAAAGCTG,1
AGCAAATACTAGATCT,1
AGCAAATTCTATAGCA,1
AGCAAATTGAAGGAGA,1
AGCAACCCCGAATCTT,1
AGCAAGAATAAATAGC,1
AGCAAGCGCCTATGTA,1
AGCAAGCTAACACTAT,1
AGCAAGTTTAAGTCCA,1
AGCAATAGAACGAAAT,1
AGCAATAGCATAAAGC,1
AGCAATATTTACCCAG,1
AGCAATCCGCATAGGT,1
AGCAATCCTAAGGGTG,1
AGCAATGCCATTTAGC,1
AGCAATGGTTCAGCTA,1
AGCAATTATAAGAACC,1
AGCAATTGCAATTCAC,1
AGCAATTTAAAACGAG,1
AGCACACAGTCCACTT,1
AGCACACGCTTAAGAA,1
AGCACAGAAGCGTTAC,1
AGCACCAATCAGTCAG,1
AGCACCATGAGAGGGT,1
AGCACCCATCCACCCA,1
AGCACCGCTCATACAT,1
AGCACGAGACTCTCAA,1
AGCACGTCTAAGACTA,1
AGCACGTCTCATAGCA,1
AGCACGTTCCTCTGAG,1
AGCACTGATAGGATCG,1
AGCAGAAAATATAGAA,1
AGCAGAATCTTCACTT,1
AGCAGAATGACTGACA,1
AGCAGACAGAGACTCG,1
AGCAGACAGCAAGATA,1
AGCAGACTCCCGATGC,1
AGCAGATGTACGCGAG,1
AGCAGATTTGGTAGCT,1
AGCAGCAATGAGTTCG,1
AGCAGGAATAACTCAA,1
AGCAGGTGATATAGAA,1
AGCAGTAATGCGCCAG,1
AGCAGTCTATTGGCGC,1
AGCAGTTGATACTTGA,1
AGCATAAAATACTACA,1
AGCATAAACCCTATTG,1
AGCATAAACCGACCGA,1
AGCATAATGGGAAACA,1
AGCATACCACCATTAC,1
AGCATAGTATCACTAG,1
AGCATATCCGATGTAC,1
AGCATGAATAAACCAC,1
AGCATGAGCGAATTCA,1
AGCATGCAGGTAGGCA,1
AGCATGCTGGTAAGGC,1
AGCATTAATTTCCAGC,1
AGCATTCAAGTAGTTT,1
AGCATTCTCAGGGATC,1
AGCATTTAAAGTGTAT,1
AGCATTTATACCATCT,1
AGCATTTATGCCTCAA,1
AGCATTTTATGCAAGG,1
AGCCAAAAGGAAAGAT,1
AGCCAACAGTACAAAT,1
AGCCAACGTTGTTGCC,1
AGCCAAGTCGAGTTAA,1
AGCCACAAATGGACGT,1
AGCCACACTGAAAATT,1
AGCCACACTGACTCAG,1
AGCCACATTCCTCGTT,1
AGCCAGGATGCTCACG,1
AGCCAGTCATCCCAAA,1
AGCCAGTTAACTTTGG,1
AGCCATCAGCGATAAC,1
AGCCATTCTGTTAACC,1
AGCCCAAGATCCAAGA,1
AGCCCAATCTATTAGA,1
AGCCCAGACTGAGATC,1
AGCCCTACGGTCCTAT,1
AGCCCTAGAAACGTTT,1
AGCCCTATAGAGCAAT,1
AGCCCTGATCCCGGGA,1
AGCCCTGTCTAAGTCC,1
AGCCGAAGTACATCCA,1
AGCCGATATTCGGTTG,1
AGCCGATGGGATATTA,1
AGCCGCAACTTAGACT,1
AGCCGCCCAAAGTACG,1
AGCCGCCTTTCCACGA,1
AGCCGGACAACGGTTT,1
AGCCGGACCATCAGGT,1
AGCCGGACTTCGCTAA,1
AGCCGGTTGAACCATT,1
AGCCTAAAGTGACACA,1
AGCCTACAAGTAGTAA,1
AGCCTACCTGGTGGAC,1
AGCCTAGATTGCCAAA,1
AGCCTAGGACGATCAT,1
AGCCTAGTTGAAGAGT,1
AGCCTCGAATAAAGAG,1
AGCCTCTAAACAATGG,1
AGCCTCTTATCAGCCC,1
AGCCTGAGATAGAACA,1
AGCCTTAAATTTCCAT,1
AGCCTTCAATGAAACG,1
AGCCTTCTCGGCGCTA,1
AGCCTTTCATCGCAGT,1
AGCGAAAAACATAAAA,1
AGCGAAACACATGGTT,1
AGCGAAATATCTAACT,1
AGCGAAGTTAACCAGA,1
AGCGAGAAAAAGTTAA,1
AGCGAGAACAAAAACA,1
AGCGAGCAGAAATATG,1
AGCGATACAGGAATTC,1
AGCGATGAGGACCCCA,1
AGCGATTAAAGGCAAC,1
AGCGATTCAGACAAGT,1
AGCGATTGTGAAATCC,1
AGCGCAAACCAGCACT,1
AGCGCAACAGCGGTCA,1
AGCGCAACCACCCTCA,1
AGCGCCACTATAGTAA,1
AGCGCCCACCTTTTAA,1
AGCGCCCGTATAGGAG,1
AGCGCCTGTTATCGAG,1
AGCGCCTTACAAACAC,1
AGCGCGATTTTTGGTA,1
AGCGCTGTGGTTCTGA,1
AGCGGAAGTAGTAAAA,1
AGCGGATCGCTGTTAC,1
AGCGGATTTCATGGTA,1
AGCGGCGCCTGAGTAT,1
AGCGGGATCCTTTCAG,1
AGCGGGTCATTAAAGA,1
AGCGGTATCAAACCAG,1
AGCGGTGGTAGTTATG,1
AGCGTAAAAGTTAGTT,1
AGCGTAAAGTCATTTG,1
AGCGTAATGTCTTTAC,1
AGCGTACGCTTAGCAC,1
AGCGTCAAACTGACTA,1
AGCGTCAAGGTGAAAT,1
AGCGTCCAAAAGAAAT,1
AGCGTCGAGTTGCTTG,1
AGCGTCTAATTCAAAC,1
AGCGTTAACCGACACC,1
AGCTAAAACTGCTTAT,1
AGCTAAATGTTAAGGT,1
AGCTAACACGGTAGAC,1
AGCTAACATTACTAAA,1
AGCTAACCACTTTTAT,1
AGCTAACCTCACACCA,1
AGCTAACTCAGACTAC,1
AGCTAAGAACCACTCG,1
AGCTAAGAGAAATCAG,1
AGCTAAGTATACAAGC,1
AGCTAATTGACAGATA,1
AGCTACAACCATAACA,1
AGCTACCACATACCGA,1
AGCTAGGCCGCGCATA,1
AGCTAGTAACCAGGTA,1
AGCTAGTGACAAATAT,1
AGCTAGTTCAACAGCT,1
AGCTATAACCATGACA,1
AGCTATCGATATGTAA,1
AGCTATGCAACAACCC,1
AGCTATTAACTATTAG,1
AGCTATTCGAACTCGG,1
AGCTATTGTCGATATC,1
AGCTCAAAATCCCAAT,1
AGCTCACAATACTACA,1
AGCTCATGACTCTTAA,1
AGCTCCCATCCCGTTC,1
AGCTCCGATCAACACT,1
AGCTCCTAGACAAATT,1
AGCTCCTGGGACCCAT,1
AGCTCGCGTAAACTAT,1
AGCTCGTGGATCGGAA,1
AGCTCTACAATCTCAA,1
AGCTCTCTTTTTTACC,1
AGCTGAATCCGACATC,1
AGCTGACCGCACAAGG,1
AGCTGATGGAAAAAGA,1
AGCTGCGTCTCATTTG,1
AGCTGCTACACATTAA,1
AGCTGGTAAATTTCAG,1
AGCTGGTAACAGTGCC,1
AGCTGTATTCCCAATG,1
AGCTGTGAGAACCAGG,1
AGCTTAAGTAGCAACC,1
AGCTTACCGACGATGT,1
AGCTTACTCATCTTGC,1
AGCTTACTTATATGTC,1
AGCTTATAAATAACCC,1
AGCTTATAAATGTCTT,1
AGCTTATCTTCGTATT,1
AGCTTCCATGAACTTA,1
AGCTTGACATAACTAA,1
AGCTTGCAGGGTATGA,1
AGCTTTATACCTCAAA,1
AGCTTTCAAGTGTCAA,1
AGCTTTCAATGCATAG,1
AGCTTTGAACCCAAAC,1
AGCTTTGGCTCCATAA,1
AGGAAAAAGTTGTATG,1
AGGAAACAGGTGAATA,1
AGGAAACATCCGGACT,1
AGGAAACCTAAGAGGA,1
AGGAAAGTGGCTTTAA,1
AGGAAAGTTAAAATAC,1
AGGAAATTAGTCATGA,1
AGGAACAGGAAATACA,1
AGGAACCGATCAAAGA,1
AGGAACTTGAGGTAGT,1
AGGAAGATAAAGCGTA,1
AGGAAGCCAGGAATAC,1
AGGAAGTACACTGAAT,1
AGGAAGTTGCTTTAGC,1
AGGAATACGCGAGGAA,1
AGGAATGAATGCAGAG,1
AGGAATGCTGCAAGTA,1
AGGACAATACCCTGAA,1
AGGACAATGTTTGACA,1
AGGACATCAAAGATTA,1
AGGACCAGGACTCAAA,1
AGGACCTTGGAGGAAA,1
AGGACGGAATCCGTCC,1
AGGACGTGCTACCATG,1
AGGACTATTCGTCGTC,1
AGGACTCAATCACTCG,1
AGGACTCTCCATTTAT,1
AGGACTTAGATTCGGC,1
AGGAGAACCAAACACA,1
AGGAGACGGAGTTATC,1
AGGAGATACACAGAGC,1
AGGAGATGAGCCAAAA,1
AGGAGATTTCAATCGC,1
AGGAGCTTAAACAGTG,1
AGGAGGGTATAAAAAC,1
AGGAGTAAAATGAACA,1
AGGATAACGCTAACAG,1
AGGATAATTAATCAAT,1
AGGATAGCCTCATACC,1
AGGATAGGGCTTAACA,1
AGGATATAATAAAACT,1
AGGATCAATAAAATAC,1
AGGATGAAAGAACCAA,1
AGGATGGAGCGTAAAG,1
AGGATGTAAGGTGAAG,1
AGGATTAAATGAGGTT,1
AGGATTACAGTCTACA,1
AGGATTATAACAGTGT,1
AGGATTTACAGTAAAT,1
AGGCAAAACTCAACTG,1
AGGCAAACTCCACGGC,1
AGGCAACAAAGTGCAT,1
AGGCAAGAATTAGAAA,1
AGGCAATGATGGTTAA,1
AGGCAATGTTAATCGC,1
AGGCACCAAAAACCCG,1
AGGCACCCAAAATAGG,1
AGGCACGGAACAAGTC,1
AGGCACGGCAAATATG,1
AGGCAGATAATTTCTT,1
AGGCAGCGTGGGAAAA,1
AGGCAGTGATGTAAAA,1
AGGCATATCAAAATTA,1
AGGCATATGACATGAC,1
AGGCATCGATCCTATA,1
AGGCATTCCACTGGAC,1
AGGCCAAAACTCCCAT,1
AGGCCAAATGCGGCCG,1
AGGCCAGAACCGAATA,1
AGGCCATAAATCAATC,1
AGGCCATTGAGAATCA,1
AGGCCCAAGCTAAAAA,1
AGGCCCAGAAAAAACC,1
AGGCCCCCACGGAGAA,1
AGGCCCGACCTGTAAT,1
AGGCCGACAAAACAAC,1
AGGCCGTAGAATGCTA,1
AGGCCGTGGCGAGGAT,1
AGGCCTAGTGACGGGG,1
AGGCCTCAACCATCGA,1
AGGCGAACGTCTTGAA,1
AGGCGAACTTTAATCG,1
AGGCGAGTCTTTAAGT,1
AGGCGCAAGTTAGGTT,1
AGGCGCATTTTGAGGT,1
AGGCGCCCACTTCAGT,1
AGGCTACACATACTAA,1
AGGCTACTAAAAGTCG,1
AGGCTATACCAGATTC,1
AGGCTCGCAATCCATA,1
AGGCTCTAATGCATAG,1
AGGCTCTTTACACTTT,1
AGGCTTGATAAAGGAA,1
AGGGAACCTGGTTAAA,1
AGGGACAACCACATTA,1
AGGGACTAACGCTTAA,1
AGGGATAAAAGATATC,1
AGGGATAAACCAACTG,1
AGGGCATTTATACTTG,1
AGGGCCTACCCCGACA,1
AGGGCCTTGGAAAGGC,1
AGGGCGGACATTAGAT,1
AGGGCTAAAATAAAAC,1
AGGGGAATATGCACTA,1
AGGGGACATGCGTGAT,1
AGGGGCACTTAGCCAA,1
AGGGGGCAACCTAGAT,1
AGGGGTAAATGAGACA,1
AGGGGTCTGAAAAGGC,1
AGGGGTCTTACGACAA,1
AGGGTAACACCACTGG,1
AGGGTACCCGAGTTAT,1
AGGGTACTAAGTTTAG,1
AGGGTAGCCAGGTTTA,1
AGGGTCCGCTACCAAA,1
AGGGTGATAGGGATGT,1
AGGGTGGACAAGTAAC,1
AGGGTTGCAAAGCAGT,1
AGGTAAACCCACAAAC,1
AGGTAAACGCATAATC,1
AGGTAACCCTTGATGA,1
AGGTAAGAGCCCCAGC,1
AGGTAAGATAAAACGA,1
AGGTAATCGATTACCA,1
AGGTACCCCAATGAAG,1
AGGTACTGCGAGCGTT,1
AGGTACTTATCGTTTA,1
AGGTATGCATAGAGAG,1
AGGTATTCACGTTACA,1
AGGTCACCTAGAGATC,1
AGGTCACTCTGAACTC,1
AGGTCAGCGTTTGACA,1
AGGTCATACAAGAGGT,1
AGGTCATGAGAGACCG,1
AGGTCCACAGAGTGAA,1
AGGTCCATTGGGAGAA,1
AGGTCCGTCCATTCCT,1
AGGTCTACAGAAGACT,1
AGGTCTATCGTATGCC,1
AGGTGAACATTTACTA,1
AGGTGCATCCCTCATG,1
AGGTGCCAGAGTATGT,1
AGGTGCCGTTGGGTAG,1
AGGTGCTCACGCTTCA,1
AGGTGTTCTGCCTGCT,1
AGGTTAAACTAAAAAG,1
AGGTTACATTCCCTCC,1
AGGTTAGCATCATCTA,1
AGGTTAGTCATATTGA,1
AGGTTGAAGTACCACA,1
AGGTTGCCTGCAATCA,1
AGTAAAACCCAATTCC,1
AGTAAAAGCTTGAATA,1
AGTAAAAGGACCAATA,1
AGTAAACATGGCAAAG,1
AGTAAACCTAATAAAC,1
AGTAAAGAATGTATCG,1
AGTAAAGGGTAGCTAG,1
AGTAAATAACAAAGCT,1
AGTAAATAGTGCGATA,1
AGTAAATCTTATACCT,1
AGTAACAGACTTATAA,1
AGTAACAGTATTATTT,1
AGTAACCAATCAACAT,1
AGTAACTATCTCTGAT,1
AGTAACTCCTCTAAAA,1
AGTAAGATCAAATCAA,1
AGTAAGCACCCTAGCC,1
AGTAAGCGTCAAGTGC,1
AGTAAGGACGGCTAGA,1
AGTAAGGTAATAAAAG,1
AGTAAGTTTTAGTATC,1
AGTAATACGCAGGCCT,1
AGTAATACGTGTACCG,1
AGTAATATAACCTACC,1
AGTAATATGTAGGCAA,1
AGTAATCAGTTCAAAA,1
AGTAATCTAGTGAATT,1
AGTAATCTTTAATTAC,1
AGTACACAACTATTGC,1
AGTACACATAGGAAAA,1
AGTACACTTTGATCAT,1
AGTACAGAACTCGACA,1
AGTACATGACAGAAAA,1
AGTACATTCCCCAGAA,1
AGTACCATCATATCTT,1
AGTACCCCTAAAGCTT,1
AGTACTATATCTATGT,1
AGTACTCTTGACCCAT,1
AGTACTGGAGCTTGTA,1
AGTAGAAGGATAACCT,1
AGTAGAAGTGCAAGAT,1
AGTAGAATGAAATAAG,1
AGTAGACGGGATTCAG,1
AGTAGACTGTTTGAGA,1
AGTAGAGTCGGGTCCT,1
AGTAGATAAGCTAAAA,1
AGTAGATACTCGACAG,1
AGTAGCAGTCTAATTA,1
AGTAGCATTTCAAATG,1
AGTAGCCAAAAATAAA,1
AGTAGCCGCTTAATTA,1
AGTAGCCGTGCCGTCC,1
AGTAGCTCCAATGATC,1
AGTAGGGCCTTTCGAT,1
AGTAGGTACTTTCTGA,1
AGTAGTATAAAGCAAA,1
AGTAGTATGCCGGGCA,1
AGTAGTCAACTGTCCT,1
AGTAGTCACCTCTTCC,1
AGTAGTCATAGATATA,1
AGTAGTGATATATAGC,1
AGTATAACGAAAGTAT,1
AGTATAACGGGTCAGA,1
AGTATAACTTGAAACT,1
AGTATAATACATCTCT,1
AGTATAATATCCCTTT,1
AGTATACACTCAGTAA,1
AGTATAGTAACCAGAT,1
AGTATCCTAACGTAAC,1
AGTATCCTTATAACTA,1
AGTATCGCATATATAC,1
AGTATGACTTCGTAAC,1
AGTATGAGATTGGGAG,1
AGTATGATCATGATCA,1
AGTATGTCCACCTCGA,1
AGTATTAAGCCACTCG,1
AGTATTAGATCTGGCG,1
AGTATTATTTAATAGG,1
AGTATTGAATATCAGG,1
AGTATTTCATAAACAA,1
AGTCAACAAAGACATA,1
AGTCAACCTCACCATT,1
AGTCAAGAGCCTAACG,1
AGTCAATAGTTCTCAC,1
AGTCAATATGTTCAAG,1
AGTCAATCCTTGGATA,1
AGTCACCGGAGTGCCG,1
AGTCACCTCAAAACAA,1
AGTCAGATACATAACT,1
AGTCATACTTCTAAGT,1
AGTCATCATAAGTACG,1
AGTCATCATTAACCGC,1
AGTCATGCTTAATCTC,1
AGTCATTAATAGTGTA,1
AGTCCAAGATCACCAC,1
AGTCCAGAACCGCATA,1
AGTCCCCTGAGTCCAG,1
AGTCCCTAGGATTGGA,1
AGTCCGATATAACCCT,1
AGTCCGATCTAAGCAT,1
AGTCCGTCTGTATAAC,1
AGTCCGTGAATACTTA,1
AGTCCTTCTGGCCGAC,1
AGTCGAAAAGTAAGCC,1
AGTCGACACACATGAA,1
AGTCGCAGGCAACGTA,1
AGTCGCTTAAAACCGT,1
AGTCGGACCTAACTGA,1
AGTCGTTCTAGAGGAA,1
AGTCGTTTCAAAGCCC,1
AGTCTAAATACAGCAG,1
AGTCTACGCTAAAAAA,1
AGTCTATTAGTTTTGC,1
AGTCTCAACAATCAGG,1
AGTCTCGTTGAAAGTT,1
AGTCTGCGCAATGTTC,1
AGTCTGTTGATTATGT,1
AGTCTTAAATACAATT,1
AGTCTTACTGGAGACA,1
AGTCTTTTAGTGAAGA,1
AGTGAAACATGGTCCA,1
AGTGAAAGCACAACTT,1
AGTGAAAGTTAATGAC,1
AGTGAACGCAACTATT,1
AGTGAAGACCTTAATA,1
AGTGAATACCTAACCT,1
AGTGAATTCGAACATG,1
AGTGACAATCATTAAA,1
AGTGACACTCACTTCA,1
AGTGACTATGACTCCA,1
AGTGAGAACCAAGTTC,1
AGTGATAAACACTATG,1
AGTGATGACTATAATT,1
AGTGATGCGTGTGGAC,1
AGTGCACTACAACACA,1
AGTGCAGGAATATGTA,1
AGTGCATAAAGCAACA,1
AGTGCCCTCGATACAC,1
AGTGCGAAAACCCAAA,1
AGTGCTCCGTCCTAGA,1
AGTGGATCGTTAAGGG,1
AGTGGCTGTTAAGGAA,1
AGTGGGACATAGGTCC,1
AGTGGGCCCCGAAACA,1
AGTGGGTGGGGCGGCA,1
AGTGGGTTTGTCTGTG,1
AGTGGTAATAACAATC,1
AGTGGTAGTGATGGCC,1
AGTGGTTATATACTGC,1
AGTGTAACTTTGATTA,1
AGTGTCCTTAAAGATA,1
AGTGTCTCCAGCTGCG,1
AGTGTGATAAGATCTA,1
AGTGTGCAGATACGAT,1
AGTGTGCATCAGTGTC,1
AGTGTTGTTCAATGCA,1
AGTGTTGTTTCATTTA,1
AGTTAAAAATGTTCAA,1
AGTTAAAGATGAAATG,1
AGTTAAAGTGATTACC,1
AGTTAACACAGAGCGT,1
AGTTAATAAATTATTA,1
AGTTAATATCGAGAAA,1
AGTTACAATAGAGCTG,1
AGTTACATTCCAAAAC,1
AGTTACTGGAATACCT,1
AGTTAGCAGCGGAGGG,1
AGTTAGCCACTATGCA,1
AGTTATAACAATTTAT,1
AGTTATAAGAGATGCT,1
AGTTATACCCCTACAA,1
AGTTATAGGTAACGTA,1
AGTTATGTTCAAATAA,1
AGTTATTCTCGGAATT,1
AGTTATTGGATAACGA,1
AGTTATTGTACTAATT,1
AGTTCAAACCGAAACG,1
AGTTCAGTAGCAAATG,1
AGTTCATACACGAACC,1
AGTTCATCCCGCAATT,1
AGTTCATTAAATCAGT,1
AGTTCCAACCGCACGA,1
AGTTCCAAGCACTCGG,1
AGTTCCACAGGTTTAA,1
AGTTCCTAAGCTCATC,1
AGTTCCTGAATTAATG,1
AGTTCGCACTGATGCG,1
AGTTCGCTTATATGAG,1
AGTTCGTAAGCTGATA,1
AGTTCTGGGCCCACAG,1
AGTTGATTAGCGAGAA,1
AGTTGCATGTGCCGAT,1
AGTTGGCGTAGTTGGC,1
AGTTGGCTGCTGAAAA,1
AGTTGTGCCCGTAGTA,1
AGTTGTTCTACCATTA,1
AGTTGTTTGTTATACC,1
AGTTTAACCTGGGTGC,1
AGTTTAAGTAACAGAC,1
AGTTTAGTACAACGCA,1
AGTTTCCTAGTACAGC,1
AGTTTGATCAGTGTTT,1
AGTTTTAAACTCTGAT,1
AGTTTTACAGAATACA,1
AGTTTTACTCTCCGTT,1
AGTTTTCGACATACCC,1
AGTTTTGAACCAAGTA,1
ATAAAAAACAGAGTGG,1
ATAAAAAATTCCTCAT,1
ATAAAAAATTTGACAA,1
ATAAAAACAGAACACG,1
ATAAAAACCACCAGAT,1
ATAAAAACCCTATTAG,1
ATAAAAAGCAAGCACA,1
ATAAAACCGAGAGACG,1
ATAAAACGCATATGCA,1
ATAAAACTCGTAGACT,1
ATAAAAGATTAATCTT,1
ATAAAAGCAGAATTAA,1
ATAAAAGCCAACACAC,1
ATAAAAGGTAGCACTG,1
ATAAAAGTAATATGAG,1
ATAAAATAACCCCAAA,1
ATAAAATAATGCGGTG,1
ATAAAATACAAGCAGA,1
ATAAAATAGCAAGGTG,1
ATAAAATATAACAGAA,1
ATAAAATCCCAATAAA,1
ATAAAATTCTACGCCG,1
ATAAAATTGACTTTTC,1
ATAAACAACGAATAAT,1
ATAAACACAATACAGA,1
ATAAACACCAGCTTAA,1
ATAAACACTAAGTCCC,1
ATAAACATAACCCTTT,1
ATAAACATAACGTGCC,1
ATAAACATGTTTGGGC,1
ATAAACCGGACCCATT,1
ATAAACCGGAGAAATA,1
ATAAACCTGAAATCAC,1
ATAAACCTTGAACGCA,1
ATAAACGCAATTGTAA,1
ATAAACGTACAAAACG,1
ATAAACTCAAACGAAC,1
ATAAACTGCACAAGCT,1
ATAAACTTATAACTCT,1
ATAAACTTCGGGGATA,1
ATAAAGAAACCTTAAT,1
ATAAAGAAATAAGAAT,1
ATAAAGAAGATCATTA,1
ATAAAGAATAAACACA,1
ATAAAGACTATTAAAA,1
ATAAAGAGGACGCCAC,1
ATAAAGATATGCAAGA,1
ATAAAGCAGGTTAAAA,1
ATAAAGCCTTCCTGAA,1
ATAAAGCTACTCTCAA,1
ATAAAGCTCATAGAGA,1
ATAAAGCTCGCCGAGC,1
ATAAAGGGACAATATC,1
ATAAATACAGAAACCC,1
ATAAATAGGCTAAATC,1
ATAAATCAATGATCTG,1
ATAAATCCAAAGGAAC,1
ATAAATCTATACAAAC,1
ATAAATCTGGTAAAAG,1
ATAAATGAAACACGCA,1
ATAAATGATGACCGAG,1
ATAAATGTAGTGGGTC,1
ATAAATTGAGACAGTG,1
ATAACAAACAAAAGTA,1
ATAACAACTCTTCAAA,1
ATAACAAGATGTTAGG,1
ATAACACACATAACAA,1
ATAACACATAAAAGTA,1
ATAACACGCGATACGT,1
ATAACACTTTGACGAT,1
ATAACAGATTAGGAGA,1
ATAACATAAGGGATTT,1
ATAACATGCCTACTGC,1
ATAACCAAGCATTTGA,1
ATAACCAATAGATCAC,1
ATAACCATATCGAAAG,1
ATAACCATATTTAGGC,1
ATAACCATGGAGCTTA,1
ATAACCCGTACCCTTA,1
ATAACCTAGCACCCCT,1
ATAACGAAGGTTCGAG,1
ATAACGACCCCAGATC,1
ATAACGAGATCCGGGA,1
ATAACGCAAAATAATT,1
ATAACGGAGAAATACC,1
ATAACGGGCAAACCTA,1
ATAACGTGCCAGACTT,1
ATAACGTTGTCTACAA,1
ATAACTAGTGGTATAG,1
ATAACTATAGTAAACA,1
ATAACTCTACCTGTTG,1
ATAACTGACCAGATGA,1
ATAACTGCGGTAACCC,1
ATAACTGTGACTGTGC,1
ATAACTGTGCAGAACA,1
ATAACTTATGCCATTG,1
ATAACTTCCCTTTTTG,1
ATAAGAAAAGGTCGCC,1
ATAAGAAAGTTCCGAG,1
ATAAGAACACTGCGCA,1
ATAAGAATAAAAACAT,1
ATAAGAATAAATTATA,1
ATAAGAATCTAAATAC,1
ATAAGAATCTCCAAAC,1
ATAAGAATGCCTCGAT,1
ATAAGACCGAAGCAGA,1
ATAAGAGATGAATACG,1
ATAAGAGCCCAGGAGG,1
ATAAGAGTAATTAAAA,1
ATAAGATATCGACTCA,1
ATAAGATTACAAACAT,1
ATAAGATTCCGCGTAG,1
ATAAGATTTGTTTGAG,1
ATAAGCAAAGTCCCAA,1
ATAAGCAAGAAAATAA,1
ATAAGCAGTCCATAGT,1
ATAAGCATACCCATTC,1
ATAAGCGCAAACTGAC,1
ATAAGGAATAAGTTCG,1
ATAAGGATAAGTAATG,1
ATAAGGATAGGAGGTA,1
ATAAGGTGTTGAATGG,1
ATAAGTAGCTTTCGGG,1
ATAAGTTACTGAAAAT,1
ATAATAAAACGGATTA,1
ATAATAAGACTTTGTC,1
ATAATAAGATCTTTTG,1
ATAATAATTTGTACTA,1
ATAATACATTACATGA,1
ATAATACGAAGTGCAT,1
ATAATACGACGTAATC,1
ATAATACGCTCTTCTA,1
ATAATAGATGCACTCC,1
ATAATAGTAATACCTA,1
ATAATATAAAACTTGA,1
ATAATATAGTATTGTA,1
ATAATATATGATTAAC,1
ATAATATCATTGTGAA,1
ATAATATGACAACTTT,1
ATAATATTTTACACAA,1
ATAATCAAGCGCCAGG,1
ATAATCAAGCTGACAT,1
ATAATCAATCATAGCT,1
ATAATCAGTCCTTAGA,1
ATAATCCAATAAAATA,1
ATAATCCCGTCAAAAC,1
ATAATCGCCTTGTTTC,1
ATAATCTTTTTCCTGT,1
ATAATGATAACATAAG,1
ATAATGCCCAATCAAG,1
ATAATGCTAATGAAGA,1
ATAATGGAACCAGCGT,1
ATAATGGAGCTGATAA,1
ATAATGGCTGCACACT,1
ATAATGTATACGCAAA,1
ATAATTAACTGACAAA,1
ATAATTACTGAATGCG,1
ATAATTGAAAGAAACT,1
ATACAAAAACACTCTC,1
ATACAAAATTACCAAC,1
ATACAAACAAGAAGCC,1
ATACAAACAAGGATAA,1
ATACAAATAAGAGTTC,1
ATACAAATCGTACAGC,1
ATACAACATTTATACA,1
ATACAACCCATTAATC,1
ATACAACGCGATTGCG,1
ATACAACTTAAATCGT,1
ATACAACTTTACGTGA,1
ATACAAGAGACGCCCC,1
ATACAAGGAATAAACT,1
ATACAAGTGACAGTAT,1
ATACAATAATAACGAA,1
ATACAATACCCATCTA,1
ATACAATGTAATTAAC,1
ATACACATCCGGGACC,1
ATACACCAAACTATTT,1
ATACACCAAGTCCCAG,1
ATACACCAGACATTTA,1
ATACACCCGGTAACCA,1
ATACACGTTGTACTAC,1
ATACACTCCGTAAAAA,1
ATACAGAAAACTAGAT,1
ATACAGAAGAACGCTA,1
ATACAGATACAGATAT,1
ATACAGCGCCTCCTCT,1
ATACAGCTGCTCATAC,1
ATACAGTAGAAATCGC,1
ATACAGTGCTTCAAAC,1
ATACAGTTCATTAGTT,1
ATACAGTTTTCCATAT,1
ATACATAACATGCGGT,1
ATACATAAGCCAGAAC,1
ATACATACGATTTATT,1
ATACATACGGGACCAA,1
ATACATATTAGCGGAA,1
ATACATCGGGAGACAA,1
ATACATCTGAACGTGA,1
ATACATGAGAGAAACT,1
ATACATGCTTAGAGCA,1
ATACATTCGACGGATT,1
ATACATTGCCAAAAGT,1
ATACCAAATACTTCCG,1
ATACCAAATGGATTGA,1
ATACCAACAAAGCAAC,1
ATACCACCCATGATTG,1
ATACCAGAACTAACAC,1
ATACCAGAAGGCGACT,1
ATACCCAAAACAGAAA,1
ATACCCCAAGACACAT,1
ATACCCCACATACAAA,1
ATACCCCACCATTACT,1
ATACCCCCCAACATAA,1
ATACCCGAGAGCACCA,1
ATACCCTCTAGTGAAA,1
ATACCGACTTATATGT,1
ATACCGCAAAGATTAC,1
ATACCGCCTAAACAAT,1
ATACCGGAGATAATAA,1
ATACCGGATCCATAGG,1
ATACCTGTGACGACCT,1
ATACCTTATGCATTGT,1
ATACCTTTAAACCCTC,1
ATACGAAGACAACATG,1
ATACGAATTCAAATTA,1
ATACGACATTAAGACA,1
ATACGACTCTAAATTA,1
ATACGACTTCGATTAA,1
ATACGCAAAACAACTG,1
ATACGCAAATATGTAA,1
ATACGCCATAAACTTC,1
ATACGCTAAAGGACTA,1
ATACGCTTAATAAAAC,1
ATACGGTATATAAAAA,1
ATACGGTGACTAAACA,1
ATACGTAGTTGATTAA,1
ATACGTCCCTGCGCAA,1
ATACGTCTTGACGCCT,1
ATACGTGAATACTCAA,1
ATACGTGCCGAGAACA,1
ATACGTTCCGAAACCG,1
ATACGTTGACTCACCA,1
ATACTAAATCAGCCAG,1
ATACTAAGGATTCGTG,1
ATACTACAGCCACCAC,1
ATACTACGTATGCTTA,1
ATACTAGAGTGGACGG,1
ATACTAGCTCCACGAT,1
ATACTATAATCTAGAT,1
ATACTATACGTAAATA,1
ATACTATATACACTAA,1
ATACTATCCCCCTAAT,1
ATACTCAACGGGCTTT,1
ATACTCACCACCTAGC,1
ATACTCACTAAATAGA,1
ATACTCATTAAGAGAA,1
ATACTCCCACCCCCAG,1
ATACTCCTAGAACAAT,1
ATACTCTAATTCAACT,1
ATACTCTATTGAGTCT,1
ATACTGAAAGTATTGT,1
ATACTGAAATAACCCA,1
ATACTGACCACAACAC,1
ATACTGAGATCATATA,1
ATACTGCACAAAGGTG,1
ATACTGGAAATTTCTT,1
ATACTTAACTATCTTA,1
ATACTTAAGTACCCTC,1
ATACTTACAAAAAGAA,1
ATACTTACAGCCGTAT,1
ATACTTATAGACTACT,1
ATACTTGACCGATGAA,1
ATACTTGTTCGCAATT,1
ATACTTTAAAATAATT,1
ATACTTTAAATATGGA,1
ATAGAAATTAAAACAG,1
ATAGAACCACACGTTC,1
ATAGAAGATTCATCTA,1
ATAGAAGCCACGACAT,1
ATAGAATAAAGTTGAT,1
ATAGACAATCAATATA,1
ATAGACATCATCGAAC,1
ATAGACCAACTAGCCA,1
ATAGAGAAAAACCAAA,1
ATAGAGATAACTCCCA,1
ATAGAGCAACTTTCAC,1
ATAGAGGAGTACGTAC,1
ATAGAGTCAATTGCAC,1
ATAGATACACGACTCT,1
ATAGATCAACGAATCT,1
ATAGATCAACTGCGCA,1
ATAGATCACCCAAACA,1
ATAGATCCACAGCCTG,1
ATAGATCCTTATACGG,1
ATAGATCTTTAGAGAA,1
ATAGATTACAACATAT,1
ATAGCAAAGGTAAATA,1
ATAGCAACAAGCGACC,1
ATAGCAATCTTCGAAC,1
ATAGCACAACTCGCAT,1
ATAGCAGAGTGAACTA,1
ATAGCAGGGACTGAGC,1
ATAGCATAACATTCGA,1
ATAGCCAATAACTGAA,1
ATAGCCCAACATTGCT,1
ATAGCCCGAATTATCA,1
ATAGCCCTTAGTCCCA,1
ATAGCCGCAAACTACC,1
ATAGCCTGTGCCATAT,1
ATAGCCTTCGGTTCTA,1
ATAGCGACAAATACTG,1
ATAGCGAGGCAAGCTA,1
ATAGCGGCAGAACGTT,1
ATAGCGTAAAACACCG,1
ATAGCTAATGACAAAG,1
ATAGCTAGACCAATAA,1
ATAGCTCCTAATAACC,1
ATAGCTGCTATTGTTA,1
ATAGCTGGGTAGTGGA,1
ATAGCTGTGAAATAAT,1
ATAGCTTAGACAGCAG,1
ATAGCTTCATAAGATA,1
ATAGGAATACGCCGCA,1
ATAGGACCAAACCAAA,1
ATAGGAGAACAGGAAG,1
ATAGGATGTTCATGAA,1
ATAGGCTAGCGTGTAG,1
ATAGGGCAGCAGAACT,1
ATAGGGCCACCTTTCA,1
ATAGGGCGGCGCATTT,1
ATAGGTAATAACGTGA,1
ATAGGTACATACATAG,1
ATAGGTAGTCACTATC,1
ATAGTACATAGTTCTT,1
ATAGTACATCTGTCGC,1
ATAGTATAGCCAGAGA,1
ATAGTATCCACGCAGC,1
ATAGTCATAATCCTGG,1
ATAGTTACCTACTACA,1
ATAGTTGCCAACGGGC,1
ATAGTTGCTAGTGGGA,1
ATAGTTTTTCCGTAAT,1
ATATAAATAATAGCAA,1
ATATAAATCACAATGA,1
ATATAAATTATAGAAC,1
ATATAACACTTGCAAC,1
ATATAACCATATAAAT,1
ATATAACCCCCAAGCT,1
ATATAACCCCTTAAAG,1
ATATAACGACAATTAC,1
ATATAACTAAGTAACA,1
ATATAATAATGTAGCA,1
ATATAATACCATGGTA,1
ATATAATGACAGTTAC,1
ATATAATGGTTCCAAC,1
ATATACAAATCTCCGA,1
ATATACAACACCCGAG,1
ATATACAATCAGTGCC,1
ATATACACGCCGCTGA,1
ATATACAGAACAGCCA,1
ATATACCAAATCAGGG,1
ATATACCACAAACGTC,1
ATATACCCAGAATTAG,1
ATATACCTAAGCTAAC,1
ATATACGATGCGAAGT,1
ATATACGCACCAAGGC,1
ATATACTTCAACACAG,1
ATATAGACTGATTCAG,1
ATATAGCGCTTGAGAT,1
ATATAGCTCCTTTCCA,1
ATATAGGAAGGAGAGC,1
ATATAGGCATACAAAA,1
ATATAGTAAAATGACT,1
ATATAGTAGACACACA,1
ATATAGTGCCTATGAA,1
ATATATAATATACAAT,1
ATATATATCCAATATC,1
ATATATGACTAGATCT,1
ATATATGGAAACTACG,1
ATATATTAAGACATCT,1
ATATATTTTGAGTTCG,1
ATATCAAAAAAAGTAG,1
ATATCAAAGTAAGAAA,1
ATATCAAGGTGATCCC,1
ATATCAATCCATCTGA,1
ATATCAATCTATATAA,1
ATATCACAAAGGGCCA,1
ATATCACGATAACTGA,1
ATATCACTAGGAGTTC,1
ATATCAGAAAAGTAGA,1
ATATCATGTTTAAACC,1
ATATCCACGAATCCCT,1
ATATCCAGTAAGAGTC,1
ATATCCCCCAAAAGTT,1
ATATCCGATATGCCAC,1
ATATCCGCCGGAAAGC,1
ATATCCTGCGAGTATT,1
ATATCGATAATATTCC,1
ATATCGCAATATTCCT,1
ATATCGGAGATTGGAA,1
ATATCTAATCCTCGTC,1
ATATCTAATGGGACAA,1
ATATCTACATGAACAT,1
ATATCTCCGAGCAAAA,1
ATATCTGTAATAACAT,1
ATATCTTAGCAATGAC,1
ATATCTTATTATAGTT,1
ATATCTTGTGATCTAA,1
ATATGAAACACCAACA,1
ATATGAAACCCTGTAA,1
ATATGAAGACATAGGA,1
ATATGAGAATTCCCTA,1
ATATGAGCTAGAAGGG,1
ATATGATTCAGCCTTA,1
ATATGCAAACAAGTTA,1
ATATGCAGGATTGCGA,1
ATATGCCACACTCATC,1
ATATGCGGAAATGCAA,1
ATATGGAAGCGATGTT,1
ATATGGACCTTAGGAA,1
ATATGGATCTGATTAA,1
ATATGGCATACAGTTA,1
ATATGGTTTGATCACC,1
ATATGTACTAACAAAT,1
ATATGTATACGCATAA,1
ATATGTTACAGACACT,1
ATATGTTGATTAAGCC,1
ATATTAAAGCGAACTA,1
ATATTAACCTGCGTTG,1
ATATTAACTAAAAGAT,1
ATATTAAGCTATCCTC,1
ATATTACTTTTAAGCG,1
ATATTAGGTACTCCAA,1
ATATTAGGTGCTAATA,1
ATATTCAACTAAGAAA,1
ATATTCATTGAATCCA,1
ATATTCCATAAACACA,1
ATATTCCTAATGTAAC,1
ATATTCGCCATTATAA,1
ATATTCTACAGTATAT,1
ATATTGAACACCTAAG,1
ATATTGACCCATTTCA,1
ATATTGCTATAATAAC,1
ATATTGCTATTGGAAA,1
ATATTGGATCAATGCA,1
ATATTGTCATTTACCT,1
ATATTGTTTGTTAGTG,1
ATATTTAAGGTCTTCA,1
ATATTTATTATGATAG,1
ATATTTCCAATATAAT,1
ATATTTGATATTAGTT,1
ATATTTGGAACCGTAA,1
ATATTTTCATACATGT,1
ATCAAAAAATCGATGA,1
ATCAAAACACAACAAG,1
ATCAAAACCCCAACCA,1
ATCAAAACGACCCAAA,1
ATCAAAAGATAACAAA,1
ATCAAAATCAGGATAA,1
ATCAAACACAGCCCCC,1
ATCAAACGAGCACCCA,1
ATCAAAGGTACTTCCG,1
ATCAAAGTTAATACCC,1
ATCAAATTTACTAGAT,1
ATCAACAAAGAAGACG,1
ATCAACAACATCATAA,1
ATCAACAATGAATCCA,1
ATCAACACACTTTCTT,1
ATCAACAGTTTACTAA,1
ATCAACCACACTTTGC,1
ATCAACCCAACTATAC,1
ATCAACCCTAGAATAA,1
ATCAACGTCACATGAA,1
ATCAACTAATCAAAAA,1
ATCAACTCAATCCAGT,1
ATCAAGACCAGTTAGC,1
ATCAAGATCACATTTA,1
ATCAAGCAGCAGGAAC,1
ATCAAGCATTGGCAGA,1
ATCAAGGAGTTTCCTA,1
ATCAAGGATCACACAA,1
ATCAATATCGCATACA,1
ATCAATCAGAGGATAA,1
ATCAATCGCTTACCAA,1
ATCAATGAGACACATG,1
ATCAATGATTAGGCCG,1
ATCAATGCCCCCTTTC,1
ATCACAACCGTCCCCT,1
ATCACACAATCACATA,1
ATCACAGGAAAGCTCG,1
ATCACAGGTATAACAC,1
ATCACAGTAATAGGTC,1
ATCACAGTCTAAGCCA,1
ATCACAGTTAATGAGA,1
ATCACCATCTGAACCC,1
ATCACCCGAACAATAA,1
ATCACCGAAACAATTC,1
ATCACCGATGTGTCCA,1
ATCACCTAATCTATAT,1
ATCACCTGACCCTCTA,1
ATCACGATAGGTATAG,1
ATCACGCCTAGCGAAT,1
ATCACGCGAGAGTCTT,1
ATCACGTGATTGCAAG,1
ATCACTCGATTACATT,1
ATCACTGGAGTGATAG,1
ATCACTTATGACAACG,1
ATCACTTCACTTACCT,1
ATCAGAAATAGAACGA,1
ATCAGAACATCATATG,1
ATCAGAAGCTATACGA,1
ATCAGAAGCTCTAACT,1
ATCAGAGAACCCAACC,1
ATCAGCATGCCAATCC,1
ATCAGCCGAAGTACAC,1
ATCAGCCTAAACTGGA,1
ATCAGGAACTTTAGAA,1
ATCAGGATAAGATGCA,1
ATCAGGATCATCACCT,1
ATCAGGATGACCCCCC,1
ATCAGGCAAAATTCAA,1
ATCAGGCAGTAAAATT,1
ATCAGGTCGATGACGG,1
ATCAGTACGATATGAT,1
ATCAGTGTTTATCGAA,1
ATCAGTTAAGATAAGA,1
ATCATAAAATCGGGAT,1
ATCATAACCAGGTGTT,1
ATCATACATAAGTCAC,1
ATCATACCATACAGAC,1
ATCATAGTAAAAAAAT,1
ATCATCAACCAACAAC,1
ATCATCCAAAAAACCC,1
ATCATCCAAAACCCAA,1
ATCATCCAATAGCAAT,1
ATCATCTCATTCACGC,1
ATCATGAGTGATAAAA,1
ATCATGAGTGCCGAAT,1
ATCATGCAAGATCAGC,1
ATCATGGAATGACCAT,1
ATCATGGCCCTTCGGG,1
ATCATGTATCATAAAT,1
ATCATTACATTGATCC,1
ATCATTACTAAAAGTG,1
ATCATTATCACTAAGA,1
ATCATTCAAACCACCG,1
ATCATTCAGTGTCCAA,1
ATCCAAAAAACTACTT,1
ATCCAAAGAAGCCAGA,1
ATCCAAATAGTACCCA,1
ATCCAAGAGAAACTAC,1
ATCCAAGCTTTAACAA,1
ATCCAATATAGATACT,1
ATCCAATGAAGAGAAT,1
ATCCAATTTGAATGTT,1
ATCCACATGAAGGGAA,1
ATCCACCCATAGGCCT,1
ATCCACCGATACAGGA,1
ATCCACGCGATTCCCA,1
ATCCAGCGAATTTACC,1
ATCCAGGACAAGGGGG,1
ATCCAGTAAATCAACA,1
ATCCAGTCGTAAGACT,1
ATCCATGATGAAAAAA,1
ATCCATTAAAACCCAG,1
ATCCATTGTAACGATC,1
ATCCCAAAATTCACGA,1
ATCCCAAGGGGTCAAC,1
ATCCCAATATAACTTG,1
ATCCCACATATCAGTG,1
ATCCCACCCGTAATAG,1
ATCCCACTCATTCTAG,1
ATCCCATTATGGTGCG,1
ATCCCCTAAACGACAA,1
ATCCCCTACGCCCAAG,1
ATCCCGAACCTTCCTG,1
ATCCCGAGCGTTAAGA,1
ATCCCGGTGCCAAGTC,1
ATCCCTAAACATCAGG,1
ATCCCTAACTCCGATA,1
ATCCCTTCACTTTACA,1
ATCCCTTGCGGTGCCA,1
ATCCGAATAAAAGGTC,1
ATCCGAATCTGTCACC,1
ATCCGACTGAATGCGC,1
ATCCGATCTCAGAGAC,1
ATCCGGAACAACAACA,1
ATCCGGTTATACGTAC,1
ATCCGTGACCATTACA,1
ATCCGTGATCTTACAC,1
ATCCGTTCGTATCGTC,1
ATCCTAAATATAACAA,1
ATCCTACAAACACGGC,1
ATCCTCCAAAAAGTTA,1
ATCCTCTAACGCTGGC,1
ATCCTGCCAAGTGTCG,1
ATCCTGCCAGTCTGAT,1
ATCCTTACCAAGACCT,1
ATCCTTTACTTGTATT,1
ATCGAAAAAGAATAAA,1
ATCGAAAAATCCCGCA,1
ATCGAAAGGTACATGT,1
ATCGAAAGTCTGAGCC,1
ATCGAAATATCTGCGA,1
ATCGAAATGTTTAATA,1
ATCGAACCGGTGTATG,1
ATCGAACGAATATGGT,1
ATCGAAGAACCGCAAA,1
ATCGAAGCGCTCCAGC,1
ATCGAAGGGCTGGATT,1
ATCGAATGACCTGCAT,1
ATCGAATTGCACATGA,1
ATCGACAGCTTGAACC,1
ATCGACTGAAACAAGA,1
ATCGAGACACCTCTGG,1
ATCGAGATTGCAATGA,1
ATCGAGTATCGGAAGC,1
ATCGAGTCGTTTAGGC,1
ATCGAGTTCGAGAACA,1
ATCGATGGAAAAGTCT,1
ATCGATTTTGACTTCT,1
ATCGCAAGGCAACTAG,1
ATCGCACCACACATCT,1
ATCGCACGTGATTAGC,1
ATCGCATTTATGGAGC,1
ATCGCCACGTCACCAA,1
ATCGCCGACTTATCAG,1
ATCGCCGCTCGTACCG,1
ATCGCTACATTATTAA,1
ATCGCTTTAAGACTTT,1
ATCGGACCTGAGTCTT,1
ATCGGACTAAGCAACA,1
ATCGGGAGCACGATTT,1
ATCGGTAACTTGGCAA,1
ATCGGTACGGTAATAG,1
ATCGGTATGGGACGTT,1
ATCGGTTGGAGATTGT,1
ATCGTAAAAAAAAACT,1
ATCGTAAATTAGTAAT,1
ATCGTAACGAATGTGA,1
ATCGTCGACCCAGCTT,1
ATCGTCTCTGACATAG,1
ATCGTCTGAGCAAGTT,1
ATCGTGATCAAATTCA,1
ATCGTTAAGAATGCGC,1
ATCGTTATCTCCAGCT,1
ATCGTTCTAGATGAAC,1
ATCGTTGAATGTGCTT,1
ATCTAAAAAAACTAAA,1
ATCTAAAAGAATGACC,1
ATCTAAAATCAAAACC,1
ATCTAAAGACGAAATA,1
ATCTAAATAAGGGGTT,1
ATCTAACATCAGGGGA,1
ATCTAAGCATTTGACA,1
ATCTACAGAAAAAACA,1
ATCTACAGATGCCCAT,1
ATCTACATGTACCCGT,1
ATCTACCTGTTAGAGC,1
ATCTACGGCTTAACAC,1
ATCTACTAAACCCCCC,1
ATCTACTCATTATCTA,1
ATCTACTCCTAGATTT,1
ATCTACTGAAAACTAT,1
ATCTAGATCCTAAAGG,1
ATCTAGATGAACTTGA,1
ATCTAGCAGCTAAAAA,1
ATCTAGCGAGCGCGTG,1
ATCTAGGTAAAATATA,1
ATCTAGTAATATCCTA,1
ATCTATAAAAGTATCA,1
ATCTATAAGAAAAACC,1
ATCTATAGGAGCAAGA,1
ATCTATTCATTCTCTA,1
ATCTATTTTCACATTA,1
ATCTCAAAATACATAA,1
ATCTCAAACCAACGCG,1
ATCTCAAGGATATACG,1
ATCTCAAGTAACCCAA,1
ATCTCACATTAACCGA,1
ATCTCACTCTACAATG,1
ATCTCATAATACCTAA,1
ATCTCCAACAAAACTC,1
ATCTCCAGGCATGAGA,1
ATCTCCATCTGTCAAA,1
ATCTCCCAAAAGGCCA,1
ATCTCCTAATACAGAT,1
ATCTCGACCTCAGATC,1
ATCTCGATAACTGAAA,1
ATCTCGATTTCAGAGT,1
ATCTCGGCCAACCTGT,1
ATCTCTAAGACGTATC,1
ATCTCTAATACATAGA,1
ATCTCTCAGACCTCAC,1
ATCTCTCCGATGTACT,1
ATCTCTGTTCTCACTC,1
ATCTCTTTAAGTAAAA,1
ATCTCTTTAGCCGACT,1
ATCTGAAAAGACCCGA,1
ATCTGAAATATTCGAT,1
ATCTGAAATTGCTCGC,1
ATCTGAACACTGATTG,1
ATCTGAACCCTTCCTT,1
ATCTGACACTAGCTAC,1
ATCTGAGTAGTACCAA,1
ATCTGATTTACCAACC,1
ATCTGCAATCATAATT,1
ATCTGGGAAAAGCAAG,1
ATCTGGTTATGCTCCT,1
ATCTGTCAAGAAGTCA,1
ATCTGTCATCGCTGAC,1
ATCTGTGGATTAAGAA,1
ATCTGTGTATCTACCA,1
ATCTGTTCTAAGGAAC,1
ATCTTAAAAAAAATTG,1
ATCTTAACTAGTAGCG,1
ATCTTAATAGGTTCCG,1
ATCTTACCGGCGTTTA,1
ATCTTACGACAAAATA,1
ATCTTACGCCCTGACA,1
ATCTTACTAGTCCAGT,1
ATCTTAGCGAACTCGC,1
ATCTTCAAACAACCTC,1
ATCTTCCTGATGCACC,1
ATCTTCTAAAAAAGTG,1
ATCTTCTCCGTGATTA,1
ATCTTCTTAAACTTCG,1
ATCTTGGATAGTTCCA,1
ATCTTGGCGCGATATA,1
ATCTTTAAAAACTCTA,1
ATCTTTAAGATATGAG,1
ATCTTTACAACTGACT,1
ATCTTTAGTTAACCAG,1
ATCTTTTCATACATTC,1
ATCTTTTGTGAAAATG,1
ATGAAAAATATATTTA,1
ATGAAAAGAGTTAATC,1
ATGAAAATCAGGGACA,1
ATGAAAATCCTGATTA,1
ATGAAACCATGGTTAC,1
ATGAAACTGAATCACA,1
ATGAAAGAATACTTAG,1
ATGAAAGGTTAATCTG,1
ATGAAATATATTGACT,1
ATGAAATCAAATATAT,1
ATGAAATCTTAAAATA,1
ATGAAATTCATTATTA,1
ATGAACCAAACCCCGC,1
ATGAACCAATATGAAA,1
ATGAACGGTCCTGATA,1
ATGAACTAGACTTACG,1
ATGAACTCAACACGCA,1
ATGAACTTACCAAAAT,1
ATGAAGAATTAATGAA,1
ATGAAGCCAGATTCCA,1
ATGAAGCGGTAAAATC,1
ATGAAGCTCAGCCTGT,1
ATGAAGGAACAAGGAC,1
ATGAAGGCCCGTCAAG,1
ATGAAGTACGGAAAAC,1
ATGAAGTCCGGTCACA,1
ATGAAGTTAATGAGCA,1
ATGAAGTTCTTCCTCA,1
ATGAAGTTGTCTCACT,1
ATGAATAAGAATATTA,1
ATGAATAATGAAACAA,1
ATGAATACGAGGCCAT,1
ATGAATAGAAGAGCCG,1
ATGAATATAAACTACC,1
ATGAATATAGATAATT,1
ATGAATATCATAACAC,1
ATGAATATCCAACGCA,1
ATGAATATTAAACGAC,1
ATGAATCTACCGCGTT,1
ATGAATTAACTGACTA,1
ATGAATTCAAACCAAC,1
ATGAATTTGTATAGTT,1
ATGACAAAAACCACTT,1
ATGACACTAAATCTTT,1
ATGACAGGATACCAAG,1
ATGACAGTAGCCCATT,1
ATGACCCAAAGCTACC,1
ATGACCTAGTCCAGAA,1
ATGACCTCTAGCTACA,1
ATGACGAAAAAGGCAT,1
ATGACGAATAAAAAAA,1
ATGACGCAGCGCGCGG,1
ATGACGCTTAGCGTAC,1
ATGACTCATTCACGGA,1
ATGACTGCCCTGAGTA,1
ATGACTGTGATATTAC,1
ATGACTTACAACGCTA,1
ATGACTTAGTGTCATG,1
ATGACTTGAACTTGAG,1
ATGAGAAGTCAAATTG,1
ATGAGACACGAATACA,1
ATGAGACCAGAACTGA,1
ATGAGACTATGTTCAT,1
ATGAGACTGCTAGGTC,1
ATGAGAGCGTGTCGCA,1
ATGAGAGCTCACTAAA,1
ATGAGATCAAGCAAAA,1
ATGAGCAACAAAGAAT,1
ATGAGCCAGGTCCCAC,1
ATGAGCGTGTTGATCC,1
ATGAGCTCTAAGAAGA,1
ATGAGCTGTACTTAAT,1
ATGAGGAAATTGGTAC,1
ATGATAACGGTGTTGC,1
ATGATAAGCTTTTGCA,1
ATGATACATTTCTAAC,1
ATGATACCCACAATTA,1
ATGATACCTCGGTATT,1
ATGATACTCTCTGCAG,1
ATGATATACAACATAC,1
ATGATATACTTCATAT,1
ATGATATACTTGACCT,1
ATGATATTGTTCGAAT,1
ATGATCAAGAAATTGG,1
ATGATCATAACACGCT,1
ATGATCATAATATAGA,1
ATGATCGCGCCCTGGT,1
ATGATGAGGACGGAGG,1
ATGATGCTGATATTTT,1
ATGATGGACCAATCTA,1
ATGATGGTTAGTAGTC,1
ATGATTATCTAATCGG,1
ATGATTGATAGTAAAT,1
ATGCAAAACAAATGAC,1
ATGCAAAACCAATAAC,1
ATGCAAAAGTATGAAT,1
ATGCAAGAACACGTAA,1
ATGCAAGACATTGGAT,1
ATGCAATAATAATCAC,1
ATGCAATATGCCTAAG,1
ATGCAATTACTAAATG,1
ATGCAATTCAACGGAA,1
ATGCACACACCAACGT,1
ATGCACCTAAATGATA,1
ATGCACGCAAGAATTA,1
ATGCACGGGAGGGACG,1
ATGCAGAAGACCGCAG,1
ATGCAGGCGTTAATAC,1
ATGCAGTAAGGCATTG,1
ATGCAGTGTCGACGCG,1
ATGCATACGACACAGA,1
ATGCATATTACATAAA,1
ATGCATGCAACAGAAT,1
ATGCATGCCCTAGCGT,1
ATGCATTGGGGATAAC,1
ATGCATTTATCACAAA,1
ATGCATTTATTATACG,1
ATGCATTTTTACAACC,1
ATGCCAAACTGCACGT,1
ATGCCAAATATGTAGT,1
ATGCCAATCTCTGGGT,1
ATGCCAGATATGGGAT,1
ATGCCAGCAAAGGAAC,1
ATGCCCAAAACTGTTC,1
ATGCCCCGGGACGTAA,1
ATGCCGACCTAGCACT,1
ATGCCGTCAGATGCTA,1
ATGCCTAAACATGGTG,1
ATGCCTACCAAGAATC,1
ATGCCTACTCATACAA,1
ATGCCTAGCGATTTAA,1
ATGCCTCATCAATTAA,1
ATGCGAACTGGATCTA,1
ATGCGCAGACTTCACT,1
ATGCGCGTGTCAAGGA,1
ATGCGGCCACAAGACG,1
ATGCGGTTGTCACAAA,1
ATGCGTAAATTAACAT,1
ATGCGTATTGGTAACA,1
ATGCGTTAAAATATTC,1
ATGCTAACAAACACGT,1
ATGCTAAGATTACTTA,1
ATGCTAAGGTGTGCCA,1
ATGCTACTCTGTCTCT,1
ATGCTCAGGCATGAAA,1
ATGCTGAAGGAGAAAT,1
ATGCTGAATAATAGTC,1
ATGCTGATAGGGATTC,1
ATGCTTATGCAATCTT,1
ATGCTTGGGCGGCCTC,1
ATGGAAATGGAAGTGC,1
ATGGAAATTTTTAAAA,1
ATGGAACAATAATACC,1
ATGGAACCAGAGCCTA,1
ATGGAAGTGAAACCTA,1
ATGGAATAAAATCGAT,1
ATGGACACATGTAAAG,1
ATGGACCGGGGGTAAC,1
ATGGACGAATAATAAC,1
ATGGACGAATTCCCGA,1
ATGGACGTATGAGACT,1
ATGGACTCAAACTTGA,1
ATGGAGATTTTCCATT,1
ATGGAGTACGGAGGTG,1
ATGGAGTCATGAATTG,1
ATGGAGTCCATATCAC,1
ATGGAGTGTGTGAAAA,1
ATGGATAACCCGCCCA,1
ATGGATATACTCCCCT,1
ATGGATGTACAGTGTA,1
ATGGCAAAACTGCCGA,1
ATGGCAATCCCTTAAA,1
ATGGCATCCGACCGCC,1
ATGGCATGAAAGTGTA,1
ATGGCCACTATAATGG,1
ATGGCGAACACTTTCG,1
ATGGCTAAAGAAGACT,1
ATGGCTCTCATGAGGT,1
ATGGCTTATTTTACCG,1
ATGGGAACTTCAAACT,1
ATGGGATGTAACCGGC,1
ATGGGCCTGTTGACAA,1
ATGGGCTAACAAAACG,1
ATGGGTAAGATACAGA,1
ATGGGTTAACGAAAAA,1
ATGGTAAACCAATACT,1
ATGGTAATGGCATACA,1
ATGGTGAGCTAATACT,1
ATGGTTACATTATCAA,1
ATGGTTTAGAAATCAT,1
ATGTAAACCTTCCAGA,1
ATGTAAACGACCACGT,1
ATGTAAAGGACTTGAA,1
ATGTAAATATAAAATT,1
ATGTAACAAGGGTTCG,1
ATGTAACAGTATAGCC,1
ATGTAACATCCCGAGA,1
ATGTAACTCTGGACAC,1
ATGTAACTGACGTGGT,1
ATGTACAGTACCACAT,1
ATGTACCTAGATAGGG,1
ATGTACGGCATTCAAA,1
ATGTAGAAGATAAATA,1
ATGTAGAGTCTAGGAA,1
ATGTAGGTTAGTCTCC,1
ATGTAGTCATTGGCGA,1
ATGTATACAAGCTCAC,1
ATGTATACAATGCCAT,1
ATGTATCAGAGGTAAA,1
ATGTATCGCCCGAATA,1
ATGTATTAACAATTCA,1
ATGTATTAACTTATCC,1
ATGTATTACTGGTGAA,1
ATGTCAATATAGGCCA,1
ATGTCACCCATGACCT,1
ATGTCACTGACTTTTT,1
ATGTCAGATATATAGC,1
ATGTCATTGCAAAGCA,1
ATGTCCAGTAAGATCT,1
ATGTCTAGTAGTACCA,1
ATGTCTCATTCGCTAA,1
ATGTCTCCGAACAAAA,1
ATGTGAAAGGACACAA,1
ATGTGAACCTCAAAAG,1
ATGTGAACTGCCCCAG,1
ATGTGACAAATCCTAA,1
ATGTGAGTTTGCTCTT,1
ATGTGATCAACATAAC,1
ATGTGCACAATTTCGC,1
ATGTGCCTTCCAGAGG,1
ATGTGCTCAAGTCGAG,1
ATGTGCTGCAGATGAA,1
ATGTGGCCGGAGAACA,1
ATGTGGTAAGAATACC,1
ATGTGTAAAGCGTTAT,1
ATGTGTCTGAACGAAA,1
ATGTGTTTATTGACAG,1
ATGTTAATATACACTC,1
ATGTTACAAGGCATAA,1
ATGTTACGGACGCCGT,1
ATGTTAGCAGCGATGA,1
ATGTTATAAAAATTTG,1
ATGTTATCGAGAAAGA,1
ATGTTATGCGCTGCCA,1
ATGTTATTCTGAATAA,1
ATGTTCTTGAACTAAA,1
ATGTTGAAACACCTTC,1
ATGTTGAAGTGATCCA,1
ATGTTGCAATCTCCAG,1
ATGTTGCCATCATAAG,1
ATGTTGCGAGGACTGA,1
ATGTTGTAATTTTAGC,1
ATGTTTGTTTAAGTTA,1
ATGTTTTTGAAAACGT,1
ATTAAAAAGAAGCCAC,1
ATTAAAAAGTATCTTA,1
ATTAAAACAACAAAAA,1
ATTAAAACCTGCGGTC,1
ATTAAAACGGGGCCTT,1
ATTAAAATAAAGACAG,1
ATTAAACAAAGCTTCC,1
ATTAAACTCATTCATG,1
ATTAAAGAGTTTGAGC,1
ATTAAAGCCTTAGAGA,1
ATTAAAGTCGTTACAA,1
ATTAAATAAAATGCCA,1
ATTAAATGCGTAGAGT,1
ATTAAATGTCTATACC,1
ATTAACAAAATCTTTG,1
ATTAACACAGGCGGTA,1
ATTAACACATCACGTA,1
ATTAACACGATTGAGT,1
ATTAACCAACTTAACA,1
ATTAACCACCAATAAG,1
ATTAACCCCCTAAACC,1
ATTAACCCTGCTTGTA,1
ATTAACCTTTATAAAT,1
ATTAACGTAAGATTTT,1
ATTAACTAAAAGCTTC,1
ATTAACTATCGTGCAA,1
ATTAACTTTAGAACCG,1
ATTAAGCCGAAGCGGA,1
ATTAAGCTATTAAACT,1
ATTAAGGCTTCATAAA,1
ATTAAGTAAGAGGTAA,1
ATTAAGTATTTCCATG,1
ATTAAGTCAACGGCCA,1
ATTAATAAAGTACAAA,1
ATTAATATCAACGCCC,1
ATTAATATCACGAAAT,1
ATTAATATTTATCCAT,1
ATTAATATTTGTAGTA,1
ATTAATGGGCATATAG,1
ATTACAAGCGTTACTC,1
ATTACAATAATTATAT,1
ATTACACAACCCATTA,1
ATTACACATTGGGTGC,1
ATTACACCCAGTTTAG,1
ATTACACTGTATCTAA,1
ATTACACTTCCCGTAA,1
ATTACCAAATTACGAG,1
ATTACCATGAGCGAAA,1
ATTACCCGTATAAATA,1
ATTACCGATAAACCTG,1
ATTACCGTCATATGAC,1
ATTACGACTTTTAAAA,1
ATTACGCAAAAAATCT,1
ATTACGCCTTAAAGAA,1
ATTACGCTTACAAAGC,1
ATTACGTCATTACAAT,1
ATTACTAATGTTTATA,1
ATTACTCAAGGTTTTA,1
ATTACTCCGCAAACTG,1
ATTACTGACCACTCAA,1
ATTACTGGCAATGACT,1
ATTAGAAGATTGACCT,1
ATTAGAGCGACAATGA,1
ATTAGAGGGACGTGCG,1
ATTAGATAAATGTTCA,1
ATTAGCAATGAACCAA,1
ATTAGCACGGGGAGCA,1
ATTAGCCAAAGCAATA,1
ATTAGCCAACTAACTG,1
ATTAGCCCACACTACA,1
ATTAGCCTTGTCCCTA,1
ATTAGCTTAGCACACT,1
ATTAGGAGTGCCCCAG,1
ATTAGGCAATCTACTC,1
ATTAGGCTACGCATTG,1
ATTAGTACAAAAAACA,1
ATTAGTACGAATTTTC,1
ATTAGTCATAAGAAGT,1
ATTAGTCCATAAAACT,1
ATTATAAACAACTTCA,1
ATTATAAAGCAAATGC,1
ATTATAAGTATAAATG,1
ATTATAATAAATAGTA,1
ATTATAATGACTTCTG,1
ATTATACAGAATTAAC,1
ATTATACAGTTGAAAA,1
ATTATACTAAACATAG,1
ATTATAGAAACTATAG,1
ATTATAGTGGGAAGAA,1
ATTATATAAAATATAA,1
ATTATATAGCCACATG,1
ATTATATCGCATGCTA,1
ATTATATCTTCTACAA,1
ATTATCAGTTTATACA,1
ATTATCTAAAGGCATA,1
ATTATCTCTCACTCTC,1
ATTATGCAGGATACCA,1
ATTATGGGAATTCTAA,1
ATTATGGGTCTTGGTT,1
ATTATGTACTATAAAG,1
ATTATGTCAACTCCTG,1
ATTATGTTGTTAATGA,1
ATTATGTTTGGTAGAA,1
ATTATTAAAAATAACC,1
ATTATTAAAAATAATA,1
ATTATTAAAGACATAA,1
ATTATTCACAAAAAAA,1
ATTATTGAAGCTAATG,1
ATTATTGTGATACGAC,1
ATTATTTCTCGTTACG,1
ATTCAAAAACCGAGGG,1
ATTCAAAATTGCAGAC,1
ATTCAACCGTAATTTG,1
ATTCAACGACCTTTGA,1
ATTCAACTTTATATAT,1
ATTCAAGCCCAAGTTG,1
ATTCAAGGTCCATACA,1
ATTCAATAACACACTA,1
ATTCACATCAATTCTA,1
ATTCACCGAACTCTGC,1
ATTCACGTACTTACAA,1
ATTCAGAAGGAAAGAT,1
ATTCAGCGGAGCTCCG,1
ATTCAGGCCAGGAACG,1
ATTCAGTTAACTCCAT,1
ATTCATCACCTACCAA,1
ATTCATCTAAGTATAT,1
ATTCATCTATACCCGA,1
ATTCATGTTCTAAAAA,1
ATTCATTAACCCTCCT,1
ATTCCAAAGAAGAATT,1
ATTCCAATGAACATTA,1
ATTCCAGAGGTGTCCA,1
ATTCCAGATAAATTTA,1
ATTCCATAAAAAGATG,1
ATTCCCAACTAGTCAA,1
ATTCCCATATACTTTG,1
ATTCCCCACCACGGCT,1
ATTCCCCTCACACCGG,1
ATTCCGGTACAGTCTA,1
ATTCCGGTCAGAGACC,1
ATTCCGTATTTTGCAC,1
ATTCGAAAAAGGAAAA,1
ATTCGAAATCCATCCC,1
ATTCGAAGTGACTCAT,1
ATTCGAATATTCTCGC,1
ATTCGACTAAACAAAA,1
ATTCGATTTCCTGCTC,1
ATTCGCTATAAATAAC,1
ATTCGGGCTTGCAACA,1
ATTCGTAGTCGATAGG,1
ATTCGTGATTCACGAT,1
ATTCGTGGAATCGGAG,1
ATTCGTTCAACGAGGA,1
ATTCGTTTACAGTTGA,1
ATTCGTTTCCTCAAGA,1
ATTCTAAAAGCATGGC,1
ATTCTAAATACACTGA,1
ATTCTAAATGCAGTCG,1
ATTCTAATCCTGTACT,1
ATTCTAATTTTTGTCT,1
ATTCTATACAATCAAA,1
ATTCTATATAAATTAA,1
ATTCTATCTATTATAT,1
ATTCTATTAGCTCTAC,1
ATTCTCCATACCAAAT,1
ATTCTCGGACAAAAAA,1
ATTCTCTACATCGATA,1
ATTCTGACATCGAACC,1
ATTCTGCTCGTGACTG,1
ATTCTGTTGGCTATAA,1
ATTCTTATCGTCCAAC,1
ATTCTTTAACAACCTG,1
ATTGAAAATCACATAG,1
ATTGAAAATGCCCAGT,1
ATTGAAAGGATTAGAC,1
ATTGAACATACTATTT,1
ATTGAAGACCACCACT,1
ATTGAATACCATGGAG,1
ATTGAATAGCAGTGCC,1
ATTGAATATTATATAA,1
ATTGAATTAGATAAAA,1
ATTGAATTCATCCAGA,1
ATTGACAAAGACAAGG,1
ATTGACACGCCGAGGT,1
ATTGACAGTAAAATAG,1
ATTGACCAACTATGTA,1
ATTGACCTGAATCCAA,1
ATTGACTGCAAATCTC,1
ATTGACTGCAGACATC,1
ATTGAGCAAACTGAGA,1
ATTGAGCTCTGCTATA,1
ATTGATCGCTATCTGT,1
ATTGATTAAGAAATCT,1
ATTGCACCATGAATAA,1
ATTGCACGACATGAAT,1
ATTGCAGAACTTATTC,1
ATTGCAGGGTTTGTAT,1
ATTGCATCGACGACAA,1
ATTGCATGTACGGCAT,1
ATTGCATTTTTGTCTC,1
ATTGCCAAAAATACCA,1
ATTGCCAACCTGCACA,1
ATTGCCACATGCTGTC,1
ATTGCCATCTCTATAT,1
ATTGCCCCTATTGAGA,1
ATTGCCCCTGCAAACT,1
ATTGCCGACTCTTGTA,1
ATTGCCGGTCGAGGAT,1
ATTGCGAACCGGATAT,1
ATTGCGCGTTAGTACG,1
ATTGCGGAAAACAAAT,1
ATTGCGGCCCAAACTA,1
ATTGCGTTTTGGTTCT,1
ATTGCTCACAAAAAAA,1
ATTGCTCCCTTAACAT,1
ATTGCTTCGAACTCAG,1
ATTGGACGATGGCCAA,1
ATTGGAGAGACCGTAC,1
ATTGGCAATTATATGG,1
ATTGGCAGGGTCCACC,1
ATTGGCATACCGAATC,1
ATTGGCCAGCAACTCA,1
ATTGGGTAGAGATAGG,1
ATTGGTAATCGTTTTA,1
ATTGGTATGGGTTAGT,1
ATTGGTCTCCTATGAC,1
ATTGGTGACATAATTT,1
ATTGGTGTGCACTTAA,1
ATTGGTTGATTCGACA,1
ATTGTAACGGCCCCTG,1
ATTGTAGCGCGTTGTT,1
ATTGTAGGTCATATAC,1
ATTGTATTAAATTAAA,1
ATTGTCCAAATGAAGA,1
ATTGTCCACAAATAAA,1
ATTGTCCCTAATCCAT,1
ATTGTCCCTATTGAGA,1
ATTGTGCTGATCATGC,1
ATTGTTCGGCCCATGA,1
ATTGTTGAGACGGCTA,1
ATTGTTTAACAATACA,1
ATTTAAACGAGTTGTC,1
ATTTAAAGCGTGAAAC,1
ATTTAACAACCCAGTA,1
ATTTAACACAAGTAAC,1
ATTTAACGGACAAATA,1
ATTTAACTATAACACA,1
ATTTAAGTAAACAAAG,1
ATTTAAGTCTCTTTTA,1
ATTTAAGTGCGAATAA,1
ATTTAATAATTTACCC,1
ATTTAATATCTGTATT,1
ATTTACAGCACCTTGA,1
ATTTACCAGACGTAGA,1
ATTTACGCGCACTCAG,1
ATTTACTAGGGAGCAA,1
ATTTACTTCAAACATC,1
ATTTACTTCACCTTTA,1
ATTTAGAAGCTATCAA,1
ATTTAGTCAATTTAGC,1
ATTTATACAGAACCGC,1
ATTTATACTTAAACTA,1
ATTTATATACCTAAGC,1
ATTTATCACAAACAAC,1
ATTTATCTGTGGCAAC,1
ATTTATGACACAACAC,1
ATTTATGAGAGCACGG,1
ATTTATGCACAGCAGC,1
ATTTATGCTTAACACA,1
ATTTATGGAGAGTACA,1
ATTTATTCTAAAGGAC,1
ATTTATTGGCGAGTTA,1
ATTTCAAATAAACTTA,1
ATTTCACAGCAAGTAA,1
ATTTCATCTCGAAAGC,1
ATTTCCAAAATTTGCA,1
ATTTCCACGCCTGCTC,1
ATTTCCGGACCGTACA,1
ATTTCCTGTCCGACTA,1
ATTTCCTTGATAACGC,1
ATTTCGCTCATATAAA,1
ATTTCGGATTCCTCGA,1
ATTTCGTGATTGACCT,1
ATTTCTAATTACTGTC,1
ATTTCTAGAACGAAGC,1
ATTTCTAGCGCGGCTA,1
ATTTCTATGAATATCC,1
ATTTCTCAAACGGTGC,1
ATTTCTCATTTACGAA,1
ATTTGAAAAAGAGGGA,1
ATTTGAAACATAGCCC,1
ATTTGAACAGGAAATC,1
ATTTGAACATTATCCA,1
ATTTGAAGATATTGTA,1
ATTTGACAAATATAAA,1
ATTTGAGATACTTCAC,1
ATTTGAGTTAACCAGA,1
ATTTGCACGTAGCTAA,1
ATTTGCAGCCGCTCCA,1
ATTTGCAGGCATATAT,1
ATTTGGAGATAAGCAA,1
ATTTGGCATATACTCA,1
ATTTGGTGAACACAGC,1
ATTTGTACTCCATTTA,1
ATTTGTCCACATTCCG,1
ATTTTAACAACGCGTT,1
ATTTTAACCCCTATTA,1
ATTTTAAGTAGATCTG,1
ATTTTAATACAAGGAA,1
ATTTTAATTACTCAAC,1
ATTTTACGCACATTCC,1
ATTTTAGACAACTCAT,1
ATTTTATCCAGACAAC,1
ATTTTCAAATTTAAGA,1
ATTTTCACACTAATTC,1
ATTTTCATTTGCAGTA,1
ATTTTCCTTCGGTATC,1
ATTTTCGCCAACCCGA,1
ATTTTCTTAGCGGGGC,1
ATTTTGAACCCGGACA,1
ATTTTGAGGGAGTTAC,1
ATTTTTCAACAATACG,1
ATTTTTGCCGACACGG,1
ATTTTTGCTATGTTCG,1
ATTTTTTAAGCTTAAA,1
ATTTTTTACTACCAAC,1
ATTTTTTTGGCAAGCC,1
CAAAAAAAAGCGCCTA,1
CAAAAAAAAGTAGATT,1
CAAAAAAAGCGTTTTC,1
CAAAAAAATTAATTGA,1
CAAAAAAATTTCTTGA,1
CAAAAAACATCCCAGC,1
CAAAAAACCTCAGTAT,1
CAAAAAAGCATACTCA,1
CAAAAAAGTACCGGTC,1
CAAAAAATAAACTGAC,1
CAAAAAATAGACACTG,1
CAAAAAATATCCTAGT,1
CAAAAAATGACTACCG,1
CAAAAAATTCATACAC,1
CAAAAACAATACAGTA,1
CAAAAACAATTCCCGT,1
CAAAAACAGATTTCGA,1
CAAAAACGAACACTAA,1
CAAAAACGCGTTGTTG,1
CAAAAAGTAATCTCCG,1
CAAAAAGTATTTTAAT,1
CAAAAATAGGGTAGTG,1
CAAAAATCACCTTGGA,1
CAAAAATGACGGAAAT,1
CAAAAATGATGTCCGA,1
CAAAAATGCAACAAGA,1
CAAAAATTTAGCGATG,1
CAAAACATAAATGAGT,1
CAAAACCAGGGGTAGA,1
CAAAACCTCAATTCGG,1
CAAAACGAAGAAGGTG,1
CAAAACGGTTTACACG,1
CAAAAGCCAAGTTCCT,1
CAAAAGGCAATGAACA,1
CAAAATAATAATTTAA,1
CAAAATAATACGGCGT,1
CAAAATAGAAAATTTA,1
CAAAATATAAGTCTCT,1
CAAAATATACTACAGT,1
CAAAATATGAGCACTA,1
CAAAATATTATAGGGA,1
CAAAATGAGGAATTGG,1
CAAAATGGGAGTAATC,1
CAAAATTAGTCTCCCC,1
CAAAATTCAAGATATA,1
CAAAATTCTTAGCATA,1
CAAACAACTTCCCATT,1
CAAACAAGCAAGCTCG,1
CAAACAATAATAGTGG,1
CAAACACCAATTTCCC,1
CAAACACCGGAACACT,1
CAAACACCTATAACGT,1
CAAACAGAAGGATCGA,1
CAAACAGAATACATCA,1
CAAACATTAGCTGAAA,1
CAAACATTGAAAATAA,1
CAAACCACCGGTGCAT,1
CAAACCCATGACGAAA,1
CAAACGAAATCGAGGT,1
CAAACGAACCAGCATA,1
CAAACGAATGTAAAGC,1
CAAACGCAGTAAATTT,1
CAAACGCCTATGCCGA,1
CAAACTAAAACAACGT,1
CAAACTAAGGGATTAA,1
CAAACTATGAATTCAC,1
CAAACTATGCAAGCTT,1
CAAACTATTGATGTAA,1
CAAACTCGCAATGATT,1
CAAACTCTCCAGAGCT,1
CAAACTGATAAGTAAC,1
CAAACTGGGCTTCAAA,1
CAAACTTAATTGGGTA,1
CAAACTTCGCTTGGGA,1
CAAACTTGATACAACA,1
CAAACTTTACCATTGG,1
CAAAGAAAGACAAATC,1
CAAAGAAATCACAGTA,1
CAAAGACACTTGGGGA,1
CAAAGACCGTACTAAA,1
CAAAGACCTAGAACAA,1
CAAAGACTCTTGAAAT,1
CAAAGCACTAACTCGA,1
CAAAGCATGTACGAAA,1
CAAAGCCAACATAAAA,1
CAAAGCCCCCGACACG,1
CAAAGCCTTATACAAT,1
CAAAGCCTTCAGCGCA,1
CAAAGCGACTTTTCGA,1
CAAAGCGTGATTCATC,1
CAAAGCTAAGTAAACA,1
CAAAGCTACCGTAGTC,1
CAAAGCTGAACTTATA,1
CAAAGCTGTGATAAAC,1
CAAAGGGAATATGGCC,1
CAAAGTAGTGTCAAAA,1
CAAAGTTAGGTACCCC,1
CAAAGTTATGTCCAGG,1
CAAATAAAAAGAGTCC,1
CAAATAAAACAAGATG,1
CAAATAAAGAGACTCT,1
CAAATAACCAACTCTA,1
CAAATAATAAAAGTAC,1
CAAATAATAAACGTAT,1
CAAATAATCAACCGCC,1
CAAATACCTCCAATAT,1
CAAATACGTAACATCG,1
CAAATAGAGGATGCAC,1
CAAATAGCAAGCTGTG,1
CAAATAGCATACGCCC,1
CAAATATACCATCTTC,1
CAAATATCTCAACTCG,1
CAAATATCTCCGAACA,1
CAAATCAATCAGTATA,1
CAAATCCAACAGAGTC,1
CAAATCGGCTTAAATC,1
CAAATGAGTACCGCCC,1
CAAATGAGTCTCGAGG,1
CAAATGCAGACAAAGA,1
CAAATGCCATGACAGA,1
CAAATGCCCATGCACC,1
CAAATGGAAATGACGA,1
CAAATGGTAGAAACGT,1
CAAATGGTTAAATTAG,1
CAAATTCTTACTCTAC,1
CAAATTGAACGGAAAT,1
CAAATTTACCAATCCA,1
CAAATTTCAGGCGAAC,1
CAAATTTGATTACTAC,1
CAACAAAAATGTTAAA,1
CAACAAACAAAGACCT,1
CAACAAATAGTAGTAA,1
CAACAACCACTAACCA,1
CAACAACTACCCATCC,1
CAACAACTATAATAAG,1
CAACAACTGAAATTTA,1
CAACAACTGTGTGTGT,1
CAACAAGAAATCGGTT,1
CAACAAGAAATTAACT,1
CAACAATAACAAACTA,1
CAACAATAATACGTTT,1
CAACAATATGACCATG,1
CAACAATCCCATCACG,1
CAACAATTCATCACGA,1
CAACAATTTATCGCTG,1
CAACACAGGGCTATAA,1
CAACACATAGCCCTAA,1
CAACACCATTCAAGAG,1
CAACACGACTAGGACA,1
CAACACTATCCTTACC,1
CAACACTTATTGTTTG,1
CAACACTTCTACACCC,1
CAACAGTTGAAAAAAG,1
CAACATATAAAATCAA,1
CAACATCCTTAGTGTA,1
CAACATCGTAAGACGT,1
CAACATTATACGTGGA,1
CAACATTCAATGCAAG,1
CAACATTCGATTTAGA,1
CAACCAACGACCAGAC,1
CAACCACACGAAGAAC,1
CAACCACGCCACAAAG,1
CAACCACGCTAACATT,1
CAACCCACACATACCA,1
CAACCCACTAAGAACC,1
CAACCCATATATAAAA,1
CAACCCCCTGATCCCC,1
CAACCCCTTGCCCTGG,1
CAACCCTGAGACCGGA,1
CAACCCTTCTTTAGAA,1
CAACCGATACTTACCA,1
CAACCGCAAGATACCA,1
CAACCGCACACTAATA,1
CAACCGCCGGTAACAT,1
CAACCGGAAAAACATT,1
CAACCGGAGAGTTACG,1
CAACCTCCAAAGTCAG,1
CAACCTGAACGTCAAG,1
CAACCTTAACCGACAA,1
CAACCTTTACTGATTA,1
CAACCTTTTGTACTTA,1
CAACGAAACCTAATAG,1
CAACGAACAAATATCC,1
CAACGAACAACTTGCG,1
CAACGAACCAACAAAG,1
CAACGACGTAATCCAC,1
CAACGAGAATGGTGGC,1
CAACGAGCATATTTCT,1
CAACGATAATTCCACT,1
CAACGCAAACGTATTT,1
CAACGCAAATTACGGT,1
CAACGGAATATAATAT,1
CAACGGTCGGTTCACG,1
CAACGGTCTTCCACCA,1
CAACGTAGACCAAACA,1
CAACGTGAGCTAACCC,1
CAACTAATAAAGATAA,1
CAACTAATTAAACCTT,1
CAACTACATCTCTGAA,1
CAACTACTACAGATAA,1
CAACTAGATACTCCAT,1
CAACTAGATCTACGGC,1
CAACTAGCGAATCTAC,1
CAACTATACCCCGCAC,1
CAACTATCGTGCAAGC,1
CAACTCTGCCAACTCC,1
CAACTCTGTTGGAAAT,1
CAACTCTTAAGTATCT,1
CAACTCTTAATTTATA,1
CAACTCTTGAATATTG,1
CAACTGAAAAAGGTCC,1
CAACTGCCAGACGATC,1
CAACTGTAACCGACGA,1
CAACTGTACCATTCCC,1
CAACTTAAGTCAAAAC,1
CAACTTCCCCAGAGTA,1
CAACTTTCTCAATAAC,1
CAACTTTCTTATCCAA,1
CAAGAAAATTAAAATT,1
CAAGAAACATAATAAC,1
CAAGAAATGGTACATT,1
CAAGAACGTGCAAAAG,1
CAAGAAGGACGTGGTG,1
CAAGAAGTACAAAATT,1
CAAGAATCCACACACA,1
CAAGAATCTACCCCAA,1
CAAGAATCTCACGTAC,1
CAAGAATCTCATCGCA,1
CAAGAATTTTGTTCGT,1
CAAGACACCCCAGACC,1
CAAGAGAGTACGGTCA,1
CAAGAGCATACATGGT,1
CAAGAGCCTTAAAATA,1
CAAGATAACCATCTTC,1
CAAGATACTGCTAAAA,1
CAAGATATCCACCAAG,1
CAAGATATCCCATCGA,1
CAAGATATGAATTAAG,1
CAAGATATGTGTATAT,1
CAAGATATTTATTATA,1
CAAGATCAAAAAGTAT,1
CAAGATGTTAATAAAC,1
CAAGATTATCACGAGT,1
CAAGATTTTAATGGTC,1
CAAGCACAATTAATGC,1
CAAGCACCCAAGACCC,1
CAAGCAGAGTTTCGAA,1
CAAGCAGTCCAAGACC,1
CAAGCCTTCATCCACA,1
CAAGCTACTACAAGCT,1
CAAGCTCAATCATTAA,1
CAAGCTTGCCGAACCA,1
CAAGCTTGTAAATACA,1
CAAGGAACAATATCCT,1
CAAGGAATCACAATAC,1
CAAGGAATGACAGCTT,1
CAAGGAATTACTTTTG,1
CAAGGACAAGATGATT,1
CAAGGAGGAACTAATT,1
CAAGGATAAACAATAT,1
CAAGGATACAAAAGCA,1
CAAGGATCATTATAAG,1
CAAGGATCTAGACGGC,1
CAAGGCGCAAATAAAG,1
CAAGGCTCAAAAGTTA,1
CAAGGCTCATCAGTAG,1
CAAGGCTTATATAAAT,1
CAAGGGAATTCACCAA,1
CAAGGGACCCATGTCG,1
CAAGGGTACATGCATG,1
CAAGGGTCATTCCTCG,1
CAAGGGTGACACTTGG,1
CAAGGTACCTCAGAGA,1
CAAGGTATAAATCTTC,1
CAAGGTGGAAACAAAA,1
CAAGGTGGCAACTATA,1
CAAGGTTAAGTTGCCC,1
CAAGTAAACATAATAT,1
CAAGTAATAACCCCAA,1
CAAGTATAGTACAAGT,1
CAAGTCAATTGACACA,1
CAAGTCCACCCTCAGA,1
CAAGTCGTCGTCACAC,1
CAAGTCTATATCCTAT,1
CAAGTGAACCCATATA,1
CAAGTGAAGGTTTGGA,1
CAAGTGACCAAACAAA,1
CAAGTGATTGTAACGA,1
CAAGTGCCCACCCGAA,1
CAAGTGGGATTAGATG,1
CAAGTGGTTGCAAAAC,1
CAAGTGTAGCTTTTAG,1
CAAGTGTCGATCTTGT,1
CAAGTTAAGACCAAAC,1
CAAGTTACAGACAGAA,1
CAAGTTAGGAGAAGGC,1
CAAGTTATTAAATACT,1
CAAGTTCCGACCTTGG,1
CAAGTTCTGTGTACCT,1
CAAGTTGGCTAGTATA,1
CAAGTTTAGTCGAGAA,1
CAATAAACAAAAAACA,1
CAATAAATACATATTA,1
CAATAACAAATAAAAA,1
CAATAACTGAAGACTT,1
CAATAAGTTCTATCCA,1
CAATAATGAAGAGAGC,1
CAATAATGGAGAGTAC,1
CAATAATTTCACAAAA,1
CAATACAATAAAAAAT,1
CAATACAATAGCATCT,1
CAATACAGCCTCCTCT,1
CAATACAGGTTACAGA,1
CAATACATTCTGTATA,1
CAATACCGATTACAGG,1
CAATACTTAAAAATGA,1
CAATAGAATACACAAA,1
CAATAGCTAATATAAT,1
CAATAGGAGCGATTTA,1
CAATAGGCAGTCTCAC,1
CAATAGGTATTGCAGA,1
CAATAGGTTAAGTATT,1
CAATAGTAAAACTGGT,1
CAATAGTGCCGCAAAT,1
CAATATACTACCCCTC,1
CAATATATATCCCAAA,1
CAATATCGCATCAAAT,1
CAATATTCCAGATAAC,1
CAATATTGTCACCTTC,1
CAATATTTACTACGAC,1
CAATCAAAATAAATCG,1
CAATCAAACCTTGGAA,1
CAATCAATGATACATC,1
CAATCACTAGAAGGAT,1
CAATCAGCCTTAAAGC,1
CAATCAGGACCACAAA,1
CAATCAGTAAAATTAT,1
CAATCAGTCAGACCGC,1
CAATCATAATAGAATT,1
CAATCATACCGTCATA,1
CAATCATAGTGCCGTC,1
CAATCATATCTCAATT,1
CAATCCACGAGTCTGT,1
CAATCCATCCTTTAAT,1
CAATCCATCTGAACAC,1
CAATCCATGTACATAG,1
CAATCCATTGCCCAAT,1
CAATCCCTGTTTCATT,1
CAATCCGACGATCTAA,1
CAATCCGCGCGCTAAA,1
CAATCCGCGTACTCAG,1
CAATCCGGAACCAACT,1
CAATCCGGAACCCCAT,1
CAATCCTCTAAAGTTT,1
CAATCCTGTATTGAGA,1
CAATCGACTTTCCGCT,1
CAATCGAGGACATTAC,1
CAATCGCTAACACCGC,1
CAATCGTCCGTACCAT,1
CAATCGTTATTCAACT,1
CAATCTAGAGAGAACC,1
CAATCTATTTTCGGAA,1
CAATCTCAACTGATGT,1
CAATCTCGACAGAGCC,1
CAATCTGAAGGAAACC,1
CAATCTGTGGGCATAA,1
CAATGAAAACTCTGAA,1
CAATGAAGAACGCTGA,1
CAATGAATATCCCTAG,1
CAATGAATTGACTAAA,1
CAATGACGCAACCGCA,1
CAATGACGCTAGCTCC,1
CAATGAGATTCGTGCG,1
CAATGAGTTCCACCGG,1
CAATGATAATCCATCT,1
CAATGATATAAACACA,1
CAATGATCCGGGGAAC,1
CAATGCCTTCATATTT,1
CAATGGAGTGATGTCT,1
CAATGGTCACTGATCA,1
CAATGTAACGCTACAT,1
CAATGTAATATAAGCG,1
CAATGTACACTCTAGA,1
CAATGTACTGAGAAAG,1
CAATGTTGCAGACTTG,1
CAATTACAAGAGTATA,1
CAATTACGACAGTGCC,1
CAATTACGTTCAGCAA,1
CAATTATACCTATATA,1
CAATTCAAATTATAGC,1
CAATTCAAATTCACCA,1
CAATTCAGACAATCAA,1
CAATTCAGTGTGGTAC,1
CAATTCATAGTCGACT,1
CAATTCGAACTAGGAA,1
CAATTCTTATTCGCTG,1
CAATTGAGCGTGAATC,1
CAATTGATGTCTTTAC,1
CAATTGTGCGTTAATG,1
CAATTGTTATATTATT,1
CAATTTAAATTAGCCA,1
CAATTTACATGATCGA,1
CAATTTAGCAAAGACA,1
CAATTTGCACACGAAC,1
CAATTTGCAGTTACAA,1
CAATTTGCTGCGACAA,1
CACAAAAAGTAGAGGC,1
CACAAAAATACGTTTA,1
CACAAAATTAATTTAG,1
CACAAACAACAGACGG,1
CACAAACCAGCTTCCC,1
CACAAAGAGAAGAACG,1
CACAAAGGTCATTTGG,1
CACAAATACATGTCAG,1
CACAAATGATATCCTC,1
CACAAATGCTTAACCG,1
CACAAATGGATACATA,1
CACAACAAATGAAATG,1
CACAACACGTCCACAT,1
CACAACCCCGGATATG,1
CACAACGACATTTTCA,1
CACAACTAATTAAAAA,1
CACAAGAAAGAACATC,1
CACAAGATTTCACAGA,1
CACAATAACCAAGAGC,1
CACAATAATGAACACT,1
CACAATACTCAGAAAA,1
CACAATATCTCAAAGC,1
CACAATCCACTTATTT,1
CACAATCTGCTAACCA,1
CACAATGAAGAGTAAA,1
CACAATGAAGCCCCTA,1
CACAATTAAAATATAA,1
CACACAAAAAAAACGT,1
CACACAACAACGAGTT,1
CACACAACGCTCAGTC,1
CACACAAGAACTGGTA,1
CACACACCCAGTAAGT,1
CACACAGAAACAAATC,1
CACACAGGCAAAAGAG,1
CACACAGTAAATTAAT,1
CACACAGTTTAAACTT,1
CACACATATCTAATGA,1
CACACATCTAATCAAA,1
CACACCAGTTTTTAAG,1
CACACCCCATATAACA,1
CACACGATATAAAGAC,1
CACACGCACTACCAAA,1
CACACGCCCCGAAAAG,1
CACACGTATATCAATA,1
CACACGTATGTCAAAA,1
CACACTAATTACAACC,1
CACACTATCCAAAGCC,1
CACACTCTCATAATTG,1
CACACTGACGAACAAG,1
CACACTGATGTCCTCA,1
CACAGAAAATCGACCA,1
CACAGACCTATTCTTG,1
CACAGAGTGATAATTA,1
CACAGATATTCCATCC,1
CACAGCACTGTTCAAT,1
CACAGCAGTTCACACA,1
CACAGCCAATTCACCC,1
CACAGCCACGGCGCAT,1
CACAGCTAAAACTGCA,1
CACAGCTATAGGCAGC,1
CACAGGACCGAGAATA,1
CACAGGCACAGATGTT,1
CACAGGCCAGGTACAT,1
CACAGTAAAATTTGCC,1
CACAGTATACCTTATA,1
CACAGTTATAACAACT,1
CACAGTTCACTGATAA,1
CACATAAAATAGCTTA,1
CACATAAACATAATCA,1
CACATACAATCGACAA,1
CACATACACTATTGTA,1
CACATACCCTCGTGTA,1
CACATACGCATAAGTA,1
CACATATTAATATTCC,1
CACATATTAGAGACAA,1
CACATCAGCACTCTGA,1
CACATCCATATATGTT,1
CACATCCTAACAACAA,1
CACATCGCACAAGACC,1
CACATCGCCCAAGGCG,1
CACATCTAATAAAAAG,1
CACATGACAAATTAAT,1
CACATGACAGATACAA,1
CACATGCCAATACAGC,1
CACATGGAATTGAATT,1
CACATGGACAATGAAA,1
CACATGTGATACGTAT,1
CACATTAATACATAAC,1
CACATTACAACTAGCC,1
CACATTAGAAAGCGCC,1
CACATTAGATCAAGCA,1
CACATTATTAAACCAA,1
CACATTCAACAAATTA,1
CACATTCAGCCAACTT,1
CACATTCCCTTGATTT,1
CACATTTGAAACAGCA,1
CACATTTTTTGCTGGT,1
CACCAAAAACAGTCTG,1
CACCAAATAAACAATG,1
CACCAACCTGAGGCTC,1
CACCAACTGATTTCAT,1
CACCAAGAATAAATAA,1
CACCAAGCCACGACAT,1
CACCAAGTAAGTGTAC,1
CACCAATCCATTTCGA,1
CACCAATCGCCTCCAT,1
CACCAATGAATTATTG,1
CACCACCCAGATACAC,1
CACCAGACATACTACA,1
CACCAGAGGAAAGTAA,1
CACCAGTGTCAAAAGA,1
CACCATACAAAAAAAA,1
CACCATACATTCCATA,1
CACCATATTAGCAATC,1
CACCATCAGACCTTTC,1
CACCATGGGGACTTTA,1
CACCATTTAATTTCAG,1
CACCCAAAATACCTTA,1
CACCCAAATGACTAGT,1
CACCCACAAGAACATA,1
CACCCACCAAATCTGC,1
CACCCATAGCTAAGAC,1
CACCCCATCATAACTG,1
CACCCCCATGTATCAG,1
CACCCCGGATATAATA,1
CACCCCTGGACCTACC,1
CACCCGTTGCCTCTTA,1
CACCCTAACTATTTTT,1
CACCCTAATGAGTCCC,1
CACCCTACCATTATAG,1
CACCGAAAGTGACTAA,1
CACCGACTGGCATGCA,1
CACCGAGGTCTAAAAC,1
CACCGATACACTTATT,1
CACCGCAACGGGTCAC,1
CACCGCTGACAGCGCG,1
CACCGGAACCGCTATC,1
CACCGGAGCTCTGAAC,1
CACCGGAGTTCAAATA,1
CACCGGGGGCCGGTAT,1
CACCGTCCGCCTATAA,1
CACCTAAAACACAGCA,1
CACCTAAACTGTTCCA,1
CACCTACCTGACAAAC,1
CACCTAGTACACCGTT,1
CACCTGGATCATGCTT,1
CACCTTACTCCACCGC,1
CACCTTCTAACCTAGT,1
CACCTTCTTGTCAGGG,1
CACCTTTAGTGACTGA,1
CACCTTTCATCTTAAA,1
CACCTTTCATGTAAGT,1
CACGAAAAGTATCTTT,1
CACGAAACTACGACCT,1
CACGAAGGCTATGCAT,1
CACGAATTGTTTTACC,1
CACGACCACGGGTAGA,1
CACGACCGGGAATGAC,1
CACGACGGAGCCTTCA,1
CACGACTTATTATGTA,1
CACGCAATTCCATCTA,1
CACGCACCGGTAAAAT,1
CACGCAGAAAGTTTGA,1
CACGCAGGTGACGTTA,1
CACGCATCTAAGAAGA,1
CACGCCAACTACAGGT,1
CACGCCATCAAATACT,1
CACGCGAGATAAGTTC,1
CACGCGTGAACCGCCT,1
CACGCTGGATTGATTT,1
CACGGAACATTAAAGA,1
CACGGAACTCGGAGTC,1
CACGGAAGAATATTCC,1
CACGGAGGGTCATACT,1
CACGGCAACAACCGAC,1
CACGGGCCATCGACAC,1
CACGGGCTTAGATAGG,1
CACGGTCCGATCGAAA,1
CACGTAAATTCTTCTG,1
CACGTACACAGGAAGG,1
CACGTACATCCAACAA,1
CACGTAGTACCGGATT,1
CACGTATCCAAAGTAC,1
CACGTCAAAACAAACA,1
CACGTCAGCTGTTAGA,1
CACGTCGTACACGAGC,1
CACGTCTGATTGTAAG,1
CACGTTATCAAAACTG,1
CACTAAAAAAAGAAGC,1
CACTAAAATACATACA,1
CACTAAATGGTAGCGT,1
CACTAAATTTGACCTA,1
CACTAACGTGGAAAAT,1
CACTAACTATAGAACC,1
CACTAATCCAGCAGAC,1
CACTACCAATATCAGC,1
CACTACCTGAACAAGT,1
CACTACGAGCTTGCTA,1
CACTACTCGGCATAAC,1
CACTACTTTCAGAAAT,1
CACTAGAACTTCAAAG,1
CACTAGCCCCGCATAG,1
CACTAGTACAAAATCA,1
CACTAGTGCTTTTTTA,1
CACTATACACTAGATT,1
CACTATACGCTGACAA,1
CACTATATTAAGAAAA,1
CACTATCAAGTCATTG,1
CACTATCTCTTCGTGT,1
CACTATTTAATGTGTT,1
CACTATTTATTAACAG,1
CACTCAATATATATCT,1
CACTCACGAGCGGACT,1
CACTCACGAGTCAGAC,1
CACTCAGGAACCAGCA,1
CACTCATAGACGTGTG,1
CACTCCAAGGAAGAAT,1
CACTCCATTATGCTTA,1
CACTCCTACTCATTTG,1
CACTCCTCGTAAAGTA,1
CACTCCTTGATGAAGG,1
CACTCTAAGGAAGATT,1
CACTCTATGACATTGG,1
CACTCTGAAATGAAAC,1
CACTCTGGTTAAGAAC,1
CACTCTTCATGCAAAT,1
CACTGAAACGAGTACA,1
CACTGAAATCTCTAGA,1
CACTGAAGAAAATATC,1
CACTGAAGGGGATGAT,1
CACTGAATTTCATCAT,1
CACTGCCCTTAGCATC,1
CACTGCTAACTTTTGA,1
CACTGGACCCGAGCAG,1
CACTGGATAAAACTTG,1
CACTGTGTCTAATGTT,1
CACTTAAACATACCAG,1
CACTTAACAAATGCAA,1
CACTTAATATAGTTCA,1
CACTTACCTACATGCA,1
CACTTACTATGTTAAG,1
CACTTACTTCGCAATA,1
CACTTAGTTCATCCTT,1
CACTTATTCAAGAGTA,1
CACTTCACGAGATAGA,1
CACTTCATCCACAATT,1
CACTTCTACACCCATA,1
CACTTGAATAACTACC,1
CACTTGCGTGGTCATA,1
CACTTGGGAGTTCAAT,1
CACTTTAAAATGTTGA,1
CACTTTATAAATTTAG,1
CACTTTATCTCAGAGT,1
CACTTTGAACTAGAAC,1
CACTTTGAAGTTGGAA,1
CACTTTGCTTTAACGA,1
CACTTTGTCCATCCAA,1
CACTTTTATTCCCTCA,1
CACTTTTCGCATTAGC,1
CAGAAAAACGAGGAAG,1
CAGAAAACATGAAGTA,1
CAGAAAAGACACAAAA,1
CAGAAAAGAGATGATC,1
CAGAAAATTGTAAACC,1
CAGAAACCTTGAAGAT,1
CAGAAACTCTGCTAAA,1
CAGAAACTGCGAGTAT,1
CAGAAAGAAATAATAA,1
CAGAAAGACTATTAGA,1
CAGAAAGCGACATATA,1
CAGAAAGGCGCATGAT,1
CAGAAAGTTAAAATAG,1
CAGAAATAGATAATAC,1
CAGAAATATAAAAGAT,1
CAGAAATTCCAAGCTA,1
CAGAAATTGCAGAGAA,1
CAGAACAATGAACAGA,1
CAGAACACTGTTCTTC,1
CAGAACATCCCCGACA,1
CAGAACGACATAATAG,1
CAGAACGACATTACAA,1
CAGAACGATAATTCTA,1
CAGAACTAAAAAAAAC,1
CAGAAGACCTCCAACT,1
CAGAAGACTTGGTCAT,1
CAGAAGCAATCACATC,1
CAGAAGCGGCATCAGG,1
CAGAAGGCTTCACAGG,1
CAGAAGGGGCTAAAGG,1
CAGAAGTGACAAGTTG,1
CAGAATAATAGACGCT,1
CAGAATCTATAACACT,1
CAGACAATAAACTGCC,1
CAGACACAACCTAATC,1
CAGACACGGTTTTTAA,1
CAGACAGTGCACCCCA,1
CAGACATATAAACAGA,1
CAGACATGCCAGACGC,1
CAGACCACGAAATTTA,1
CAGACGACAGCAAATA,1
CAGACGATAAATAACG,1
CAGACGCACGGGCGTA,1
CAGACGTAACAAAAAT,1
CAGACGTCGATAAGGA,1
CAGACTACCCAGTAAG,1
CAGACTATCAAATTAT,1
CAGACTCTAGTGAACA,1
CAGAGAAAACTCCTGG,1
CAGAGAAGCAGCCAAA,1
CAGAGACAACGCCGCC,1
CAGAGAGTGAAGGAGT,1
CAGAGATCTACATTTA,1
CAGAGCAATATTCGCG,1
CAGAGCCTTCATACTA,1
CAGAGCTACCACCATA,1
CAGAGGCTCCTGACCA,1
CAGAGTCGGCAGTTCG,1
CAGAGTCTATCTCAAC,1
CAGAGTTTGTAATAAT,1
CAGATAAAAACAAAAA,1
CAGATACACACAACAT,1
CAGATAGAACGATTAC,1
CAGATAGCACAACATA,1
CAGATAGCTAACTCTC,1
CAGATAGCTACGGGGG,1
CAGATAGTCATTATCC,1
CAGATATGTGTAAGCT,1
CAGATCAATGAAGACT,1
CAGATCAGCACACATT,1
CAGATCCCAGCCAAAA,1
CAGATCCCCTATCATG,1
CAGATCCGGTGAAACA,1
CAGATCGCGTCTAACT,1
CAGATGCTATGCCCCA,1
CAGATGGAGAGAAAAT,1
CAGATGGTTATGCAAG,1
CAGATGTCCCGACAGA,1
CAGATTAAAACACTGG,1
CAGATTAATTTGCTGA,1
CAGATTCATGACTGGA,1
CAGATTGGCGCGGCTC,1
CAGCAAAGCAAAGGCA,1
CAGCAAATAGTCGACC,1
CAGCAACAATACTAAC,1
CAGCAACGTACTGAGA,1
CAGCAACTAAGGATAT,1
CAGCAATGGACACCAC,1
CAGCAATGTCACTAAG,1
CAGCAATGTCGAGGAA,1
CAGCACAAGGCACTAG,1
CAGCACCTCGCCTGAT,1
CAGCACGACTGTGCCT,1
CAGCACGGTTTCCACG,1
CAGCACTACAAGTCCT,1
CAGCAGATTATTGTAA,1
CAGCAGTTGAAGTTGA,1
CAGCATAGACAAGCTG,1
CAGCATATAACTTGTT,1
CAGCATATACCTGAAT,1
CAGCATATTATGAAGA,1
CAGCATGACGAGTGAC,1
CAGCATGATCACCTTT,1
CAGCATTAATGAAGCT,1
CAGCCAATCCATTATT,1
CAGCCAATGGGGGAAG,1
CAGCCGCGATTCCGGC,1
CAGCCGTATGATGAGA,1
CAGCCTAAGTATCTCG,1
CAGCCTGACGTCCAAA,1
CAGCGAATTTGCACAA,1
CAGCGCACCCGACTTC,1
CAGCGCCAGATCTGAA,1
CAGCGCCCTCTACCCG,1
CAGCGCCGATCGAATA,1
CAGCGCGTTACAAACT,1
CAGCGCTTCAGGTATC,1
CAGCGGAAACGTATAA,1
CAGCGGGGAATCACTA,1
CAGCGGGTTCTTTCCT,1
CAGCGGTACCGTTTCT,1
CAGCGTACTTACCTTT,1
CAGCTAAAAGGCCCAA,1
CAGCTACTTCCAAGCG,1
CAGCTATTCAATATAT,1
CAGCTCATATACATGA,1
CAGCTCCACTTATTTA,1
CAGCTGAAAGCATTAA,1
CAGCTGATAGTGGACT,1
CAGCTGTCTTAGACCT,1
CAGCTTCCAAGACAAT,1
CAGCTTGAGCTAAGTG,1
CAGGAATTAGCCGACC,1
CAGGACCAGTTAACAG,1
CAGGACCCGCCTGCCA,1
CAGGACTTTAACTGCA,1
CAGGAGCACCAGTTTA,1
CAGGAGCTCTAAACCT,1
CAGGAGTAGAAGCTTC,1
CAGGAGTCATCTTTTC,1
CAGGATAAGCCTTATG,1
CAGGATCCGACAAGAC,1
CAGGATCGCCATATAC,1
CAGGATCTGATAATAA,1
CAGGATTGGCTGAACA,1
CAGGCAACTTCAAAAT,1
CAGGCATTCAACGTCA,1
CAGGCCACATAAGCAG,1
CAGGCCCACATCTTAA,1
CAGGCCCTCATTAACA,1
CAGGCCTACCGCCGAT,1
CAGGCGCAAACCAAAG,1
CAGGCGTTCAAAGAAG,1
CAGGCTCAGACTAACA,1
CAGGCTTAATCAGAAA,1
CAGGGAATTGGGGAAC,1
CAGGGACAAACCCATG,1
CAGGGAGAACGCATAT,1
CAGGGCAAATTGTCAG,1
CAGGGCCAGCAGCCAT,1
CAGGGCCTTGCACTAG,1
CAGGGTAATATCTCTT,1
CAGGGTGAATGGCAGA,1
CAGGGTTGTATAAACG,1
CAGGTACTTTCCAAAT,1
CAGGTCGGATACGATA,1
CAGGTCTATGACTCTC,1
CAGGTCTTATACGGGA,1
CAGGTGAAACGCCCCC,1
CAGGTTAACGCGAAAA,1
CAGGTTGACCGGCTGG,1
CAGTAAATCAAAAGAT,1
CAGTAAATCTTGAGAC,1
CAGTAACAAGATACGA,1
CAGTAACCTAGCACAA,1
CAGTAACGGTGGGTAC,1
CAGTAACTAAATAGGG,1
CAGTAAGACGATAGCA,1
CAGTAAGAGTATTATT,1
CAGTAATAAGACCCAC,1
CAGTACGGGACACGTA,1
CAGTAGCGCTAATTAA,1
CAGTAGGAAACGCAGT,1
CAGTATACAGACTGGT,1
CAGTCAAGATCATGCA,1
CAGTCAATAGCCGCAG,1
CAGTCACGAATAAGCA,1
CAGTCACGCTATCAGT,1
CAGTCACGTAAGAGTA,1
CAGTCAGTGTCTCCCA,1
CAGTCCAATTAACACG,1
CAGTCCAGGTACACCC,1
CAGTCCGATTTAGGAG,1
CAGTCCTTTAAGAAAA,1
CAGTCGGAGTCCCTGA,1
CAGTCTAAGTGAATGC,1
CAGTCTAGACTTCCAC,1
CAGTCTGTAATCACTA,1
CAGTGAATTTAAATAA,1
CAGTGACGAGAATACC,1
CAGTGAGAAAAAGGAC,1
CAGTGATATACTCATC,1
CAGTGCATTAATGTTC,1
CAGTGCGAGAGAACTA,1
CAGTGGACTACGTGGA,1
CAGTGGTTTCACGCAT,1
CAGTGTCATATGTGGT,1
CAGTGTTAAAACTGAC,1
CAGTTAGTATAGGCTT,1
CAGTTATACTTTGAAG,1
CAGTTCAAGTGCGTCA,1
CAGTTCACAGGAAGAC,1
CAGTTCTCAAAATGTA,1
CAGTTGAAATAATATG,1
CAGTTTAAACCACCCG,1
CAGTTTACACTAACAT,1
CAGTTTACTTATGAAA,1
CAGTTTTACGATCAGC,1
CAGTTTTCTCACAAAA,1
CATAAAAATATCTCAC,1
CATAAAAGAATATGAA,1
CATAAAATAAAGCATT,1
CATAAAATAGATTACG,1
CATAAAATCTTAAAGA,1
CATAAACTAAAAACTA,1
CATAAATAAAATCAAC,1
CATAAATAAGTATAGG,1
CATAAATACTTATACC,1
CATAACACACATAGTA,1
CATAACACTACTGCGA,1
CATAACATAATCGATA,1
CATAACCAGTAAAAGC,1
CATAACCCTTACTGAA,1
CATAACCGAAGGACCT,1
CATAACGACAGAACAC,1
CATAACGGAATTAATT,1
CATAACGTATATTTAT,1
CATAACTCACTGACAG,1
CATAACTCCAAGGTCA,1
CATAACTGACCTTCAC,1
CATAAGCGCATACCAT,1
CATAAGTATATACACA,1
CATAATAAATCCCATG,1
CATAATAACAGTCGCG,1
CATAATAACTAAAAAA,1
CATAATACAGTAATCG,1
CATAATATGCCAAAAT,1
CATAATGCTGGTTTAA,1
CATAATGTAAGACTAC,1
CATACAAATACCACAT,1
CATACAACAGAATTGT,1
CATACAAGCTCTGCGC,1
CATACAATATAGATAT,1
CATACAATGGATGCTA,1
CATACACATACAAATC,1
CATACACCCTTGGCCA,1
CATACACTATACTGCC,1
CATACACTCCGAAAAA,1
CATACCAATATCAACT,1
CATACCAATTCAACAC,1
CATACCCCTTAAAGAG,1
CATACCTGGGCTACTG,1
CATACGTACTCAAACC,1
CATACGTAGATACCAG,1
CATACTGACCCCTAAT,1
CATACTTAGTAAGGAA,1
CATACTTTCGCCTAAA,1
CATAGAAAGTTAATAC,1
CATAGAACTTTTTTTA,1
CATAGACGGATCAAAA,1
CATAGACTGGCCAATC,1
CATAGATATGAACTGG,1
CATAGCAAATAATCAT,1
CATAGCATCGCTAAAG,1
CATAGGAGAGGAAGTT,1
CATAGTAGTAGTTAGC,1
CATAGTTGTCCTGCAC,1
CATATAACTAAATTCA,1
CATATAATAGCAATAC,1
CATATACAACATATGA,1
CATATACACGAGCGCA,1
CATATACATAACGCCA,1
CATATACGGAGTTTCC,1
CATATAGATTGGAAAA,1
CATATAGCACCATTTT,1
CATATAGCGCTCTGTC,1
CATATATCTCCCAGAT,1
CATATATTATACATCA,1
CATATATTCAAAGTAC,1
CATATATTCTACCCTG,1
CATATCAAGCTTCAAC,1
CATATCTAATAGATTC,1
CATATCTGCCGAACCG,1
CATATCTTCTTCTCTG,1
CATATCTTTACATGCC,1
CATATGCGTGACTAGA,1
CATATGGACAACGCGA,1
CATATGGGAATGGGAT,1
CATATGTATGCACGAA,1
CATATGTCCAATTGAC,1
CATATGTGTAAGTTTG,1
CATATGTTAAGTAGAC,1
CATATTATCAAATCTC,1
CATATTCACCCAAAAC,1
CATATTTACAAATCCA,1
CATATTTGCAAATAGT,1
CATCAAAAACTTTTAA,1
CATCAAAGAGACCCGA,1
CATCAAATCCATCTCA,1
CATCAACAAAATAGGA,1
CATCAACAAAGAACCC,1
CATCAACAAATGCTCA,1
CATCAACACAAATTAG,1
CATCAAGACGGACAAC,1
CATCAAGCGCCCTATA,1
CATCAATGAAAAAAGA,1
CATCACAAGCTAGACG,1
CATCACAATACACAGG,1
CATCACACTCATTAAG,1
CATCACGAGAAATTGA,1
CATCACTAAAATCGAA,1
CATCAGACAGTTCATC,1
CATCAGACATAGGTGG,1
CATCAGATATAGCTGT,1
CATCAGATGTTCTCCT,1
CATCAGCAGGAGTTAC,1
CATCATACCCAACTGT,1
CATCATAGTTACGATG,1
CATCATCGTAAGTTAT,1
CATCATGCGCCAGCGG,1
CATCATGGTCACAAAA,1
CATCCAACGTAGAGAC,1
CATCCAGAACCTCGAC,1
CATCCATCAGTACAAT,1
CATCCCAAGTAATCTA,1
CATCCCGGCTAAATCA,1
CATCCCTACACGCATA,1
CATCCGAGCAATAGCT,1
CATCCGCATGACGCGG,1
CATCCGTATTTACACT,1
CATCCGTGATCGACGA,1
CATCCTACGTGGTCAT,1
CATCCTATAAAATAGA,1
CATCGACCACTCCGAT,1
CATCGACGTTCTGCAG,1
CATCGAGGGAAGCCCG,1
CATCGATCTCGACATT,1
CATCGATTGACCACAC,1
CATCGCCGCTTGTTGA,1
CATCGCCTCAAGGTTA,1
CATCGCCTGCTTTTGC,1
CATCGCTACTCCCGGA,1
CATCGCTATAGTTGAA,1
CATCGCTTCTCATAAC,1
CATCGTTAACAGAGCC,1
CATCTAAGCAGCCGAT,1
CATCTACACCGAAACG,1
CATCTAGATTTTAAGT,1
CATCTAGCCCTGAATC,1
CATCTCCTTCAGGAGA,1
CATCTCGAGGTTCAAC,1
CATCTCGGGACGCAAC,1
CATCTCTATATATCGA,1
CATCTCTATGATAACT,1
CATCTCTCAGGGTTGC,1
CATCTGAGGCTTATAG,1
CATCTGCACTATGTCT,1
CATCTTAAAATTGAGA,1
CATCTTAAAGAGCTAA,1
CATCTTACTTACCAAC,1
CATCTTATTCGGTGTA,1
CATCTTGCCTTATAGG,1
CATCTTTTTAACACGG,1
CATGAAAGACACACCC,1
CATGAAAGGGGAATAT,1
CATGAACATTTAAAAA,1
CATGAACCAGACAAAA,1
CATGAATGCCTTAACC,1
CATGACAAACTAGTAG,1
CATGACAACTATCTAA,1
CATGACGTAAAAATTC,1
CATGAGAAGGACGCAA,1
CATGAGCCACCCAAGC,1
CATGAGTAAATTAAAA,1
CATGATAAACCATACT,1
CATGATAATGTAAGTC,1
CATGATACGCAAAAAT,1
CATGATATGTGACTTT,1
CATGATGTAAGTAGGA,1
CATGATTGTTGACCCA,1
CATGATTTAACAGTCA,1
CATGCAAAATGATACC,1
CATGCAATGTATATGA,1
CATGCACCACGATAAA,1
CATGCACGAGACCATC,1
CATGCAGATCGTATGG,1
CATGCATGAAATAAAA,1
CATGCCCTCCTCATCT,1
CATGCGTCGACATGAA,1
CATGCTAGTGAGAATA,1
CATGCTGATAAAATTT,1
CATGCTTCGAATCCCT,1
CATGGAATAGTGACTC,1
CATGGACGAGGTGTAG,1
CATGGCCTAGGCATCC,1
CATGGCCTTCGCGACA,1
CATGGCTCAGACCATC,1
CATGGGAAAATTGAAA,1
CATGGTCAACGTTAAC,1
CATGGTCAGGTTCTTT,1
CATGGTGACCAATGCT,1
CATGTACAAGTCGCAA,1
CATGTACACCTGACTA,1
CATGTACCGCGTCACT,1
CATGTATAACGAAGGA,1
CATGTATGTTCTACAC,1
CATGTCCGGCTTCCGA,1
CATGTCCTCATCACTC,1
CATGTGTAGAACGCGT,1
CATGTTCAACCTACTT,1
CATGTTGAACGATACC,1
CATTAAAAAACTAAAT,1
CATTAAAAGATCCTCA,1
CATTAACAGAGAGTCC,1
CATTAACCTGCTAGTC,1
CATTAAGATGTCCACT,1
CATTAAGATTCCACCC,1
CATTAATAAAGAAGAA,1
CATTAATAATTAAGGT,1
CATTAATCACTAAAAA,1
CATTACCCGGAAGTTG,1
CATTACGACCTCAACG,1
CATTACGCTACTTACA,1
CATTACGTCTTGATTA,1
CATTAGCACAAGGTCA,1
CATTAGCATACGATAC,1
CATTAGGTTGACTCAG,1
CATTAGTCACTCAAAA,1
CATTATAACAAGCCAA,1
CATTATAAGTGACATT,1
CATTATAATAAACTTA,1
CATTATACCCTATAAA,1
CATTATATATACCTTT,1
CATTATCAATGATGTA,1
CATTATGGTCAAGTAA,1
CATTCAAAACAGATAT,1
CATTCAACTAAAAATC,1
CATTCCAAACACAGCG,1
CATTCCAGTCAGCTAA,1
CATTCCTCTTCTACTA,1
CATTCCTTAAGAATCA,1
CATTCGAGAAAACATA,1
CATTCGATTTGATGTT,1
CATTCGGCCTATAAAT,1
CATTCTAAAGAGAATC,1
CATTCTAAATATCAAA,1
CATTCTAGACTGTACA,1
CATTCTTACGAAGGAC,1
CATTCTTTAGAATCCG,1
CATTGACACTATGTAA,1
CATTGACAGTATAGAC,1
CATTGACGATGTGCGG,1
CATTGACTCACAGAGA,1
CATTGATCGGCTTGCC,1
CATTGATCGTAGGTGC,1
CATTGCATGACTCAAT,1
CATTGCCAAATCTTTC,1
CATTGCGCTAAATCTG,1
CATTGCTCATGTATTG,1
CATTGTCTCACCGCAC,1
CATTTAAGTAATAGCA,1
CATTTAATCGAAACAA,1
CATTTACCAACTACTA,1
CATTTACCACAATGAA,1
CATTTACTGTTAACAT,1
CATTTAGCCAGCCCCT,1
CATTTCCAAACCACCG,1
CATTTCCCCATCGATC,1
CATTTGAAATGACTAT,1
CATTTGCAGAGCATGT,1
CATTTGGCTAACTGAT,1
CATTTTCCGAGTACGA,1
CATTTTGGATACCGGC,1
CATTTTGGATACGCTG,1
CATTTTTAGGGGATAC,1
CATTTTTGCTGAAAGG,1
CCAAAAAATAGAGTAT,1
CCAAAAACAGCATTAA,1
CCAAAACAAAAAAAAG,1
CCAAAACAAAGACTGT,1
CCAAAACAATCTCGCA,1
CCAAAACACACGAGTG,1
CCAAAACAGACCTTAT,1
CCAAAACCACACAACC,1
CCAAAACTCAGGAACT,1
CCAAAACTTACTTAAC,1
CCAAAAGCTCCGTTTG,1
CCAAAATAGGTTAGGC,1
CCAAAATATTATGAGA,1
CCAAAATGACACGAGC,1
CCAAAATGATGGTTTC,1
CCAAACAGACCTTTCG,1
CCAAACCTCCCGATAA,1
CCAAACTCATACGACT,1
CCAAACTCGTAGAAAA,1
CCAAACTGACGCAAAT,1
CCAAAGAAAGGGGAGT,1
CCAAAGCTGGCATGGG,1
CCAAAGCTTTCGCAGT,1
CCAAATAATATGGCTC,1
CCAAATAGATCGACAA,1
CCAAATATCAGTTATT,1
CCAAATCACAACTTTA,1
CCAAATCATTTAATAC,1
CCAAATCCAACCATAA,1
CCAAATCTCAGGTAAG,1
CCAAATCTGAACCCGC,1
CCAAATGTACACCAAA,1
CCAAATTACTTGCAAG,1
CCAACAACTACTACCA,1
CCAACAATTGTTCCTA,1
CCAACACAACATCTGT,1
CCAACACACCACCGAC,1
CCAACACATCCCTTAT,1
CCAACACGTTTAAAAC,1
CCAACAGAACGGAGTG,1
CCAACAGATTTGTTCG,1
CCAACATATTAAGCAC,1
CCAACATCGAGAAAGA,1
CCAACATCTACATAGG,1
CCAACCACAATAAATT,1
CCAACCACCACCCGGA,1
CCAACCAGCATTGTTG,1
CCAACCGCAGATGATT,1
CCAACGAATACAAAAG,1
CCAACGACTTCTTCTC,1
CCAACGAGACTCTAAA,1
CCAACGCCATCCGTTA,1
CCAACTGATAACTTAG,1
CCAACTTAATATGGAT,1
CCAAGAAAGTTTATTT,1
CCAAGAACAATCTACA,1
CCAAGAACACAGCTCC,1
CCAAGAAGGATTTATC,1
CCAAGACAAGACGTGA,1
CCAAGACAATAAAGTG,1
CCAAGATAACCAAAAT,1
CCAAGATATACCCTTG,1
CCAAGATGTAGAGGAG,1
CCAAGATTACTGCATC,1
CCAAGCGTAGAATCCT,1
CCAAGCTATCATAATA,1
CCAAGCTTATAAACTA,1
CCAAGGATGAAAGGAT,1
CCAAGGCAAGAATACA,1
CCAAGGCACATATGAT,1
CCAAGGCGATAAAGGG,1
CCAAGGGCTCTCAAAC,1
CCAAGGGTATACCATT,1
CCAAGTAAAGACAGGT,1
CCAAGTATCCCTCAGA,1
CCAAGTGATGTTACAA,1
CCAAGTGCAAAGGGTC,1
CCAAGTTAAGAGAGCG,1
CCAAGTTGAGCCGGGA,1
CCAAGTTTTCTATACA,1
CCAATAAAAACAATAC,1
CCAATACATAAGCTAA,1
CCAATACCATTGCGAC,1
CCAATACCGCCTATAA,1
CCAATACGGAAAACAG,1
CCAATACTTAATGTGC,1
CCAATAGAAAAATTAA,1
CCAATAGCCCGATCTG,1
CCAATAGCTTCTGACT,1
CCAATAGGGTCTTTGA,1
CCAATAGGTTTCATAA,1
CCAATATCAAATATAA,1
CCAATATGGTTTAACC,1
CCAATCAACACCAAGC,1
CCAATCCAGACGTAGG,1
CCAATCCAGGCTAAGC,1
CCAATCCCATATATAT,1
CCAATCCCCCACGACC,1
CCAATCGCCTGCATAC,1
CCAATCTAGCTTTTAT,1
CCAATCTATATATCCG,1
CCAATCTTAGATTCGT,1
CCAATGACAGATCCTC,1
CCAATGCAACCGCAAG,1
CCAATGCGCGGTCAGT,1
CCAATGGCCCTGACAC,1
CCAATGTAATGAGCTA,1
CCAATGTACTTTGCGT,1
CCAATGTCTTTTATCA,1
CCAATTAAATTTAGCA,1
CCAATTAATCAAAACA,1
CCAATTACATCTCAAA,1
CCAATTACGCGTTTAA,1
CCAATTCAAACAGAAT,1
CCAATTCCCACAGCTA,1
CCAATTGTGTCCTACA,1
CCAATTTAAAAAACAT,1
CCAATTTAAAATCCCG,1
CCAATTTTCAATTGCG,1
CCAATTTTTAATACGC,1
CCACAAAATACTAAAC,1
CCACAAAGCGAACGTA,1
CCACAAAGGACGACAA,1
CCACAAAGGCAAGCAA,1
CCACAAATCTAACAAG,1
CCACAAATGCTTGTCT,1
CCACAACATCAATATC,1
CCACAACGTAGTCCGG,1
CCACAACTACTCTATA,1
CCACAATGATTGTAAA,1
CCACACAAATGCAAGT,1
CCACACACAAGCAAAT,1
CCACACCCCGAGTACG,1
CCACACTACAAACGAT,1
CCACATAATAGACACT,1
CCACATAATTCTGGAT,1
CCACATATATGGCATA,1
CCACATATTTGTCTAT,1
CCACATGAACCTTATG,1
CCACATGTCTATATAT,1
CCACCAAAAAAGGGAT,1
CCACCAAAATAGAAAG,1
CCACCAACAACATTTC,1
CCACCACGCAAATCTT,1
CCACCACTATCGTAAA,1
CCACCAGAATATAATA,1
CCACCAGCAGCGTCAA,1
CCACCATAGGGGAAAG,1
CCACCATTACGTGAAC,1
CCACCATTTTTCGTGA,1
CCACCCCCTTAATGCG,1
CCACCCGATAAAATAA,1
CCACCCTCCTGAATTT,1
CCACCCTTAACATCAC,1
CCACCCTTTCCATAAA,1
CCACCTAAAGTTCCTA,1
CCACCTACTTAAGAAA,1
CCACCTTAAGTGGTTG,1
CCACCTTGAGAAAGAA,1
CCACCTTGTAGGATTT,1
CCACCTTTTGCTATAA,1
CCACGAAAATGGCGGA,1
CCACGAATATGTTACA,1
CCACGAATCAAAAACT,1
CCACGACAATTGCATC,1
CCACGATATGACACGT,1
CCACGGAAGTGGTACT,1
CCACGGGAGTCATAAA,1
CCACGGTGCAGTACAG,1
CCACGTAGTAATAAAT,1
CCACGTCTAGAGACGC,1
CCACGTGTAATGCTCA,1
CCACGTGTCCTTCGTT,1
CCACTAAAGATTGCAA,1
CCACTCTACTTGTGAA,1
CCACTCTCAATCCGCG,1
CCACTGACGAGTAAAA,1
CCACTGCCTTAATACC,1
CCACTGCTAACACGGA,1
CCACTGGAATGAGACC,1
CCACTGGTCCATGACT,1
CCACTGTTGAACGGCT,1
CCACTTAGGATCTAGT,1
CCACTTCTGAACAAAC,1
CCAGAAAATGGACAAA,1
CCAGAAACCTATGCTC,1
CCAGAAACGTCAGATC,1
CCAGAACCTTTACTCT,1
CCAGAATTAACAACAT,1
CCAGACCTAGAATAAC,1
CCAGACGGGGTGTAAC,1
CCAGAGAACTGAACGC,1
CCAGAGATAGACTACT,1
CCAGATAACTTCTCAC,1
CCAGATCCCCTTTACG,1
CCAGATCCTGAAGTTA,1
CCAGATTTCAACAACA,1
CCAGCAGACACTATCT,1
CCAGCCGTGATTATTA,1
CCAGCGTAAGCGAATC,1
CCAGCTATGAAAGAAG,1
CCAGCTGTCTGAGCTC,1
CCAGGAAGGACACAGT,1
CCAGGACTAGGATTAT,1
CCAGGATTACAAAAAA,1
CCAGGCGGGGCAAGAT,1
CCAGGCTGCATCAGTC,1
CCAGGGTCTACAGAGC,1
CCAGGTACAGCTACGT,1
CCAGGTACCAGTGACT,1
CCAGGTCCTACCGATC,1
CCAGGTCGGCGCCCGC,1
CCAGGTTCGCAGTACT,1
CCAGTAAAAACCCTAA,1
CCAGTAAGACCAATAA,1
CCAGTACTGTTATATG,1
CCAGTCACGTCCTTAA,1
CCAGTCAGCTCGGTAG,1
CCAGTCATAGCCCCAC,1
CCAGTCCCCTTAACCA,1
CCAGTCCGTTCAATAT,1
CCAGTCGGCAACTTGG,1
CCAGTCTACTTGACAT,1
CCAGTTGATAACGCAA,1
CCAGTTGGCATCTATG,1
CCAGTTGTACAAAATT,1
CCAGTTTTCATTACTG,1
CCATAAATTTCAGCCC,1
CCATAAGGACTTAATA,1
CCATACCTCTACCAGT,1
CCATAGACTTTTAATA,1
CCATAGCAGGTGATGA,1
CCATAGTAAAAAAAAT,1
CCATATATAGTGTTAT,1
CCATATCCCCACCAGC,1
CCATATCGGATTTAAA,1
CCATCAACCAGGAGTC,1
CCATCAAGGGTCACAG,1
CCATCAAGTAGTTTTA,1
CCATCAGCAACGTACC,1
CCATCAGCAATATATA,1
CCATCAGGATGCATCT,1
CCATCAGGATTCTTAT,1
CCATCATATGACTTTA,1
CCATCCAGATAAACAA,1
CCATCCAGGACTGATT,1
CCATCCGTCTTCCCAA,1
CCATCTAAAAGCCAGA,1
CCATCTATATATACGA,1
CCATCTATATATTAAC,1
CCATCTCGGGGAATAT,1
CCATGACCACACACTC,1
CCATGACTCAAAACAT,1
CCATGATGTAATCCTA,1
CCATGCCTTCGGTATA,1
CCATGGCGAATCCACT,1
CCATGTAGCAAATTCT,1
CCATGTTCGAATCAAT,1
CCATGTTGAACTAGCA,1
CCATTAACTCTCTTTT,1
CCATTAAGTCGACAGA,1
CCATTACAAACCATTC,1
CCATTACCAATACACC,1
CCATTACCATATATTA,1
CCATTAGTCCAGACTC,1
CCATTATCAACTGTAA,1
CCATTATGGCATTACC,1
CCATTCATATGAGTGC,1
CCATTCGTGAAACCCA,1
CCATTCTCACGTAAAT,1
CCATTCTCTAGTAGCC,1
CCATTGCTCTAACAAG,1
CCATTTACACAAATGC,1
CCATTTATTATACTGA,1
CCATTTGAAGAGTTTC,1
CCATTTGACATATTCA,1
CCCAAAACACACGCTC,1
CCCAAAACCGGTTCCA,1
CCCAAAAGTTATCCAG,1
CCCAAAGCATTTCACC,1
CCCAACACTTAACGAA,1
CCCAACATAATTAAAC,1
CCCAACCATAATAATC,1
CCCAACGAAGAATCAA,1
CCCAACGACTGCCCAC,1
CCCAACGTCCTAGAAA,1
CCCAACTCCATGGTAT,1
CCCAAGAGTACAAAAA,1
CCCAAGATACGAGAGT,1
CCCAAGATGTATTTAA,1
CCCAAGCCCAATTAAA,1
CCCAAGCTAAGTGTCT,1
CCCAATAAACTTGTTC,1
CCCAATACTGTATTTT,1
CCCAATCGAGTCTAAC,1
CCCAATTTAAATGGAG,1
CCCACAATTTTGATCT,1
CCCACACACGACAGGA,1
CCCACACTCTTCATAT,1
CCCACACTGAGAATAC,1
CCCACAGCTACTCCAT,1
CCCACAGGGGGTATCA,1
CCCACCATAACCACGC,1
CCCACCGAAATATCGT,1
CCCACGAAGAATCACC,1
CCCACGCAGCATGAAC,1
CCCACTGAATCATCTG,1
CCCACTTTACGGTTAC,1
CCCAGAAATACAGAAA,1
CCCAGAACGAAAAAAA,1
CCCAGAACGTGCATTC,1
CCCAGACCACCCAAAG,1
CCCAGACGTAACATAA,1
CCCAGAGACACCTTGA,1
CCCAGAGTCAGTTGCA,1
CCCAGATTAGAAGATG,1
CCCAGATTCTAAGAAT,1
CCCAGCCTGAGTGTAC,1
CCCAGCTCCATAATGT,1
CCCAGCTGGAATACTA,1
CCCATACCGACGTACT,1
CCCATAGGTTCGACTA,1
CCCATATCAGTGTTAC,1
CCCATATGACGTAGAT,1
CCCATATGGATGTGGA,1
CCCATCCTAAAAAGTA,1
CCCATCGTTCGCCGAC,1
CCCATCTAGTGCCACG,1
CCCATCTTTAGGACGG,1
CCCATGTCAGGAAGAA,1
CCCATTAGTTTATGCG,1
CCCATTGAACTTTTAA,1
CCCATTTAACTAGCAA,1
CCCCAAAAGTATCCTG,1
CCCCAACACGACTAAC,1
CCCCAACTATGATTTG,1
CCCCAAGAAATCGCAG,1
CCCCAAGAATAATAGC,1
CCCCAAGGGAGGCGCT,1
CCCCAATAGTTGCGTG,1
CCCCACTAAGGCCAAA,1
CCCCACTATCTGCCGT,1
CCCCAGTTCGCTATCT,1
CCCCATACAAAAACTT,1
CCCCATCAGCGGGAGA,1
CCCCATCATAATTTAC,1
CCCCATCTTCTCAGAT,1
CCCCATGGCGACAAAA,1
CCCCATGTAACAATGA,1
CCCCCAACACAACTGA,1
CCCCCAATTACCACAG,1
CCCCCACAACTCTGTC,1
CCCCCATCTCCCAAAA,1
CCCCCATGCTAATGCG,1
CCCCCATTTTTAAGAA,1
CCCCCCACGGATAAGA,1
CCCCCCCATATATGAC,1
CCCCCCCTCTGTTCGA,1
CCCCCCGCAGTCAGAA,1
CCCCCGAACAGTTGAG,1
CCCCGAATTACTATAC,1
CCCCGACGGAAACCCC,1
CCCCGCACCTTTCAGT,1
CCCCGCGATCAAACCA,1
CCCCGCTGCTACAGAA,1
CCCCGTCAAAAGGAGA,1
CCCCGTTTAAGGATTG,1
CCCCTAAGTTGACTCC,1
CCCCTAATAGTCGGTG,1
CCCCTACCGTTTGGCC,1
CCCCTATTAAATGACA,1
CCCCTCACGGGACAAC,1
CCCCTCAGCCTGTCTA,1
CCCCTGACCCAATGTA,1
CCCCTGCCATAAACAA,1
CCCCTGTCCACACCGT,1
CCCCTTAAGTCTAATC,1
CCCCTTATCGTAGCAA,1
CCCCTTATGCTCGAGT,1
CCCCTTCGACAAAAGA,1
CCCCTTGATTCGTTAA,1
CCCGAAAGACAACCGA,1
CCCGAAATGGAGACGA,1
CCCGAACAAAACCATC,1
CCCGAACTTGAGAGTC,1
CCCGAACTTTGATATA,1
CCCGAAGATCACAAAA,1
CCCGACACACGTAAAG,1
CCCGACATCGCAGTTT,1
CCCGACATGAAACGAT,1
CCCGATAGTAAAGATA,1
CCCGATCAGAAACTTT,1
CCCGATCTATATGGAA,1
CCCGCACCAATGTCAC,1
CCCGCACGCCACCGAA,1
CCCGCACTCCAAACTA,1
CCCGCAGCACCGCAAC,1
CCCGCATATGTAAAAA,1
CCCGCCAAGGCAGTGA,1
CCCGCGATGAAAACAA,1
CCCGCGGGCGTGATTG,1
CCCGCTAATAATTAAA,1
CCCGCTGCATTCCAAA,1
CCCGCTTTAGTAATCA,1
CCCGGACGCTTTAAGG,1
CCCGGCAAGCCCCTGT,1
CCCGGGCCATTTACAA,1
CCCGGTATTAAATGCA,1
CCCGTCGCCATAGCTG,1
CCCGTCGTCCCAGTGA,1
CCCGTGCAAAGCGCAT,1
CCCGTTCATCACATAG,1
CCCGTTGCTGATACGT,1
CCCGTTTATGATATTT,1
CCCTAAAACGCTAATA,1
CCCTAAACAATAGAGG,1
CCCTAACCCTACTGTA,1
CCCTAAGGAATTTACT,1
CCCTAATTAAGTTGCA,1
CCCTACAAAAACCGGA,1
CCCTACAACTGCCTAG,1
CCCTACACACTCAAAC,1
CCCTACAGCCAATCTG,1
CCCTACCTTCGTTATG,1
CCCTACGCTTGCCAAA,1
CCCTACTTACAAACGA,1
CCCTAGAGGACATGAA,1
CCCTAGCATACCGTTG,1
CCCTAGCCAGCCCCAA,1
CCCTAGGGCTCATCCA,1
CCCTATACAGTAACAT,1
CCCTATCAAGAAAGGA,1
CCCTATGGGCCACTAA,1
CCCTATTAATAACTAT,1
CCCTATTACCCAAGGA,1
CCCTCACCACAAACAC,1
CCCTCACTACTAGAGA,1
CCCTCAGTAATGACCC,1
CCCTCATGAAATAGAT,1
CCCTCATTTCGCTCAG,1
CCCTCCACCTTGGAAG,1
CCCTCCCTCCTGAGGA,1
CCCTCCGCAATATAAG,1
CCCTCCTGGTAATAGG,1
CCCTCGCTAACTCATT,1
CCCTCTGCATCATACG,1
CCCTGAAAACTTGCAT,1
CCCTGAACTAAACAAA,1
CCCTGACAAAAAACAA,1
CCCTGCCGACAGACCT,1
CCCTGTGTCCTTCACT,1
CCCTGTTAATGATGGA,1
CCCTTAGGGTATAACA,1
CCCTTATAAAAATTAC,1
CCCTTATACCAAGAGG,1
CCCTTATATTCAACAC,1
CCCTTATCCTATATAT,1
CCCTTGACGCACTGAA,1
CCCTTGATCATCCAAA,1
CCCTTTAGGATACCCG,1
CCCTTTCAGATTCTAA,1
CCGAAAATCTATGATT,1
CCGAAATATGTAGTAT,1
CCGAAATGACATCAAG,1
CCGAAATTACTCCCGA,1
CCGAACAAGAATAGCA,1
CCGAACAGATATCGGA,1
CCGAACTTACTAAGTT,1
CCGAAGAACGTCAGAA,1
CCGAAGCCTAATGATA,1
CCGAAGGACGGGCCCT,1
CCGAATCTATAAAGCC,1
CCGAATGGAAAATTGG,1
CCGAATTGTAAAGGAA,1
CCGACAACTAGCTGAA,1
CCGACACACATAACGA,1
CCGACAGACATTCCTT,1
CCGACGGGTTAATCGC,1
CCGACTGATATCAAAT,1
CCGACTTGATCACAGG,1
CCGAGAAGCTAAAAAA,1
CCGAGACAAAACGTGT,1
CCGAGACCAAAAGAGC,1
CCGAGAGCATAAGGTT,1
CCGAGAGGGCCAATAA,1
CCGAGATAAAAGGTGC,1
CCGAGCTAATTTGAAC,1
CCGAGGCCGCTTGGAG,1
CCGAGGGTAAACATCA,1
CCGAGTACCCAAATAC,1
CCGATAATAACAAGGG,1
CCGATAATACCAAACA,1
CCGATACAATTATCCC,1
CCGATACACAATTGCG,1
CCGATCACGGTCGCAT,1
CCGATCATCCATTACC,1
CCGATGTTATTCCAAT,1
CCGATTACATACATAA,1
CCGATTATTGCGCTTC,1
CCGATTCAAAGCTGTA,1
CCGATTCCTACACTAG,1
CCGATTCGATTTTACG,1
CCGATTGTCGCAGATA,1
CCGCAAAAAGACTCCC,1
CCGCAAATAGGACGAA,1
CCGCAAATCAAACTCT,1
CCGCAACAAAATTTTC,1
CCGCAACAAATCTAAA,1
CCGCAACTACTTAAGA,1
CCGCAAGATATCCACA,1
CCGCACTAATCGAACG,1
CCGCAGCCAATTGAAG,1
CCGCATACCTCATAGC,1
CCGCCCAGCAACTCAG,1
CCGCCCCTCTACACTA,1
CCGCCGAAGACTACCA,1
CCGCCGGACATAAAAG,1
CCGCCGTAACAAGTGT,1
CCGCCGTCACAGTGGC,1
CCGCCTAGCAGCGTCT,1
CCGCCTCGAGTGACTT,1
CCGCGATAACCCCCAA,1
CCGCGCCCTACTCTAG,1
CCGCGCGTTAGGTTCG,1
CCGCTAACTTGCATGC,1
CCGCTAAGATGTACTG,1
CCGCTAGATAATGACC,1
CCGCTCACGTTATAGG,1
CCGCTCACTATGTAGG,1
CCGCTGCTCTACGCAA,1
CCGCTTTCCAGTGTCA,1
CCGGAACGATTAACCC,1
CCGGAAGTAACGTAAT,1
CCGGAAGTAACTGACT,1
CCGGAATAATGTACAC,1
CCGGAATCAATTTCCA,1
CCGGACAACCGTATGC,1
CCGGACATCAAACTTC,1
CCGGAGACGAAAACCA,1
CCGGAGCTTACCAACA,1
CCGGAGGTGCCATGAT,1
CCGGATAAACCGCTAG,1
CCGGATACGGATAAGA,1
CCGGATTTAGGTATTA,1
CCGGCACAAGGGACAA,1
CCGGCCCAATTCCAAC,1
CCGGCCCACAAAGACT,1
CCGGCGTGAGATTAGG,1
CCGGCTCTACAATAAA,1
CCGGCTGCTTTAGGAT,1
CCGGGACATGAAATCA,1
CCGGGCATGAAGCTCT,1
CCGGGCCGCAACACGA,1
CCGGGGAGCGGCAAGA,1
CCGGGGTAACACAAGT,1
CCGGGTCCCACCGCAT,1
CCGGTAAATGAGAAAT,1
CCGGTAGCCCGTCGAA,1
CCGGTATTCGAACACG,1
CCGGTGCACAGGCCCA,1
CCGGTGGAGCTAAACT,1
CCGGTTCTCTGCTACT,1
CCGGTTTGCTACCTGA,1
CCGGTTTGTGTTCCTT,1
CCGGTTTTTGAAGTAG,1
CCGTAAATTACGAACA,1
CCGTAACAACGCCCGA,1
CCGTAATAAACGAATC,1
CCGTACCAATAAAGTC,1
CCGTACCTAATTATAT,1
CCGTACCTTCGGAATT,1
CCGTACTTACTCTGGA,1
CCGTACTTGAATCGCG,1
CCGTAGCAATACAAAA,1
CCGTATTCATGTTATG,1
CCGTCAACTTACGTTC,1
CCGTCACGTTGTACGA,1
CCGTCATTCTCTGGGA,1
CCGTCCGTGTGTTTGC,1
CCGTCCTTATTGGAGA,1
CCGTCGTACAATATAC,1
CCGTCTCCCCATATTC,1
CCGTGAACCACAGAGA,1
CCGTGAACTTATGGAT,1
CCGTGGAAAGATCACA,1
CCGTGGACTAAGGCAG,1
CCGTGGGTCTTCACAA,1
CCGTTAAATGAGAACT,1
CCGTTAACCGACTTGT,1
CCGTTAACTTAATAAA,1
CCGTTAAGATGCCCCA,1
CCGTTAATATTTGAGC,1
CCGTTACAATCTGGAA,1
CCGTTATACCTTAATC,1
CCGTTATGTAACCACT,1
CCGTTATTTGTTCTCA,1
CCGTTGAATCTTATTA,1
CCGTTTAGATAGGAAA,1
CCGTTTTGGATTTGTA,1
CCTAAAAAAAAGTTAA,1
CCTAAAAATGATCTCC,1
CCTAAAGAAGTTAATC,1
CCTAAATCTCGACGAA,1
CCTAAATGTAAAGATT,1
CCTAAATTACTGCCAT,1
CCTAACATTAATGATT,1
CCTAACCGTTAGATTA,1
CCTAACCGTTGCCCCT,1
CCTAACGTCGAAGCTA,1
CCTAACGTTGATCAAA,1
CCTAACTTACTTGGTG,1
CCTAAGACAACATCAA,1
CCTAAGATCGACAAAT,1
CCTAAGATGTACTCCG,1
CCTAAGCGTATCAATC,1
CCTAAGTCCAAGCAAC,1
CCTAATAAAAGGTCTA,1
CCTAATAAACGGTGTA,1
CCTAATAACCTCCAGT,1
CCTAATAGCTAATTAA,1
CCTAATAGGTATATGG,1
CCTAATATTCGTGAAA,1
CCTAATCTGAGCAAAT,1
CCTAATTCTATTACCT,1
CCTAATTCTTACACAC,1
CCTACAATATTAAAGC,1
CCTACAATCTCAAGCA,1
CCTACAGGACACAGCT,1
CCTACATACGAACAGA,1
CCTACATATACCTCTC,1
CCTACCAACGAATCCA,1
CCTACCACGCACGAGC,1
CCTACCTCTGCGTTTA,1
CCTACGACGAACATTA,1
CCTACGCATTGGAGTA,1
CCTACGGGTACATGAC,1
CCTACGGTATAAGCGT,1
CCTACGTCAAACCCTA,1
CCTACTATATAAGAAA,1
CCTACTTCTATTATTA,1
CCTAGAACAGCCTCTT,1
CCTAGAAGACGAACAT,1
CCTAGAAGGTATACTA,1
CCTAGAATAATCGTAA,1
CCTAGAATAATTTCCC,1
CCTAGACGCTGATCAT,1
CCTAGATGTGAGCGTA,1
CCTAGATTACTGAAGC,1
CCTAGCATCGATCTAT,1
CCTAGCCAAATCAAAA,1
CCTAGCGCGCAATCCG,1
CCTAGGCACTTCCCCT,1
CCTAGGGGATGTACCC,1
CCTAGTAATACCAAAA,1
CCTAGTTACCACTAGA,1
CCTATAATATGAGCCA,1
CCTATAATCTAGAAAT,1
CCTATAATTTATAAAC,1
CCTATACAAACATCAG,1
CCTATAGGCCATCCGG,1
CCTATATGAACGACCG,1
CCTATATTTAATTTAA,1
CCTATCGACCTTGAAC,1
CCTATCGGAGAGAGGC,1
CCTATCTAAAACTCCG,1
CCTATCTGACGTATTT,1
CCTATGAAAACGTTCC,1
CCTATGAACCCGATTA,1
CCTATGAAGCCGAGAA,1
CCTATGACCGCAATGG,1
CCTATTAACACGAGTG,1
CCTATTACTATTATAG,1
CCTATTGCCACAAGCC,1
CCTATTTACGTTCAGT,1
CCTATTTTGGGGAGCA,1
CCTCAACAGAGTCATG,1
CCTCAACGAAGTAAGA,1
CCTCAAGCGCAAGTAA,1
CCTCAATATACCTAAA,1
CCTCAATCAACCAGAG,1
CCTCACACATATGTAA,1
CCTCACCCGAATACAT,1
CCTCACCTCGATAAAC,1
CCTCACGAGGCGTGCT,1
CCTCACTTCCGATACA,1
CCTCACTTGGCACCCA,1
CCTCAGAGGAAGATAA,1
CCTCAGATGTGTAGCC,1
CCTCATAGCGATTAGG,1
CCTCATGAGCACAATC,1
CCTCATTCATGCCCAA,1
CCTCCAACCTAGACCC,1
CCTCCACCAAACAAGA,1
CCTCCTAAGTTCAATC,1
CCTCCTTCTAACAAGA,1
CCTCGAACTTAACAAC,1
CCTCGCGGAAATCGTG,1
CCTCGGGTTGACTCTC,1
CCTCTACCGAGCCCAC,1
CCTCTCCGCAACCTAT,1
CCTCTCTATCTACCCA,1
CCTCTGAAACTATATG,1
CCTCTGAGTCTTGCAA,1
CCTCTGTAGTAAACAA,1
CCTCTTCCTCATGTAG,1
CCTCTTTGTACCAAAA,1
CCTGAAAAAAAAAGAT,1
CCTGAAAAACTGCTCT,1
CCTGAACCGCATCCAA,1
CCTGAAGAAGCGTGGA,1
CCTGAATCACTCCAAG,1
CCTGAATTATTGCCGC,1
CCTGACCCACTCGAAC,1
CCTGACGAGTACCCAG,1
CCTGACGGTGATTTGC,1
CCTGACGTCTGAGAAG,1
CCTGAGAGCCTACTAA,1
CCTGAGCCAAGACCAA,1
CCTGATAACAACGGAA,1
CCTGATACAGTCCCAC,1
CCTGATATCAAAATCC,1
CCTGATGATACATGGT,1
CCTGCAACATGTCATA,1
CCTGCAGTTAAGAGAA,1
CCTGCATACCGTCAAA,1
CCTGCATTTAATTTAC,1
CCTGCTGACTGAGAAT,1
CCTGCTTACCGAACTG,1
CCTGCTTCAACATCGA,1
CCTGGAAACATCGAAG,1
CCTGGACATTAAACTT,1
CCTGGCATATCATTTC,1
CCTGGCCAAAAGTGAC,1
CCTGGCCACACTTACG,1
CCTGGCGAATATTTCT,1
CCTGGGAAGAAACGTT,1
CCTGGTATCAGTGCTC,1
CCTGTCCGTAAGAAGT,1
CCTGTCTTGAGGGTTC,1
CCTGTGATTACAGCAC,1
CCTGTGTATACTGTCC,1
CCTGTTGACTTAGAAC,1
CCTGTTGATATCGCCA,1
CCTGTTGCCAGCGGTA,1
CCTGTTTAATAAGTAG,1
CCTTAAAAAACATTCT,1
CCTTAACAATAAGGGA,1
CCTTAAGGTTCCCTGC,1
CCTTAAGTTTAGATCT,1
CCTTACAAAGATGCCG,1
CCTTACACCTTGTGGG,1
CCTTACATCTACCTTA,1
CCTTAGAAATATACTG,1
CCTTAGCATCTACTAT,1
CCTTAGGACAAGAGTT,1
CCTTAGGTGTATTGAT,1
CCTTATAAGCAATCAC,1
CCTTATACTCTAAGGC,1
CCTTATGACAAATCGA,1
CCTTATGCAATACTGT,1
CCTTATGCGAGCAAGT,1
CCTTCAAAGGACGCTT,1
CCTTCAGCGAGGACTT,1
CCTTCCAAAGTCCGAG,1
CCTTCGAAACAGATAC,1
CCTTCGTGCTTGTCAA,1
CCTTCTATTCCGCTAA,1
CCTTCTCAGTTTCCGT,1
CCTTCTTCTCCTTTAG,1
CCTTCTTTCCTTCGAG,1
CCTTGACTAACCCCTG,1
CCTTGACTCTACCAAA,1
CCTTGATAAAGTTAAT,1
CCTTGCCAGAGTTCCT,1
CCTTGGGAGGAGATAA,1
CCTTGGGCCACTCTGA,1
CCTTGGTAAATTATGT,1
CCTTGTAAACCTTCTT,1
CCTTGTAACTCGAAAG,1
CCTTTAAAAAAAGCGT,1
CCTTTAAACTAAACGA,1
CCTTTAACCTGCATCT,1
CCTTTAAGTGAAGCTC,1
CCTTTCCGCATGACGG,1
CCTTTCGTGAGCGCAA,1
CCTTTGATCTGTACCG,1
CCTTTGTATCGAGAAG,1
CCTTTTAATTCACCTA,1
CCTTTTATTTTCTAAC,1
CCTTTTCTATAACTAG,1
CCTTTTGTAAGAACAG,1
CGAAAAACTAATCACC,1
CGAAAAAGTTAGGATG,1
CGAAAACCTAGAACGC,1
CGAAAAGCATGCACGC,1
CGAAAAGTCTAGCTAA,1
CGAAAATAAGAGGCTG,1
CGAAAATTGAAGGGTG,1
CGAAACAACAAGAAAT,1
CGAAACAATGAATAAT,1
CGAAACACATTTAATC,1
CGAAACACTTACCCCA,1
CGAAACAGAGACGAAT,1
CGAAACTCGGCAGCAA,1
CGAAACTTAGGGCCAT,1
CGAAAGAATGTACACA,1
CGAAAGTTGTTCAAAA,1
CGAAATACATATCTAA,1
CGAAATCAGATGAATG,1
CGAAATCGTACAAAAA,1
CGAAATGGATAAATTA,1
CGAAATTCGACTCACA,1
CGAACAAGCATCAAAA,1
CGAACAATCTCTAAGA,1
CGAACAATGTACCCAC,1
CGAACAATTGCTATGA,1
CGAACACCAGTACCGA,1
CGAACACTATTTCACG,1
CGAACAGATGACATAA,1
CGAACATTTCAAGAAC,1
CGAACCCCAGAGTAGA,1
CGAACCTGGGAGAAAA,1
CGAACCTTATCGTATC,1
CGAACGATTCACGAAA,1
CGAAGAAAAAATTTTA,1
CGAAGACACACCTCGA,1
CGAAGAGAGAAACTTA,1
CGAAGATGCGCTAAGG,1
CGAAGATTTACGCTAA,1
CGAAGCATATCCATCC,1
CGAAGCTGAGAAACCC,1
CGAAGTAATATCCGGA,1
CGAAGTCGTACAATTA,1
CGAAGTCTGAGCGGAG,1
CGAAGTCTGTTAGAAC,1
CGAAGTGCCAAGAATA,1
CGAAGTTATTGCGAGA,1
CGAAGTTCGGTCGCGC,1
CGAATAAAAAATTCAG,1
CGAATAAGAATAGTCC,1
CGAATAATAAGCCACT,1
CGAATACAACAATAGT,1
CGAATACGATAAATTC,1
CGAATAGAGCGGATTG,1
CGAATAGCTACAGCTG,1
CGAATATCAGACTGTA,1
CGAATATGAGTACTGA,1
CGAATCAGGGGTACCG,1
CGAATCATCACCAACG,1
CGAATCCAGTTTATAA,1
CGAATCCGACTTTTCA,1
CGAATCGTACAAAGTC,1
CGAATCGTATACCAAA,1
CGAATCTTGATATTCT,1
CGAATGCGGAATTTAA,1
CGAATTACGGAACCCC,1
CGAATTAGCGCGATTT,1
CGAATTATAGGCATTC,1
CGAATTATGTCCACAG,1
CGAATTATTTTAACCC,1
CGAATTCAATTCCTTA,1
CGAATTGAGAATTACA,1
CGAATTGCGCGATACT,1
CGAATTGTACAGTTAA,1
CGAATTTAACTTAGTG,1
CGAATTTGATTTAAAC,1
CGAATTTGCAGATATA,1
CGACAAAGAACGATAG,1
CGACAAAGAAGCTTAC,1
CGACAAATACGAGACA,1
CGACAACAAACATAAC,1
CGACAACAGGACGCAT,1
CGACAAGGTATCATAC,1
CGACAAGTCATTCCTC,1
CGACAATAAGAAAACA,1
CGACACCATAAGGAAA,1
CGACACCTTAGGAGAT,1
CGACAGGAACAGCCAA,1
CGACAGTACAGCACTT,1
CGACAGTGTATCCAAG,1
CGACATAATAAATAAT,1
CGACATACCTAGCGTA,1
CGACATAGAAGCTTAG,1
CGACATCCCATACTCT,1
CGACATGTGCATACGA,1
CGACATTCAAATTCGA,1
CGACCAACATGTAAAA,1
CGACCCCGGACATCCC,1
CGACCCCTATATCCCA,1
CGACCCCTGACCGTAT,1
CGACCCGCGTCCGAAA,1
CGACCGAAGGTAGCTG,1
CGACCGAGAATCATAG,1
CGACCTCACTTCTACA,1
CGACGAAGGAAGTATA,1
CGACGACGATACCATA,1
CGACGATCACATAGCT,1
CGACGCAAATTCACTA,1
CGACGGTAAGTCGTCT,1
CGACGTAACACTAAAC,1
CGACTAAAGAAATAAT,1
CGACTCCTAATGTTTA,1
CGACTCGACATCGAAA,1
CGACTCTATCCTCATC,1
CGACTCTTAAGTTAAA,1
CGACTGATGTGCATCA,1
CGACTGTCTCTCTTAG,1
CGACTTTATATCAGTA,1
CGAGAAACGTAGATAA,1
CGAGAAAGACAAATAA,1
CGAGAAATAGCGAAAT,1
CGAGAACAATCCACGC,1
CGAGAACATCCGCGAA,1
CGAGAACTAACTTTAT,1
CGAGAATCCCAGGGTG,1
CGAGACACATTTTGAA,1
CGAGACGGAATCAGTA,1
CGAGACTCGATTGATT,1
CGAGAGAAAACGTACA,1
CGAGAGCCTGGTTTAA,1
CGAGAGTTTAAGTGAA,1
CGAGATAATAGTCCGG,1
CGAGATAGAGTCGACA,1
CGAGATCAATGTGGAC,1
CGAGATCATACGACAA,1
CGAGATGCTGATTCAA,1
CGAGATTCAATCATTT,1
CGAGATTGCCTTGCAC,1
CGAGCATGGAATGAAG,1
CGAGCATGTTACAACT,1
CGAGCCTAAACAACTA,1
CGAGCGATAGGCCATA,1
CGAGCGCATGTCGCTA,1
CGAGCTAACCTTTGCA,1
CGAGCTGATTTTACGC,1
CGAGGAAATACAACAT,1
CGAGGAAGCATATTGC,1
CGAGGAAGTATTTTAC,1
CGAGGCATTCAACTTC,1
CGAGGCCAGGTAGAGC,1
CGAGGCTAAAAAACGA,1
CGAGGGAAACAAGAAC,1
CGAGGGATATTTGTCT,1
CGAGGTCTAATCGAGG,1
CGAGTAAACAATCATA,1
CGAGTAAGTTGCGAAC,1
CGAGTCAGACAAACAA,1
CGAGTCATTGTAACCA,1
CGAGTCCTAACCGGAG,1
CGAGTCTGATGACAAC,1
CGAGTGGCAACAGCAC,1
CGAGTTAAATAGAGTA,1
CGAGTTACAGAGGCGC,1
CGAGTTAGCTCCAATT,1
CGAGTTATTATGTCAA,1
CGAGTTCATTTAACAT,1
CGAGTTTTTACAGTAG,1
CGATAAAAAAGACGTT,1
CGATAAAACCAGCCAG,1
CGATAAATGCTGCCAA,1
CGATAAATTTGAACAC,1
CGATAACCAACAAAAA,1
CGATAATCATAAGAAG,1
CGATAATGACCAGGAG,1
CGATACGTTAGTAATA,1
CGATAGACTTCATTTG,1
CGATATAATAGCGCTA,1
CGATATACCGAGTATT,1
CGATATCATGAGGCGC,1
CGATATCGTCAGTTTA,1
CGATATCTATCGAAAA,1
CGATATTCAACCTCTA,1
CGATCAACAAATGATC,1
CGATCACCTCCATCGG,1
CGATCACTTTAATCTG,1
CGATCAGACCAACCGA,1
CGATCATAGACATATC,1
CGATCATCGAGGTACA,1
CGATCCCAAGTCAACG,1
CGATCGAAACCATAAG,1
CGATCGCATAAATCCT,1
CGATCGCATCCATGAT,1
CGATCTATCATTTTAT,1
CGATGACTTTCATGAA,1
CGATGATGAGTATGAT,1
CGATGCAAAAACCAAG,1
CGATGCAGGCGATAAT,1
CGATGCATGACTGCCA,1
CGATGCTGAGAGGAGT,1
CGATGGAAGCGTGGGG,1
CGATGTAAAGGGTCGC,1
CGATGTCCATACTTAC,1
CGATGTCTAAAAGAAT,1
CGATGTTAACATTGAT,1
CGATTATCTGTGAGAA,1
CGATTATTGCAGACTG,1
CGATTCTCTTTCTTGC,1
CGATTCTGGTTATTTC,1
CGATTGAAATAACTTT,1
CGATTGTGAACGGGGA,1
CGATTGTGTTACCTCC,1
CGATTTAACACCAGAG,1
CGATTTAGACCAGCAC,1
CGATTTGACATAGAAA,1
CGATTTGATTTACCTT,1
CGCAAAAATCTGTACA,1
CGCAAAACATATTAGG,1
CGCAAACACAACCCTT,1
CGCAAACACATTGTAA,1
CGCAACAAGCACTCCA,1
CGCAACATAGTTTTAA,1
CGCAACCATTCATATT,1
CGCAACCATTTATTCA,1
CGCAACGTACTAAGAA,1
CGCAACGTTGTCGAAT,1
CGCAACTCAGAACTGC,1
CGCAACTGCGTTAGTC,1
CGCAACTGCTATAGCC,1
CGCAAGAATAGCGCAA,1
CGCAAGATAGATACTC,1
CGCAAGGTAAAAATTG,1
CGCAAGTAACTCCACC,1
CGCAATAAATCCATAG,1
CGCAATATGCCCCCTA,1
CGCAATCTTATAGTAC,1
CGCAATGGACGATGAT,1
CGCAATTAATCGTATG,1
CGCAATTGAGTTTAAT,1
CGCACAACCCAAACGA,1
CGCACAACGGCCACCC,1
CGCACAATTCATGTAC,1
CGCACATAGTTATCAA,1
CGCACCAAACACCTCA,1
CGCACGGTGCTTTGCG,1
CGCACGTACACAGAAT,1
CGCACTATGGACATTC,1
CGCACTGAACTCTTTG,1
CGCACTGATCTATAAA,1
CGCACTTTATGCCACT,1
CGCAGAACTGTTTATA,1
CGCAGAGTAAAACAAA,1
CGCAGATATTATCCAG,1
CGCAGATTCCTTAGAC,1
CGCAGCTAGAAAAGAA,1
CGCAGGACGTTAGCGA,1
CGCAGGTTCTTCTACG,1
CGCAGTAATAAAACAA,1
CGCAGTAGATGCCACG,1
CGCAGTCTCTCACGAT,1
CGCATACAATTAACAA,1
CGCATCACTTGATCTA,1
CGCATCCCACTTAAAT,1
CGCATGAATAAAGGAG,1
CGCATGCAGGAATTCC,1
CGCATGCCAGAAGCCT,1
CGCATGGATTTAAAAT,1
CGCATTATATGTGGAT,1
CGCATTTGGATGACTG,1
CGCCAAGCTCGGCCAA,1
CGCCAGCTACGTAACC,1
CGCCATCAAATTAAAC,1
CGCCATGTTATGTACA,1
CGCCATTGAACGCCCG,1
CGCCCAAACGTATAGT,1
CGCCCACGAGCCCTGT,1
CGCCCAGCTGCACACT,1
CGCCCATAGACCAAAA,1
CGCCCCGATTTCCTGA,1
CGCCCGGACAGGATAT,1
CGCCCGTTTCCTAGGC,1
CGCCGGACAGAGAAAC,1
CGCCGTAGAGATCCCA,1
CGCCTAAAACAGTGAC,1
CGCCTAACAATCCTTG,1
CGCCTAAGAAAAAGAT,1
CGCCTACTACTGATCT,1
CGCCTAGAATCGTGGA,1
CGCCTCCGACATAAAC,1
CGCGAAATGATGCCTA,1
CGCGAATTATTCCTTA,1
CGCGACAGATAGAAAC,1
CGCGACTCGGCCCCGA,1
CGCGATCAAGACAAAC,1
CGCGCAAGATATAACA,1
CGCGCATAGCAACAAA,1
CGCGGAACAACGCAAC,1
CGCGGACGTGGATACC,1
CGCGGCAATGCAGAAT,1
CGCGGTTTGCGAACTA,1
CGCGTCGCCAAATAAC,1
CGCGTTTATTCAATCT,1
CGCTAAAACACTAATA,1
CGCTAAAGATAGGCAA,1
CGCTAACCTGTGACCG,1
CGCTAAGCTGCCTCAA,1
CGCTAATGAAATATCC,1
CGCTACAATTAGACGT,1
CGCTACACGAGGAAGT,1
CGCTACACGCACCGGT,1
CGCTACAGTGCCAGCT,1
CGCTAGAAACCGAAGT,1
CGCTAGGATCGCTTCA,1
CGCTATGACAAAAAAA,1
CGCTATTAGACTAATC,1
CGCTATTCACAGTTTA,1
CGCTCAAGTTAGCTTA,1
CGCTCAGAACAACAGG,1
CGCTCAGCTACCGGGC,1
CGCTCCCTACATATGG,1
CGCTCCTACGAAACCT,1
CGCTCTCGCGCCGAGT,1
CGCTCTGAAGCCACAT,1
CGCTCTGCCGGTGAAA,1
CGCTCTTATTCATACA,1
CGCTGAAACGTGTATT,1
CGCTGAGAGTAATAAG,1
CGCTGATATGAGCAGC,1
CGCTGCCTACGGTTTT,1
CGCTGCGTACAGAATC,1
CGCTGCTATCCATCTC,1
CGCTGGAAGAGCACGC,1
CGCTGGTAACGCCACA,1
CGCTGTACCAGGACGG,1
CGCTTAAACAAAATAC,1
CGCTTAATATAAAAAC,1
CGCTTAATCTATATAG,1
CGCTTACACGGCATAC,1
CGCTTCAGACTTATAC,1
CGCTTCAGCGTTGTTC,1
CGCTTCCACTAGCGTC,1
CGCTTCCGCACAGAAC,1
CGCTTCTTATGAACCA,1
CGGAAATAAGTATAAA,1
CGGAAATGTTTGGATG,1
CGGAAATTTGAATCTA,1
CGGAACCAAGTGTACA,1
CGGAACCTGACAACAC,1
CGGAAGAACCTATAGA,1
CGGAAGCCTACAGGTT,1
CGGAAGCGGACAAAAA,1
CGGAAGGCAAGGGGAA,1
CGGAAGGGGCCTACAA,1
CGGAATAGCTTTTGTA,1
CGGAATCCACACGAAG,1
CGGACAGTAGCTCATA,1
CGGACCTATAGAGCAG,1
CGGACGAACAGAGATA,1
CGGACGACGACTCGTA,1
CGGACTCTCGTCATAA,1
CGGAGACCTAAACAAT,1
CGGAGATGGGTACCGT,1
CGGAGATGTAAACTAA,1
CGGAGCACGCACAGAC,1
CGGAGCTTATACCTCT,1
CGGATAATAAATAGCG,1
CGGATAATACAACTAA,1
CGGATAGACTACGACA,1
CGGATAGGACAAAAAC,1
CGGATAGTGTAATACG,1
CGGATCACTACAGCAC,1
CGGATCACTTACACAG,1
CGGATCTGTGCAATAC,1
CGGATGCGTCTAAGTC,1
CGGATGTACAGGCCAA,1
CGGCACCTTAGCCGAC,1
CGGCACGGAACCTAAT,1
CGGCACGGTTAACGAT,1
CGGCACTGGAAGGCCG,1
CGGCAGCTAACTTATA,1
CGGCAGTCAATGGCCT,1
CGGCAGTTTCCATCTA,1
CGGCATATGTGTGAGA,1
CGGCATCATTCAATTA,1
CGGCCAAAATACTCTT,1
CGGCCACTTCATACAA,1
CGGCCCGCGTTCCCCA,1
CGGCCGTAAAGGATAG,1
CGGCCTGTGGACGAAA,1
CGGCGACATCGTAGCG,1
CGGCGATGCAAAGATT,1
CGGCGCAGGGTTTAGC,1
CGGCGCATGCTTCATA,1
CGGCGCGGAAATACAC,1
CGGCGCGGGTTCTTAC,1
CGGCGCGTCGCACCGA,1
CGGCTACGGAATAAAT,1
CGGCTACTACAAGAAC,1
CGGCTATCAGAAGAAG,1
CGGCTATGAGAAAAAT,1
CGGCTATTCGACTACG,1
CGGCTCCTTTGAGCCA,1
CGGCTCTGACGAGGGA,1
CGGCTCTTTCCCCAGC,1
CGGCTTTCAGAGAGGA,1
CGGCTTTTGATATAGC,1
CGGGAACATCCGTAAA,1
CGGGACGCGATAACAA,1
CGGGACTATGACTTAA,1
CGGGAGTCTACCGATT,1
CGGGAGTCTCACATAC,1
CGGGATAGAAGAGTTC,1
CGGGATGCAGTGACGA,1
CGGGCCTATAGCCAAT,1
CGGGCCTATCTACTTA,1
CGGGCGGCACGGACAT,1
CGGGGACTACCAAGCT,1
CGGGGACTCAACGCAG,1
CGGGGTCCAATATTGA,1
CGGGTACCAATATCAA,1
CGGGTTAATTACAATC,1
CGGTAAATAGGAAGGA,1
CGGTAAATCTAAGTGC,1
CGGTAACAAACTACTT,1
CGGTAACTTGCCTAAC,1
CGGTAAGCAATAAACA,1
CGGTAATACCATGCTA,1
CGGTACAAATGCACCA,1
CGGTACACCCGTCTCC,1
CGGTACGAGACAATCT,1
CGGTACTTACACCACG,1
CGGTATCTCGCGAAAC,1
CGGTATGTTGGTCCAC,1
CGGTATTAACACCCCA,1
CGGTATTAGGTTAAGA,1
CGGTCAATGTATATAT,1
CGGTCATACGATCAAC,1
CGGTCCAGTTGCTAAT,1
CGGTCCCGTTCGAACT,1
CGGTCCTCCTATTCTC,1
CGGTCCTCTGAATGCT,1
CGGTCCTTCGGCATTG,1
CGGTCGTCGAAAAACT,1
CGGTTATTTGACAAGG,1
CGGTTCATACCGACAT,1
CGGTTCGAAAAACACT,1
CGGTTTTCTCGCGTAC,1
CGTAAAAACACAAGCG,1
CGTAAAACCATAGTAT,1
CGTAAAATAACACGGG,1
CGTAAAATAGAAGAAC,1
CGTAAACGTAATCAGC,1
CGTAAAGCATTACGCG,1
CGTAAATACTCTCAGG,1
CGTAAATAGTGGCCAA,1
CGTAACACACCATGGG,1
CGTAACATTGGAGGCG,1
CGTAACCACAATTTCC,1
CGTAACCCACTAAATT,1
CGTAAGAAACACGTGT,1
CGTAAGCGTCGTACGA,1
CGTAAGGCTGAGAACG,1
CGTAATAATACTATGC,1
CGTAATATTGCATATG,1
CGTAATCTTAGTATAT,1
CGTAATTATGTTACAG,1
CGTACAAAGAAGAAGC,1
CGTACAAGACTAATAC,1
CGTACAAGTGGGTACC,1
CGTACAATCCACATCC,1
CGTACAATTGGAATTC,1
CGTACACAAGTAACAG,1
CGTACAGATCCGGGGG,1
CGTACATCTTAAAAAC,1
CGTACGAATCATCAAG,1
CGTACGATACAGCCTG,1
CGTACGCACAGCGTAC,1
CGTACTAGGACAATGA,1
CGTAGAAATAATGCAT,1
CGTAGACTAACACTGA,1
CGTAGAGCTGTCAATT,1
CGTAGGTATCATAAAT,1
CGTAGTCTCATGTCCA,1
CGTAGTCTCCAAATTA,1
CGTAGTGCGATTATCA,1
CGTATAAAGTTGAAGA,1
CGTATACACGCTTAGT,1
CGTATCACAAAAACTT,1
CGTATCCACGTCAGGA,1
CGTATCTCGCCCTCCT,1
CGTATGACCATTAATT,1
CGTATGTAACGCAATA,1
CGTATGTGCCGGCTCT,1
CGTATTAATGACAAAA,1
CGTATTGGCTGTCAGC,1
CGTCAAAGTAAATTAA,1
CGTCAACGCAGATGCA,1
CGTCACAAGTAAAGAT,1
CGTCACATTCAAGCAA,1
CGTCACGCATTCGCAC,1
CGTCAGAACACACTTT,1
CGTCAGCCCTCTGCAT,1
CGTCAGTAAAGTCTTG,1
CGTCATTAAAATTCAC,1
CGTCATTTTCTAGGAA,1
CGTCCAAGCATGCAAG,1
CGTCCACATACGGACA,1
CGTCCAGCTGCTCGAA,1
CGTCCATCGATGTCAT,1
CGTCCCCAAGTTATGA,1
CGTCCTAGAGCGAGAG,1
CGTCGAAAAAAAAAGA,1
CGTCGATGGAATATGA,1
CGTCGCAGACTTAGAC,1
CGTCGGACTAAATGAT,1
CGTCGTGACTTTGGGC,1
CGTCGTTCCTAATCAT,1
CGTCTAATAATTACAA,1
CGTCTCCTTTTGCATA,1
CGTCTGACATTGTTAA,1
CGTGAAAAATCGTCAT,1
CGTGAAACTCACAACT,1
CGTGAAACTCATATAA,1
CGTGAAATGTTGACTA,1
CGTGAGTAGCATGGTA,1
CGTGATAAAATGGACG,1
CGTGATGCCAGGAGAC,1
CGTGCCCATCGTACAA,1
CGTGCTAAAATGCCGT,1
CGTGGAATTCCGATAA,1
CGTGGCAATATAACAA,1
CGTGGTAAAACCTGTC,1
CGTGTAACTTATATCG,1
CGTGTTATTCAACAGC,1
CGTGTTTAGCTTGAAC,1
CGTTAAAAAAAATAGA,1
CGTTAAAAGACCCGAC,1
CGTTAAATTGTAAAAA,1
CGTTAACGGCGGCCAT,1
CGTTAAGATTTATGGG,1
CGTTACTACAATCATG,1
CGTTAGAAATGTTCAT,1
CGTTAGCAACACAGAC,1
CGTTATGAAATACTAA,1
CGTTCATATTCCAAGA,1
CGTTCATGCTCAGAAT,1
CGTTCCCTTGCAGACA,1
CGTTCCTAAGGAACTT,1
CGTTCGAAAAATAGGA,1
CGTTCGGAACCAAACA,1
CGTTCGTTAGTCAATC,1
CGTTCTTGCTGCACCA,1
CGTTGGCACGAGAAAA,1
CGTTGTATGCCGCTTC,1
CGTTGTCCAACACAGT,1
CGTTGTGCGATCGTCA,1
CGTTGTGTTATCCTCG,1
CGTTTCATACTATGTA,1
CGTTTCGAGTGTACAA,1
CGTTTGGTTAAAAGAC,1
CGTTTTAACGCACACT,1
CGTTTTACAGATCACC,1
CGTTTTGAGATCAGAG,1
CTAAAAAAAGATGAAA,1
CTAAAAAACCACTGGA,1
CTAAAAACCCGATCAT,1
CTAAAAAGGGTTACTA,1
CTAAAAATTTTTTGGT,1
CTAAAACAGTCAATAC,1
CTAAAAGAGTTGAGAT,1
CTAAAAGATCTAAACT,1
CTAAAAGCCTTTTCAT,1
CTAAAAGGAAAAATTA,1
CTAAAATATAAAGGCA,1
CTAAAATTACAAAGAG,1
CTAAACAGTTTACCCT,1
CTAAACCCCGGTAGCC,1
CTAAACGGACTAATAC,1
CTAAACGTAGTCGAGA,1
CTAAACTACCATACAA,1
CTAAACTCACCCGACC,1
CTAAACTTGCAAAAAG,1
CTAAAGAATACTTGGG,1
CTAAAGACAGAAAATG,1
CTAAAGGTAATGACAT,1
CTAAAGTCACAAATAA,1
CTAAAGTTAAGCTAAT,1
CTAAAGTTTTACCTGT,1
CTAAATAATAAAACGT,1
CTAAATAGGGTCCTTT,1
CTAAATATGCGCCAAA,1
CTAAATCCCCTCTAAG,1
CTAAATCTATAAGGTT,1
CTAAATGAGTAAGAGA,1
CTAAATGCAGACCCAA,1
CTAAATGGTATAATGA,1
CTAAATGTACTTTGTT,1
CTAAATGTAGACGGTG,1
CTAAATGTTATCAAGT,1
CTAAATTCTAGAAGTC,1
CTAAATTGACGACCCC,1
CTAAATTGAGCAGATC,1
CTAACAATACGGCTAA,1
CTAACACACAATAGGA,1
CTAACACGTTAGAGAT,1
CTAACAGCACGCCACT,1
CTAACAGGCAACAATC,1
CTAACAGGGACACATA,1
CTAACATTCTCTCACC,1
CTAACCAAAATCTCAA,1
CTAACCACGCGGACGA,1
CTAACCACGGCCCCGA,1
CTAACCAGGCACCCAA,1
CTAACCAGGGACAGCT,1
CTAACCGCAATTCGAT,1
CTAACCGCCTATGTAA,1
CTAACCTCCTAGTGAT,1
CTAACGATCTAAAACA,1
CTAACGCAATTAATTA,1
CTAACGGGGAAGCGAG,1
CTAACGGTTCGAAAAG,1
CTAACGTATGTAAGGA,1
CTAACTACCGTTCTCA,1
CTAACTACCGTTTGAC,1
CTAACTCCAACCTGAA,1
CTAACTCCAGACAAAA,1
CTAACTTCACCTAAGT,1
CTAACTTCCAATATTT,1
CTAAGAAGCACATTAA,1
CTAAGAAGCTCAAACA,1
CTAAGACATATAGGTA,1
CTAAGACTTCGAAGAG,1
CTAAGCAATCTCTACG,1
CTAAGCCGCTTTTGAT,1
CTAAGCGAGCTTGAAG,1
CTAAGCTTTAAAATTA,1
CTAAGGAAATACGGCA,1
CTAAGGAGCAAAATAA,1
CTAAGGATGAAAAGTG,1
CTAAGTAATCAGAATA,1
CTAAGTATAAAACAGA,1
CTAAGTCTACCTAAAC,1
CTAAGTGGACAGCCAT,1
CTAAGTGTAAAATTCA,1
CTAAGTTATTGCATAG,1
CTAAGTTCAGAAGTAC,1
CTAATAACGCTTTAGA,1
CTAATAAGGGACGAGC,1
CTAATAATAAAGAACC,1
CTAATAATTCCCCACC,1
CTAATACACTACATAT,1
CTAATACAGTTTTGAA,1
CTAATACCCTCTTGCC,1
CTAATACGACCACCTT,1
CTAATACTACAAACCT,1
CTAATACTTCCACACG,1
CTAATAGTTAGACAAC,1
CTAATATAACTTTCGG,1
CTAATATCAAATTTTT,1
CTAATATCCCAACACC,1
CTAATCAAATAGCTAC,1
CTAATCACACGACAAA,1
CTAATCAGCGGTATGT,1
CTAATCCACTCATGTG,1
CTAATCTAGCCACACA,1
CTAATGAAAGAAAAAA,1
CTAATGATAGGTAAAT,1
CTAATGTGACATAAAT,1
CTAATTACGAGTGGCC,1
CTAATTAGCTGAATGG,1
CTAATTCCTTTCAAGA,1
CTAATTGCACAACCCT,1
CTAATTTCACAATAAC,1
CTAATTTGAACTAACC,1
CTACAAAATCACAGCG,1
CTACAAATATCAAAAA,1
CTACAACAGCCTACAA,1
CTACAACCCGAAGACA,1
CTACAAGTAGATTTAG,1
CTACAATCGTGTATCA,1
CTACACATTGTGGAAT,1
CTACACCAAGACAACG,1
CTACACCCAGGCGACC,1
CTACACGCTGACACAA,1
CTACACGGATACCACG,1
CTACACTCCCAGATAG,1
CTACACTTCGCAGTAA,1
CTACAGAATATAAGGT,1
CTACAGACATCCCGCC,1
CTACAGCTACACTACC,1
CTACAGGTCATAACGC,1
CTACAGTAGCTTAGTC,1
CTACAGTATGAACACA,1
CTACAGTGATTGCTCA,1
CTACAGTTAAAGTGAA,1
CTACATAAATCGAATT,1
CTACATAATCCACAAG,1
CTACATAGACTAGTAC,1
CTACATAGGCACGATG,1
CTACATATAGCAATCA,1
CTACATATGGTTAACC,1
CTACATCATGTTATTC,1
CTACATCGGAGTGCAA,1
CTACATCTATGGATGT,1
CTACATTACAATAGTC,1
CTACATTCGCACAGAT,1
CTACCAAAAGTGAGCA,1
CTACCAAACATGTTAT,1
CTACCACAGTACAACA,1
CTACCACCCGTCGACA,1
CTACCACGGTCCTTAC,1
CTACCATACTAATACC,1
CTACCATGTCATAATA,1
CTACCCACCAGACGGA,1
CTACCCTAAAGACATA,1
CTACCGTACCTTCACC,1
CTACCTAAACCTAATT,1
CTACCTAAGCAGCATG,1
CTACCTAATCAGAGAT,1
CTACCTCCCCCTCACT,1
CTACCTGATTTAATAG,1
CTACCTGGCCTAAAGT,1
CTACCTTTCAGGTTAA,1
CTACGAAAAGATAATA,1
CTACGAAGATGAAGTG,1
CTACGAATGAGATTTG,1
CTACGACATGCTTGCG,1
CTACGACGGGCCAATT,1
CTACGATGAGCTAATA,1
CTACGCAATTACACAT,1
CTACGCGTTCAAATAA,1
CTACGCTTAAAGTAAA,1
CTACGGCTCAGCTGTA,1
CTACGTAAATTTGACG,1
CTACGTAATTCTCGTA,1
CTACGTATATCCCTAA,1
CTACTAAACTTGACAC,1
CTACTAAGGGTAACTA,1
CTACTACGCTGAACTA,1
CTACTATCACAGGGAG,1
CTACTCACTTACAAAT,1
CTACTCCTTATACAGC,1
CTACTCGGTGTCTAAA,1
CTACTCTCCCACTATT,1
CTACTGACCATCGCTG,1
CTACTGGCGACCACGG,1
CTACTGTAACGCAAGT,1
CTACTTAAGAAAGAAG,1
CTACTTATCGACTAAA,1
CTACTTCACAATAACC,1
CTACTTCACGAACCAT,1
CTACTTGAAAGAAAGA,1
CTAGAAAAGGACGCCC,1
CTAGAAAATGTTCCTA,1
CTAGAAAGATATTTTG,1
CTAGAAGAGGAGATGC,1
CTAGAATAGTAGCACG,1
CTAGAATCAAATTATG,1
CTAGACAACATGCCAC,1
CTAGACACATCGGCCA,1
CTAGACATCACAAAGC,1
CTAGACATGTGCGTGC,1
CTAGACCAACCTTCAC,1
CTAGACGATAATACAC,1
CTAGACGTATGAAGAA,1
CTAGACTATTAACAAG,1
CTAGAGACCTCCCCCT,1
CTAGAGCCATAATACC,1
CTAGAGCGTATTATTA,1
CTAGAGGTAACGGGAC,1
CTAGATATAAGAATCA,1
CTAGATATTTAGTGAT,1
CTAGATCAACTCTATT,1
CTAGATGATTGAAGCA,1
CTAGCCTTCGCGGGCA,1
CTAGCCTTTCCGGCAA,1
CTAGCGAATATAATAC,1
CTAGCTAATTTGCACG,1
CTAGCTAGTCACAGCA,1
CTAGCTGAACATTACA,1
CTAGCTGGGCCTGAGG,1
CTAGGAAAGAATTACT,1
CTAGGACCAAACCCAA,1
CTAGGATTCACGTGGA,1
CTAGGCACCTGAACAA,1
CTAGGCAGTACCATTT,1
CTAGGTAATCACAGAT,1
CTAGGTACCAAAAATT,1
CTAGTAAACGATTAGC,1
CTAGTCACCAGCTTGG,1
CTAGTCGATCGAAGCA,1
CTAGTGCAGTCCACAA,1
CTAGTGCGAGAGCAGC,1
CTAGTGTAACAAACCG,1
CTAGTTCAACCAACCC,1
CTAGTTGCCATCGGCC,1
CTATAACGATATTTGC,1
CTATAATAACTAGCCA,1
CTATAATCCGGTTGTC,1
CTATACAAATAATTCA,1
CTATACCAAATATGGT,1
CTATACCTACGAACTC,1
CTATAGAATGGTTTAA,1
CTATAGCGTTACCGTA,1
CTATAGGCGTACCAAC,1
CTATAGTAGACCAAAG,1
CTATAGTGTCCCAAAA,1
CTATATAAATTTTATG,1
CTATATAAGAACATGA,1
CTATATACTAACCCCA,1
CTATATACTTATGATT,1
CTATATATTAAAACTC,1
CTATATCACAAAAATC,1
CTATATTACGAATAAC,1
CTATATTAGCATCCGT,1
CTATATTAGGATAAAA,1
CTATATTCGGGGTCCT,1
CTATCAAGTTGAAAGA,1
CTATCAATCGTTTGAA,1
CTATCACATTTGTCAT,1
CTATCAGACCCTTGCC,1
CTATCATAAAAAAGTA,1
CTATCATTCTACAGAC,1
CTATCCACAAATACCA,1
CTATCGCTAAAAAATC,1
CTATCTACTTCAGATA,1
CTATCTCACACAAATA,1
CTATCTTAAAAGTATT,1
CTATGACTACAGGCAA,1
CTATGCTTACCGCTGG,1
CTATGGGCAGGTAAAA,1
CTATGGTCGGGCTAAC,1
CTATGGTTCCTCTGTA,1
CTATGTCAATGGCGCA,1
CTATGTTCACCAAAAA,1
CTATTAACATTGGAAC,1
CTATTACAAACTCCAT,1
CTATTACAATCAACGC,1
CTATTACTTCGCTTGT,1
CTATTAGAACATAGTT,1
CTATTCAGGCCGCGTT,1
CTATTCGGTTGTACCA,1
CTATTCTTTAACGGAA,1
CTATTGAACAGTCTGT,1
CTATTGAGAAACCAAG,1
CTATTGCCAAATCACG,1
CTATTGGGCGGTCTTG,1
CTATTGTACAAGGTCT,1
CTATTTATATTGACCA,1
CTATTTCATTTCCATA,1
CTATTTGTTGTTAACA,1
CTATTTTTTCGAGCCG,1
CTCAAAAGCAAGACCA,1
CTCAAAATAACGTTGC,1
CTCAAAATTAGATAAA,1
CTCAAACATGAATGTC,1
CTCAAACATGTCACTC,1
CTCAAAGCGTTTGTGT,1
CTCAAAGTAGAACGAA,1
CTCAACAATGATACCA,1
CTCAACACCAGGTGAA,1
CTCAACATTAAAAAGA,1
CTCAACATTACGAACA,1
CTCAACGCAACAAAAC,1
CTCAACTAAATCCTAT,1
CTCAAGAAAACTCATC,1
CTCAAGAACTTAATAT,1
CTCAAGCAGACTAAAC,1
CTCAAGTCCAGTAGGT,1
CTCAATAAATACTATG,1
CTCAATAACGGAAAGT,1
CTCAATAACTACACAA,1
CTCAATAACTGAGAGC,1
CTCAATATCATAATGA,1
CTCAATCACACGTGAG,1
CTCAATCTCTCGGGAC,1
CTCAATTAGCGAACAC,1
CTCACAAGCCAGAAAC,1
CTCACAAGCCATTGAA,1
CTCACAATCGGAAACA,1
CTCACAATGATCCGTC,1
CTCACAGCCCTCTCAA,1
CTCACCCGTGTTTTAC,1
CTCACCCTAAATACAT,1
CTCACGGGTGTCCACA,1
CTCACTATATATGCCA,1
CTCACTCGGTAATGAT,1
CTCACTTACCACTGAG,1
CTCAGAAAGTGACAAC,1
CTCAGACACGCCCGAA,1
CTCAGATTCACCTCAA,1
CTCAGATTTGTTCTTC,1
CTCAGCAAGAAAATCT,1
CTCAGCACTTCTGAAA,1
CTCAGCTAGGCGTATT,1
CTCAGGCAGATTCCGC,1
CTCAGTCCCTTACGCA,1
CTCATAAAAATCAGAA,1
CTCATAATCACACTGT,1
CTCATAATCCAAAATA,1
CTCATACTACCTCCCA,1
CTCATAGATATTGCGC,1
CTCATCAATAAGCGGC,1
CTCATCACAAGGCTGC,1
CTCATGTTCGATGTAA,1
CTCATTAATTTTGGAC,1
CTCATTACCGACACAT,1
CTCATTATATTGGGAA,1
CTCATTTACCTAGATT,1
CTCCAAAATAGCGGGG,1
CTCCAAATATAGTCAG,1
CTCCAACGACAAAATG,1
CTCCAATCTTGATTGC,1
CTCCAATTGAGTGCTG,1
CTCCAATTTTGACTAT,1
CTCCACCACAAACTTA,1
CTCCACCTCCACCAAG,1
CTCCAGGGTCGTGAAC,1
CTCCAGTTGGTGTTTG,1
CTCCATGAAAAAAATC,1
CTCCCAAACTTATTAA,1
CTCCCACATTAGCCAA,1
CTCCCACCTTTAGGTG,1
CTCCCACTCCACCTTT,1
CTCCCAGATACAATCA,1
CTCCCATCTCCAAGGA,1
CTCCCCATGAGTGTAT,1
CTCCCCATTACTCAAG,1
CTCCCCATTCGAATGC,1
CTCCCCCAGAAACAGT,1
CTCCCGGCTTAGCATA,1
CTCCCGGTCGTGCATA,1
CTCCCGTCTACGCGCG,1
CTCCCTAAAAAGTAGA,1
CTCCCTCATGCGCCCG,1
CTCCCTCATTTGGGAC,1
CTCCCTGGAACAAAGC,1
CTCCGAGACAGAGAAT,1
CTCCGATGATCAATAA,1
CTCCGCGATGCCCATA,1
CTCCGTAAACACGCAC,1
CTCCGTTAGAGACAGT,1
CTCCTAAATGCCGTTA,1
CTCCTAGCAGGTGTTA,1
CTCCTATGCAAACTAT,1
CTCCTCGTACTGTATA,1
CTCCTGAGATTTTCAG,1
CTCCTGATCATACTAT,1
CTCCTGGAATTGATAG,1
CTCGAACTAAAAATTA,1
CTCGAATACTTGGTAT,1
CTCGAATATTAACCGA,1
CTCGAATCATGGATTG,1
CTCGAATGACATAAAA,1
CTCGACTCTTAAAAAC,1
CTCGATAACAGTGGCA,1
CTCGATAGTGTCGGAT,1
CTCGATGTATCTCTGA,1
CTCGATTAATCTTAGA,1
CTCGCAGAACAAAGTA,1
CTCGCCATATCCCTCT,1
CTCGCCGACTCTGGAA,1
CTCGCCGTGGAACTAT,1
CTCGCTCAAATAATCC,1
CTCGGAATCAAACCAC,1
CTCGGACCAAATAAAC,1
CTCGGAGATTTTAGGC,1
CTCGGAGCCCTCGTAT,1
CTCGGATACCTCACAC,1
CTCGGCATGTACTCAA,1
CTCGGGAATATAACGA,1
CTCGGGGAGTTGATAC,1
CTCGGGTGGTCACAAT,1
CTCGGTCCAAACCTAC,1
CTCGGTGGCTAAGGTG,1
CTCGGTTCGTAATGAT,1
CTCGTAAAATTAGGAC,1
CTCGTAAATAGAAGCC,1
CTCGTAGAACGAAACC,1
CTCGTATAATGTCAAG,1
CTCGTATAATTGTTAC,1
CTCGTATAGCGTGAAA,1
CTCGTATTCAAAACAG,1
CTCGTCTTAAGGATTT,1
CTCGTGAGATACTGTT,1
CTCGTTGTATCGAATT,1
CTCGTTGTTCTCCATG,1
CTCTAAAGCGAGATAA,1
CTCTAAATCTTTAGGA,1
CTCTAACCTCGAATAC,1
CTCTAACTCCACCACG,1
CTCTAATAAATTATGC,1
CTCTAATCAATACGCG,1
CTCTACATATAACGCA,1
CTCTACGTGCAGCGAA,1
CTCTAGCAAATTGTCA,1
CTCTAGTTTCAACAGG,1
CTCTATAAAAAAACGA,1
CTCTATTAAGCCAAAT,1
CTCTATTTGGAAGCCG,1
CTCTCACCCGGTGGAC,1
CTCTCATACGCAACGA,1
CTCTCATGCATAATCA,1
CTCTCATTTTTTGACT,1
CTCTCCCCCACGTACG,1
CTCTCCGTTATAAATC,1
CTCTCTCACCCGTTAA,1
CTCTCTGCCGCCACCC,1
CTCTGAATATATTACA,1
CTCTGACACAACCAAT,1
CTCTGGCATTACTCTA,1
CTCTGGTTAAAAGCGT,1
CTCTGTAAACGAGTCT,1
CTCTTAAACCAAAAAA,1
CTCTTAAGTCCGACCC,1
CTCTTACCGTTAGATA,1
CTCTTAGCGAGCCCCA,1
CTCTTAGGTGGAAGAG,1
CTCTTATGGTTCGGTA,1
CTCTTCAACTTGCAGA,1
CTGAAAAACATGACTG,1
CTGAAACAACAATAAA,1
CTGAAACACAGGGAAC,1
CTGAAACCACTATCTC,1
CTGAAACCGATTAAAC,1
CTGAAAGACCCGTAAC,1
CTGAAAGCTGGATACT,1
CTGAAATTAGCGTTCC,1
CTGAACCCGGTACTAC,1
CTGAACCGATTGATAC,1
CTGAACTACTACCGAC,1
CTGAACTGATAAACTG,1
CTGAAGATACAGGACG,1
CTGAAGATTGCACTAA,1
CTGAAGCCATAACCCC,1
CTGAAGCGTTATAGAC,1
CTGAAGCTTTACACCT,1
CTGAAGGAGAATATAT,1
CTGAAGGATCGATAAC,1
CTGAATGGAGTACACT,1
CTGAATTCCCCTGCCG,1
CTGAATTCCGTTTAAA,1
CTGAATTCTCAACCAC,1
CTGACAAAATTCCCTA,1
CTGACAATGAACAGTA,1
CTGACACTCACCAATC,1
CTGACATAGAGCAGCC,1
CTGACCCCCTCTTCAA,1
CTGACCTTCACCACGG,1
CTGACCTTTAGCAATG,1
CTGACGAATCGCTAGA,1
CTGACGATGTCAAACA,1
CTGACGATTATGAAAA,1
CTGACTAAACCGCTAA,1
CTGACTAATGCAAGGC,1
CTGACTATATCTTTAA,1
CTGACTTAAAACACGA,1
CTGAGATAACTGCATG,1
CTGAGATCCTTCGACA,1
CTGAGCAGGCATAGGT,1
CTGAGCGTAATAGGTT,1
CTGAGGTTAAAATATA,1
CTGAGTAACAAATTCT,1
CTGAGTCATGAACAGT,1
CTGAGTTGTGTAATAT,1
CTGATAAATATTAGTC,1
CTGATACTAATCCCTC,1
CTGATCAAGACCTGCA,1
CTGATCCACTTACAAG,1
CTGATGCAATTCTAAC,1
CTGATGTCATCTCTTA,1
CTGATTAAGACCCGCC,1
CTGATTAAGACGAAAG,1
CTGATTACAGAGGATC,1
CTGATTCCCAACTGAC,1
CTGCAAAAGTCAATCC,1
CTGCAACCTAGAGTAC,1
CTGCACAATCTCCAAA,1
CTGCACACTTATGGTA,1
CTGCACAGAAAACCTA,1
CTGCACATCTAAGAAT,1
CTGCACGCCGGTTTGA,1
CTGCAGCAGAGCAGAA,1
CTGCAGGAATGCGCTA,1
CTGCAGGGGTCGACCC,1
CTGCATAACAAGTACA,1
CTGCATCAAAATACCT,1
CTGCATCATCGCTACG,1
CTGCATCCATATTCAC,1
CTGCATGAATGAGAAT,1
CTGCCAAAAGCAAGGA,1
CTGCCATGGCAGATTG,1
CTGCCGTACTTGTCCT,1
CTGCCGTAGAGAGATT,1
CTGCCTCAGCGGTAGT,1
CTGCCTCCCCTGACAT,1
CTGCGAATTTTTGTAT,1
CTGCGACCACATCCGT,1
CTGCGCCTACCTCAGC,1
CTGCGGAATTACTATA,1
CTGCTAATAGTAAAGT,1
CTGCTATTAGCACCGC,1
CTGCTCTATACGCACG,1
CTGCTCTTCCTAGGCG,1
CTGCTGAATAAACTAG,1
CTGCTGTACCATAAAA,1
CTGGAAGTGTGTAAAC,1
CTGGAATAAATGTAAG,1
CTGGACAACAAGGCTA,1
CTGGAGTATACAGTCA,1
CTGGCAACGGCTACTT,1
CTGGCATAATTTGATA,1
CTGGCCATGAAGGGAC,1
CTGGCCTCAGATCGTA,1
CTGGGAAATGTACTAG,1
CTGGGAATAACAACAA,1
CTGGGAATATCTTAAT,1
CTGGGCCTGAATGAAA,1
CTGGGTTAAACCATAT,1
CTGGGTTCGCCAAAAC,1
CTGGTATTAGTAGCCA,1
CTGGTCCGACACAGAG,1
CTGGTCGCTCGTTTAC,1
CTGGTGAAGAGCGTTA,1
CTGGTGACAGATCAAT,1
CTGGTGGTTACCGTAG,1
CTGGTGTTATTTAGAA,1
CTGGTTCGAAAACTGA,1
CTGTAAAGCCTCTAAA,1
CTGTAAGCATAGTGCT,1
CTGTAATACATCGGAC,1
CTGTACACCTAGTACG,1
CTGTACATCCACACTA,1
CTGTACCGATTATCAG,1
CTGTACCTTTTATATT,1
CTGTAGCAGAGTGCGG,1
CTGTAGCAGTAGTAGT,1
CTGTAGCTAATAACAA,1
CTGTAGTCCAGAAAAA,1
CTGTATAGCGAACATA,1
CTGTATAGTAGCAATA,1
CTGTATCTAAAATACT,1
CTGTATGCAGGCCAAA,1
CTGTCACCGACTGCCC,1
CTGTCACGAAAAGGAT,1
CTGTCATACCTTTTAG,1
CTGTCATGCATAAGAC,1
CTGTCCCCACACAAGA,1
CTGTCGCCACCCTAAC,1
CTGTCGTACAGATCGG,1
CTGTCTCTAGAATACT,1
CTGTCTTGATAACCAA,1
CTGTGACTATTCTTTT,1
CTGTGCCAATATCACG,1
CTGTGCTCTATAGACC,1
CTGTGTATTCAGATAG,1
CTGTTAATAATGTGTG,1
CTGTTGCAAAACGAGG,1
CTGTTGTCAGACATAC,1
CTGTTGTGTCTGAAAG,1
CTGTTTAATAACTAAT,1
CTGTTTCTTGACATCT,1
CTGTTTGGATCTAATA,1
CTTAAAAAACCACTAT,1
CTTAAATTCTAATGTA,1
CTTAAATTGAAATCAA,1
CTTAAATTGCGGTCGA,1
CTTAACAATATGCACA,1
CTTAACACCAGCAAAG,1
CTTAACAGCTGCCCAA,1
CTTAACCGGCCCCATG,1
CTTAACGGCTACTTGA,1
CTTAACGTGAAGTATA,1
CTTAACGTTTATTCGG,1
CTTAAGAAAAGTCAAT,1
CTTAAGAAAGGACGTT,1
CTTAAGATTCTCCTTA,1
CTTAAGCCAAATTACT,1
CTTAAGCCAGTTAACA,1
CTTAAGCGTAGTTTAT,1
CTTAAGGCAAAAGCAT,1
CTTAATACACATGGAA,1
CTTAATCGAGCTAATC,1
CTTAATCGGCAGATAA,1
CTTAATGCGCGACGAT,1
CTTAATGTATACACGC,1
CTTAATTTATGGCAAC,1
CTTACAAATGCCTGTC,1
CTTACAATTTGGCGCT,1
CTTACACCAAAATTAC,1
CTTACACCGCACACAG,1
CTTACATATGAGGCCT,1
CTTACATCATATAACA,1
CTTACATGGACGCTAG,1
CTTACATTTGACTACA,1
CTTACCACCAAATTAT,1
CTTACCGCATCAGGAC,1
CTTACGAAATATGGCA,1
CTTACGATAAGCCCTG,1
CTTACGGCAGCTATTT,1
CTTACGTAGCTGCGAT,1
CTTACGTATCAGAGAA,1
CTTACTAAAAATGCAT,1
CTTACTAAGGAACGGA,1
CTTACTAGACTAACTG,1
CTTACTATTTTTTGAC,1
CTTACTCGTTTGGATC,1
CTTACTGGTCAATATG,1
CTTACTTAGTCGCAAC,1
CTTACTTCTTAATTTT,1
CTTAGATACCCGAACC,1
CTTAGATTTATCACCC,1
CTTAGATTTTTTATGT,1
CTTAGCCTCAGGACGC,1
CTTAGCCTGCGAATGG,1
CTTAGGAACGTATTTA,1
CTTAGGGCATCTCTTC,1
CTTAGTAGATAATGGC,1
CTTAGTGACGAAAAAT,1
CTTATAAAATACATCA,1
CTTATAAGACAATCAC,1
CTTATAATAAAGAGAC,1
CTTATACACATAGTCA,1
CTTATACACCGCTCAA,1
CTTATAGATAAACAAC,1
CTTATAGATCGATAGG,1
CTTATAGCAGACATCC,1
CTTATATTGTATCATA,1
CTTATATTTTCCCAGT,1
CTTATCAATTCAATGA,1
CTTATCCCCAAGATTT,1
CTTATCCTAAACGCCA,1
CTTATGAATGTTTCCA,1
CTTATGACCCACAAGA,1
CTTATGATAAACGGAA,1
CTTATGCAGCATCTAA,1
CTTATGTAGCACACGT,1
CTTATGTTTAGAAATG,1
CTTATTAAACGCGACA,1
CTTATTCCCATGTTAG,1
CTTATTGTAAGGCACA,1
CTTATTTGACATATAG,1
CTTCAACGTAATAGCT,1
CTTCAAGAACCGTGGC,1
CTTCAAGTCTGGCGCC,1
CTTCAAGTTAACTATT,1
CTTCACCAGATTCGCG,1
CTTCACCCAAAACTCG,1
CTTCACCGTACTCCAT,1
CTTCACGCGAGAAAGT,1
CTTCAGGACTCACCCC,1
CTTCAGGATGCTTGCC,1
CTTCAGTGACTTTATT,1
CTTCATAGTTTCGCTC,1
CTTCATTGTAGGGTAT,1
CTTCCAAAGCCTACTA,1
CTTCCAAGGCGACGTA,1
CTTCCACACCTCATTC,1
CTTCCACAGTCACGCA,1
CTTCCACCTAGGGGAA,1
CTTCCACTATATAAAC,1
CTTCCAGCACAATTCA,1
CTTCCAGTTTATTAGC,1
CTTCCATCCCAGCTGA,1
CTTCCCAATCAGTCAC,1
CTTCCCTTCACACTTA,1
CTTCCGCCACCCATCC,1
CTTCCTGAACACCCAA,1
CTTCCTGATACTTGAC,1
CTTCCTTCGAATCGAG,1
CTTCGAACTACCTATT,1
CTTCGACACATACACT,1
CTTCGATAATGAAATC,1
CTTCGCAGGCAATCAA,1
CTTCGCCAGAAGTGAA,1
CTTCGGATTTAGCATA,1
CTTCGTAGCACAATAC,1
CTTCGTGGATCGGTCT,1
CTTCGTGTCATCAAAG,1
CTTCGTTCAATCATTG,1
CTTCTAAAATTAGCTC,1
CTTCTAAATAGTCCGG,1
CTTCTCTCATACGGGC,1
CTTCTGCCTTAATATA,1
CTTCTTCAACTTTCCT,1
CTTCTTCCTCTGACAC,1
CTTGAAACCGGATTTT,1
CTTGAACCTAAGTTTG,1
CTTGAAGCGATGTTAT,1
CTTGAATCCCGTTAAC,1
CTTGAATTTGACATAT,1
CTTGACCAGTCTGCAA,1
CTTGACCGCGTTAACA,1
CTTGACGGTATGAATA,1
CTTGACTATTTAAGGC,1
CTTGACTGCATGAAGA,1
CTTGACTGTATACATC,1
CTTGAGACAAACCTTT,1
CTTGAGCCTTGTGATA,1
CTTGAGGCGGGCGGTG,1
CTTGAGTTTTCCACGA,1
CTTGATCAACCTCCAA,1
CTTGATCCCGTGCACG,1
CTTGATCTTAAGTTAC,1
CTTGATTACGAATCGC,1
CTTGATTCAAAATAGA,1
CTTGATTTTTCCGCTC,1
CTTGCAAATCGCAACA,1
CTTGCAACATACAATT,1
CTTGCCAAACGTGAAG,1
CTTGCCAGACCACTGA,1
CTTGCGCTTACCTGAA,1
CTTGCGGCTATCAGGA,1
CTTGCTAAAGAGTGCA,1
CTTGCTCCCAGACAGC,1
CTTGCTCGAACTATTC,1
CTTGCTTAAAGAGAAC,1
CTTGCTTGACGTCGAA,1
CTTGGAATCGATTATC,1
CTTGGAATTAAGACTC,1
CTTGGCTAAATTAACG,1
CTTGGTAGTAAGCTAG,1
CTTGGTCAAGAACTAA,1
CTTGGTCTCTAGTATA,1
CTTGGTTAGGTATGAG,1
CTTGTAAACCATCGCT,1
CTTGTGGGCACCGTTA,1
CTTGTGTGTCACAAGC,1
CTTGTTGGGCAGTAAC,1
CTTGTTTGAAAGGACG,1
CTTTAAAACATCCGTG,1
CTTTAAACAGACAGAT,1
CTTTAAATATAGACCC,1
CTTTAACAGGTCTCGA,1
CTTTAACATACATGAT,1
CTTTAACCACCGAAGC,1
CTTTAACCGCGTAAAA,1
CTTTAACTGTTACACC,1
CTTTAAGCATACATTG,1
CTTTAATAAAACTAAT,1
CTTTAATATTGACTAG,1
CTTTACAAACACTTCA,1
CTTTACGTAAAACGAA,1
CTTTACTGCCACAAAT,1
CTTTAGAAGCCGATTG,1
CTTTAGAGCGTGATAG,1
CTTTAGATCGCATAAA,1
CTTTAGCCTGAGGTCC,1
CTTTATAGAAATTCCA,1
CTTTATATAGCGAGCC,1
CTTTATCGCACCATGT,1
CTTTCAAGACAAAGAA,1
CTTTCATCGTAGAGAA,1
CTTTCCAAACAGAAAA,1
CTTTCCAATTATAGAT,1
CTTTCCAGGTATCTAG,1
CTTTCGATATGTTTAC,1
CTTTCGCATCGACCAA,1
CTTTCGGAGTCATGGG,1
CTTTCGTCGATATGGT,1
CTTTCGTGATCTACCG,1
CTTTCTATTCGAAGGC,1
CTTTGAACCAACCCTA,1
CTTTGACGAATATTAA,1
CTTTGAGAATATTACG,1
CTTTGATGTAACAACC,1
CTTTGATTAAAACCAG,1
CTTTGATTAAGGATCA,1
CTTTGCCTAACAACGT,1
CTTTGGTCTCTTTCGA,1
CTTTGTAAAAACTAGA,1
CTTTGTGATGTGTCAA,1
CTTTTAACCGTCCCGC,1
CTTTTAAGCATATGCA,1
CTTTTACATAGTTAAC,1
CTTTTACGTATTGATA,1
CTTTTAGAGTCCCCAA,1
CTTTTAGGTAGGATCG,1
CTTTTATAGGACACTA,1
CTTTTATATCTAAAGA,1
CTTTTCAACATTCCGG,1
CTTTTCACTTTCAATA,1
CTTTTGAATCCGCACT,1
CTTTTTAGGGATAAGT,1
GAAAAAAAATTCTATA,1
GAAAAAAATAAAATCT,1
GAAAAAACACGCTAAA,1
GAAAAAACGCAAATGC,1
GAAAAAACGTTTACTT,1
GAAAAAACTGCACGCA,1
GAAAAAATAATAAGAC,1
GAAAAAATCAATTTAC,1
GAAAAAATTGCGCCAC,1
GAAAAACAGCTCCACG,1
GAAAAACATTGCCTCT,1
GAAAAACCAAACACCT,1
GAAAAACCAGTCCAGA,1
GAAAAACCCAAACCTA,1
GAAAAACCCAAGCTAC,1
GAAAAAGACGCAAAAA,1
GAAAAAGATTCCCCTC,1
GAAAAAGTGCAGGCTG,1
GAAAAATAAACTACCA,1
GAAAAATAACAAGAGT,1
GAAAAATAGCATATAT,1
GAAAAATAGGCTAAAA,1
GAAAAATGAAAAAGGC,1
GAAAAATGAGAACTAA,1
GAAAAATGGAAAAAAG,1
GAAAAATTGAGGTAAA,1
GAAAACAACTGAATAA,1
GAAAACCCAATCAAGC,1
GAAAACCGCTGCTCTG,1
GAAAACCTGAATTGAC,1
GAAAACGGACCCACCC,1
GAAAACTATTGAAATA,1
GAAAACTCATCTCCCT,1
GAAAACTTAAGTTACC,1
GAAAACTTCCAGGCGG,1
GAAAAGAAGAACAGGT,1
GAAAAGACTGAAAATT,1
GAAAAGATAAGGATTT,1
GAAAAGATCTTAAAAC,1
GAAAAGCAGAAAATCA,1
GAAAAGCCGATGTACA,1
GAAAAGCCGCGATACC,1
GAAAAGCTTTGGGTGT,1
GAAAAGGCCCATTCCA,1
GAAAAGGTTCGCGAAA,1
GAAAATAACTGCCGTC,1
GAAAATACACTTATCT,1
GAAAATCAGCATAACG,1
GAAAATCAGGGCATAA,1
GAAAATGAAAGCGCCA,1
GAAAATGATTCTAACC,1
GAAAATGCACCACAGT,1
GAAAATGGGCCAGTCA,1
GAAACAAACCAAACTC,1
GAAACAAAGTCCACTG,1
GAAACAACCGGTTACG,1
GAAACAAGTATCACCA,1
GAAACAATACTCAATA,1
GAAACACATCTAAAAC,1
GAAACACGAACAAAAC,1
GAAACACTCATCACCA,1
GAAACAGAGTGTGGCA,1
GAAACAGATCCGGCCT,1
GAAACAGGGTACATAA,1
GAAACAGTTACGTCTC,1
GAAACATTACAAGCCT,1
GAAACCAAAGCGGGAT,1
GAAACCACATCAAGAG,1
GAAACCAGGTTAACAC,1
GAAACCATATTTAGAT,1
GAAACCCAAAAAAATG,1
GAAACCCCAAGAGTTG,1
GAAACCCTTCAACTGT,1
GAAACCGCCCTAGGAG,1
GAAACCGGAGCCAATT,1
GAAACCGTCACATTTA,1
GAAACCTAAGGAGGTC,1
GAAACCTTTAACCGGC,1
GAAACGAAACACAAAA,1
GAAACGAAGACAAAAT,1
GAAACGATTTAAAGTC,1
GAAACGCTGAGATTCC,1
GAAACGGCCAAAAACT,1
GAAACGTATTAGAGCA,1
GAAACGTTACCCAAAA,1
GAAACTAAAAACCCTA,1
GAAACTATATAGCGCT,1
GAAACTATCTTTAACC,1
GAAACTGATTCGAACT,1
GAAACTTGTACACTTT,1
GAAAGAAACGGGAGAG,1
GAAAGAAATAAAGAAC,1
GAAAGAAATCAGCAAG,1
GAAAGAACAGTAACTA,1
GAAAGAATGGGATATA,1
GAAAGATCCTCAGTTA,1
GAAAGATGCTGTCTCA,1
GAAAGATTTGGAGCCA,1
GAAAGCAATATACCTT,1
GAAAGCAGAGTAATCT,1
GAAAGCCATCTGGTAA,1
GAAAGCCCCAAGAATA,1
GAAAGCGCTAAGACAT,1
GAAAGGAAGACCCAAA,1
GAAAGGCGTTGACTAT,1
GAAAGGGCAAATGCAC,1
GAAAGGGTGAAATTTT,1
GAAAGGTTCTAACCCC,1
GAAAGTAAATAAAAAT,1
GAAAGTAACCTAAATG,1
GAAAGTATCATTGAAC,1
GAAAGTATGGGGCCAA,1
GAAAGTCACAAGAGCC,1
GAAAGTCCCGTAATCA,1
GAAAGTCTACCTATAT,1
GAAAGTGATACGAGGA,1
GAAAGTGGTGACAGCA,1
GAAATAACAAATCAAA,1
GAAATAATAATTTCCT,1
GAAATAATCATCGGTA,1
GAAATAATCCTATATA,1
GAAATAATGATAGCTC,1
GAAATACCACTTCATG,1
GAAATACCGTTAAGCA,1
GAAATAGGAGAATTAT,1
GAAATAGGCTTTAGAC,1
GAAATATAAAGCTTAC,1
GAAATATAATCCCACA,1
GAAATATCAACAATCA,1
GAAATCCCCTATCCCA,1
GAAATCCTTGACTAAA,1
GAAATCGTTAGTGTTT,1
GAAATCTCACTCAAAG,1
GAAATGAACAGTCGGA,1
GAAATGACCAGCACTG,1
GAAATGATTCAATTAT,1
GAAATGATTTATCCGC,1
GAAATGGACCTTATAC,1
GAAATGTCACCGAACC,1
GAAATGTCAGCAAAGA,1
GAAATTAATGCAACAT,1
GAAATTACAGAACCAA,1
GAAATTACCATAGACC,1
GAAATTATTATTTAAT,1
GAAATTATTCAGATCA,1
GAAATTATTCTACGAG,1
GAAATTCCCTTCTAAC,1
GAAATTCCGAATGAAA,1
GAAATTCTCTACTACA,1
GAAATTGAGGCCGAAC,1
GAAATTGCACGAGGAA,1
GAAATTTAACTAATAG,1
GAAATTTATTGTACTA,1
GAACAAAAATTGAACG,1
GAACAAACTTTGAACT,1
GAACAAAGGATAGGTA,1
GAACAAGATTGTGCTA,1
GAACAAGCCACAGATA,1
GAACAATACCATGATC,1
GAACAATATAACGCTG,1
GAACAATTATAGCAGT,1
GAACACAAACATAAAA,1
GAACACAATCCGCCTG,1
GAACACACCTTCATCC,1
GAACACACTCTATGTC,1
GAACACAGAAGCTAAA,1
GAACACAGATAAATGG,1
GAACACAGCCATATTA,1
GAACACCACAAGGTCT,1
GAACACCAGCGGAGGA,1
GAACACGGGGGGTATC,1
GAACAGAACAGAATCT,1
GAACAGATTCCAACCT,1
GAACAGCAACTCGACC,1
GAACAGCAATCTCATG,1
GAACAGTACCGTTGTA,1
GAACAGTCTTAATACA,1
GAACATAAATTCAGAT,1
GAACATACCAATAACT,1
GAACATCATGACAAAC,1
GAACATGAACAAAAAT,1
GAACATGAACCAAAAG,1
GAACATTCCTTACTTA,1
GAACCAAAAAAATAAA,1
GAACCAACGGAGAAAA,1
GAACCACCAAGAAGTT,1
GAACCACCAGGACTGT,1
GAACCACCTGCTTGAG,1
GAACCAGGCCCCATTA,1
GAACCAGTATTGATAT,1
GAACCCAAATTTAAAG,1
GAACCGAGAAGGCTGC,1
GAACCGCCAACAACAG,1
GAACCTAAAACTCATT,1
GAACCTAAAGAGAATA,1
GAACCTTAGATGCAAG,1
GAACCTTCGATAACCT,1
GAACCTTCTTATACAA,1
GAACCTTTTCAGAGAC,1
GAACGACAGATCAACC,1
GAACGATAGGAATACA,1
GAACGCCTTCGAAAAC,1
GAACGCTCAAGTATTA,1
GAACGGAAAAGTAACC,1
GAACGGCGAGACACAC,1
GAACGGGAACGGAAAG,1
GAACGTCAACACAGTA,1
GAACGTGTACTACACA,1
GAACGTGTGTAACTCT,1
GAACGTGTGTTAGCGG,1
GAACTAAAAAAGGACA,1
GAACTAAACCAAGCAA,1
GAACTAAATGATTAGT,1
GAACTAACTTATGGTG,1
GAACTAATGTTACTGA,1
GAACTAATTAAAGGTG,1
GAACTACAAAGTATTT,1
GAACTACATTTATAGA,1
GAACTACGAGAATACA,1
GAACTAGAAGAGAAAT,1
GAACTATCACACCGGT,1
GAACTATGACTGCTGA,1
GAACTCAATTTCTACA,1
GAACTCACCCCGAGAA,1
GAACTCCCGCTCTCCA,1
GAACTCCTTAAAAAGA,1
GAACTCGATTAGACCA,1
GAACTCTAGCAGATCA,1
GAACTGGCAAATTGTT,1
GAACTGTCTCTATATA,1
GAACTTACACTATCGC,1
GAACTTCCATAAACGC,1
GAACTTGCGATACTTA,1
GAACTTGGACCCTACA,1
GAACTTGGCGTGAAAG,1
GAACTTTACAGAATTT,1
GAACTTTTATAAAACT,1
GAAGAAACCCATTAAG,1
GAAGAAATAAACCCAA,1
GAAGAAATAGGCCTGG,1
GAAGAAATTAGAAATG,1
GAAGAACAGCTAACGC,1
GAAGAAGAGTAAGAGC,1
GAAGAAGGTATTCCGA,1
GAAGAATGTTAACTAA,1
GAAGACATTTGTAAAC,1
GAAGACCTTTTTTAAT,1
GAAGACGAGACTTGAT,1
GAAGACTACATACTAG,1
GAAGACTTACAAATCG,1
GAAGAGAAGATTACTT,1
GAAGAGACATCTTTCT,1
GAAGAGACCAAAGGTA,1
GAAGAGATCTTGAGTC,1
GAAGAGGTAGAACACA,1
GAAGCAATGTATCTTA,1
GAAGCAATTTACACGG,1
GAAGCACAGGGAATAA,1
GAAGCACTATTCGTGA,1
GAAGCACTTAAACTTA,1
GAAGCATGAGAAACCC,1
GAAGCCAAAAAGCGAC,1
GAAGCCGCCTTGAAAT,1
GAAGCCTAGAGAAAAT,1
GAAGCGGCAGTAAGCA,1
GAAGCTAGCCCAAGAC,1
GAAGCTGAAATTCGAC,1
GAAGCTGTAACTCAAT,1
GAAGCTTCATGCAACA,1
GAAGCTTTACGAACTT,1
GAAGGAAATCTGCATT,1
GAAGGACGAGCGCACT,1
GAAGGACGGGAAGCTA,1
GAAGGAGACATAGTAC,1
GAAGGAGAGCTCATCT,1
GAAGGAGCGCCAGCAA,1
GAAGGATAACTCTCGC,1
GAAGGCATGATCAGTC,1
GAAGGCCAAACGCTTT,1
GAAGGCGTAATCCAGA,1
GAAGGCTTTAATCAAA,1
GAAGGGTGTTCGCGAT,1
GAAGGTAAACATAAGT,1
GAAGGTAAGCAAACAA,1
GAAGGTATATTCCCCA,1
GAAGGTCAGAGAACCT,1
GAAGGTTCAAACTTAC,1
GAAGGTTGGCGACATA,1
GAAGTAATAGCAGAAA,1
GAAGTACATCCCCCGA,1
GAAGTACGAAAACCCC,1
GAAGTACTCTCAACTC,1
GAAGTACTGCAATCAC,1
GAAGTAGATCAGTATT,1
GAAGTAGTATATGGAA,1
GAAGTCCCAAAATTCT,1
GAAGTCGTCAGATATA,1
GAAGTCTAATGCCCAA,1
GAAGTCTGCGTTTTGA,1
GAAGTGAGGGTTATAG,1
GAAGTGCCCAGGATAA,1
GAAGTGCGGCGTTTCG,1
GAAGTGCTAATTAGGG,1
GAAGTGCTAGTAATGC,1
GAAGTTAAACTTTGGC,1
GAAGTTAGAAAAAAGA,1
GAAGTTAGTTAAAGCA,1
GAAGTTCTTCTGTCGC,1
GAAGTTGGACCGAATT,1
GAAGTTTCAACTAATT,1
GAAGTTTCAGTACCTA,1
GAAGTTTCTAAACGCA,1
GAAGTTTTGTACCCAG,1
GAATAAAAGTCTATCC,1
GAATAAACAACCACAT,1
GAATAAACACCTCCTA,1
GAATAAATCATTAATG,1
GAATAAATTTTTGTAC,1
GAATAACCTAAACACA,1
GAATAAGTAGTAAGAT,1
GAATAAGTCATGTATA,1
GAATAATACAAGGAAG,1
GAATAATCGTGGTAAC,1
GAATAATCTGCTAAAG,1
GAATACAAATGTGACA,1
GAATACAACATAACGA,1
GAATACACAAAACAAG,1
GAATACCGATTGAAGA,1
GAATACTCTATTGTCG,1
GAATAGAAACGTATAC,1
GAATAGAAGCAATGTA,1
GAATAGACCTATCTAT,1
GAATAGCAAAAGGGAA,1
GAATAGCCACGGAACT,1
GAATAGTTAAATAGCT,1
GAATAGTTAATGAATT,1
GAATATAAACTTGTGC,1
GAATATACAGGCGGCT,1
GAATATACGAATTGGT,1
GAATATAGACCCAGTG,1
GAATATAGGTTGCAAA,1
GAATATATTTCCCTCA,1
GAATATCAAGGATACC,1
GAATATCAGTCCCACA,1
GAATATCATAACAGGA,1
GAATATCGCTTGAATG,1
GAATATTACAGAAAAC,1
GAATCAAAACATGCTC,1
GAATCAAACATAACAT,1
GAATCAACTAATTGTG,1
GAATCAAGAAAGTAGA,1
GAATCAATTCCCTGGA,1
GAATCATAAAAGTATT,1
GAATCATAACGAAATA,1
GAATCATATTGACTAC,1
GAATCATATTTTATAA,1
GAATCATCAGCTCTGG,1
GAATCCACGTACACGA,1
GAATCCATCAAAGATC,1
GAATCCCAAAATCTAA,1
GAATCCCAAACTATAC,1
GAATCCCACTGAGGAT,1
GAATCCCCACATTTCG,1
GAATCCGTGGGGGACA,1
GAATCCTTATATTAAA,1
GAATCGAAAAGCAGAT,1
GAATCGAATAAATAGG,1
GAATCGAATCGAATTC,1
GAATCGATATCCCATG,1
GAATCGCCAGCCTAGA,1
GAATCGTCGCTACTTT,1
GAATCTCTGCAGAGTT,1
GAATCTGAAATCGAGC,1
GAATCTTATAGGACAA,1
GAATCTTGGGGTTACG,1
GAATGAAACTTCAAAT,1
GAATGAATCTAAATCA,1
GAATGAATTACAGAAC,1
GAATGACCCAGCCATC,1
GAATGACTGTGAATAT,1
GAATGAGAAATCAAAC,1
GAATGAGTACACAGTT,1
GAATGATTACCAATAT,1
GAATGCAACTAAGATA,1
GAATGCAGCCCTCGTC,1
GAATGCATCAAGAAAA,1
GAATGCCCTATATGCT,1
GAATGCGCACATTCAA,1
GAATGCTACACTCACC,1
GAATGGCCCACACCAA,1
GAATGGCTACTACATA,1
GAATGGGGTATGGGAC,1
GAATGGTCACCAGACC,1
GAATGGTGGCCAACAA,1
GAATGTAAGCCAAGCC,1
GAATGTATCGGATGGG,1
GAATTAAAAGCAAGGT,1
GAATTAAACCTAACAT,1
GAATTAAAGCAAAAAG,1
GAATTAATCCAATGCT,1
GAATTAATGCGGTTTA,1
GAATTAATGTCGAGAT,1
GAATTACCATCATTAA,1
GAATTACTTGGGTCGC,1
GAATTAGGCTTAGTTT,1
GAATTAGTCCTCACAT,1
GAATTATCGCCCCCGC,1
GAATTCAACAAGAGAA,1
GAATTCGAGACGTCCT,1
GAATTCTCCTCATAAC,1
GAATTGAAAAATTTCC,1
GAATTGAACTTATCAC,1
GAATTGATTTACTTTG,1
GAATTGCTAACTATGG,1
GAATTGTTTGACCATG,1
GAATTTAATCTGAGGA,1
GAATTTATAACGTTGT,1
GAATTTCACCCACCGG,1
GAATTTCAGTAAAAGC,1
GAATTTCCTCAACCTA,1
GAATTTCCTTTTAGAA,1
GAATTTGCGCCAACTA,1
GAATTTTCTACAAGAA,1
GAATTTTCTCCATTTA,1
GAATTTTGAGTAGCCC,1
GACAAAAAAATATTAA,1
GACAAAACATAAGCAC,1
GACAAACATTAGTGGC,1
GACAAACGCAAGTCCA,1
GACAAACGTTACTGTA,1
GACAAACTAAGCACTC,1
GACAAACTGGACATAC,1
GACAAAGAGCCACGGT,1
GACAAAGGACAACGTA,1
GACAAATAAATAACTG,1
GACAAATATGTGCCGA,1
GACAAATCAAAATTTT,1
GACAAATCTATGGTCA,1
GACAAATGTGTACACG,1
GACAAATTATAAATAA,1
GACAACAATTCGCCTC,1
GACAACCACACCTCAC,1
GACAACCAGCCCTGAA,1
GACAACCGGAAACTTA,1
GACAACCTGAAGTACG,1
GACAACTGCATTCTAA,1
GACAAGAAAAGCAGCT,1
GACAAGAAAATTAAGG,1
GACAAGCAATCTGAAA,1
GACAAGCCCAATACCG,1
GACAAGTAATTAGCAC,1
GACAATAAAAAATAAT,1
GACAATAAACATATTT,1
GACAATAACATTGCAT,1
GACAATAATCGCCACT,1
GACAATCCGATCACAG,1
GACAATCCGCAATCTT,1
GACAATCGAACATACA,1
GACAATCTAGTAGTTA,1
GACAATGCCTTGAATC,1
GACAATGTTTTAATTC,1
GACAATTAAAATGAAA,1
GACAATTAACACAGTG,1
GACAATTGTCTAGGAT,1
GACAATTTAACTTCGG,1
GACACAAAATGTAAAT,1
GACACAATCCATTTAA,1
GACACAGAAAAAATGA,1
GACACAGTCAGGTACT,1
GACACATAACCATAAC,1
GACACATCAAAATCCT,1
GACACATTCTTTTGAA,1
GACACCAATGCGGGCT,1
GACACCACATATCACA,1
GACACCATCCGATCTC,1
GACACCGACGCATAAA,1
GACACCTTAATTACCC,1
GACACGCCAGCAGCCT,1
GACACGCTCAGTTGAG,1
GACACGCTTATAGCAA,1
GACACGTATACAACTA,1
GACACTAAATCCACTC,1
GACACTACCCATAAGA,1
GACACTCCTCGGTGAC,1
GACACTCGAGGACTTT,1
GACACTCGGAAATCGG,1
GACACTCTTTACTTTA,1
GACACTGCTGAAGATC,1
GACACTGTCACCAGCC,1
GACACTTTAAGGCATA,1
GACAGAATTAACTTCA,1
GACAGACGACTCCTTG,1
GACAGATAAAGCGAAA,1
GACAGCATGGCGAAAA,1
GACAGCATTTACACTA,1
GACAGCGAGGGGAATA,1
GACAGCGATAGCGTTT,1
GACAGGAAGTTAATTT,1
GACAGGAATACTATAC,1
GACAGGAATGATCATA,1
GACAGTAATAAACCAC,1
GACAGTAGTCATCCAA,1
GACATAACAAACTACG,1
GACATAACATCGCTTG,1
GACATAATATCTGAGC,1
GACATACACACTAAGA,1
GACATACTAATCGGAA,1
GACATACTTATCGAAG,1
GACATAGTCATCAAAT,1
GACATAGTGCAACCAG,1
GACATATGAGAAGCTG,1
GACATATTAGAAAGTT,1
GACATCATGAGGACTT,1
GACATCCATGAGCCGA,1
GACATCCCTGGAGAAG,1
GACATCCTATTTATAT,1
GACATCCTCGAAAAAG,1
GACATCGAACCTTTCT,1
GACATGGTAACACACT,1
GACATTAAAGGTCCAG,1
GACATTCTTGTGATAT,1
GACATTGCAGTGAGCA,1
GACATTTTCTTAGTAA,1
GACCAAAAAGAAAAAA,1
GACCAAAAAGTCACCT,1
GACCAAAATCAAGATA,1
GACCAAACCGCAACTT,1
GACCAACTGGCGCAGG,1
GACCAATAATTATAAG,1
GACCACATACCAACGG,1
GACCACATTGGACAGT,1
GACCACCTATCCTAAT,1
GACCACGTCGCAACGA,1
GACCACTTAAAATCAT,1
GACCAGAAATTCATTC,1
GACCAGATCAAAACGT,1
GACCAGCACAACATTT,1
GACCAGTTAAGAACTC,1
GACCATAACACCTAAT,1
GACCATACAACAATAC,1
GACCATACAGGAGGAA,1
GACCATATAACTTGAC,1
GACCATATTCCTACAC,1
GACCATCGACTAAACC,1
GACCATGCACTATCAC,1
GACCCAATCGAGACCC,1
GACCCAATGTCTAGTA,1
GACCCAATGTCTTCTT,1
GACCCAGCGACATACT,1
GACCCATACATAAACC,1
GACCCCCAAAGAACTA,1
GACCCCTACCAAATAG,1
GACCCGAGCACCGCCA,1
GACCCGAGTGCGGCCT,1
GACCCGCAGCATTAGC,1
GACCCGCGAACAACAA,1
GACCCGCTAAATAGTA,1
GACCCTACTAATAATA,1
GACCCTTTACTCACAC,1
GACCGAACAGACTAAA,1
GACCGAACCCTTACTT,1
GACCGAACTATAATTA,1
GACCGAATAATTGCGA,1
GACCGACTAAAATCCT,1
GACCGACTTAATTTAG,1
GACCGAGAGCTATCCT,1
GACCGATGAATCACAA,1
GACCGCACGCACTATA,1
GACCGCATCAAGCTCT,1
GACCGGCAAATCACAT,1
GACCGGCACATACAAC,1
GACCGGGGTATACGCA,1
GACCGTAAAAAAGAGA,1
GACCGTAATTATGACA,1
GACCTAACAAACGAGA,1
GACCTAATAAGTAAGG,1
GACCTAATCAATGAGC,1
GACCTAATTTAATCCT,1
GACCTACAATCTTGAT,1
GACCTACCGGACCCAC,1
GACCTACGACATAAAG,1
GACCTACGTAAAAACC,1
GACCTATAAAACCAAC,1
GACCTATATACAAGAC,1
GACCTCACACGCTTAG,1
GACCTCCCCGAAGACC,1
GACCTGGCAGGAGGAC,1
GACCTTAACCCACTGT,1
GACCTTATGGTACAAA,1
GACCTTCAAATATTTG,1
GACCTTCTTTATTTTG,1
GACCTTGATTCGATAA,1
GACCTTTCACCCCACT,1
GACCTTTCTTATATGG,1
GACCTTTTAAGACCGA,1
GACCTTTTAGCAACCA,1
GACGAAAACTGATCGC,1
GACGAAAATTGGTCAA,1
GACGAAACGTTTCTAG,1
GACGAAAGTGATAACC,1
GACGAAATACGACTTC,1
GACGAACAAACCAAAG,1
GACGAACAGAATGTGA,1
GACGAACGTAATATGC,1
GACGAAGAAAAGGGAT,1
GACGAAGAAATGTACA,1
GACGAAGAATGCGCCA,1
GACGAAGGAACCGACT,1
GACGAATCCGTGTATG,1
GACGAATTCTACACGA,1
GACGACCTATGGCTTA,1
GACGACCTTACACATG,1
GACGACGCTCTGACCG,1
GACGACGTAAACTCCC,1
GACGAGACAAGATAAC,1
GACGAGTAACAGAGGT,1
GACGATCATGATCCAC,1
GACGATGCAAATTGTG,1
GACGATGCGGACAAAT,1
GACGATTCAAATCGGT,1
GACGCAAGAGGATTAA,1
GACGCAATTTGCCAGT,1
GACGCAATTTTATACC,1
GACGCAGCCAGTTGTA,1
GACGCCATTGCCAATA,1
GACGCGTCAACTTAAG,1
GACGCTAGGAATCTTC,1
GACGCTTCAGATAAGT,1
GACGGAAGCCTCGAGA,1
GACGGAGAAAATATGA,1
GACGGAGACACCTCTG,1
GACGGAGTGAATACCC,1
GACGGATTGATGTTAT,1
GACGGCAATGACAGAA,1
GACGGCCTTAACAACG,1
GACGGGATGTCATCAC,1
GACGGTAGTAATTGAT,1
GACGGTTCGAACACCA,1
GACGTACAACCAATTT,1
GACGTACAACCCAGAG,1
GACGTAGATCATAACC,1
GACGTATCCTGACAAT,1
GACGTCACACAATAAA,1
GACGTCGTTTACAAGC,1
GACGTCTACGTAAATT,1
GACGTGATAGATTACT,1
GACGTTAGCTAGACCA,1
GACGTTCAAAGCCTAA,1
GACGTTTAGGTAATCT,1
GACGTTTTGACTGTAC,1
GACTAAAGGACGTAAT,1
GACTAACATTATATTT,1
GACTAACCGTAGCAAT,1
GACTAACGATGTCCAA,1
GACTAAGTCTCCGATT,1
GACTAATCAGAAAATG,1
GACTACAGGAAAATAG,1
GACTACTCAATTATAG,1
GACTACTGACAACTGC,1
GACTAGAAGTGACACT,1
GACTAGAATATATCCA,1
GACTAGCATATTAGGA,1
GACTAGCGAATAAAGT,1
GACTAGCTAGGCTAAT,1
GACTATCATAAGATTT,1
GACTATGACAAAACGC,1
GACTATGCCCCAACAC,1
GACTATGGAGCCAACA,1
GACTATTACGCATGAT,1
GACTCAAAATTGAATT,1
GACTCACGGCCTCGTC,1
GACTCAGCGTGGCCTA,1
GACTCAGTAATAAAAA,1
GACTCATAGACATAAC,1
GACTCCAAACTTCGGG,1
GACTCCAATATGCGCA,1
GACTCCCAAGAATTTA,1
GACTCCTGCAAATACC,1
GACTCGCCGTTCCCAT,1
GACTCGTAAACGCGAC,1
GACTCTAAATAAAGAA,1
GACTCTACACTTACAA,1
GACTCTATCGGATAAT,1
GACTCTCCTAAAACTC,1
GACTCTGCACCTAATA,1
GACTCTGCAGTTTGGT,1
GACTCTTTTTGAAACC,1
GACTGACATGAGCAGA,1
GACTGAGCCAAATGTT,1
GACTGAGCTATGATAG,1
GACTGATAATTCTTGT,1
GACTGCACGAGGCTAG,1
GACTGCATACCAAATC,1
GACTGCTCCCAATATC,1
GACTGGAGTTCTCTTT,1
GACTGGCAAGATCAAA,1
GACTGTACCACTCAAA,1
GACTGTTTGATGGAAT,1
GACTTACAAGACTTGT,1
GACTTACTTTAGGTAA,1
GACTTATCCAATATAC,1
GACTTATCCAGAGGAC,1
GACTTCAGTCACCCAT,1
GACTTGGAAGAAACAA,1
GACTTTAAAAGTCCAA,1
GACTTTACTAATAGAC,1
GACTTTCAAAGCGGGC,1
GACTTTGAGGGGATAC,1
GAGAAAAAAATAAACG,1
GAGAAACCAGGAGGAA,1
GAGAAATAAGATATAG,1
GAGAAATATCGCGTAT,1
GAGAAATGGAAAATGT,1
GAGAACAACTACCATA,1
GAGAACATCAGAAACC,1
GAGAACCCAAACTAAA,1
GAGAACTTATTAACTA,1
GAGAAGCAGAGTGCAT,1
GAGAAGCATTCCACGG,1
GAGAAGGCTCCCCTAC,1
GAGAATAAAGCACTCG,1
GAGAATAATCGGATAA,1
GAGAATACTATAGAGA,1
GAGAATAGGTAAGAAT,1
GAGAATCCGCTGCCAA,1
GAGAATGAAATGACGA,1
GAGAATGTACACATTA,1
GAGAATGTTGGACAAA,1
GAGAATTATAAGTCAA,1
GAGACAACTATTCTAT,1
GAGACAAGTACGTAGA,1
GAGACACATTTCCACC,1
GAGACACCAGCGAAAA,1
GAGACACGAACATTAT,1
GAGACACGTGCTTAGA,1
GAGACAGTTTTGAAAC,1
GAGACATCTCGCGGGA,1
GAGACATTTCAAGTAA,1
GAGACCCAAGCACAAA,1
GAGACCGGATCGGATT,1
GAGACGACACCGTGAG,1
GAGACGAGTCGAAAGT,1
GAGACTCCTGGATCTC,1
GAGACTCTAAATGACG,1
GAGAGAACACGTCACA,1
GAGAGACTTTAATGAA,1
GAGAGAGTACCGCAAA,1
GAGAGAGTATAATCGG,1
GAGAGATTAAGGAGCA,1
GAGAGCGATGACTACC,1
GAGAGCTGATATCCGC,1
GAGAGCTTCAACCACA,1
GAGAGGAATAGGAACA,1
GAGAGTCGGGATAATG,1
GAGAGTCTCATGAATA,1
GAGATAAAAGAAATCG,1
GAGATAAGATGAAACG,1
GAGATAATAAGTAAGA,1
GAGATAGAATAGCAGC,1
GAGATCAAGTCGGGTT,1
GAGATCCATTAAACTA,1
GAGATCCCTCAACGTG,1
GAGATCGATGCTCCAG,1
GAGATGTGAACATGGG,1
GAGATGTTGTACTGAA,1
GAGATTGACCCCTCGT,1
GAGATTGATACAGAAG,1
GAGATTGTACAACTTT,1
GAGATTGTACCTACAT,1
GAGATTGTTGTACCAT,1
GAGATTTCGCAATATA,1
GAGCAAACCTGGATCA,1
GAGCAACCATGAATGA,1
GAGCAATAACTCATAA,1
GAGCACAAACGGATTA,1
GAGCACACCACATCTC,1
GAGCAGCCGGGAATAC,1
GAGCATAAGGCTTCGG,1
GAGCATAGCATATAGT,1
GAGCATATTTAGCGGA,1
GAGCATTACTAAAAAG,1
GAGCATTGCCGTAATT,1
GAGCCAATATGTTACC,1
GAGCCACCTGACAAAA,1
GAGCCACGAATCTTAA,1
GAGCCGATTCGGCCCG,1
GAGCCGGCATAACCGT,1
GAGCCGGGATGTACTA,1
GAGCCTGCACTTAAGC,1
GAGCCTTATCCTGAAA,1
GAGCGAATCCGCCTAC,1
GAGCGAATTTGCCGAA,1
GAGCGAGGTACCGTGA,1
GAGCGATATGAGTGAA,1
GAGCGCAAATTGCGAG,1
GAGCGCAATACTTCCC,1
GAGCGCACCGCTTAGA,1
GAGCGCACCTAAAGCC,1
GAGCGGAAAAGACCAG,1
GAGCGGTACTACCGTC,1
GAGCGTACACGAGCGC,1
GAGCGTTATGGTACAC,1
GAGCTAGCACTAATTC,1
GAGCTATGCTCTGTGC,1
GAGCTCCAGTTTGTAA,1
GAGCTCCTCTTTGTTT,1
GAGCTGCTTAATTGGG,1
GAGCTGTGAAGCATAT,1
GAGCTTAGAAGAAGCC,1
GAGCTTATAGATTCAG,1
GAGCTTCTATTCCTAT,1
GAGCTTTCGAGGATCC,1
GAGGAAAACTAATATT,1
GAGGAACACAAATGGT,1
GAGGAACTCCTACCAG,1
GAGGAAGCTCTTTGAA,1
GAGGAATAAATATAAT,1
GAGGACATCGTAATAG,1
GAGGACGGATAAACCA,1
GAGGACTATCCAACCG,1
GAGGAGACTATAAAAC,1
GAGGAGTTCTTAACCT,1
GAGGATCATTCAGCGT,1
GAGGATGACTTAACAT,1
GAGGCACCAGGAAGAA,1
GAGGCACTCTAACTCA,1
GAGGCATCGCCCAGTG,1
GAGGCCAAACGGCTGC,1
GAGGCGCACTACGAAA,1
GAGGCGTATTCGAAAT,1
GAGGCGTTATAAAATA,1
GAGGCTAATTGAGTAC,1
GAGGGACACACAGTAT,1
GAGGGAGACCAAACAT,1
GAGGGAGACGCAGAAT,1
GAGGGAGATAGTGCAA,1
GAGGGATAAACAAAAA,1
GAGGGATCTAGAGCCC,1
GAGGGTAGCATCACTC,1
GAGGGTCGAAGTCTAG,1
GAGGGTTTGACACGCC,1
GAGGTAGAACAGTTAA,1
GAGGTATACAATTTTA,1
GAGGTATCATAGAGGA,1
GAGGTATGCTCCAAGT,1
GAGGTATTACACAGAC,1
GAGGTCGCAGCATGAA,1
GAGGTCGGCGGTAGCC,1
GAGGTGAAACTAGGAA,1
GAGGTGTATCTTACCA,1
GAGGTTACAAATAGGA,1
GAGGTTTATTTGTTCA,1
GAGTAACCCATCGTCT,1
GAGTAACGCATGTTCC,1
GAGTAAGGCTTTAAAT,1
GAGTAATAAACACTTG,1
GAGTAATTAAATTCTA,1
GAGTACAAGTAACGCG,1
GAGTACCAGTTAAGCA,1
GAGTACCTCACCAGAC,1
GAGTACGAAGCGATCG,1
GAGTACTTACATTTTC,1
GAGTAGGTCATCAAAA,1
GAGTAGTTATTCACTG,1
GAGTATAGAAGAAAAC,1
GAGTATATTAGGGTAG,1
GAGTATGATACATGCC,1
GAGTATGCCGTACAAG,1
GAGTCAAAGTGATGAA,1
GAGTCACTCGGAGAAA,1
GAGTCAGCGACGTAGT,1
GAGTCAGGTCCGGAGT,1
GAGTCATTCCCACTAA,1
GAGTCCACACCAGAAT,1
GAGTCCATGCAAATTG,1
GAGTCCATTGATGCTT,1
GAGTCCTTACTGATAG,1
GAGTCTAAAAAGCATT,1
GAGTCTAAGCTTATGA,1
GAGTCTACTTGTTATA,1
GAGTCTGGTTCGCAAA,1
GAGTCTGTCGACAATT,1
GAGTCTGTGTTTATAT,1
GAGTGAAAATCGGAGC,1
GAGTGAACGTAGAGTG,1
GAGTGATTATGAGGAG,1
GAGTGCCCTCCTACCC,1
GAGTGCTCACCAGGAG,1
GAGTGGGATATAACCA,1
GAGTGTGAATCCCACA,1
GAGTGTGGATATACTC,1
GAGTGTTCGCTAGCGA,1
GAGTGTTCGGAACAAT,1
GAGTTATATAGGTTTC,1
GAGTTCAAGTGAACAA,1
GAGTTCCTCAAGGGAC,1
GAGTTGCTTGACTGTT,1
GAGTTGGATCACCCAC,1
GAGTTGTGAAACGGTG,1
GAGTTTAACAATAGAA,1
GAGTTTTGCGTGCTTT,1
GATAAAAAGAAAAAAA,1
GATAAAACTAACCTAG,1
GATAAAAGGTAGCGGA,1
GATAAAATAACTAAAA,1
GATAAACAATCTTTAA,1
GATAAATATCGAGTCG,1
GATAAATTGACCCATA,1
GATAAATTGTATCCGA,1
GATAAATTTTTTAAGA,1
GATAACAAAAATCCTG,1
GATAACAATCTTACTA,1
GATAACACCATTTAGC,1
GATAACACTATGGCAC,1
GATAACGGACGCGGTT,1
GATAACGTACCAATCA,1
GATAACTATGGCTACA,1
GATAAGAAAACACTGG,1
GATAAGAAATACTAGT,1
GATAAGACAATCTAAT,1
GATAAGACCCAAAATC,1
GATAAGGCAAAACTTT,1
GATAAGGTGAACAGCC,1
GATAAGTTAAAAAAGA,1
GATAATAGGTTATCTA,1
GATAATATCCGTCAGA,1
GATAATCAGTCCATTA,1
GATAATCTAGTGTTTA,1
GATAATGCACCTGCGA,1
GATACAAAAAAACACT,1
GATACAAAACTGTTTA,1
GATACAACCTTGTTTG,1
GATACACTCAATCGAA,1
GATACAGGACACGTAT,1
GATACATTTCCAAGCG,1
GATACCAGAATCCACA,1
GATACCCAGCTATAAA,1
GATACCCGCTACAAAC,1
GATACGTAGGCCACCT,1
GATACGTCCGCCTACA,1
GATACTACAGAGTACC,1
GATACTACATATTAAA,1
GATACTACGACCCCAT,1
GATACTAGTAGTGACG,1
GATACTATAACCATGG,1
GATACTATGAAAACCC,1
GATACTGAAAAAAACC,1
GATACTGCTAAGTCCG,1
GATACTGTATAAATTC,1
GATACTTACATGTTCT,1
GATACTTTCAACAAGA,1
GATAGAACAAAAGCTT,1
GATAGAACATTTAAAA,1
GATAGACAATATTCAA,1
GATAGACGGTCACTCA,1
GATAGACTCCTAAGAA,1
GATAGAGACATAGGCC,1
GATAGAGCTTGCGTCC,1
GATAGATAAACTCATG,1
GATAGATAATAACAAT,1
GATAGATACGTCACTA,1
GATAGATCTTTGACCT,1
GATAGATTATCCTGCA,1
GATAGGAAACAGTTCC,1
GATAGGAATGTACCTG,1
GATAGGCAACCGAAAA,1
GATAGTAGATATGAAC,1
GATAGTAGTGAAGATA,1
GATATAAATAATATAA,1
GATATAATGGTCCGAA,1
GATATAGAAACACATA,1
GATATATAATGCAATA,1
GATATCACCGCCAAAA,1
GATATCACGACAATAA,1
GATATCAGCCTGCATC,1
GATATCAGGATATAAT,1
GATATCTTGACCACAA,1
GATATGATTTAAAATA,1
GATATGCAAGTACTCG,1
GATATGCTGAAACCAC,1
GATATGTGCAAATAGC,1
GATATTAATACAACAT,1
GATATTAGAAACCTTT,1
GATATTATTCTGACCG,1
GATATTCCTTGTTGAC,1
GATATTGCACATTTAA,1
GATATTTACCTAGCAT,1
GATCAAATACTTCCTT,1
GATCAAATTAGTACCA,1
GATCAACAAAACGAGG,1
GATCAACCATGACGCG,1
GATCAATTAAACAGAA,1
GATCACAAAGTCTACC,1
GATCACAAATCACTAT,1
GATCACAACTTCGGCA,1
GATCACAAGGACTCAA,1
GATCACAATTCGACCA,1
GATCACACCACAAGCT,1
GATCACAGCGCACGTT,1
GATCACGAATTTAGAG,1
GATCACGTAAGAGACT,1
GATCACTAATTCTACA,1
GATCAGACCCTTACAA,1
GATCAGCACAACCTGT,1
GATCAGCTAACTGATA,1
GATCAGTTTTTTTACC,1
GATCATAAATGACAAT,1
GATCATAACCTATCTT,1
GATCATATAGATCAAA,1
GATCATGCGCACTATG,1
GATCATTATTTTCAAC,1
GATCATTGTGCATCAG,1
GATCCAAAACATCTTT,1
GATCCAAAGAGAAAAA,1
GATCCAACCCTAGATA,1
GATCCACACTTTTCTA,1
GATCCAGTGTATATAA,1
GATCCCAATCATTAGT,1
GATCCCTAACACTAGT,1
GATCCGAAAATGCCCA,1
GATCCGCTATAAAAAG,1
GATCCTAATCGAGAGA,1
GATCCTGCACAAAGAC,1
GATCGAACTTTTGGGG,1
GATCGCACACTCATAA,1
GATCGGACGTGATGCC,1
GATCGGGAATCGCGTC,1
GATCGTCTGCGAAGCC,1
GATCGTGACTAGACAC,1
GATCGTTTGAAATGCA,1
GATCTCAAAGATCTGA,1
GATCTCGAGTGTGCCC,1
GATCTCGTCTATCCTA,1
GATCTCTAAATTGATG,1
GATCTGAGCGCGACTC,1
GATCTGATCACAAAGA,1
GATCTGCTAGATTTAG,1
GATCTTAAGGCCGGGC,1
GATCTTATAATACAAC,1
GATCTTTAGCGAAGCA,1
GATGAAAATATAACAA,1
GATGAACAGGAAGGGT,1
GATGAACGAAGATGTA,1
GATGAACGTAGGATTC,1
GATGAAGCAGATTACT,1
GATGAAGCCATTTAAA,1
GATGAAGCCGCATCCA,1
GATGAAGTAACCCGCC,1
GATGAATGCAATTAAA,1
GATGACAATATCGTAA,1
GATGACCTATTTCACG,1
GATGACGGTAGCATGT,1
GATGAGAAAATCGTAC,1
GATGAGAATTCCTCAA,1
GATGAGACACGCGGAC,1
GATGAGGAAGCGACTC,1
GATGAGTTACAACAAA,1
GATGATACTACAAAGA,1
GATGATATTTCTTAGT,1
GATGATCTAACAGTCT,1
GATGATGCCACCGAGG,1
GATGATTCTGAATCCC,1
GATGCAAAACCCACTA,1
GATGCAAAACTATATG,1
GATGCAAACTTCGTAC,1
GATGCAAATTCCACGG,1
GATGCAACCAGTAAAG,1
GATGCAACGCCTTTCA,1
GATGCAAGCGCCAAGG,1
GATGCACCAGACTTAA,1
GATGCAGATATTGGAC,1
GATGCAGATTGACTTG,1
GATGCATAAGGCTCAA,1
GATGCATGCGAACTCA,1
GATGCATTCAACCGAT,1
GATGCCGTAGTCTAGC,1
GATGCCTATAGAAACC,1
GATGCGCAAGCATAGG,1
GATGCTTATAGAACAC,1
GATGCTTTATTCTATA,1
GATGGAGCACGGTTTT,1
GATGGTTCAATTATCC,1
GATGTAAATATGCATG,1
GATGTACAAAAATGGC,1
GATGTCCAAAATCAGT,1
GATGTCCATACATTTA,1
GATGTCTACCCCTCAT,1
GATGTCTATAGTGTGA,1
GATGTGCACATGCGAG,1
GATGTGTGAGAACATT,1
GATGTTCCAGCAAAAC,1
GATGTTCTCATTGCAC,1
GATGTTGTACAAATTC,1
GATGTTTACTAATGGA,1
GATGTTTATACGCAGA,1
GATGTTTATTTATATC,1
GATGTTTGATAGTAAA,1
GATTAAAACAATAATA,1
GATTAAACACAAGTAT,1
GATTAAAGTTGGCCGA,1
GATTAAAGTTGGTCTA,1
GATTAACAGAAATCTA,1
GATTAAGATAGCGGCA,1
GATTAAGCCATTTCCT,1
GATTAAGGATCAATCC,1
GATTAAGTACTATACA,1
GATTAAGTTGCAACAT,1
GATTAATGCTTAAGGC,1
GATTAATGGCCTGAGA,1
GATTACAAAAAACAAT,1
GATTACAATCATACCA,1
GATTACCGCTAAAACT,1
GATTACGGTTTAGCGA,1
GATTACTCCCACTAAA,1
GATTACTGAATATAAT,1
GATTAGAAGGCGATAA,1
GATTATAAAATCTAAG,1
GATTATAGACAATCTA,1
GATTATCCTCCAAAAC,1
GATTATCTGGATTCCA,1
GATTATCTGGCTTAAC,1
GATTATTAAAACATAA,1
GATTATTAACAAAGCT,1
GATTATTCGATTGTCG,1
GATTCAAATAGGTTAT,1
GATTCAAGTGCTTATC,1
GATTCAATGATGCCAC,1
GATTCACATCGGAAAC,1
GATTCACTCTATACGA,1
GATTCAGCCGGACCCG,1
GATTCATCAATAGTGT,1
GATTCCACACGCCCTC,1
GATTCTAAAAACCCAA,1
GATTCTACAAACACAT,1
GATTCTAGAGACAGAC,1
GATTCTCGATCCTGTC,1
GATTCTTCATCGTATT,1
GATTGAAATGCCAATT,1
GATTGAGAGATAGGGA,1
GATTGATCGGAAGATG,1
GATTGCTACCACGAAG,1
GATTGCTGAACAAAAT,1
GATTGGCTCTGAACAA,1
GATTGGCTTATGTTAA,1
GATTGGTGCCCTTAGG,1
GATTGTGAACGCCCTT,1
GATTTAAGCACACCCC,1
GATTTCCACTGTAGCT,1
GATTTCCGCCTCTACT,1
GATTTCCTAGAAACTC,1
GATTTCGATATGTACA,1
GATTTCGCCGATTACT,1
GATTTCTTAATTCAGT,1
GATTTCTTTGGCGCAT,1
GATTTGGCGAACACTA,1
GATTTGTTTGGCCTAG,1
GATTTTACGCGTACCA,1
GATTTTATAAGAAGGT,1
GATTTTCATCCAATAG,1
GATTTTGAAGTACGAG,1
GATTTTGGCCCTCCAA,1
GCAAAAAATATCAAAG,1
GCAAAAACATACAGCA,1
GCAAAAACTACAGGGA,1
GCAAAAATGCCAAGGG,1
GCAAAACCCCGCCTGA,1
GCAAAACCGTATAAAA,1
GCAAAAGCATAACAGC,1
GCAAAATCTGAACACG,1
GCAAAATCTGACAATG,1
GCAAAATGTAATCCAG,1
GCAAACGATTAACTTT,1
GCAAACTTATCCCAGC,1
GCAAAGATTGTAGGAT,1
GCAAAGCCGCAATTGG,1
GCAAAGCTGATGGTTA,1
GCAAATAAGATACATT,1
GCAAATACGACCGGTT,1
GCAAATCTACATATCT,1
GCAAATGAGCACTCTT,1
GCAAATGCGTTGAGTC,1
GCAAATGTGAGTAACA,1
GCAAATTAACTAACTG,1
GCAACAACCCCTTAGG,1
GCAACACCGAAAGACT,1
GCAACACGATGAGGAC,1
GCAACACTCTGATCGC,1
GCAACAGCCCCGTTAC,1
GCAACATCCATCGATG,1
GCAACCAACGCCGCGG,1
GCAACCATTAGAATGA,1
GCAACCCTAAGGATCC,1
GCAACGCATCCAAGTA,1
GCAACGCGAAAGCAGA,1
GCAACGCGTATTATGA,1
GCAACGGATCTCTACA,1
GCAACGGGACATGAAT,1
GCAACGTCGATCATAG,1
GCAACTCGCATTTTTA,1
GCAAGAATCACATATC,1
GCAAGAGTTGATAAAC,1
GCAAGCGTACACTTTC,1
GCAAGCTTGCCACACT,1
GCAAGGATACACACGG,1
GCAAGGCTAACGCCGC,1
GCAAGGGCGGAAGTTA,1
GCAAGGTATTAGGTCG,1
GCAAGTAATGAAACAA,1
GCAAGTAGTTATCTTA,1
GCAAGTATAGCTACAG,1
GCAAGTGCTAAAAAGG,1
GCAAGTTATGCGCACC,1
GCAATAAAATACTCCT,1
GCAATAACAAACATCC,1
GCAATAAGTTTCTTAC,1
GCAATAATGGAACTTG,1
GCAATACTTATAAACA,1
GCAATAGAATACCTTG,1
GCAATAGACTCGACCC,1
GCAATATGTGTCCCGA,1
GCAATCAGCTGTCCTG,1
GCAATGATGTCATGCC,1
GCAATGATTGACCAGC,1
GCAATGTAGAAGCCGC,1
GCAATTAAATTGTAAG,1
GCAATTACGAAATTAT,1
GCAATTCTCCACCGGG,1
GCAATTGACGATTTAG,1
GCAATTGTTGGTCTTC,1
GCAATTTAGAAGTACG,1
GCAATTTTGCTCCTGT,1
GCACAAAACAGATATA,1
GCACAAAGAATAAATG,1
GCACAAATATGGAATC,1
GCACAAATCTTAAGTT,1
GCACAAATTTTTACGA,1
GCACAAGGAAGGCGAA,1
GCACAAGGAAGTATCA,1
GCACAATAACACAAAT,1
GCACAATAAGCAAGAT,1
GCACAATATTACTGAT,1
GCACAATCGAAATCTG,1
GCACACCCAAACGATA,1
GCACACGTTAAGATAA,1
GCACAGAAATTTCATC,1
GCACAGGCAGCTCACG,1
GCACAGTACTAATATA,1
GCACAGTATGACTGAT,1
GCACATAGAAGTAGCA,1
GCACATAGACCCTCGA,1
GCACATATAGCAACAA,1
GCACATCAATTTTTTG,1
GCACATTCTTCTTAAG,1
GCACCACCCGAGGATA,1
GCACCACTCACAAAAC,1
GCACCAGACATGAGTC,1
GCACCCGCTATCCGCT,1
GCACCCTTCCGGAAGC,1
GCACCGATTCCGTACT,1
GCACCGTCTAAACAGG,1
GCACCTGTTGATTCCG,1
GCACGATACCGAAAAC,1
GCACGCATAAACGTAG,1
GCACGCCAAGTGAAAC,1
GCACGCGTTTGTTAAG,1
GCACGGTTCGAATTAA,1
GCACTAAAACAGAATG,1
GCACTAAAAGACAAAA,1
GCACTAAACCAAATGC,1
GCACTAAATAGAAAAA,1
GCACTAGGGTGACCAA,1
GCACTCTAACTCTGCG,1
GCACTGCAAAATCCTT,1
GCACTTAAAAAGAAAA,1
GCACTTACCCGCAAGC,1
GCACTTCACGGACGAA,1
GCACTTTTAATGACCA,1
GCAGAAAAGACCAGGT,1
GCAGAACAGATGTAGC,1
GCAGAAGGACAATTTT,1
GCAGAAGGCTCCATCT,1
GCAGAAGGGCTCTGAA,1
GCAGACAAAATTCTAC,1
GCAGACCGCCAACTAA,1
GCAGAGAACGAATGTA,1
GCAGAGAACGTTCCGA,1
GCAGAGGATGAATTCA,1
GCAGATACGGCTCACA,1
GCAGATTAAGTAACCT,1
GCAGATTACGTCACCA,1
GCAGCACCGAAACGGA,1
GCAGCACTCTACTTTA,1
GCAGCCAACCAACCTA,1
GCAGCCGAGACGATTT,1
GCAGCTCTTGGCGAAC,1
GCAGCTGTACCCCCTA,1
GCAGCTTTTTAATTGA,1
GCAGGATTGTGCACAC,1
GCAGGCAAACACACAC,1
GCAGGCCACATCATTC,1
GCAGGGTTCTAATTTC,1
GCAGGGTTTTGGCGTG,1
GCAGGTTATCAAAGCC,1
GCAGTATAAAGACATT,1
GCAGTATATAGAATGA,1
GCAGTGAATGATAAGG,1
GCAGTGTCCGAAAGAG,1
GCAGTTCCCTAATTCG,1
GCATAAATAGATATGA,1
GCATAAATTCCAAGTA,1
GCATAACCTAATGGCG,1
GCATAATGCCAATACG,1
GCATAATTTGGATATA,1
GCATACAACTTTAAAA,1
GCATACCATGAGGAAG,1
GCATACCTTAACACTG,1
GCATACTTGCGAGATG,1
GCATAGAAAGTCTCGC,1
GCATATACCCAACCAC,1
GCATATAGATCTAAAA,1
GCATATCAAATCGAAC,1
GCATATGCAGCAGATA,1
GCATATTAAATGTGTT,1
GCATATTAGCCCCTGC,1
GCATCAAAATAAGGAA,1
GCATCAAACCACAAGC,1
GCATCACAGATCATAT,1
GCATCATTTACGTAGA,1
GCATCCGCGTTAGAAA,1
GCATCCTATAGCATTA,1
GCATCGCTAAAGCTCG,1
GCATCGTAACGATTAG,1
GCATCTCACGGCAATA,1
GCATGAAAGCATTCGC,1
GCATGAAAGGACACAT,1
GCATGAATCCATACAT,1
GCATGAGCGAGCAAAG,1
GCATGCACCATCCAAA,1
GCATGCATATATCAAA,1
GCATGCATTTACCGAA,1
GCATGCCAGTTGGTAA,1
GCATGCCTTAAACCAC,1
GCATGGACCCCCAAGC,1
GCATGGTCTCACAATA,1
GCATGTATTAAACGCG,1
GCATTAGCCATTAGTC,1
GCATTAGTACCACAAC,1
GCATTATACGACAATA,1
GCATTATCCAAATCTA,1
GCATTATCTAGCCATA,1
GCATTATTCTCAATCC,1
GCATTCATACTAAATT,1
GCATTCATATGGTGCG,1
GCATTGCTGATTATTA,1
GCATTGGTGAATAGAA,1
GCATTTAGCTGTAACA,1
GCATTTATTGCAGAGA,1
GCATTTGATTAACCGT,1
GCCAAAACGCACATTG,1
GCCAAACACTGAAAAA,1
GCCAAACCCCTACATT,1
GCCAAACCTTAAAAGA,1
GCCAAACTGAATCATA,1
GCCAAAGACGTTAAGA,1
GCCAAATTTTATCTAC,1
GCCAACCAACGGGCTA,1
GCCAACCATGAATCAA,1
GCCAACTCAATCAGCC,1
GCCAACTCAGCCCATC,1
GCCAAGACGTGTAATT,1
GCCAAGCAGATATCAC,1
GCCAATGATTTTGAAA,1
GCCAATGTACATTTAG,1
GCCACAAACTTGCCAA,1
GCCACAACACACCGAT,1
GCCACAAGGAGTAATA,1
GCCACACTATTAGGTA,1
GCCACATGAATAAGGA,1
GCCACCACAAAAGCGA,1
GCCACCATAGGATAAA,1
GCCACCATGTAACAGA,1
GCCACCCGAAAAGCAT,1
GCCACCCGCGAGAATC,1
GCCACCTAGCCCCACA,1
GCCACGCTTGTAAGCT,1
GCCACGGGCATATCCA,1
GCCACTATATGGGACT,1
GCCACTCTACGACAAC,1
GCCACTTTTGCGAAGC,1
GCCAGACATTTTTGTC,1
GCCAGAGACACGCCCA,1
GCCAGCGATACAAGGT,1
GCCAGCTAAGCAGATT,1
GCCAGGACTTGAAAAT,1
GCCAGGATCAGTTCAT,1
GCCAGGGGGCAGCATA,1
GCCAGGTTCATAAGGG,1
GCCAGTTAAATCTAGG,1
GCCAGTTGCTGTGGAA,1
GCCATAGTATCATATT,1
GCCATATAAAGTGCAT,1
GCCATATAACGATGCG,1
GCCATATAATATCGGA,1
GCCATATAGAACGAAA,1
GCCATATGTAGGCGGC,1
GCCATCACAGAATAAC,1
GCCATCTGAAAGCAAT,1
GCCATGAAAAGCTTAA,1
GCCATGACAGATAAAA,1
GCCATGATAATATATG,1
GCCATGATTACCGAGA,1
GCCATGGACATAAGTG,1
GCCATGGCAAGATTAT,1
GCCATGGCTAGTACTA,1
GCCATTAACAACTACA,1
GCCATTATATAGGAGT,1
GCCATTCTGAATCCGA,1
GCCATTGTGCGGTAGT,1
GCCCAAAGCAAAAAAT,1
GCCCAACACACTAACT,1
GCCCAAGATTGCGAAG,1
GCCCACAATGCGCTCA,1
GCCCACATGACATGTG,1
GCCCACCAAAAAGTTG,1
GCCCACTAATACTGAA,1
GCCCACTGATTTGTAC,1
GCCCAGAAGAAAATAA,1
GCCCAGACTCCAACAA,1
GCCCAGTATCCGGTCC,1
GCCCATAACGATGACT,1
GCCCCAAAAAATGGTA,1
GCCCCAACACATAGTC,1
GCCCCCCTGCACCAAC,1
GCCCCGGAAATTAAAG,1
GCCCCTACCAAAACCG,1
GCCCCTGATATTAGTT,1
GCCCCTTGATCCTCTT,1
GCCCGAAATGGCCTGT,1
GCCCGAACAACCTCTG,1
GCCCGACAATCAGATC,1
GCCCGACCAGTGGCAA,1
GCCCGACTAATCACAT,1
GCCCGACTACATCAAA,1
GCCCGACTCATTAAGC,1
GCCCGATACAACAATC,1
GCCCGGTTGAGCCGTG,1
GCCCGTAACAATACTC,1
GCCCGTGATGTCTCAC,1
GCCCTAAACAGAGATT,1
GCCCTAAAGCACTTGC,1
GCCCTAAGATTCCAAG,1
GCCCTAATAGTGTCTG,1
GCCCTCCTATTATACA,1
GCCCTGAACAGGAATA,1
GCCCTGAATACTCCGA,1
GCCCTGAATTTATATG,1
GCCCTTTATTCGAGGC,1
GCCCTTTTCGTTGGAT,1
GCCGAAATACTTTAAT,1
GCCGAACAGTTAGAGG,1
GCCGAAGCTTAGAAGA,1
GCCGAAGTGAATGCGA,1
GCCGAATGTGAAGTTT,1
GCCGACGCTTCCACGA,1
GCCGACTCGCTCCCAA,1
GCCGAGGACTTGAGCT,1
GCCGCAAATATATCAG,1
GCCGCACGTATAAGGG,1
GCCGCAGCGACTTAAA,1
GCCGCATCCCGCTTAG,1
GCCGCCGAAGATGTTA,1
GCCGCTAAAATAAATC,1
GCCGGCATTTAATGTA,1
GCCGGCCTAATTAGTC,1
GCCGGGAGAAAACATC,1
GCCGGTATGTACCCTA,1
GCCGGTTAGATAATCC,1
GCCGTAGTGAGTTCAA,1
GCCGTATCCCAAGGTG,1
GCCGTATTAAGAAGAT,1
GCCGTCCTCCTCACTA,1
GCCGTCTTAACAAACC,1
GCCGTGCGGCCAAGCC,1
GCCGTTAAACTCCACC,1
GCCTAAAACAAAGAGT,1
GCCTAAAAGTAGGCAG,1
GCCTAAACAAAGAACC,1
GCCTAAACTAGTAACG,1
GCCTAAAGGTGGCACG,1
GCCTAAGTAAAAGGAT,1
GCCTAATTCCAGGGAA,1
GCCTACACACCAGAGT,1
GCCTACATATCGATCA,1
GCCTACCCCCTACCAG,1
GCCTACCGGTGCAGAA,1
GCCTATAAATACAACC,1
GCCTATAACCCAAATC,1
GCCTATCTAGACAGCT,1
GCCTATGATGGTTAAA,1
GCCTATGGTTAAATCA,1
GCCTCACCCGTTAAAG,1
GCCTCATAACGTAAGA,1
GCCTCATTTTGAATGT,1
GCCTCTATTTTAGGAT,1
GCCTCTTATATGCGCA,1
GCCTGCTACACCACGA,1
GCCTGGACTCTCAACA,1
GCCTGGCACTAGTTGA,1
GCCTGGCTCGGTGCGA,1
GCCTGTATGTATTGCC,1
GCCTGTCAGCACAAAG,1
GCCTTAACACGTTAAA,1
GCCTTAATCTCCTACA,1
GCCTTACACCAACGGA,1
GCCTTATATTACAAGC,1
GCCTTCAGAAAAGTAA,1
GCGAAAAAACGATCTT,1
GCGAAAACCGTTTAAA,1
GCGAAACCAAACATAA,1
GCGAAAGAATAAAACG,1
GCGAAAGTATACTAAG,1
GCGAAATTCCCACACA,1
GCGAACACTTCTATTA,1
GCGAACCCCGAACCGG,1
GCGAACCCTAATATAT,1
GCGAAGACCCTTGCGT,1
GCGAATACAGAAAATA,1
GCGAATATCCGAAACA,1
GCGAATATTTTTCAAG,1
GCGAATCAATGGGGCG,1
GCGAATGCCATCATTA,1
GCGAATGGCATCCCTT,1
GCGACAAGCCAAGTTT,1
GCGACATACTCATACA,1
GCGACCAATATGAAGA,1
GCGACGAATTGATGAG,1
GCGACGGTTGGCAAAA,1
GCGACTTTACAAAGAT,1
GCGAGAATAGATGAGG,1
GCGAGACAAGATTAAC,1
GCGAGCCATTCGACAA,1
GCGAGGACAGGTTCCA,1
GCGAGGTAGTAATTAT,1
GCGAGTACTAGTAGAA,1
GCGATCATCCTAACTA,1
GCGATCCAACAATATG,1
GCGATCCAGAGAATTC,1
GCGATCCATGAAGATT,1
GCGATCTATAAGCTGA,1
GCGATTAACTCACGAT,1
GCGATTACAGAAGGTC,1
GCGCAAAATTGCTACT,1
GCGCACTCAAATAGGA,1
GCGCACTGAATAAGAC,1
GCGCAGATTACCTCAA,1
GCGCAGCCAGCTAAGC,1
GCGCATTCTCGTAGAC,1
GCGCCACAGTATGTTA,1
GCGCCCTACTACAAAC,1
GCGCCCTACTTCTGAC,1
GCGCCGTCTTCCAGGT,1
GCGCCTAATTGTACCG,1
GCGCCTACAAATCTTC,1
GCGCGACAAGCGGACC,1
GCGCGATACCAGAAGT,1
GCGCGATTGAAATCAT,1
GCGCGCCAAGGCGACC,1
GCGCGTTAGACACGTG,1
GCGCTCTTAAGGCTAA,1
GCGCTGGTGAAGGATA,1
GCGCTTAAACCAAGAG,1
GCGGAACCGTAAGCTA,1
GCGGAAGATCGGCATA,1
GCGGATTGCAGCATAT,1
GCGGCTCATCTAGCTA,1
GCGGGAGATACAAATA,1
GCGGGAGCGTGAAATT,1
GCGGGATACGAACATC,1
GCGGGCTAGTCCGATC,1
GCGGGGAGCCCCTGCA,1
GCGGGTCATATATCGA,1
GCGGTCTACAGTAGAC,1
GCGGTCTATCCACACA,1
GCGGTTCCAAGTCATC,1
GCGTAATCGCTCCCTT,1
GCGTACATACGCCTAG,1
GCGTACTACGCCCTCC,1
GCGTAGATTTTATAGG,1
GCGTAGTGACTGTAAA,1
GCGTATATACGGTACC,1
GCGTATGAACACGGCT,1
GCGTATTGAATATAAA,1
GCGTGCAATATATGAA,1
GCGTGCATGTGGGAGT,1
GCGTGGCATAAGTCTA,1
GCGTTCAGCCCACTGC,1
GCGTTCGACAGACCCA,1
GCGTTTAACAACGATC,1
GCGTTTAACACAACGC,1
GCGTTTACATGCATCA,1
GCGTTTATACAGGATC,1
GCTAAAACACCTGAGT,1
GCTAAAACCCGCGGAT,1
GCTAAAGAGTCGGCAT,1
GCTAAAGATTGCACAC,1
GCTAAATATACCTCCC,1
GCTAAATTACCCGAGT,1
GCTAACCATGCGCGGA,1
GCTAACGTAAATAAAT,1
GCTAAGGTACCAGCAA,1
GCTAAGTTAGACACGT,1
GCTAATCGCGCAGCTT,1
GCTAATTTAGAAATAC,1
GCTACACCACTATGGA,1
GCTACATTATTGCTAA,1
GCTACCACGACCCTTA,1
GCTACCCCTCCAAACT,1
GCTACCTTAGGGAATT,1
GCTACTAACACATATA,1
GCTACTAAGATTATAC,1
GCTAGAAAATACAGTC,1
GCTAGAACAAAGAAAA,1
GCTAGAGCCGACTGAA,1
GCTAGAGGGTTAAAAA,1
GCTAGAGTAGATGCTA,1
GCTAGCACGTAGCAGT,1
GCTAGCAGTGATCTAT,1
GCTAGCCATGACTTGA,1
GCTAGCCTATCGTCGG,1
GCTAGGCAACCGGATT,1
GCTAGTACCATTGCAA,1
GCTAGTATCATGTAGG,1
GCTAGTGCGTACCCGC,1
GCTATACAGCACCTTC,1
GCTATAGGTCGATAGG,1
GCTATCGCATTGCACA,1
GCTATGCATATTACAC,1
GCTATGCTTGCAACCT,1
GCTATGGTACATTCAG,1
GCTATGTGAAACACTT,1
GCTATTAATCCAAGAC,1
GCTATTGGAAGAGACG,1
GCTATTTATTAAGGAA,1
GCTATTTGCTGACACC,1
GCTATTTTTACCATAC,1
GCTCAAAAACCAATTA,1
GCTCAAATACCGCCAA,1
GCTCAAATTTCCAATA,1
GCTCAACTACCCCGGG,1
GCTCAATACACCTACC,1
GCTCAATGGAGAAGTT,1
GCTCACCAAAAGGAGC,1
GCTCACCTGTCTGACC,1
GCTCACGCAAAAGAAC,1
GCTCACTCGCTTACCT,1
GCTCACTGAAGGATTG,1
GCTCACTTTACAATTT,1
GCTCAGGACTTAGTGA,1
GCTCATACAGAGCGAG,1
GCTCATGAGATCTCGT,1
GCTCATTCAAAAACCG,1
GCTCATTTGTTCTGCC,1
GCTCCACATGCCCACT,1
GCTCCATACTAAACAG,1
GCTCCCCCGTTCATGC,1
GCTCCCTCCCAAACGG,1
GCTCCGGAAGTATAAG,1
GCTCCTGGATAAAGCA,1
GCTCGACATATGCTAA,1
GCTCGTCTTTTTAACA,1
GCTCTAAAGAACAACA,1
GCTCTATATCGCACAC,1
GCTCTATCCATTATGA,1
GCTCTATTAACTTACA,1
GCTCTCCATAAACTAG,1
GCTCTCGATAATAAGC,1
GCTCTCTTCTTGACAA,1
GCTCTTAATGGTCGGG,1
GCTGAAAAGTATACTT,1
GCTGAACGCTAGAGGA,1
GCTGAACTCTTGAAAA,1
GCTGAAGGTTGTACAA,1
GCTGAATGCCGTATAA,1
GCTGACTGAAGCGCGG,1
GCTGATAGGACAGACA,1
GCTGATAGGCAAACTT,1
GCTGATCCAGAAGTTG,1
GCTGATGGAAGACATA,1
GCTGATGGTTTAGCTA,1
GCTGATTATTACAATG,1
GCTGCAGGGTTAGATA,1
GCTGCCAGGTGTGGCA,1
GCTGCCGTTAAAAAAG,1
GCTGCGAAAAAAATAA,1
GCTGCGAACCATGATC,1
GCTGCTAAATGGCGCC,1
GCTGCTGCAAGATAGA,1
GCTGGAAATCTAAATT,1
GCTGGACAAATTATAT,1
GCTGGCATTAAGAGAA,1
GCTGGCCAAGAAGCCA,1
GCTGGCCATATGGAAT,1
GCTGGGTCGTAGCGCA,1
GCTGGTTCTTGACCCA,1
GCTGGTTGCTAAGCCG,1
GCTGTACATTACAAAA,1
GCTGTACTGCAAGCTA,1
GCTGTATGGAGAAGAG,1
GCTGTCAACATAAACA,1
GCTGTCACAACATAAA,1
GCTGTGTTTCTTAACC,1
GCTGTTACAAGACGTT,1
GCTGTTGAGGACACAA,1
GCTTAAAAGCTACAAG,1
GCTTAAAGAAGTATAT,1
GCTTAACCAAACCAAC,1
GCTTAACGGGAAATCA,1
GCTTAACTCTAATGAG,1
GCTTAAGCGGCATTCT,1
GCTTAATCAAAAGACA,1
GCTTAATGCGCCAAAC,1
GCTTACATCCCAGAGG,1
GCTTAGGAGACGCACC,1
GCTTATAATTAATTGA,1
GCTTATATAAAATACC,1
GCTTATCGCGAGTGAA,1
GCTTATGTGATACGAG,1
GCTTATTAGGAAAACC,1
GCTTCAAACTATCCGC,1
GCTTCAACAAGACCAC,1
GCTTCAAGCCACGAGC,1
GCTTCACCCTTCCGTT,1
GCTTCCAATATTACTT,1
GCTTCCATAATTTTAA,1
GCTTCCCGACCTTTTA,1
GCTTCCTCAGAACACA,1
GCTTCCTGTCAAAAAT,1
GCTTCGGTCAGGTTAA,1
GCTTCTCATGTAAATT,1
GCTTGACAGACAAGAT,1
GCTTGACGTACCCCCA,1
GCTTGACTTTACAAAT,1
GCTTGATCCACATTAC,1
GCTTGATCCGAAGAAT,1
GCTTGGAAACTCGCGG,1
GCTTGGCATTGAAACG,1
GCTTGGTCCGATATAC,1
GCTTGTATACTTTGCC,1
GCTTTAAACCGTGAGA,1
GCTTTAAGAAAATTCT,1
GCTTTAAGGACGCAAG,1
GCTTTACGACCATAGC,1
GCTTTACGTAAAAGAT,1
GCTTTCACAGGAACAC,1
GCTTTCCGAATATCAA,1
GCTTTCGAGTTACCTC,1
GCTTTCGCTCACGAGC,1
GCTTTGACAAACGCGG,1
GCTTTTTATTACGGGA,1
GCTTTTTGCTTGAGTG,1
GGAAAAAAATTAGAAC,1
GGAAAAAGTACAATCT,1
GGAAAAAGTAGGCTAT,1
GGAAAACATTAACACA,1
GGAAAAGTATAGCAGC,1
GGAAAATAACTTAACG,1
GGAAAATACTAAAAAA,1
GGAAAATCGGAGACCC,1
GGAAACATGAAGCATG,1
GGAAACCCTGTTGTAG,1
GGAAAGATATTATGTT,1
GGAAAGCCGAAAGGAC,1
GGAAAGTACATTAAGG,1
GGAAAGTTTTATTACA,1
GGAAATAAGAATTCTC,1
GGAAATAAGACATGTA,1
GGAAATAAGACCCAAG,1
GGAAATAATACGGATT,1
GGAAATACAAGCTAAA,1
GGAAATCATAAGAACT,1
GGAAATCCAACACTGG,1
GGAAATCCTTGGGGCA,1
GGAAATGAGATGTTCG,1
GGAAATTTATATGAAA,1
GGAACAACTACGGACT,1
GGAACAATTCTGCGCC,1
GGAACACTTAACTACT,1
GGAACAGGGCAGGGAA,1
GGAACATGACCAGAGT,1
GGAACCACATGCGTGA,1
GGAACCAGAAGATCCT,1
GGAACCCTCTAGATAT,1
GGAACCTATCTCGGGA,1
GGAACTAATATACTTT,1
GGAACTCAGACTTATA,1
GGAACTCCCGAGATTC,1
GGAACTCCGTTATTCC,1
GGAACTTTCATAAGCA,1
GGAAGACCAAAATCTG,1
GGAAGAGAAGCTCTGC,1
GGAAGAGGAGATCAAT,1
GGAAGAGTATAACCGA,1
GGAAGATTATGATTAA,1
GGAAGCATACCTTTTT,1
GGAAGCGTCTTCCGAA,1
GGAAGGAAAATATGAT,1
GGAAGTTATCAGGCAA,1
GGAATAAACAATTCAA,1
GGAATAACCTATTATA,1
GGAATACCATTCCCAA,1
GGAATAGGGCGATTGA,1
GGAATATCCCAATGGT,1
GGAATCCAATTATACA,1
GGAATCCCATGTAAAT,1
GGAATCGAACCACAAG,1
GGAATCTTCAGAAAAC,1
GGAATGCAATCGACTC,1
GGAATGCGAATCAAAC,1
GGAATGTAAACACCTT,1
GGAATGTCCCTGAACG,1
GGAATGTCTTACTAGT,1
GGAATTACGATCTAAA,1
GGAATTAGGACTACCC,1
GGAATTCCGATACCAT,1
GGAATTTGGGGCCGAC,1
GGACAAAATGACTAGA,1
GGACAAAATGGATAGT,1
GGACAAACCAATATAG,1
GGACAACAATATACAA,1
GGACAAGTATTGATTA,1
GGACAATCTGCCAGTA,1
GGACAATTCCCTAAAA,1
GGACACAACTTTACAC,1
GGACACCCTTCGAGCA,1
GGACACTATACACAAT,1
GGACACTGAATACCAA,1
GGACAGAATAACGCGT,1
GGACAGACGCACGCAT,1
GGACAGCCATCTGGGG,1
GGACAGCTGAGTCTGC,1
GGACAGTGCAATCAAA,1
GGACATAAGATCGTCC,1
GGACATTTCGAGGCTG,1
GGACCAATAAGACTCG,1
GGACCAGATCTTGAAC,1
GGACCAGTTTGCTATA,1
GGACCATATCGGTGCG,1
GGACCATTGGTGCCCC,1
GGACCATTTAAGCTCG,1
GGACCCAATTTCAACC,1
GGACCCGTTCAGTGAT,1
GGACCCTAACTATACA,1
GGACCCTGTCAATACT,1
GGACCGAATGTATTCA,1
GGACCTAAGTCACCTT,1
GGACCTAATATGCTGA,1
GGACCTCTATTAGACG,1
GGACCTTTTTTCTTCA,1
GGACGAACGAACAACG,1
GGACGAGTCACTGCCA,1
GGACGATTCGCGGCAG,1
GGACGATTTCACAACA,1
GGACGCATATTCCAGT,1
GGACGCCCACCAAACA,1
GGACGCCTAGCCCCAC,1
GGACGGAACATCGCCT,1
GGACGGCTGGAACGCA,1
GGACGTTAGCTTTAAT,1
GGACTACACTCTTGAG,1
GGACTATTAATAATAA,1
GGACTCGAAAGCAAAA,1
GGACTGAATACTTTAA,1
GGACTGCCAGCTCCGA,1
GGACTGCTACCAGTAT,1
GGACTTATTAGGTTGC,1
GGACTTGACACGCGTG,1
GGACTTTATAGCCACG,1
GGACTTTGACTATAGC,1
GGAGAACAAATCACTT,1
GGAGAAGCGTTGATTA,1
GGAGAAGTAAATGACT,1
GGAGAATCACGATACT,1
GGAGACAAGTACTTCC,1
GGAGACATATGGGCTG,1
GGAGACGAATATGTAC,1
GGAGAGGCAAGAGAGA,1
GGAGAGGGACCCTGAA,1
GGAGATGAGACGGGAA,1
GGAGATTATACTCATA,1
GGAGCTAAGCGGAACA,1
GGAGCTATGCACCTTG,1
GGAGGAAACCACCAAA,1
GGAGGCAATGCTCTGG,1
GGAGGCGTATAGAACC,1
GGAGGCTTATTGGAAA,1
GGAGGGCTTTCCAATT,1
GGAGGGTCATAGTGTA,1
GGAGGTACATTCATGG,1
GGAGTAAAAATACACT,1
GGAGTAAATGAACTTC,1
GGAGTACCCTAGATTC,1
GGAGTAGTATAACTCG,1
GGAGTCAACGTTGTAC,1
GGAGTGTATGATGGGA,1
GGAGTTGACATCCGCG,1
GGATAAAAAACTACGC,1
GGATAAACTCAATGAT,1
GGATAAAGGACTCCAT,1
GGATAACGTCAGACCA,1
GGATAAGAATAACCCG,1
GGATAAGCATGATGTA,1
GGATAAGGCGCCTATA,1
GGATAATAGTAAATTG,1
GGATAATCCCACCCCA,1
GGATACATATTTCGGG,1
GGATACCCCTATAAAA,1
GGATACCTCGAATCAT,1
GGATACTGACACAGTG,1
GGATAGAGAACATGTA,1
GGATAGATACCCTTTA,1
GGATAGGCCCGCCCGG,1
GGATATAAAGACAAAA,1
GGATATCCAAAGCTCA,1
GGATATCCCCGTCGGG,1
GGATATTGACAACGTG,1
GGATCACTTAGCAGAG,1
GGATCAGAGCTGATGA,1
GGATCGATACTTATAC,1
GGATCGTGACAGATCA,1
GGATCTCTATAACCCC,1
GGATGAACGGATCCTT,1
GGATGATATATTGATT,1
GGATGCACAAAAGCCC,1
GGATGCACACAAAAAC,1
GGATGGAACGGGCCAT,1
GGATGGAGTGAAACTG,1
GGATGGTGGGGTGCTA,1
GGATTAAACCACACAC,1
GGATTAACAGAAAGAA,1
GGATTAATATTTATTG,1
GGATTAATGTAAAACC,1
GGATTACCAGGATCAA,1
GGATTACGCAGATTAG,1
GGATTCAGGGTCCATA,1
GGATTCATAAAATGTC,1
GGATTCTACAACACAT,1
GGATTCTGAATGGTAT,1
GGATTGACTTATACAC,1
GGATTGTGCCTAGTTC,1
GGATTTTGTATTAGCT,1
GGCAAAAAGGATTCAA,1
GGCAAAAATGGTCAAC,1
GGCAAACACAATCATA,1
GGCAAACATCACGATC,1
GGCAAAGTCTGACAAC,1
GGCAAATCAAAACATT,1
GGCAACCAAGCCTGCC,1
GGCAACCATCAAACGG,1
GGCAACTGAATGTTAC,1
GGCAAGATAGAATAGG,1
GGCAAGGGATTCGTAC,1
GGCAATACCTGCAAAA,1
GGCAATTGATTAGAAT,1
GGCACAAGTAGTGAAA,1
GGCACACGCTGTAAAC,1
GGCACAGGCGTTATTT,1
GGCACCAAAAACATGA,1
GGCACCAAGTAGAGGT,1
GGCACCAATCCAGCAC,1
GGCACGTAGAGCAAAC,1
GGCACTGAAAAAGAAG,1
GGCAGAAAAATTTATA,1
GGCAGAAGATGAAAAA,1
GGCAGAATTAATAACT,1
GGCAGAGAAATAAAGT,1
GGCAGAGTGCTCGAAC,1
GGCAGATATAAATAGA,1
GGCAGCTAACAATAGC,1
GGCAGCTACAACATTT,1
GGCAGGGTGTAAACGG,1
GGCAGTAATCAAGGTC,1
GGCAGTTACAAAAGGA,1
GGCATATGACTGCCCA,1
GGCATCCTGTCGATAA,1
GGCATCTACATTTAAA,1
GGCATTAACCTTACCC,1
GGCATTAGCTTTGAAG,1
GGCCAATTCAGACGGA,1
GGCCACCCAAAAGGTC,1
GGCCACCCAAGATCCT,1
GGCCACTAGCCATAAC,1
GGCCAGTAAAACTCGC,1
GGCCATAAGTCTATGC,1
GGCCATAATTTAATGA,1
GGCCCAAAGTATTGAG,1
GGCCCAGAACACACGA,1
GGCCCAGCATAAATCA,1
GGCCCATAAAAAATAA,1
GGCCCTGGATAAATTG,1
GGCCCTTGTTTCTTTG,1
GGCCGATCTGACAAGC,1
GGCCGCGCCGCCGCCG,1
GGCCGGGCATAACCAG,1
GGCCGGTATTTATCCC,1
GGCCTAAACCACACCT,1
GGCCTAAATATTATAA,1
GGCCTAGTAAAAGACT,1
GGCCTCATTGGAAACC,1
GGCCTCTTGACAAGCC,1
GGCCTGTATCTGAACC,1
GGCCTTCTAGTTACAT,1
GGCGAAATAAATTTTC,1
GGCGACAAAGAAAAGA,1
GGCGACAAATAATTTT,1
GGCGATAGTCAATACT,1
GGCGATGACGCTAAAG,1
GGCGCCAACCTCGAGG,1
GGCGCTACCGTTATTC,1
GGCGCTATTCAAATGG,1
GGCGGAAGCATCATCA,1
GGCGGACCTTAAAGAT,1
GGCGGCAGTCGCTCTA,1
GGCGGCCGCTAAAAGC,1
GGCGGGTAACTTATAA,1
GGCGTCGAGTATAAGA,1
GGCGTCTTTCGTGTCG,1
GGCTAAAGTATGTTAT,1
GGCTAAATAGAAAAAA,1
GGCTAAGAATAAACCA,1
GGCTACATCTATGCTG,1
GGCTACGCTCCAGATA,1
GGCTACTGAAAGGGAG,1
GGCTAGAAGAGACCTG,1
GGCTAGAAGGATTAAA,1
GGCTAGACAGACTTCC,1
GGCTAGCAACCAAGGA,1
GGCTAGCTTCTCGATA,1
GGCTATTGTGGCGACG,1
GGCTCCACTGTCTGCT,1
GGCTCCTGTAACAACT,1
GGCTCTCAATGACATA,1
GGCTGAGCCATTTTCA,1
GGCTGCAAGAACAAAG,1
GGCTGCACCGAATGTC,1
GGCTGCTTCGAGAGAA,1
GGCTGGAACAAGAATG,1
GGCTGTTCTGATATAC,1
GGCTTAGAATGTTTGT,1
GGCTTATAGGAGCTAG,1
GGCTTATCCCTATTCC,1
GGCTTATTTAAACCCA,1
GGGAAAAGACCACTCA,1
GGGAAATAATGACATA,1
GGGAACCGCGCGATCA,1
GGGAACCGTACGGCTT,1
GGGAACTGTTTAAGGG,1
GGGAATACCCTTATAA,1
GGGAATATAATGACTC,1
GGGAATCCAAGCCAAA,1
GGGAATCCTGTCAAAG,1
GGGACACGATTAGTAC,1
GGGACCGAGCCATCAA,1
GGGACGAACTACAAAC,1
GGGACGCAACCCCGGT,1
GGGACGGAATTCATTT,1
GGGACTGCCCGCCTTT,1
GGGAGGCACACTGTCG,1
GGGAGTACACGATAAG,1
GGGATAAAAAGTACTC,1
GGGATAAGGACACACT,1
GGGATACCACAAAAAT,1
GGGATCAGAAAAATCA,1
GGGATCCGGTTTTCTC,1
GGGATGACTCAAAACC,1
GGGATGTCATGGACTC,1
GGGATGTTTCATGAAC,1
GGGATTTATTTTAATC,1
GGGCAAAAATACAAGA,1
GGGCAAATCATCGCAT,1
GGGCAACTACCACAGC,1
GGGCACAACAAAAAAC,1
GGGCACAGGACCATAA,1
GGGCACCAGAGGAAAC,1
GGGCACCTCTACGTAA,1
GGGCACTTAGGTGATC,1
GGGCAGAGCGATACAT,1
GGGCAGCACAGCACAA,1
GGGCCAACGACTACTG,1
GGGCCTCTACTCAACC,1
GGGCGCCCTACCTCCA,1
GGGCGTGCACCACACC,1
GGGCTAAACAGTCACT,1
GGGCTATGAACTACAC,1
GGGCTCAACATGGATA,1
GGGCTCATGTTAACCA,1
GGGCTCTTGCGACAAA,1
GGGCTGCAGCTAGCCA,1
GGGCTTTTAAAAGTGG,1
GGGGAAGTTTTTAGCG,1
GGGGATTACTTATTTT,1
GGGGCAAATTTAAGGA,1
GGGGTTACCTCCACGC,1
GGGTAAATTAAAGATT,1
GGGTACATTCACTACG,1
GGGTACGATGGTGCTA,1
GGGTAGAGTTGATAGA,1
GGGTAGTTACGACCTT,1
GGGTCACAGAAGCCAT,1
GGGTCCAGTTACAATA,1
GGGTCCTTTATTTACC,1
GGGTCTCATGCGACAT,1
GGGTGAAAGAATAAGA,1
GGGTGAACAACCGTTA,1
GGGTGGAATATAGACC,1
GGGTGTAAACCTAAAA,1
GGGTGTTTCGATGCGT,1
GGGTTCTCCCACATGA,1
GGGTTGCTAAATCGAC,1
GGGTTTCCCTTCTCCA,1
GGGTTTCTCTGGAGCT,1
GGGTTTTGCAAGCTTC,1
GGTAAAAATATTTACA,1
GGTAAAAGATAACTAG,1
GGTAAAATAAACTCTT,1
GGTAAAATCTGGGATT,1
GGTAAAGCATCACAAA,1
GGTAACAACACCGCCA,1
GGTAACACAGTCACCA,1
GGTAACATATGCAATT,1
GGTAACTAAGGAAAGA,1
GGTAACTTACGAAGCC,1
GGTAACTTGAATTCCT,1
GGTAAGGTTCAGATCC,1
GGTAATAATCCAGGCT,1
GGTAATCCTTGCTGAC,1
GGTAATGACAACCGGG,1
GGTAATTGAATAAGGC,1
GGTACAATGAAACAAG,1
GGTACACAAAGAAAAA,1
GGTACATAGTTTTAAG,1
GGTACATGGCCTTTTT,1
GGTACTCTTGTCTTGT,1
GGTAGAAAATTTAAGC,1
GGTAGAAATTTGTTGA,1
GGTAGAACGTGGTATT,1
GGTAGAAGAATAGAGG,1
GGTAGACCATAGAGAA,1
GGTAGAGGTATTACAA,1
GGTAGGAGACTGATGT,1
GGTAGGAGTCAAACGA,1
GGTAGTCACTAATCGA,1
GGTAGTCCGTATGGAA,1
GGTAGTCTGACCATCG,1
GGTATAAAATCCACTA,1
GGTATACGGGTCTCTG,1
GGTATACTGAGTAACC,1
GGTATAGATTAAAAAA,1
GGTATATTTTGTAAGC,1
GGTATCTGCCGTATGA,1
GGTATCTTTTTGTATA,1
GGTATGAAGTATAGAA,1
GGTATGAGATAGCACA,1
GGTATTACATTATCCA,1
GGTATTTACCAACTAT,1
GGTCAAACTGACCGAT,1
GGTCAAATACACTCCG,1
GGTCAACTCCTTCTGC,1
GGTCAAGTTAGTAGTC,1
GGTCAAGTTGATCAAT,1
GGTCAATACACCGGTG,1
GGTCAATCATTGAACG,1
GGTCACCCAAAACCCC,1
GGTCACTCTGAACAAG,1
GGTCAGAACCCTAATG,1
GGTCAGATCACAAAGA,1
GGTCATACCAGATTCC,1
GGTCATGCTCTGACCT,1
GGTCCAGCACCCAAAG,1
GGTCCAGCGCTAAATG,1
GGTCCAGTTATGTTCA,1
GGTCCCATCGTGGCTA,1
GGTCCCCAACACCTAA,1
GGTCCCCACGCCTCTG,1
GGTCCCCTAAGAAGGA,1
GGTCCCTCTCAATCAA,1
GGTCCGCAAAAAGGTC,1
GGTCCGTAAAAAGAAT,1
GGTCCGTTTTACAAAA,1
GGTCGAACGTACAATC,1
GGTCGAATGATCGAAA,1
GGTCGATATTACGCCT,1
GGTCGATCAACTCAGA,1
GGTCGCCGGCTGGCGT,1
GGTCTAACGTTACGGT,1
GGTCTAATGCCGGGTT,1
GGTCTACGCATGTATC,1
GGTCTATAGAATTCCG,1
GGTCTCCGATACCCGA,1
GGTCTGAATATTATCA,1
GGTGACAAAATGTGAT,1
GGTGACCCGTCTTACG,1
GGTGACCGGTCCTGTC,1
GGTGAGAGTGTCTGTT,1
GGTGAGATTGTAGCCG,1
GGTGAGGATAAACCTA,1
GGTGATACAACTATTT,1
GGTGATCATACCTTAA,1
GGTGATCTCAACGTAA,1
GGTGATTAAAGGACAA,1
GGTGCAATCTGACTGA,1
GGTGCAGCTGTCCTCG,1
GGTGCATAACGAACTT,1
GGTGCATATCAACCGG,1
GGTGCATTCTCAATAA,1
GGTGCATTGGCTGAGA,1
GGTGCCACTCGTAGGT,1
GGTGCCCAAAACCGTG,1
GGTGCCCAGACCCGGA,1
GGTGCCCATTCCAAGA,1
GGTGCTTAAGACATCT,1
GGTGGCAACATAAACA,1
GGTGGCATACTTCCCC,1
GGTGTAAAAACGAGCT,1
GGTGTAAAAGAACCCA,1
GGTGTAAAATCTAATG,1
GGTGTCAAAATAAAAC,1
GGTGTCCAAGATTCTC,1
GGTGTGTCTCGATGTA,1
GGTGTTGAATTATCAC,1
GGTGTTTACGCTTATC,1
GGTTAACAGGTTTAAA,1
GGTTAAGTGTGATGAA,1
GGTTAATCATAATCTG,1
GGTTACGGTTACAGAC,1
GGTTACTACTGGACTT,1
GGTTAGGAACTGAATC,1
GGTTATGAACATCAGG,1
GGTTATTCCAAAAATC,1
GGTTCAGCGCTGTCTA,1
GGTTCCCACTTACAGC,1
GGTTCCCTTACCCGAT,1
GGTTCTATAATAACCA,1
GGTTCTCAGCTATCGA,1
GGTTCTCCAATATACA,1
GGTTCTTTAGAAAACT,1
GGTTCTTTCGGAATCA,1
GGTTGAACTCTAGGAA,1
GGTTGAAGAAACTCTT,1
GGTTGACCCATGAACA,1
GGTTGATTAACGGATA,1
GGTTGGAACAACTATA,1
GGTTGTGGACTCCAAC,1
GGTTTAATAAACTCCC,1
GGTTTACTCCTCCTTG,1
GGTTTCATAAAAGGAG,1
GGTTTCCATTTACCAT,1
GGTTTGAATAGATTGC,1
GGTTTGGTTGCTCTTG,1
GTAAAAACTCGCTAGA,1
GTAAAAATTCATATTA,1
GTAAAAATTCTACTAA,1
GTAAAAATTGATAAGG,1
GTAAAACCGGCTCCTA,1
GTAAAACTAGTAGATA,1
GTAAAATGACACTGAA,1
GTAAAATTGGACTATG,1
GTAAACAATGTGGTAC,1
GTAAACACCAAAACCT,1
GTAAACATCAAAAAAT,1
GTAAACCCTGAAAATG,1
GTAAACTAGGTACTTT,1
GTAAACTGCGCAGAAC,1
GTAAAGAATATTTGTG,1
GTAAAGTCGGGACACA,1
GTAAATAAAAGAGTTA,1
GTAAATATAGAAGACC,1
GTAAATATCTAAACAA,1
GTAAATCTTGAAGAAA,1
GTAAATGTCAATACGG,1
GTAAATTCTGAAGTCA,1
GTAAATTGTCCTAGAA,1
GTAAATTTATTTTAAA,1
GTAACAAAAAAACAGT,1
GTAACAACATGGCTTT,1
GTAACAAGGCATGAAC,1
GTAACACGTTACTTCA,1
GTAACAGCATCCATTA,1
GTAACATAGCATATCA,1
GTAACCAATTACGGAG,1
GTAACGAATGTCTAAC,1
GTAACGATATCCCAGT,1
GTAACGGCGGGATTCA,1
GTAACGTATATGAAAT,1
GTAACGTTACGATCAC,1
GTAACTAGAACAAAGT,1
GTAACTAGTATAGTCA,1
GTAACTATACATCACG,1
GTAACTCAATGTGTTT,1
GTAACTGATGACTTAC,1
GTAACTTTTAATCTAC,1
GTAAGAATAAGACATA,1
GTAAGAGGCCCCGTAC,1
GTAAGATAAATCCCTT,1
GTAAGCAAATAAATTA,1
GTAAGCACTTCAGAGG,1
GTAAGCCACTCCGCCC,1
GTAAGCCTCCATTAAA,1
GTAAGGACATGGAGCT,1
GTAAGGATACACACGG,1
GTAAGTCGATCGCATG,1
GTAATAAATGTGCTGT,1
GTAATAAGGTCTAACA,1
GTAATAGCTAGACAAC,1
GTAATAGTAAATCAAT,1
GTAATAGTATTTAAGA,1
GTAATATATCTAGATG,1
GTAATATGTAAAACAT,1
GTAATATTGGAATAAC,1
GTAATCAACCATGGCG,1
GTAATCAGATGTACCT,1
GTAATCCGAATGACTA,1
GTAATCGGATAATTAG,1
GTAATCGTTTAATGAG,1
GTAATGATGCCAGCCT,1
GTAATGCTCTCAAACC,1
GTAATGTTCCCAAAAA,1
GTAATTACACTCTTTA,1
GTAATTCAATAACGGG,1
GTAATTCCCAATGAGC,1
GTAATTCCTTAACGAG,1
GTAATTGAGTATAGCC,1
GTAATTTACGAACAAT,1
GTAATTTTTTTTGAGG,1
GTACAAAGCAAAATGC,1
GTACAAATCCAAGATT,1
GTACAACTATCTTAAA,1
GTACAACTTTAAAGCA,1
GTACAAGTACGAGGGC,1
GTACAAGTTATAACGC,1
GTACAATACTACATCA,1
GTACACAAAACAACAC,1
GTACACAAAGAGTAAG,1
GTACACAAGCATACTA,1
GTACACCGTCAAGTCT,1
GTACACCTACTCATAA,1
GTACACTTCGAAACTA,1
GTACATAATCAATAAG,1
GTACATATCCTTTATT,1
GTACATGACTGAGAAT,1
GTACCAAAAACGTGGA,1
GTACCAACAAAAATCG,1
GTACCAAGGCATAAAA,1
GTACCAAGGTGTAATA,1
GTACCAAGTAATATAA,1
GTACCACTGAAGAGGA,1
GTACCAGGAGACAAAT,1
GTACCAGGTGGTTAGC,1
GTACCATATCCGGCCG,1
GTACCATGCGACGCAC,1
GTACCCAAGTCACTTA,1
GTACCCGAATCTAAGG,1
GTACCCTATACATTGC,1
GTACCCTTTAAATTTC,1
GTACCGGCATCGAAAA,1
GTACCGTGTTACGTAG,1
GTACCTGAAGCTGCTT,1
GTACCTGTACTTCTAA,1
GTACGAAATAAAACGT,1
GTACGATAGTACATGC,1
GTACGATGGTTATGAA,1
GTACGCAAACTAACAA,1
GTACGCATACTCCGGA,1
GTACGCGAGCAACAAT,1
GTACGCTGATAAACAA,1
GTACGGCTTCACTACA,1
GTACGGGAACGTGGTG,1
GTACGTAGACCAAGAA,1
GTACGTCCAACGGTAT,1
GTACGTCCTATACTAT,1
GTACTAAACGATTTGT,1
GTACTAACATCTTTTA,1
GTACTACAGTAACATC,1
GTACTAGGACAAAGAA,1
GTACTATGCGAGTACT,1
GTACTCACCAGCGGAA,1
GTACTCAGATAATATT,1
GTACTCCACCAGGGCG,1
GTACTCTGTAACCAAC,1
GTACTGATAATCATAA,1
GTACTGTGTAAACAAT,1
GTACTTACATCCATCT,1
GTACTTATCCTCAACG,1
GTACTTCGACTTGCAA,1
GTACTTCTTGAGCTTT,1
GTACTTGAAATGGCTT,1
GTAGAAATAGAATCTC,1
GTAGAAATAGCGTAAC,1
GTAGAACCAAAAGAGA,1
GTAGAAGATTCTCCCA,1
GTAGAATGGACGAAGC,1
GTAGAGCAAATGAATA,1
GTAGAGTACGTCTAAC,1
GTAGATCTCCTTTTTC,1
GTAGATCTTGAGTATT,1
GTAGATGGCACCATTC,1
GTAGATTAATAGCTAG,1
GTAGATTACACGTTGG,1
GTAGCACCAACAACCC,1
GTAGCACTCCTGTGAC,1
GTAGCAGCTCACAGCC,1
GTAGCAGGAAGCAGTA,1
GTAGCATCACCTAGAT,1
GTAGCCTTTTAGATCA,1
GTAGCGGACTTTTGCA,1
GTAGCTAACAAGCCGA,1
GTAGCTACGGAAAATC,1
GTAGCTGTTAGGCTAT,1
GTAGCTTTATCGCTAA,1
GTAGGAAGTGTAGATC,1
GTAGGTGAATTGTAAA,1
GTAGTAAAAGTGTAAC,1
GTAGTAAAATACGCTC,1
GTAGTAACGCAAGACT,1
GTAGTAACGTTCATGC,1
GTAGTAATAGCTCCCC,1
GTAGTAATGAAAATTA,1
GTAGTATCAGAGTTAG,1
GTAGTCATGCCTAAAA,1
GTAGTCTCGCTTCCCG,1
GTAGTTACACATTTTG,1
GTATAAAAGGAGACCT,1
GTATAAACGCGCCTTC,1
GTATAAATGGAATTTA,1
GTATAAATTAGATAAA,1
GTATAACAGTTCAATT,1
GTATAACTTGAATTAT,1
GTATAAGCGCATAGTG,1
GTATAAGTCTAAAATA,1
GTATAATGCCAAATAC,1
GTATACACTCATAAAA,1
GTATACAGCGTACATG,1
GTATACCCCTATATGA,1
GTATACCTCTGGAAAG,1
GTATACGAGTAAGTTT,1
GTATACTAAGAATCCA,1
GTATACTAATCCAAAT,1
GTATACTTACGGTTTA,1
GTATACTTACTGAACA,1
GTATACTTTTAGTACA,1
GTATAGATGAGTGACT,1
GTATAGGATATAAATA,1
GTATAGGCAAGGGAAG,1
GTATAGTACTATAACC,1
GTATAGTCCAAAGAAT,1
GTATATCGCCAGCTAA,1
GTATATCGTTACCTTG,1
GTATATGCAAACATAT,1
GTATATGGATGATAGT,1
GTATATTAAAACCCCG,1
GTATCAGGGCGGCTTA,1
GTATCATAATAAATAT,1
GTATCATATAAGCACA,1
GTATCATGATGAGACA,1
GTATCATTATAGTTAG,1
GTATCCATCTACTGTA,1
GTATCCCAGCCGTCCT,1
GTATCCCTATGCTGTA,1
GTATCGGTATTTAAAT,1
GTATCGTACGATAGGA,1
GTATCGTTCGGCCTAC,1
GTATCTCCATTTAAAC,1
GTATCTCCGAACCCCG,1
GTATCTTCACCATAGC,1
GTATCTTCAGTAAATT,1
GTATGAAACACACTGA,1
GTATGACACACAAATC,1
GTATGACCAAAGCTTA,1
GTATGACGACTCAATA,1
GTATGACTACTTAACC,1
GTATGAGACCAGTCAA,1
GTATGAGAGAACCAGA,1
GTATGAGTCCCAACTA,1
GTATGATAAGAGTACA,1
GTATGATAATTAATTA,1
GTATGCATCCTGTACG,1
GTATGCTAAAAGTTTT,1
GTATGGATATTAGCTA,1
GTATGGCCCCAGCATT,1
GTATGTATTTAAATTG,1
GTATGTTACATATCCT,1
GTATGTTCGTCCAACT,1
GTATTAAAACCTTACT,1
GTATTAAACCGGAGGA,1
GTATTAAATCAATATT,1
GTATTACGCCAACCAT,1
GTATTATGCGAGTCTC,1
GTATTCACGACCGTGG,1
GTATTCCATTCGGGCG,1
GTATTCCTAACTGAAC,1
GTATTCGAGCAATCAC,1
GTATTGAATATACCAA,1
GTATTTACCTTACCGT,1
GTATTTCACGTATATA,1
GTATTTGGGTGCAACG,1
GTATTTGTCGACACCA,1
GTCAAAACACTATACT,1
GTCAAAAGATAGGAAT,1
GTCAAAATGGGTATTC,1
GTCAAACACCTCAAAC,1
GTCAAACTAGTGCCAA,1
GTCAAAGCATATCCTT,1
GTCAAAGTTACCGAGC,1
GTCAAATATATTGCAC,1
GTCAAATCTCATACGC,1
GTCAACAACCAACTTA,1
GTCAACAGAGCGAATC,1
GTCAACCTCAGAAAAC,1
GTCAACGCAGCACCAC,1
GTCAACGGATTTAATT,1
GTCAACGTACAGTAGT,1
GTCAACGTTAACCGGC,1
GTCAACTTCGGACAGA,1
GTCAAGGTACCATAGA,1
GTCAAGGTGATCCCAC,1
GTCAATCCAGTCCGAG,1
GTCACAAATTGCGCAT,1
GTCACCCGAAGACATA,1
GTCACCTACCGTCACA,1
GTCACCTTAAATACTG,1
GTCACGTTGCCTTTCA,1
GTCACTAACATCTAAG,1
GTCACTAGATAGGTAA,1
GTCACTCTTTCTAATT,1
GTCACTTGTTCAAACC,1
GTCAGAAATCACTCCT,1
GTCAGACCCTCGCATA,1
GTCAGACTCGCGATGA,1
GTCAGAGCAAGTGGAC,1
GTCAGCCAATATCAAG,1
GTCAGCCATTCTCGTG,1
GTCAGGCCAAAAAAAA,1
GTCAGGCCATGTAAAG,1
GTCAGTATCTAAGTAA,1
GTCAGTGCTTTAAAAC,1
GTCAGTTACCGTTACG,1
GTCAGTTGCATCGATT,1
GTCATAACAAACGACG,1
GTCATACCGATGTCAT,1
GTCATACGAAAAATTC,1
GTCATATCTACGGTGG,1
GTCATATGCGCTATCA,1
GTCATATTCATCCGTC,1
GTCATCACAGGCACTA,1
GTCATCACAGTTGTTG,1
GTCATCACTGTACCAG,1
GTCATCCACAACTTAC,1
GTCATCTTCATAATCT,1
GTCATGAAGTTAAATT,1
GTCATGAGTAACCTTT,1
GTCATGCCTCTATTCA,1
GTCATGTCTGGAGATC,1
GTCATTACAACGAGTG,1
GTCATTCTGTTGAAAC,1
GTCCAAACAGCTAATG,1
GTCCAACACTGTTACT,1
GTCCAATACCAATTGA,1
GTCCAATCACTAGCAA,1
GTCCACCAGCGTTACG,1
GTCCACGGCAGTAATC,1
GTCCACTCTGGTTAGG,1
GTCCAGAGGATGTAAT,1
GTCCAGATTGCAGATT,1
GTCCAGTCACTTTGCC,1
GTCCATAACTCTTCCT,1
GTCCCAGACTAGTTGA,1
GTCCCCGAGGCTTGGG,1
GTCCCCGCCAGAACCA,1
GTCCCGGCCGCACGTT,1
GTCCGGAGGCAAGGGA,1
GTCCGGTGTATAGAGT,1
GTCCGTATATATCTTA,1
GTCCTAAAACGACCCA,1
GTCCTACAGATAGAAT,1
GTCCTATAAGAAGCCC,1
GTCCTCCATTCAAAAA,1
GTCCTCTATAATCAGC,1
GTCCTGATGAATCAAA,1
GTCCTTATCGAAGCCT,1
GTCCTTGGACTGCCGT,1
GTCCTTTGCAGTTGAA,1
GTCGAAAAACTCCCCA,1
GTCGAAACTCGATCAA,1
GTCGAAACTGTCTCAA,1
GTCGAACCCACCTACT,1
GTCGAAGTTCTCTCCG,1
GTCGAGATTGCAAAAA,1
GTCGATCAGCACACCA,1
GTCGATGATAATAATA,1
GTCGCACGCGGAGAAT,1
GTCGCTAGCCTGAAAG,1
GTCGGAACAGCACTTT,1
GTCGGAGAACAGCAAA,1
GTCGGCAAACTCAAGT,1
GTCGGCAGAGGACGAA,1
GTCGGGACGGAACGAA,1
GTCGGTCTGTAAACCA,1
GTCGGTGTCAGAACAC,1
GTCGGTTACGTGGAAT,1
GTCGTACTTAAGTGGT,1
GTCGTCATGGTTCAGG,1
GTCGTTAGCAAGGACA,1
GTCTAAAATTGACCGT,1
GTCTACCATGAAGGCA,1
GTCTACCCTAAGTAGA,1
GTCTACGTAAAGCCAA,1
GTCTACGTATCCTGGG,1
GTCTACTACTTTCTAC,1
GTCTACTATATAGCAA,1
GTCTAGCAATATGAAT,1
GTCTATAAAATAAGCT,1
GTCTATACGTCTGTCC,1
GTCTATACTGACATCA,1
GTCTATGAACTCGCCA,1
GTCTATGTGAAGACCT,1
GTCTATTACTTCTGAC,1
GTCTCAAAACAGAGAA,1
GTCTCAAAAGCCAATC,1
GTCTCACTATGTTACC,1
GTCTCATATCGACCGA,1
GTCTCCATCTAATGCG,1
GTCTCCTACACGAAAC,1
GTCTCCTACCTGTACA,1
GTCTCGACACTTTCCA,1
GTCTCGTACTATGTGC,1
GTCTCGTATTATAACA,1
GTCTCGTCTCAACTTA,1
GTCTCTTAAAACGGTG,1
GTCTCTTAATATGAGT,1
GTCTGAAAAGTACAGT,1
GTCTGAATCATAGGCA,1
GTCTGACTTCACACCC,1
GTCTGTCAGTATAGTT,1
GTCTTACAGAACATTA,1
GTCTTATAAAACGATT,1
GTCTTATAAGCACCAC,1
GTCTTCAACCTCAAAA,1
GTCTTGGAACAATGGC,1
GTCTTTACAAAATCTA,1
GTCTTTATCCTACAGT,1
GTCTTTCATCGCTCAT,1
GTCTTTGAGCCCTATA,1
GTCTTTTGCCAGATTT,1
GTGAAAACAACGCGAA,1
GTGAAAAGTGCACCAC,1
GTGAAAATTACTATGT,1
GTGAAACTTATACTTA,1
GTGAAACTTTCGTGCA,1
GTGAAATACCAAATAG,1
GTGAAATCTCGCGGAT,1
GTGAAATGAGTAATAA,1
GTGAACTGACAACTAA,1
GTGAACTTAAATCTTA,1
GTGAATAAACACAAGC,1
GTGAATAATCCACTGT,1
GTGAATCTAAGCTCAA,1
GTGAATTTAAACTGTA,1
GTGACAAACCGATGCA,1
GTGACACAATGATATA,1
GTGACACATGTTGAAA,1
GTGACACGTACAGAAA,1
GTGACAGTACCCAATT,1
GTGACCAACAAACATA,1
GTGACCAACATGGACC,1
GTGACCACGTTTAATA,1
GTGACCTCACCTCCCG,1
GTGACGCGCTTTATAC,1
GTGACTAATTCATAGA,1
GTGACTAGTTATGATG,1
GTGACTTTAACTTCCT,1
GTGAGAAAAGCAGCCG,1
GTGAGCAATCATACTA,1
GTGAGCCAAAACGCGT,1
GTGAGCTCTACATAAA,1
GTGAGGCCCTGGCGGC,1
GTGAGTAAACGTCTGA,1
GTGAGTCCAAGAAGCT,1
GTGAGTGTACCCGGTA,1
GTGATAGACGAACGGG,1
GTGATCCACATACTCA,1
GTGATCTTAAAGTAAA,1
GTGATTAATTTCGCGA,1
GTGATTTATTACAGTC,1
GTGCAAACTGTCCAAT,1
GTGCACCTATGCCCCC,1
GTGCAGAACAAAACAG,1
GTGCATCATTAATACC,1
GTGCATCCCAACTCCA,1
GTGCCACGTATGAGAA,1
GTGCCCCAACACTACT,1
GTGCCCCTATGCACCA,1
GTGCCCGAAAACTATT,1
GTGCCGGACACACCGA,1
GTGCCTACATACCTAC,1
GTGCGAATAAACTCAA,1
GTGCGCCATAACCTTA,1
GTGCTAATGCATGTTC,1
GTGCTATTTTACAAAG,1
GTGCTGCACTAGTACG,1
GTGCTGCGAATTAGAC,1
GTGCTGCGTGTGATCT,1
GTGCTTCTTTGAAATG,1
GTGGAAAATTTGTTAA,1
GTGGAACATATGATAT,1
GTGGAAGAGCGGTATA,1
GTGGAATACCAAGCTC,1
GTGGACAAACCTGGGG,1
GTGGACTTCAACTCGA,1
GTGGAGAAGCCCGAAA,1
GTGGAGAATGGAGCTC,1
GTGGATGATATAACAA,1
GTGGATTGCGAAACAA,1
GTGGCAACACTATATT,1
GTGGCAACTAACATGC,1
GTGGCCTACCAATAAA,1
GTGGCTAATAAAAGAG,1
GTGGGTAGAAAGACCC,1
GTGGGTGTAAAATCAC,1
GTGGTAAATCGCCAAA,1
GTGGTACAAGACTATG,1
GTGGTCAAGATAAAAT,1
GTGGTGGACAAAGAGC,1
GTGGTGTTCGAGAACA,1
GTGGTGTTCGTCACCG,1
GTGGTTGTTCCCATAA,1
GTGTAAAAAGGGGCTA,1
GTGTAAAGTTAGCCAC,1
GTGTAAATTCTCGCAT,1
GTGTAATCTAATCCCA,1
GTGTACACAACAACCA,1
GTGTACACATCCCCCC,1
GTGTACGCTTACATGC,1
GTGTATAAAAAAGTTC,1
GTGTATAAAGCCGGCA,1
GTGTATAACGAATCTA,1
GTGTATAAGGAATTAC,1
GTGTCATCACGGTACT,1
GTGTCCCGACAATAAA,1
GTGTCCTTTTTTAGAA,1
GTGTCTAACCCAAGTC,1
GTGTCTATACGGAAAT,1
GTGTCTCGAATACGGA,1
GTGTCTTACCTGCGAA,1
GTGTGAAAAAACCAGT,1
GTGTGACCCCCATATC,1
GTGTGAGATCCCGAAG,1
GTGTGATCATCGCAAA,1
GTGTGCGTAAAGGTGA,1
GTGTGTCGTCAGCATT,1
GTGTTAAACCGGATTA,1
GTGTTAAGAAAGGTAT,1
GTGTTACATAAGGGTG,1
GTGTTAGCACCCTTAT,1
GTGTTAGCAGATAGGT,1
GTGTTAGTGATAAAAA,1
GTGTTAGTGCTTGCTA,1
GTGTTATGATCAAACT,1
GTGTTCGATGTCGACG,1
GTGTTCTCTTGTTTCG,1
GTGTTGAAATATAGAA,1
GTGTTTAACCAAAACT,1
GTGTTTATGCCTACCA,1
GTGTTTCCACTGCTTC,1
GTGTTTCTTAAATCTC,1
GTGTTTGTATTCAGGC,1
GTTAAAAAGCGTTTGT,1
GTTAAAACGATGCCCC,1
GTTAAAACTTCAATAT,1
GTTAAACTGAAATCTC,1
GTTAAAGAACAGAACC,1
GTTAAATAGAACTCAT,1
GTTAACAGTATCACAA,1
GTTAACATACCGGTTC,1
GTTAACCGACCAATCT,1
GTTAACTGGGCGTTGA,1
GTTAAGAAACGCAAGT,1
GTTAATAACTATTAAC,1
GTTAATATTTGCTAAG,1
GTTAATCAAGCTCATC,1
GTTAATCGCATATCAA,1
GTTAATGAATATCGGA,1
GTTAATGGAACGAACC,1
GTTAATGGAATAATAA,1
GTTAATTAGGCAGAAC,1
GTTAATTCGCATATAA,1
GTTACAAACTTAAAAC,1
GTTACAAATTCCATAG,1
GTTACAACAATGAACA,1
GTTACAATAGCAATAC,1
GTTACACAGTCACGAT,1
GTTACAGCGTTGTGGC,1
GTTACATACGGACAAG,1
GTTACCAAATGCCTGG,1
GTTACCATTACCCTAA,1
GTTACCCAACTTTGTA,1
GTTACGAAGTAGAACA,1
GTTACGCGTGGCCGTC,1
GTTACGTATGTAAACG,1
GTTACTCAATCTAAAA,1
GTTACTCCCGATAATA,1
GTTACTTCAGTAGTTT,1
GTTACTTTTAAGGATG,1
GTTAGAACACTGAATA,1
GTTAGACTTATAAAAA,1
GTTAGAGACGTTACTA,1
GTTAGATAAACTCGTT,1
GTTAGCAGACAACACA,1
GTTAGCGTTGATTTTA,1
GTTAGGACTGTTTCAA,1
GTTAGGTGTGTAATAA,1
GTTAGTGTCCGTCCTA,1
GTTATAAAATACCTAA,1
GTTATAAGTTATGACA,1
GTTATCAAACACTGTA,1
GTTATCAATACCACGC,1
GTTATCATAGTAGATG,1
GTTATGATTAATTCAT,1
GTTATGTCTCAATTAT,1
GTTATGTGAGAATCAG,1
GTTATTAAATAGAAGA,1
GTTATTGAGAGGAAAA,1
GTTCAAAACGTTAATC,1
GTTCAAAACTATAAGC,1
GTTCAAAAGCCTTCTA,1
GTTCAAACTCCCTCAA,1
GTTCAACGACTAGGTT,1
GTTCAAGTTACGTTAC,1
GTTCAATGTTCCCTTA,1
GTTCACACAATAATTG,1
GTTCAGTCAAAGTCTA,1
GTTCATATGCTCAACC,1
GTTCATCCCGAACGTG,1
GTTCATCTTGACATCA,1
GTTCATTAACCTTTTG,1
GTTCCACACCTAATGC,1
GTTCCACTTGTACGAG,1
GTTCCACTTTAAAGTA,1
GTTCCAGGAATGCCGA,1
GTTCCATCTAAATAGG,1
GTTCCCAACTTACTCT,1
GTTCCCTAGTCAGTAG,1
GTTCCTGTCATAAAAT,1
GTTCCTTTGGTCTTGT,1
GTTCGAAATACCTAAA,1
GTTCGCATTCTACAAT,1
GTTCGCTAAATTACGA,1
GTTCGGTACTGGCTGA,1
GTTCTAACAATGTTAA,1
GTTCTAATAAAATGAT,1
GTTCTCAGATCGACAT,1
GTTCTCCAACAGAAAA,1
GTTCTCCTCAAAGCAC,1
GTTCTCTAGTAAAAAA,1
GTTCTGATAATAAATA,1
GTTCTGCCCCTCGCTC,1
GTTGAAACATATATCA,1
GTTGAAACCCTAGATT,1
GTTGAAATACCCTGAC,1
GTTGAAGGAACCAACC,1
GTTGAATAGAAAATAC,1
GTTGAATATTCATGGC,1
GTTGACACTTGGATCT,1
GTTGACATTAATAAAG,1
GTTGAGAACCATATTA,1
GTTGAGAAGACCTCTA,1
GTTGAGCCTCGAGATA,1
GTTGAGGTATGCCCCA,1
GTTGATGACTCACCTT,1
GTTGCAAAAACATCTT,1
GTTGCAAACACATGTC,1
GTTGCAAGAAGCCTAT,1
GTTGCGATATGGGTGC,1
GTTGCGGTTTGACCTA,1
GTTGGAATGAATTTAG,1
GTTGGAGAAATACCAA,1
GTTGGGTACGATTACA,1
GTTGTAACTCATGAAG,1
GTTGTAATAAGGTTTG,1
GTTGTATATAAGAGAC,1
GTTGTATTCATGAGCT,1
GTTGTCAGGGGAGAAC,1
GTTGTCCATCCTTGAC,1
GTTTAAAAAATGATGA,1
GTTTAAACGCTCAACC,1
GTTTAAATAAATGGGA,1
GTTTAACTCGAATCCT,1
GTTTAAGGGTACGTCA,1
GTTTAATCTTGTTTTG,1
GTTTACCAAAATGACT,1
GTTTAGCAACCATATA,1
GTTTAGTCGCTGCGCT,1
GTTTATACCAGTTAAT,1
GTTTATCCTCCTACAC,1
GTTTATCGGGATAAAC,1
GTTTCAAACCGTAGAC,1
GTTTCACCAAGATTAG,1
GTTTCACTACCAGCAC,1
GTTTCAGAACCCCATT,1
GTTTCAGATACCTAAC,1
GTTTCAGTAGAGCAAA,1
GTTTCCACTAGAAGAA,1
GTTTCCCACAAAAGTC,1
GTTTCCCTAGTACCCA,1
GTTTCGAAATAGCAGA,1
GTTTCGAATAAGCATC,1
GTTTCTCTCTTTAAAT,1
GTTTGACGATTGCAAG,1
GTTTGATAGACATACA,1
GTTTGCTTAAACCTTT,1
GTTTGCTTGACTAACG,1
GTTTGGACACAAACGA,1
GTTTGTAGTTCATGGA,1
GTTTGTCTTAACCATC,1
GTTTGTTGCGGCTACC,1
GTTTTAATTAATCATC,1
GTTTTAGGTTACTCAT,1
GTTTTCACAGTTATCC,1
GTTTTCTAAGATAACA,1
GTTTTCTTACCAGTCA,1
GTTTTCTTTGCGACCG,1
GTTTTGAGCGTGCAAA,1
GTTTTGCGGATCATCA,1
GTTTTTCAGTACGATA,1
TAAAAAAAATATAAGA,1
TAAAAAAATGCGCTTC,1
TAAAAAACACTTAATA,1
TAAAAAAGATGACTAT,1
TAAAAAAGCGTAGTAG,1
TAAAAAAGCTCTTACA,1
TAAAAAATCTTAGTTA,1
TAAAAAATTACTACTA,1
TAAAAACAGTTGGAAG,1
TAAAAACATGATATAT,1
TAAAAACATTCCGGGC,1
TAAAAACCCTTCTAAT,1
TAAAAACCGGACCACC,1
TAAAAACGAAACCGAA,1
TAAAAACGATGTATCG,1
TAAAAAGCAAACTGGT,1
TAAAAAGCGTAAACAG,1
TAAAAAGGACTACCAT,1
TAAAAAGGTCCCATGC,1
TAAAAAGTCTTAGCAC,1
TAAAAATAAGAAAAAT,1
TAAAAATCAGAAGATA,1
TAAAAATGAAAGCATT,1
TAAAAATGACAGACCA,1
TAAAAATTAGCAATCG,1
TAAAAATTGACAGGCG,1
TAAAACAAACGAAACT,1
TAAAACAAGCAAAATC,1
TAAAACAATTGAGAAA,1
TAAAACATAGCGACTG,1
TAAAACATAGTATCAT,1
TAAAACATATAAAATT,1
TAAAACCAAATCTTAA,1
TAAAACCAAGTGCTTT,1
TAAAACCAATAAAGAG,1
TAAAACCTGCCGCCCA,1
TAAAACGACGAGAGTA,1
TAAAACGAGCAAGCGA,1
TAAAACGAGTCAAAAT,1
TAAAACGGAAAACAAA,1
TAAAACGGTAAATTAA,1
TAAAACGTGGCTATAA,1
TAAAACTGAAAAGAGA,1
TAAAACTGGTAGTTCC,1
TAAAACTTAATTGAAT,1
TAAAAGAAGATAAATA,1
TAAAAGACCTAGAAAC,1
TAAAAGAGTCTTTGTG,1
TAAAAGATTCACCAAT,1
TAAAAGATTGACACAT,1
TAAAAGTCACCTAATA,1
TAAAAGTCAGAATGTT,1
TAAAAGTGTGTAGCTA,1
TAAAATAACACCGGCA,1
TAAAATAACCTTTTAA,1
TAAAATACCCAGGGGG,1
TAAAATACTTTATAAC,1
TAAAATATCACCTACA,1
TAAAATCACTTAGATC,1
TAAAATGGGTGTCTAT,1
TAAAATGGTAGTAACG,1
TAAAATTAAAATAGAA,1
TAAAATTCCACATAAC,1
TAAAATTCTAAATGAC,1
TAAAATTGAACACCCA,1
TAAAATTGAAGAAGTA,1
TAAAATTGCGACTTTT,1
TAAAATTGGAATTACA,1
TAAAATTTCTATTAAG,1
TAAACAAAAATGATAA,1
TAAACAACACCCCGGC,1
TAAACAATGACCATAA,1
TAAACACAAAGTAAAA,1
TAAACACACGAATCTA,1
TAAACAGTAATAAAGC,1
TAAACAGTGCTAATAA,1
TAAACATATACTTTAC,1
TAAACATCATCCAAAC,1
TAAACATGCTTAATGC,1
TAAACATTAATTCTTA,1
TAAACATTTAGATTGG,1
TAAACCAAATCCTACA,1
TAAACCAATTGTAATG,1
TAAACCACCATAGTGT,1
TAAACCAGATTATCAA,1
TAAACCGAACTTGAAT,1
TAAACCTAAAATCTAA,1
TAAACCTGTGTGCCAG,1
TAAACCTTAGAATCAG,1
TAAACCTTTTCTCGCA,1
TAAACGAAAGGTACAT,1
TAAACGGACACAGGAC,1
TAAACGTCAGTCTAAT,1
TAAACGTGTTCTAATA,1
TAAACGTTCAGTTATC,1
TAAACTAAATAAACTT,1
TAAACTAACTAGTTGA,1
TAAACTACGAAGTCAT,1
TAAACTATTTCTCGGA,1
TAAACTCATATTTAGA,1
TAAACTCCTAAAACCG,1
TAAACTGCTTAGCGGT,1
TAAACTGTAAACGCAT,1
TAAACTTTTACCAAAT,1
TAAACTTTTAGCGAGT,1
TAAAGAATATAACCAG,1
TAAAGACACCAAGAAG,1
TAAAGACCCCCGAGAG,1
TAAAGACGCACAACAG,1
TAAAGACTAAGTGAAA,1
TAAAGACTTAACGATC,1
TAAAGATCTAATTATG,1
TAAAGATGCTGTTTCG,1
TAAAGCCATCACAATA,1
TAAAGCGACTTGGTTT,1
TAAAGCGGAGAATTGT,1
TAAAGCGGATGACCAC,1
TAAAGCTTAGACTAAA,1
TAAAGGAGAATCTGAT,1
TAAAGGCACTAGTATA,1
TAAAGGTACCGCAACA,1
TAAAGTACAGCAATAC,1
TAAAGTCCGTAGCAAT,1
TAAAGTCTGGCGAATT,1
TAAAGTTTGAGTGGAC,1
TAAATAAGAATAATAG,1
TAAATAAGATGATGGT,1
TAAATACAACACGTGC,1
TAAATACACCTGAAGA,1
TAAATACATAATCGGA,1
TAAATAGAAAGTTTAA,1
TAAATAGATAACAGAA,1
TAAATAGATACAGCAG,1
TAAATAGCCTCGAAAA,1
TAAATCAAACCAAAAT,1
TAAATCAAGCAAATAA,1
TAAATCAGAATATAAA,1
TAAATCATAGACTCAA,1
TAAATCATCACAACGC,1
TAAATCATCAGTTCAG,1
TAAATCATGAATTATG,1
TAAATCCATCAATAGC,1
TAAATCGTATAGAACA,1
TAAATCTAGCCATTAG,1
TAAATCTTACGTAATT,1
TAAATCTTCACCACCT,1
TAAATGACACGTAACA,1
TAAATGATGGTTATTT,1
TAAATGCGGCCCGATC,1
TAAATGGGAGCAATAA,1
TAAATGGTAAAGCGTT,1
TAAATGTCTGTACAAG,1
TAAATTAATGACGCTA,1
TAAATTACCTCAGCAC,1
TAAATTCCAAATAATT,1
TAAATTCCCTGAATCA,1
TAAATTCTACAATCAT,1
TAAATTCTGACAATTC,1
TAAATTCTTTTAAGCT,1
TAAATTGACATACGGG,1
TAAATTGAGCACAGAG,1
TAAATTGGCATTCATA,1
TAAATTGGTTACTACA,1
TAAATTTAGCCGAATT,1
TAAATTTAGTATTACT,1
TAACAAAAACAAGTCT,1
TAACAAAATGGCACTG,1
TAACAAATAAAAACTG,1
TAACAAATAAATGACC,1
TAACAAATCTCGCGGG,1
TAACAAATGCAGTGAG,1
TAACAAATTAGAGAAC,1
TAACAACAAAAGGATT,1
TAACAACAACTTTAAT,1
TAACAACCTGCGATAA,1
TAACAAGATAGCCTGA,1
TAACAAGCCGTATGGA,1
TAACAATAACGACGAT,1
TAACAATACAGCTCCA,1
TAACAATATACCACCA,1
TAACAATCATTATTTA,1
TAACAATCATTTAGAC,1
TAACAATGACAAAATC,1
TAACAATTCAACTTTC,1
TAACACAACATAATGG,1
TAACACAACTCAGAAA,1
TAACACACAATAAAGG,1
TAACACACGGGTTGTC,1
TAACACAGACATATCT,1
TAACACCGCAAAGTAC,1
TAACACCGGCTGCTAG,1
TAACACCTCTGGAGGC,1
TAACACGCACCACACA,1
TAACACGCACTAGCGT,1
TAACACGCCGGTGATG,1
TAACACGTACTCTAGA,1
TAACACTATACTTATT,1
TAACACTATTCACACA,1
TAACACTGGTATGATA,1
TAACAGAATAAACAAA,1
TAACAGCAGAAGTAAA,1
TAACAGCCGTTACAAT,1
TAACAGGACCACCAAA,1
TAACAGGTACCACATC,1
TAACAGGTCAGACTCA,1
TAACAGTATGTAACCC,1
TAACATAAAACAGCCC,1
TAACATAAATCATCGC,1
TAACATAACACGACTC,1
TAACATAAGAAGTGCG,1
TAACATACATACAGGC,1
TAACATACTACAAAAC,1
TAACATAGATATTGAC,1
TAACATATATAAGAAC,1
TAACATATCATTAAAA,1
TAACATATGACACCTT,1
TAACATATTATGGGAG,1
TAACATCTTGGTACCA,1
TAACATGTTAGATAAT,1
TAACATTAATATACCC,1
TAACCAAAAAACACAA,1
TAACCAATAATCAAAA,1
TAACCAATAATGGTAC,1
TAACCAATACTCTAAC,1
TAACCAATCAGGAAAA,1
TAACCACCACTCACGA,1
TAACCAGGGGGGCGTA,1
TAACCAGTAGACTTAC,1
TAACCATACAGGAACA,1
TAACCCATAAGTAACA,1
TAACCCATTTACTCTA,1
TAACCGCCTACTAAGA,1
TAACCGCGGGTGCCAC,1
TAACCGGACAATCTAC,1
TAACCGGCTTCCAAAA,1
TAACCGGGTCACCTCG,1
TAACCGTATGCCGAGC,1
TAACCTAAACAAACTG,1
TAACCTAAACCAAAGC,1
TAACCTAATCTAAAAG,1
TAACCTACCACACTTG,1
TAACCTAGACCTGAGC,1
TAACCTAGTTACTGAT,1
TAACCTCAATAGGACT,1
TAACCTCACCTATTTT,1
TAACCTCGAAACCCTG,1
TAACCTCTCCTGGATA,1
TAACCTGCGATGGTAC,1
TAACCTTAACTAAACC,1
TAACGAAAGTGCATTG,1
TAACGAAATCAATATG,1
TAACGAATAACGACGA,1
TAACGACAAATTGACA,1
TAACGCATTCCGCTTA,1
TAACGCGAGGTCTTCG,1
TAACGCGCAATTGCAT,1
TAACGCTAAACTGTTG,1
TAACGCTACTAGAGTT,1
TAACGCTTATCTTTTT,1
TAACGCTTGTTCCTTT,1
TAACGGACCCCCACAA,1
TAACGGATCGACGTAA,1
TAACGGATTTGCGATA,1
TAACGGCCGAAGAACA,1
TAACGTGAGAACAAAC,1
TAACGTGTTAAGATAG,1
TAACGTTAAGAGATAG,1
TAACGTTACTGAATTA,1
TAACGTTATCACGGAC,1
TAACTACAATAAAAAA,1
TAACTACCCTCAGCCG,1
TAACTAGTACTATGCC,1
TAACTCAAAGAGATTC,1
TAACTCCCTAGGCTCC,1
TAACTCGCAAATAGCG,1
TAACTCGGACGGATTA,1
TAACTCGTATCCACTC,1
TAACTCTGGATTCAGG,1
TAACTGCCGCCCATCA,1
TAACTGGGCCGTATAT,1
TAACTTAACTAAGAAA,1
TAACTTACAAAAATAA,1
TAACTTACAATATGGA,1
TAACTTCTTTATCCAC,1
TAACTTTGGATTTCAA,1
TAAGAAAACTCCTATA,1
TAAGAAAATGCGAGTT,1
TAAGAAACAATCACGC,1
TAAGAAACCCACAATT,1
TAAGAAAGACCCTCCT,1
TAAGAAAGCCACTCTT,1
TAAGAAATAACAGAAG,1
TAAGAAATCTAGCAAA,1
TAAGAACAATTTTACC,1
TAAGAACGCAAGTAAT,1
TAAGAACTCAGCATAT,1
TAAGAAGAAGAGTGCA,1
TAAGAAGAGAACTAGC,1
TAAGAATGGTTCTGCG,1
TAAGACAATTCCTCAT,1
TAAGACAGAAGGTCCT,1
TAAGACATAGCTGGGG,1
TAAGACATTCTAGTTC,1
TAAGACCCTAAAAAAC,1
TAAGACGTAATGACAA,1
TAAGACTCGGACAATC,1
TAAGAGACCTGGGTTC,1
TAAGAGATAACCACAT,1
TAAGAGGAATTATGAA,1
TAAGAGTCTCGTTCGG,1
TAAGATACGAATGCCT,1
TAAGATACTCACGTTG,1
TAAGATAGAGAATCAT,1
TAAGATATGCCGCTCC,1
TAAGATCTATAAATTT,1
TAAGATGTTCCTGATC,1
TAAGATTAAAAGTGAA,1
TAAGATTAACCAGATT,1
TAAGATTACACCAAAA,1
TAAGATTCTGATGAAT,1
TAAGATTGACTCACAG,1
TAAGCAAATCTGAATT,1
TAAGCAACTAAGAACG,1
TAAGCAATCGCGGTTT,1
TAAGCACCATGCCAGT,1
TAAGCAGACGAATACT,1
TAAGCCAGGCTGTGTC,1
TAAGCCTTAAAGCAAG,1
TAAGCGAACCCACTAA,1
TAAGCGAATGTGAACA,1
TAAGCGAGCAATTTCA,1
TAAGCGAGGTATACCT,1
TAAGCTTTCAATAAGC,1
TAAGCTTTGGTCCAGC,1
TAAGGACCGCATTCTG,1
TAAGGAGACGTCTACA,1
TAAGGAGGCATGTAAT,1
TAAGGAGGTAGTTTAA,1
TAAGGATTACTAGTAT,1
TAAGGCAACAGAGAAC,1
TAAGGCAATACTATTG,1
TAAGGCACCCATGCGT,1
TAAGGCAGCCAATCTA,1
TAAGGCAGTTCGTACT,1
TAAGGCATGGAGAACA,1
TAAGGCCAGTACTAAT,1
TAAGGCCGTCAAAGCA,1
TAAGGGACGTAAACCA,1
TAAGGGCATACAAAAA,1
TAAGGGGAAAACGTCC,1
TAAGGGGCTCGTCAAA,1
TAAGGTCAATTACAAA,1
TAAGGTCATTTCGTAA,1
TAAGGTCCAATAAAGA,1
TAAGGTCCTGTGTGTT,1
TAAGGTCGAACGCATT,1
TAAGGTGTCCACATAA,1
TAAGGTTATGTAATGA,1
TAAGGTTATTTGGATC,1
TAAGTAAAATGTAGAA,1
TAAGTAAACGTGTTCA,1
TAAGTAACCCGGAATC,1
TAAGTAAGTACAACAG,1
TAAGTACAACCTAGCG,1
TAAGTACGGGCCTTAA,1
TAAGTAGCCCTAGAAA,1
TAAGTAGGCAACGACT,1
TAAGTATCATATAACC,1
TAAGTATGAATCTGTT,1
TAAGTCAACTGATTTC,1
TAAGTCAGTAGGAATT,1
TAAGTCCCCGAGACAA,1
TAAGTCGACAACCAAA,1
TAAGTGTCTCTAAGCA,1
TAAGTGTTAGGGGAAT,1
TAAGTGTTATCAAGGG,1
TAAGTTAAACATAAAA,1
TAAGTTCCAGACTGTC,1
TAAGTTTACGCACCCA,1
TAATAAAATCGTTCAC,1
TAATAAAATTAAAAAG,1
TAATAAACAAGAGTTC,1
TAATAAACTCAACCTT,1
TAATAAACTGGAATTG,1
TAATAAATAGATATTA,1
TAATAACAACGGGATA,1
TAATAACACCTCAACA,1
TAATAACTCATAAATC,1
TAATAAGACCGAACTA,1
TAATAAGACGCAAAAA,1
TAATAAGCAGTCTAAC,1
TAATAATAACATATTA,1
TAATAATAAGAGATAG,1
TAATAATGAAAAGTAA,1
TAATAATGACGACAGT,1
TAATAATTGAAGATAC,1
TAATACAGCCAAGGCA,1
TAATACATACTATACA,1
TAATACATCTGACTCC,1
TAATACCTGAAAGTGA,1
TAATACGACTCTAAAA,1
TAATACTAGAATACAC,1
TAATACTAGAGACCTA,1
TAATACTTTATCTTAC,1
TAATAGAAATTAACAA,1
TAATAGAAGAAACACA,1
TAATAGAATCCACAAC,1
TAATAGACACTAGTAG,1
TAATAGACTCCTCCTG,1
TAATAGCCTACGCCAA,1
TAATAGGAACTAAGCG,1
TAATAGGCTTGGCTAC,1
TAATAGTATACCCCGC,1
TAATAGTGACAGACAA,1
TAATAGTTTAATGGCT,1
TAATATAAAATTACGA,1
TAATATAAATTTATAG,1
TAATATAAGCAAGATA,1
TAATATAAGTTGAGAG,1
TAATATAATTCGATAA,1
TAATATACCCTGTCGT,1
TAATATAGAAGAAATG,1
TAATATCAACACCATT,1
TAATATCCATCAACTC,1
TAATATCCTACAAACC,1
TAATATCGACGTCATA,1
TAATATCTCCATACGA,1
TAATATGATAAAAACT,1
TAATATTCACGCAAAC,1
TAATATTTATAATGAA,1
TAATATTTATGAAAAC,1
TAATATTTCACTTTAG,1
TAATCAAAACGTTTGA,1
TAATCAAAAGTTTAAC,1
TAATCAATAATCAAAA,1
TAATCAATGTTGATTT,1
TAATCAATTGTCATAG,1
TAATCACAACACTACG,1
TAATCACAATCAGAAC,1
TAATCAGATCGTCCAG,1
TAATCAGCTACTCAGC,1
TAATCATTAACGACCC,1
TAATCATTATAGTACA,1
TAATCCAAGTTCCCCT,1
TAATCCAATTACTAAC,1
TAATCCCATAAATTTT,1
TAATCCCGAACCTCGT,1
TAATCCGACTACCTGT,1
TAATCCGCAAGATGGA,1
TAATCCTCTAACGTTA,1
TAATCCTGCAATACAA,1
TAATCCTGCTTACAAA,1
TAATCCTGTGTAATAT,1
TAATCGTCTAAATGTA,1
TAATCGTGTGCAAACA,1
TAATCTACATATTCCC,1
TAATCTACTGAAAGAA,1
TAATCTCACAGCCCCT,1
TAATCTGAATATTTGA,1
TAATCTGACAATAGCC,1
TAATCTGCCGGGCAAA,1
TAATCTTAATCCCACA,1
TAATCTTACTAAAATG,1
TAATGAAACTCTGTAG,1
TAATGAAACTTGTAAA,1
TAATGAAAGTATAAAA,1
TAATGAAATCTTAATA,1
TAATGAACAAGAACAT,1
TAATGACAAGAGAATG,1
TAATGACCATCTCTTC,1
TAATGACCCGTATAAT,1
TAATGACTACGGGAGT,1
TAATGAGACAACGTAG,1
TAATGAGGATAATCGT,1
TAATGATGAGTAGTGG,1
TAATGATTACTAGTCA,1
TAATGATTATAAAGCA,1
TAATGATTCAACCTAA,1
TAATGCCAGAAGTCTT,1
TAATGCGAAACTTGCA,1
TAATGCGCCCAACGAT,1
TAATGCTATTCTCCGA,1
TAATGCTGAAGAGGAC,1
TAATGGACACAAACCT,1
TAATGGATTATTTCAA,1
TAATGGCAGGAAATCA,1
TAATGGTCCTCACTCT,1
TAATGGTGATCAGTCA,1
TAATGTAAGAGAATAT,1
TAATGTAGGCAGAAGG,1
TAATGTATCATAAAGT,1
TAATGTCACCTACACC,1
TAATGTGACAAGCATT,1
TAATTAAAAATCGATA,1
TAATTAAAATAGTCAC,1
TAATTAAATAGATGAG,1
TAATTAAATAGCCCGG,1
TAATTAACTTCACACT,1
TAATTAAGTCGCTTCT,1
TAATTACAAAAAAAAT,1
TAATTACAAACACCTA,1
TAATTACAATGAACAA,1
TAATTAGCCAGCATGG,1
TAATTATAACGCAGCC,1
TAATTATACACCGACA,1
TAATTATCCACCTAAG,1
TAATTCAAGTGTTCCA,1
TAATTCACATCAAACA,1
TAATTCACGATAATAG,1
TAATTCAGAGTTTAAT,1
TAATTCAGGAAGCAAC,1
TAATTCAGTGCTGTGC,1
TAATTCATGCATTCCA,1
TAATTCCGTTCCTGAC,1
TAATTCCTCATATAGT,1
TAATTCGTTGAAATTC,1
TAATTCTCTATCCCTG,1
TAATTGAAAGTAGACT,1
TAATTGACTGAAATAA,1
TAATTGACTGTGCATT,1
TAATTGATAAAAGAGA,1
TAATTGGCATCAGATT,1
TAATTGTGAGTAAATC,1
TAATTGTTAAAATACA,1
TAATTTAAGACCATCA,1
TAATTTCTTAGTTAAC,1
TAATTTGAATAGCAAA,1
TACAAAAACAGTCCCA,1
TACAAAAACCTCAACT,1
TACAAAACCCAAATCT,1
TACAAAAGTGACTAAA,1
TACAAACAGACCTGCT,1
TACAAACAGGTAACAA,1
TACAAAGACATAACCG,1
TACAAAGCTTAATAAA,1
TACAAAGGTCTCCACA,1
TACAAAGTCGATAACC,1
TACAAATACTCACGTA,1
TACAACAAAATAGCCG,1
TACAACAAAGACAGTA,1
TACAACAACAGGTACA,1
TACAACACCAATGTCA,1
TACAACCGACACCGGA,1
TACAACGAGTCGACGC,1
TACAACGTCACAGTAC,1
TACAACTCTTGTTGAC,1
TACAACTTGACATGAA,1
TACAAGAACTCACTAC,1
TACAAGACATGACTAT,1
TACAAGATGCACCAGC,1
TACAAGCCAAGCATTC,1
TACAAGCCGATTAAGC,1
TACAAGCCTCATAAGC,1
TACAAGTAGTCAGCAA,1
TACAAGTCTAATGACA,1
TACAAGTGTATTAATG,1
TACAATACCTACTACT,1
TACAATACGCAACCCA,1
TACAATATAGAGGCCT,1
TACAATCGCAAGGTTA,1
TACAATCTTCGGTACC,1
TACAATGATCGACTTG,1
TACAATGCCCATATTA,1
TACAATTATTCAATTA,1
TACAATTCCATATTAA,1
TACAATTCCCTTTTAC,1
TACAATTTGACAAACA,1
TACACAACATTCTAAT,1
TACACAACCTTACGGA,1
TACACAACTTATAACC,1
TACACAATGATGGTCA,1
TACACACAAGTAATCG,1
TACACACTATACGACA,1
TACACAGAAAAAACTG,1
TACACAGTGTATTTTT,1
TACACATTCTTTTCAT,1
TACACCAACTCTACCA,1
TACACCACGGTACGTG,1
TACACCAGATGAAAGC,1
TACACCCGCAATAGCT,1
TACACCTATTCTCGTA,1
TACACCTCATACTACG,1
TACACCTGTAGAGACG,1
TACACCTTCCGATTTA,1
TACACGAATAGTCAAT,1
TACACGAGAAGTAGCA,1
TACACGAGCATGACAA,1
TACACGGGCAATCTAA,1
TACACGTAATTGGACT,1
TACACTAGAATATACG,1
TACACTGAAAGAATTA,1
TACACTTCGGAAACTC,1
TACAGAAATAAAAATA,1
TACAGAGAAAAACCTC,1
TACAGATATAATAGCT,1
TACAGATCAAGGCAAC,1
TACAGCATCTACTAAC,1
TACAGCTCCTATTCCA,1
TACAGCTGTAGGCATA,1
TACAGCTTGAATCTCT,1
TACAGGAGCCAAGAAA,1
TACAGGCTATGTAACA,1
TACAGGGAACCGCATC,1
TACAGGGCGGAACACT,1
TACAGGGGTCCAAGAG,1
TACAGTAAACCTCAAG,1
TACAGTATAAAAACCT,1
TACAGTCGTATAACCC,1
TACAGTGCCATGGGTA,1
TACAGTTACAACACAC,1
TACATAACCGTTAGAA,1
TACATAACTGAAATAC,1
TACATAAGAGATAAGA,1
TACATAATCAGAAATA,1
TACATACCAGCCTGAA,1
TACATACCTTGACAAG,1
TACATACCTTTTCTCC,1
TACATACTTTAGCCAC,1
TACATAGTATCTTTTC,1
TACATATAATGGAAAT,1
TACATATAGGAAGTTA,1
TACATATTCTACAGGG,1
TACATCATAAGTCAAA,1
TACATCATATTAGGTT,1
TACATCGTCCCGTTAG,1
TACATCGTGACATACT,1
TACATCTAATGACATA,1
TACATCTTACCCGTGC,1
TACATCTTGATAACTA,1
TACATGACACTTAAAG,1
TACATGCCTAGGTATA,1
TACATGGAAAATGAAG,1
TACATGGAAGTTTCTG,1
TACATTAACGGATTCA,1
TACATTACGACTCGAG,1
TACATTAGGATACGCT,1
TACATTATAAGACTTA,1
TACATTCCCAACCCAA,1
TACATTTCAGCGCAGA,1
TACATTTCGCACAGAA,1
TACATTTTAAATTTTA,1
TACCAAAAAAATCCAA,1
TACCAAAAAGAGCAGA,1
TACCAAATTCCACCGA,1
TACCAAGAAGACAAAA,1
TACCAAGACAACTGCA,1
TACCAAGACATGTGAT,1
TACCAAGACTCAACAA,1
TACCAAGCCGAAGCTG,1
TACCAATAGTGAAATA,1
TACCAATTATGTTGGT,1
TACCACGGTTTTATAT,1
TACCAGGAAATACTAA,1
TACCAGGTGAAGCCAT,1
TACCAGTGTACAACCT,1
TACCATAATTAGGTAC,1
TACCATCCCCGCTCCT,1
TACCATCCGTTTTAAA,1
TACCATGACAGCGGGT,1
TACCCAAGGGTCAATA,1
TACCCCAAAGTATCGA,1
TACCCCCGCAATTATG,1
TACCCCTGAATCATGC,1
TACCCGATGTTACAAC,1
TACCCGCCCGAATAAG,1
TACCCGGTGAGCTAAC,1
TACCCTAAGATTTCTG,1
TACCCTCTATTACTGA,1
TACCCTGATGAATACC,1
TACCGAAAGACGTTTC,1
TACCGAATACATTAAA,1
TACCGAGTCACAACAC,1
TACCGATATTACCTCT,1
TACCGATTATGCGTCC,1
TACCGGAAGTTAAAAC,1
TACCGTAAAGTTTATT,1
TACCGTACTTTCTTCA,1
TACCTAAACTAATTAC,1
TACCTAAATACAAGAT,1
TACCTAACCGTAACGA,1
TACCTAGGCTGTACCT,1
TACCTCTCGTTCTACG,1
TACCTGACCACAAAAT,1
TACCTGACCTCAATAC,1
TACCTGCCCGTATATC,1
TACCTGCGAATGTGGT,1
TACCTGGACAAAAATT,1
TACCTGTTTCCATACA,1
TACCTTAGAAGTGATG,1
TACCTTATTGCAACAG,1
TACCTTTTACCAATGG,1
TACGAAACAAACTCGA,1
TACGAAATATCAGACT,1
TACGAACAACCTCCCT,1
TACGAACATACTCTTT,1
TACGAACGAGTCCAAT,1
TACGAAGACCCAACCA,1
TACGAAGGGGGTCAGA,1
TACGAATTTAGATTAA,1
TACGAATTTGAAATAG,1
TACGACAGTATGACTA,1
TACGACATCCGTACCG,1
TACGACATTTTTAAAA,1
TACGACCTATAAACTG,1
TACGACGATAATAGAG,1
TACGACTAAGACTTAA,1
TACGAGAAAAAAGAAC,1
TACGAGAGCTTATTAT,1
TACGAGCAAATGGATA,1
TACGATAACAGTAGAT,1
TACGATAACATACAGT,1
TACGATCAATCACCAA,1
TACGATTCAGGTAATA,1
TACGCAAAATCGACTA,1
TACGCAAATATATGTA,1
TACGCAACCGTTGCAG,1
TACGCACACGTCAGTC,1
TACGCACCGAACTGCC,1
TACGCATAAGCCACCG,1
TACGCATCCAAGGCAA,1
TACGCATCTATTCTTT,1
TACGCCAAAAGGTTTA,1
TACGCCAAACAACCTA,1
TACGCCCACTTACAAG,1
TACGCCCCAAGCAAGG,1
TACGCCGATCCTTCTA,1
TACGCCGCATTATCGC,1
TACGCGAGGACCTGGA,1
TACGCGATCAATTTTA,1
TACGCGTCAATAGAAA,1
TACGCTCATACGCTGA,1
TACGGAAAGTTTTGGA,1
TACGGACCTGGTCATT,1
TACGGACGACACATGC,1
TACGGAGATCTATAAC,1
TACGGAGCAAATGCAG,1
TACGGAGCAATGTTTA,1
TACGGAGCCCGAAAAA,1
TACGGATACTCCCAAT,1
TACGGATACTTTAGAA,1
TACGGCGATTCTAGAC,1
TACGGCTGCCTGTCCT,1
TACGGGAGATATCCCG,1
TACGGGGAGCCCAAAG,1
TACGGTAAAGCGAATG,1
TACGGTAACACTAATC,1
TACGGTCCTAGTTAGT,1
TACGGTTAAAAATAGG,1
TACGGTTAATGTCGTT,1
TACGGTTACGAAGACA,1
TACGTAAAACTAAAAT,1
TACGTAAATAATTCGA,1
TACGTAAATCTGGGCC,1
TACGTACAGGGAATTG,1
TACGTACGAAATAGTC,1
TACGTCAACAATATTA,1
TACGTCATACTAGTAT,1
TACGTCGTTAATTGCT,1
TACGTCTACTTAGGCC,1
TACGTGTCAATCACGC,1
TACGTGTCACGTAACT,1
TACGTTACCAGTTCAA,1
TACGTTATATTCAAAA,1
TACGTTCAAATGCTTT,1
TACGTTCGCCTTGTCT,1
TACGTTTTTGAATAAT,1
TACTAAAAATGTTTAT,1
TACTAAAACAGGAATA,1
TACTAAAAGATCGCTG,1
TACTAAGTAGAAAACT,1
TACTAATATTTGAAAA,1
TACTACAACCGATAAC,1
TACTACCGTGGCGGAA,1
TACTACGTAAACCTGA,1
TACTACTGTCAAAATA,1
TACTATAAAAACGATC,1
TACTATAAAGTAGCTA,1
TACTATAACTGAATAA,1
TACTATATTCGTCATC,1
TACTATGAGATATATT,1
TACTATGCAGGTTGTA,1
TACTATGCTGATAAAG,1
TACTATTTATGACCAT,1
TACTCACTGAGAACGC,1
TACTCACTTTTACTTA,1
TACTCAGGGATCTACA,1
TACTCCAAAATTTGTG,1
TACTCCAACATACAGC,1
TACTCGACACGATCGT,1
TACTCGAGGGAGCTAG,1
TACTCGCAATCCGATG,1
TACTCGCCTATATATA,1
TACTCTCACGTATTCT,1
TACTCTGTCTGGACAC,1
TACTCTTTCTAAACCC,1
TACTGAAACTAGCAAA,1
TACTGACAAATGTCAG,1
TACTGAGCCAGGGCAT,1
TACTGAGGAACACAGG,1
TACTGCACCCGTACGG,1
TACTGGAATTCTTGTG,1
TACTGGACCCTTCCAA,1
TACTGGCCCCCCCTAC,1
TACTGGGGTACATGAG,1
TACTGTAAGATCCACC,1
TACTGTCCAGATGTCA,1
TACTGTGAAAGCATGT,1
TACTGTTGCCATGGAT,1
TACTTAACGATTGACA,1
TACTTAAGCTTTAAAA,1
TACTTAATACCCACCC,1
TACTTAATACGCAGGA,1
TACTTACCCCCTAATG,1
TACTTACTATAAAACA,1
TACTTATTTAGAAACT,1
TACTTCAATGTGAATG,1
TACTTCCCATTAACGT,1
TACTTCGATTAGCCAG,1
TACTTCTGAATCAACA,1
TACTTCTGAGTCGGCA,1
TACTTGAAACACTATC,1
TACTTGAACCTAATAA,1
TACTTGGCTAACTTGA,1
TACTTGTAAGAAGTAA,1
TACTTGTTATGCATAT,1
TACTTTATAAGAAAAT,1
TACTTTGTACTCTATC,1
TAGAAAAAAACCCATT,1
TAGAAAAAAATACAAC,1
TAGAAAAAACCAGGAG,1
TAGAAAAAACTACTAT,1
TAGAAAAAATCTAAGT,1
TAGAAAAGATAACATC,1
TAGAAAAGATGTAGTA,1
TAGAAAATACTGGCAA,1
TAGAAACCCCAATCGA,1
TAGAAACCCTAGTTCA,1
TAGAAACTCACGTACA,1
TAGAAAGAAGCTAATA,1
TAGAAAGCACATGAAT,1
TAGAAATAAATAAAAA,1
TAGAAATAAGAACAAT,1
TAGAAATAGTGCTAGA,1
TAGAAATGGCGTAGTT,1
TAGAACAATGATATCA,1
TAGAACACACTGCAAA,1
TAGAACGACATAGATG,1
TAGAACGGCGACGCAC,1
TAGAACGTTTATAATC,1
TAGAACTCCACCTATA,1
TAGAACTGAAATCAAC,1
TAGAACTGTTAGATCT,1
TAGAAGACTGAGACAG,1
TAGAAGAGATCATTAG,1
TAGAAGCATTGAAACA,1
TAGAAGGGTGACAGTC,1
TAGAAGTCAAGAGAGT,1
TAGAAGTGCAGGACTT,1
TAGAATAGAAGAATTT,1
TAGAATATAGCTGGAC,1
TAGAATATTCAAAACG,1
TAGAATCAATTCATAA,1
TAGAATCATTCCGTAC,1
TAGAATCTATAAGAAA,1
TAGAATCTATAAGTAA,1
TAGAATGCTGAAATAC,1
TAGAATGTGTGCCGGG,1
TAGAATGTTTCCAATC,1
TAGAATTAAATGATGA,1
TAGAATTATGATCAAG,1
TAGAATTCCCCAATGT,1
TAGAATTGCCACTAAC,1
TAGAATTTGACATACC,1
TAGACAAAAACAAATT,1
TAGACAAAACTCCCTG,1
TAGACACTATTATAAG,1
TAGACATAAAATCCGA,1
TAGACATAGCACATTA,1
TAGACATTCGAAAGTA,1
TAGACATTGAACATGA,1
TAGACCATATTCAGAG,1
TAGACCCGGATTACAA,1
TAGACCGAGTTAAGAA,1
TAGACCGATCAGCGTA,1
TAGACCGCTAAAAAGC,1
TAGACCTAAACTATTT,1
TAGACCTCCTGTGTGT,1
TAGACCTGAACGAGTA,1
TAGACGCCGAGCCCCC,1
TAGACTAACGACCGAG,1
TAGACTACACCCCGTT,1
TAGACTACTGTTGAAG,1
TAGACTAGCTGGGTCA,1
TAGACTCACACTAACT,1
TAGACTGAGGAGAGAT,1
TAGACTTTCTAAATTC,1
TAGACTTTTCATAAAC,1
TAGAGAACATGACGCT,1
TAGAGACGATACGGTT,1
TAGAGACTCTATGCGA,1
TAGAGCAGAGTGATGA,1
TAGAGCCAGTGAAGTA,1
TAGAGCCATCAATAAT,1
TAGAGGAAAGTATAAC,1
TAGAGGAGATCATTAC,1
TAGAGTGAGTGATAGA,1
TAGAGTGATATAAATG,1
TAGAGTTTACCGACAG,1
TAGATAAATATTAAAT,1
TAGATAAATGTCTCGG,1
TAGATAAATGTCTTAG,1
TAGATACATAGGATCA,1
TAGATACCACCGGACC,1
TAGATAGAGACTTAAC,1
TAGATATCAATTCGGG,1
TAGATATTAACATTAA,1
TAGATCATCACAGTTC,1
TAGATCCGCATTTGAC,1
TAGATCGATAGCTGTT,1
TAGATCGGACTAGGGC,1
TAGATCGGGTAAAGCA,1
TAGATCTAGGTCAAGA,1
TAGATCTGCATCTGCC,1
TAGATGCTCCCAAGAG,1
TAGATGGAATACTTAT,1
TAGATTAAGATCATAA,1
TAGATTACAACACGTT,1
TAGATTACCTGCAATG,1
TAGATTCGAGATTAAG,1
TAGATTGCTGAAGTAA,1
TAGCAAAGGTTAGAAC,1
TAGCAACACTGAGCCT,1
TAGCAACCGATGAACT,1
TAGCAACGCCGCATGC,1
TAGCAATCAATAACTT,1
TAGCAATTATGATGCT,1
TAGCACAAAAGACTAC,1
TAGCACAACATAACCA,1
TAGCACCAGCCGCAAT,1
TAGCACGCGCTAAGTG,1
TAGCACTGTGAGTGTA,1
TAGCACTTACAGTTAG,1
TAGCAGTCTCCACAAT,1
TAGCATACACAAGATA,1
TAGCATAGCATACCGA,1
TAGCATATGGTAGCAA,1
TAGCATGAGCATACTT,1
TAGCATGCCAACCAAT,1
TAGCATTCTAAACATG,1
TAGCCAACTGAAGAAT,1
TAGCCACATAACCGCA,1
TAGCCATTAATTGGTA,1
TAGCCGCCACACCATA,1
TAGCCGTCATAAAGCC,1
TAGCCGTTCAGCTGCC,1
TAGCCTAGGTCATAGG,1
TAGCCTGATTAGATTT,1
TAGCCTTAAGGATACT,1
TAGCCTTCCCTAGCGA,1
TAGCCTTGAGGGAATC,1
TAGCGAATAAGACTTT,1
TAGCGAATGAGAGAAA,1
TAGCGACTCACAAGAC,1
TAGCGATATATGACTA,1
TAGCGATCACAAGAAA,1
TAGCGCCTTAATAACA,1
TAGCGGTAAACACAGC,1
TAGCGGTAGAATGTAT,1
TAGCGTCCATGAATAT,1
TAGCGTGCAATCAAAC,1
TAGCGTTTAGGGCCCC,1
TAGCTAAGAAAGATTA,1
TAGCTAATCAAACTAG,1
TAGCTAGAAGATGAAG,1
TAGCTAGTAGGTCCAG,1
TAGCTCCCGCGCAATG,1
TAGCTCGATGTAAAAC,1
TAGCTCTTACATCATC,1
TAGCTGACTTATTTTT,1
TAGCTGCATTCACGTA,1
TAGCTGGACGCAGTCT,1
TAGCTTAGGCCGTGTG,1
TAGCTTCACTTACTCA,1
TAGGAAAAACAGATCT,1
TAGGAAAACAGCGCTT,1
TAGGAACGATTAGCCT,1
TAGGAATAATCTATGG,1
TAGGAATATATAGAAT,1
TAGGAATCAGGGGTAC,1
TAGGACACGGACATGT,1
TAGGAGACGCACTAAT,1
TAGGAGCAGTCGGACA,1
TAGGAGCTTTAATTAG,1
TAGGATATGGATCAAT,1
TAGGATGGCGACCCAT,1
TAGGATTAAGTTCTTG,1
TAGGATTAGACCTGTC,1
TAGGCAAATAGGTAGG,1
TAGGCAAGAGCAGTCT,1
TAGGCAAGCCTACCGT,1
TAGGCCCCCAAGACGG,1
TAGGCCGAGATAGGTT,1
TAGGCCTGTATACTAC,1
TAGGCGCAATCGCAAT,1
TAGGCGTAAAATGAAG,1
TAGGCTGACCAGGGCT,1
TAGGCTGGGGATAGAA,1
TAGGCTGTGGAAAAGG,1
TAGGGAAAAATCCTCC,1
TAGGGAACAGTCTATC,1
TAGGGACATCTCTAAG,1
TAGGGACCGATAAGTG,1
TAGGGAGGCCTCGAAA,1
TAGGGCCGAACTCTAC,1
TAGGGCGAATAACCAT,1
TAGGGCGGACAAACCA,1
TAGGGCGTTCACACTG,1
TAGGTAAACTGTCGCG,1
TAGGTACAAATGCTTC,1
TAGGTACCAGACGAAA,1
TAGGTAGCGCCTTAAG,1
TAGGTCACCTATAAAG,1
TAGGTCCACTAGAAAT,1
TAGGTCGCAAAATGCT,1
TAGGTCTAAAACCTGA,1
TAGGTCTGTATGTATT,1
TAGGTGACTCAGGCCG,1
TAGGTTAAAATTACAG,1
TAGGTTAAGCGAACCT,1
TAGGTTAGTTGCGAGA,1
TAGTAAAATCAAGTAT,1
TAGTAAACTAGTTAGA,1
TAGTAAATAAACGTTT,1
TAGTAAATTGAAAGTG,1
TAGTAATGTCCAAACA,1
TAGTAATTGAATAATG,1
TAGTACAGAAGATACA,1
TAGTACCAGATGAAAC,1
TAGTACCCGCTGAATA,1
TAGTACCTAGGGCCTA,1
TAGTACTGTGTCGGGT,1
TAGTAGAAAGGGATAA,1
TAGTAGAATCGTGTAC,1
TAGTAGACTCACAAAT,1
TAGTAGCTAAATTACT,1
TAGTAGGCATTCTTAT,1
TAGTAGTATGGCAATT,1
TAGTATAATACCATTG,1
TAGTATACAACATACA,1
TAGTATAGTATCGAAC,1
TAGTATCCCAGTCATA,1
TAGTATCTCACACTTG,1
TAGTATGACATTACAG,1
TAGTATTACCAAGTTA,1
TAGTATTGGCTCGGCA,1
TAGTATTTCCAGAGAG,1
TAGTCATAGCACCTGC,1
TAGTCATTCTTTAATT,1
TAGTCCCAAGACGCAG,1
TAGTCGGAAATCTTAT,1
TAGTCTCGATACACAG,1
TAGTCTTACGCTACAT,1
TAGTGAAAATTAAACC,1
TAGTGAAATACAAAGA,1
TAGTGACACAAACACG,1
TAGTGACGTTCAGCAA,1
TAGTGACTGGTTAAAT,1
TAGTGAGCCAAAACAC,1
TAGTGCAGCAGGGTAT,1
TAGTGCGTAGAAATAA,1
TAGTGCTAATCATATA,1
TAGTGCTCTCGTAGTT,1
TAGTGGCAGTCTCACC,1
TAGTTAACAAACGCAT,1
TAGTTAACGTCGTTTT,1
TAGTTAAGTAAAGCCA,1
TAGTTAGAAAGCCGCA,1
TAGTTAGGAGAAAAAG,1
TAGTTATACGCGGGAA,1
TAGTTCAAATAAACAA,1
TAGTTCAATGAAAAAA,1
TAGTTCATGTATCTCT,1
TAGTTCCAAGTATGTT,1
TAGTTCGAATTAGCAC,1
TAGTTCTAACTGCGCG,1
TAGTTGGGGTGATGAC,1
TAGTTGTTAAGTAAAA,1
TAGTTTAAAGTCATAG,1
TAGTTTAACTATTATA,1
TAGTTTACAGACACAA,1
TAGTTTGATAGCACTA,1
TAGTTTGCAGTGACCA,1
TATAAAAAACAGACAA,1
TATAAAACACTCATAA,1
TATAAAAGTAAAGCCA,1
TATAAAATATGTTTAA,1
TATAAAATCAGAGCGA,1
TATAAAATTAGAACAG,1
TATAAACAAACTGAAG,1
TATAAACATCACAACA,1
TATAAACATTGAAAAC,1
TATAAAGAATGCTAAA,1
TATAAAGCTTAAAAAC,1
TATAAAGTCAGTCAAG,1
TATAAATAACTGAAAA,1
TATAAATAAGATGTCA,1
TATAAATACCATCAAC,1
TATAAATGATCTGGAC,1
TATAACAACTATCGAC,1
TATAACACATATTCTG,1
TATAACACTACCTCGA,1
TATAACAGAAAATATT,1
TATAACATCGAAGTCT,1
TATAACCAACTCAGGA,1
TATAACCTACAATCCT,1
TATAACCTCTATAATG,1
TATAACCTGTACGGAA,1
TATAACGAATCTGTGG,1
TATAACGATCGGCTTT,1
TATAACGCCTGTTTAA,1
TATAACGGTGACACCC,1
TATAACTCATACCAGA,1
TATAACTGTGAGCTCA,1
TATAACTTACTAGGAA,1
TATAAGAGCAGATATA,1
TATAAGCAAGACTACC,1
TATAAGTTGCCGAAAC,1
TATAATAACAACCCTA,1
TATAATACTAGACTTA,1
TATAATAGTAAACAGC,1
TATAATCAACAACTTT,1
TATAATGAAAAAGCCG,1
TATAATGAGCACCGCC,1
TATAATGATTAACAAT,1
TATAATTGGTTTATGT,1
TATAATTTACAACCAA,1
TATACAACGGATATAT,1
TATACAAGCCGCTTTT,1
TATACACCGTCCTAAC,1
TATACATCCAAAGAAA,1
TATACATGGCCCACTA,1
TATACCCATTCTGAGA,1
TATACCCCATGTGTGC,1
TATACCGACTCAAGAA,1
TATACCTACACAAGTT,1
TATACCTCCCTATGGT,1
TATACGAAATTGACGA,1
TATACGGCATGGTGGA,1
TATACGTAAGATATGA,1
TATACGTATAGTACAC,1
TATACTAAACAAGTTG,1
TATACTAAGCACACAG,1
TATACTACTCTAAGAA,1
TATAGAAGAAAACTAA,1
TATAGAATAAGATGGT,1
TATAGAGAGCTCTAAT,1
TATAGAGGAAAACACA,1
TATAGATAAACTATCA,1
TATAGATGATACTAAA,1
TATAGCATGACCAATG,1
TATAGCCAAAACAACA,1
TATAGCCACTGAACCA,1
TATAGCGCGAACTTCC,1
TATAGGAAACTCTCTT,1
TATAGGAAAGGGTACG,1
TATAGGGACGGTAATG,1
TATAGTAACCAATCAG,1
TATAGTAATCTACTGG,1
TATAGTCGTATAGCAG,1
TATAGTCTTACAACTC,1
TATAGTCTTGCGAACC,1
TATAGTGCAAAATCAT,1
TATAGTTTAAATATTA,1
TATATAAAACGACATA,1
TATATAAACTGCAACA,1
TATATAAAGGAGCCTC,1
TATATAACACGTTAAA,1
TATATAACTGAAAATA,1
TATATAATGCCCTATA,1
TATATAGAATCAACTA,1
TATATAGGATAAACAA,1
TATATAGTATACTACA,1
TATATATATCATACAA,1
TATATATCTCTAATTG,1
TATATCAAAAGATAAG,1
TATATCAAGATTCCAC,1
TATATCCCACGCTCCA,1
TATATCCGCTTAAAAA,1
TATATCGCAGATCGTT,1
TATATCGTAACAACAT,1
TATATCTAAAGCAATA,1
TATATGAACACAAGAG,1
TATATGAAGTCTTACA,1
TATATGGAAAAAACCT,1
TATATTAAAAAACGTT,1
TATATTACATAAAAAC,1
TATATTATTAAGATGG,1
TATATTATTAGCAAAA,1
TATATTCATATCTGCT,1
TATATTTCCTCGAAAC,1
TATATTTCCTGAATGA,1
TATATTTCTTTATAAA,1
TATATTTTTCGTTTTG,1
TATCAAAAACTCCACC,1
TATCAAAATATGCCTT,1
TATCAAAATCACTTGT,1
TATCAAAGCTAAACAG,1
TATCAAGATGTGGCAT,1
TATCACATCTATCAGA,1
TATCACCACGACCCTA,1
TATCACCCATCTCCAT,1
TATCACCTTGTAAGGT,1
TATCACGTAAAAGCAT,1
TATCACTCATATAATG,1
TATCACTTTCCTTGTT,1
TATCAGAAAATCTTAA,1
TATCAGAAGGTTGATA,1
TATCAGAATGTAAAAA,1
TATCAGACCAGCATCA,1
TATCAGTAAAATCTAC,1
TATCAGTTACAAAATA,1
TATCATATCCCCGAAG,1
TATCATCAAAGGGTCT,1
TATCATGACAAAATGC,1
TATCATTTAAGACAAA,1
TATCCAAAAATTCATC,1
TATCCAAACCTAAAGA,1
TATCCAAGAACCATTG,1
TATCCACTAAGATACA,1
TATCCAGAAAAAACAT,1
TATCCAGGAGATAAAG,1
TATCCAGTAGATCGCC,1
TATCCATTTGAATAGT,1
TATCCCCTAGGAGAAG,1
TATCCCCTCTCCACGC,1
TATCCCTGCCATACCG,1
TATCCGAAAGAAAACT,1
TATCCGAACTCCCCAG,1
TATCCGTTTATATCCA,1
TATCCTACTCATGGAG,1
TATCCTCATAAAAAAT,1
TATCCTTAATCGCACA,1
TATCGAAAGTCAATAT,1
TATCGACACACGTGTA,1
TATCGACACATCCAGC,1
TATCGACGTAGGACCA,1
TATCGAGCCGATAAAG,1
TATCGATAATTCAGCA,1
TATCGATTTATTCCTC,1
TATCGCAAACATTTAC,1
TATCGCTGACCCACCC,1
TATCGGAGGTAGGTCA,1
TATCGGATCGAGAGAA,1
TATCGGGTCAGTCTGG,1
TATCGTAAGTGTCGCC,1
TATCTAAAAGGACAAG,1
TATCTATACCACTGGT,1
TATCTATGACTTTCAG,1
TATCTCAACAGTTATT,1
TATCTCAATCTGGAAG,1
TATCTCACTGAGACAC,1
TATCTCGTTCGGGATA,1
TATCTGCAACGATGGA,1
TATCTGCTATAAAAAA,1
TATCTGTCGTAAGCAC,1
TATCTTAATGCCTCGA,1
TATCTTAGCTAACCGT,1
TATCTTGAATAATCAC,1
TATCTTTCAATGCACG,1
TATGAAAATTAATAAA,1
TATGAAACCAAAAAAT,1
TATGAAAGTTTGCAAG,1
TATGAAATATCAAATA,1
TATGAACATTATCTTG,1
TATGAACTTCATAAAC,1
TATGAAGATGGATATC,1
TATGAAGGGTCTAATT,1
TATGAATATGCTTAGC,1
TATGAATATTGGGGTG,1
TATGAATGGTTTCCAC,1
TATGACACAAAACATT,1
TATGACTGAGCGTAAA,1
TATGAGACCCTAATTA,1
TATGAGCGGAAAGATA,1
TATGAGTAGAGAGATC,1
TATGAGTGGGTAGTGG,1
TATGATAATCTAATAC,1
TATGATAGGGCATTTA,1
TATGATCGAGATATCA,1
TATGATCGCAGTGACC,1
TATGATGCCTATTTTA,1
TATGCAAAAGAATAAT,1
TATGCAAACAATCTAC,1
TATGCACTGAACTGGG,1
TATGCAGGCTCCAAGA,1
TATGCATAATCCTTGG,1
TATGCCAATAACATAC,1
TATGCCCCAACACAAA,1
TATGCCGAACAGATCT,1
TATGCCGGGCATCAGC,1
TATGCCTGAAGCATAT,1
TATGCCTGCATTCTAG,1
TATGCCTTTGTACAAC,1
TATGCGACGTTATCCG,1
TATGCGATAAACATCA,1
TATGCGCAAAATAACT,1
TATGCGGTATATTATG,1
TATGCGTAAGCCTATT,1
TATGCTTCCACAGGAT,1
TATGGAAAGGAATAAT,1
TATGGAAGAACAACTC,1
TATGGAGATAATTAAT,1
TATGGAGGATGCAATA,1
TATGGATGTATACAAA,1
TATGGATTTAAAACCT,1
TATGGCCCTTAGGAAC,1
TATGGCCCTTAGTCAG,1
TATGGCCTTCTCGGAG,1
TATGGCTTCGTCTCTG,1
TATGGCTTTCAACAAA,1
TATGGGATGGCCGCAT,1
TATGGGGTTAATGTGT,1
TATGGTAATCGCACCG,1
TATGGTATGAAGATAC,1
TATGGTCCATAGGGTG,1
TATGGTGACGGATTAA,1
TATGTAAAAACCATGT,1
TATGTAAGTCTTTGCG,1
TATGTATATAAAAGTT,1
TATGTCAAACCTCCCG,1
TATGTCATATGACGTA,1
TATGTCTGCCGAACAT,1
TATGTCTGCTAGATGA,1
TATGTGAGTATCTACA,1
TATGTGATAAAAAACA,1
TATGTGATAGGCATCA,1
TATGTGCACTAACGAA,1
TATGTGCTACCTTCTC,1
TATGTGCTCCCATGTT,1
TATGTTCATACCAATA,1
TATGTTCTGCAGTGAT,1
TATGTTTGTATAATTA,1
TATTAAAAGGTAGCGT,1
TATTAAACCCGCCGAT,1
TATTAAAGGCGAATAC,1
TATTAAATCCATGTCT,1
TATTAATAATAGCCCT,1
TATTACAATTAAGTTG,1
TATTACGAGCCAATTT,1
TATTACGCACCCAAGA,1
TATTACGGACCCACTA,1
TATTACTAATACTCTG,1
TATTACTCCGAAAAAA,1
TATTACTTTATAATTG,1
TATTAGAAAATATTAC,1
TATTAGCAAACTGTCG,1
TATTAGCACATAAGTC,1
TATTAGCGGAGTTGGC,1
TATTAGGCGTTAGATC,1
TATTAGGGTATTACGT,1
TATTATATCATGCCCT,1
TATTATCAATTACATC,1
TATTATCGTAACAACA,1
TATTATGCAAGAGTAA,1
TATTATTATAAAGTCT,1
TATTCAAATCTACAGC,1
TATTCAACACGTCACT,1
TATTCAATGACTTGAA,1
TATTCAATTTAATATG,1
TATTCACACACAACTC,1
TATTCAGTCACTCTTG,1
TATTCAGTTGGCAAAA,1
TATTCATAATTCCAAT,1
TATTCCAAATTAGCCG,1
TATTCCACGCTAAACG,1
TATTCCCTAATTCAAT,1
TATTCGAGCGAATCAA,1
TATTCGCACAAATATG,1
TATTCTAAGACTAACA,1
TATTCTCCGTGCGAGA,1
TATTCTCGGTAAATCT,1
TATTCTGATTAAACTC,1
TATTCTTGATAAATTA,1
TATTGAACCGAGACGG,1
TATTGAATGTACAACG,1
TATTGACATAATGAAC,1
TATTGACCGAATGTAG,1
TATTGAGATCGTAACA,1
TATTGAGCTACTGCTC,1
TATTGATAATCCAAGT,1
TATTGATCTAAAACAA,1
TATTGCAAAAAACCTA,1
TATTGCAAACCATGCG,1
TATTGGGCAACCCGCA,1
TATTGTAAAACCCAGC,1
TATTGTATCCCGGGCT,1
TATTTAAACCAAATTA,1
TATTTAAGAACTGACT,1
TATTTACATTTGGAGG,1
TATTTACCCAAAGATC,1
TATTTAGAGGCAGGAA,1
TATTTAGCACATATGA,1
TATTTAGGGACATATT,1
TATTTAGTAGATGTTC,1
TATTTATCGTACCTTC,1
TATTTCATTTATCAAG,1
TATTTCCGACCATCCA,1
TATTTCGAATTAAAAT,1
TATTTCGTACAACCGA,1
TATTTCGTATTCGGCA,1
TATTTCTTGTACAAGA,1
TATTTGGCTGAAAACA,1
TATTTTGTTTCTGCAG,1
TATTTTTAGCACGGAA,1
TATTTTTATACATATT,1
TCAAAAACGCAATAAT,1
TCAAAAAGATAGTTAG,1
TCAAAAATCGATCACC,1
TCAAAACCTAGTGTAA,1
TCAAAAGCTGGTACCC,1
TCAAAAGTAACTACGG,1
TCAAAATACACGACAA,1
TCAAAATCAAGATGCA,1
TCAAAATCACCGTCAT,1
TCAAAATCATAATAGT,1
TCAAAATGCCAGACAA,1
TCAAAATTAGACTGAA,1
TCAAACAAACGGTATA,1
TCAAACACAGATATAG,1
TCAAACCGACCATACA,1
TCAAACCTTTAACTGG,1
TCAAACGCGCATAGAC,1
TCAAAGACCACCAGCA,1
TCAAAGACGATTCCCT,1
TCAAAGCAACAGATGT,1
TCAAAGCCGAAATTTA,1
TCAAAGCGCACTATAT,1
TCAAAGCGTAGGACTT,1
TCAAAGCTAATCTAGG,1
TCAAAGTATTAGTCAC,1
TCAAAGTTCGAGGCCT,1
TCAAAGTTCGCCTGAA,1
TCAAATAAACAACAGT,1
TCAAATACAGCTATAG,1
TCAAATAGCTCCACCG,1
TCAAATAGTATCCGAA,1
TCAAATCCTCGCGATT,1
TCAAATGAATGACAAT,1
TCAAATGGACTTGGAG,1
TCAAATGGCTAAAATA,1
TCAAATTATAGCGCAC,1
TCAAATTGGATACAAT,1
TCAAATTTCGCGCTAC,1
TCAACAAAAAAAACTA,1
TCAACAATAGAACATG,1
TCAACAATCTTGGTAA,1
TCAACAATCTTTACTC,1
TCAACACCAAACTACA,1
TCAACACGACCGCAAG,1
TCAACACGATACTTAC,1
TCAACACTGTTAATCG,1
TCAACATCATCTCACA,1
TCAACATGCAGTCATA,1
TCAACCATATCCTCCG,1
TCAACCCATAGGACCT,1
TCAACCCATTTTTACA,1
TCAACCGAATAGTACA,1
TCAACGCTCCCCATCT,1
TCAACGTATTAGAAGT,1
TCAACGTTTCGTTTGA,1
TCAACTAATAAAACTT,1
TCAACTATGTAAGACG,1
TCAACTCAACCTAATA,1
TCAACTCCAACTCGGC,1
TCAACTCCAGGTCTAT,1
TCAACTCTAGACGGTC,1
TCAACTGAATGAACGA,1
TCAACTGAGCTGTAAA,1
TCAACTGTATTTGAAG,1
TCAACTTACACCATGT,1
TCAACTTAGGCAAGAA,1
TCAACTTTTCTTATTC,1
TCAAGAAACATTTTTC,1
TCAAGAATCAAACCCA,1
TCAAGAGATCCCACAG,1
TCAAGAGTGAGATACA,1
TCAAGATTATCAGCCC,1
TCAAGATTCTGAGCCC,1
TCAAGCAAGGACCTAT,1
TCAAGCACGCCAATTC,1
TCAAGCGCCCTTAATA,1
TCAAGGACATGAGCAA,1
TCAAGGTAGATTGCCA,1
TCAAGTAAAATACCAC,1
TCAAGTCCCAATAAGG,1
TCAAGTGTTCACGGTC,1
TCAATAAAACAAAAAC,1
TCAATAATCGACACTC,1
TCAATAATTGAGTGAA,1
TCAATACCAAACATAA,1
TCAATACGGTGATATA,1
TCAATATAATTCGCAA,1
TCAATATCACACAAGT,1
TCAATCACAGTCTGGC,1
TCAATCACGACCACTG,1
TCAATCTGGTTAATTT,1
TCAATGCAGCTGTTCT,1
TCAATTAAGACTGACC,1
TCAATTTCAATTCGAT,1
TCAATTTTCGAGAGCC,1
TCACAAAATGTGCTGA,1
TCACAAAATTGCCTAG,1
TCACAAACATCTCATA,1
TCACAACCACGCCAAA,1
TCACAAGCGCATGGCC,1
TCACAAGGGAGAAAGC,1
TCACAATATCGACTCA,1
TCACAATCGTAACAAT,1
TCACAATGCAGTACCA,1
TCACAATGCTGTAAGC,1
TCACAATGTCTTTACA,1
TCACACAAGACCTAAC,1
TCACACAAGCGTAGGG,1
TCACACCACGACCTGG,1
TCACACCCAACCTGGA,1
TCACACCCATGGGATG,1
TCACACCCCTTGCACA,1
TCACACCTAAGAAAAA,1
TCACACGATGATAGCG,1
TCACACGGGCAAAAAA,1
TCACACTACAATCCAA,1
TCACACTACGACTGTC,1
TCACACTCAAATAAAA,1
TCACACTTATCAACGA,1
TCACAGAAACATTGTT,1
TCACAGAGTGTTCAAG,1
TCACAGATGATCCCAC,1
TCACAGTATGGGAGAC,1
TCACATAACCACAACC,1
TCACATACGCCTTATT,1
TCACATATCATCAAAC,1
TCACATATCCTTTGCT,1
TCACATATTTCGAATC,1
TCACATGTGCGGACGA,1
TCACATTTGGTTATTA,1
TCACCAAAGAGTAGTT,1
TCACCAAATATATTTT,1
TCACCAACCAAACCAT,1
TCACCAACGCATGCCT,1
TCACCAATAACCCTTA,1
TCACCACCATACTATA,1
TCACCAGAGAAAATAC,1
TCACCATTGAAACACC,1
TCACCCACATACCACC,1
TCACCCACTAGTGATA,1
TCACCCAGCCAAAATT,1
TCACCCCTCTCCCGCC,1
TCACCCGGCAGGACTA,1
TCACCCTCCACTAAAA,1
TCACCCTGACGGTCCT,1
TCACCCTGTTTTGAAC,1
TCACCGAGAACCCTCA,1
TCACCGGTACAACGAG,1
TCACCTAAATAGTGCA,1
TCACCTAACAAAGTAG,1
TCACCTAATTTCTAAG,1
TCACCTCATCTAGCTC,1
TCACCTCCAAGAGTAG,1
TCACCTGGTAGCACAG,1
TCACGACAAGCAGAGT,1
TCACGAGTCCAACCTG,1
TCACGATAATTAAAGA,1
TCACGATTTAGATACT,1
TCACGCAAATAACTGC,1
TCACGCCTAGAAAAAA,1
TCACGCTATGACCGGG,1
TCACGGAAGACACGTT,1
TCACGGAATACCCCTG,1
TCACGGACCGATAACT,1
TCACGTACGCTGGCTA,1
TCACGTATAACGGGCA,1
TCACTAACGAATTAAA,1
TCACTAATCGCTGCGA,1
TCACTAGATGCCTTGG,1
TCACTAGGCTATAACA,1
TCACTATTTTCGCTAA,1
TCACTCTTGCTACAAT,1
TCACTTAAAGTTCCAT,1
TCACTTAAATACATCA,1
TCACTTAAGCAACTCT,1
TCACTTAAGTCTAAGC,1
TCACTTCAAACACACC,1
TCACTTCAAGTGAGTC,1
TCACTTTAGCCGAGAC,1
TCACTTTTCCCATACG,1
TCAGAAAACAATGACC,1
TCAGAAATAATGTCTC,1
TCAGAAATATAGGCTA,1
TCAGAACATATACCTG,1
TCAGAACGTATCCGGT,1
TCAGAAGCCTCCGGTC,1
TCAGAATAAAAAGTAA,1
TCAGAATAAACGCGGT,1
TCAGAATACAGACTTC,1
TCAGAATTCCTCTATG,1
TCAGACAAACATTACA,1
TCAGACCAGTACATTG,1
TCAGACGGAGATACAC,1
TCAGAGACTAATTTGT,1
TCAGAGTAAACCAACA,1
TCAGATATGTCCATTT,1
TCAGATCAAAAAACTA,1
TCAGATCGGGGATTTA,1
TCAGCAGTTTTGGTAG,1
TCAGCATCATAATCCA,1
TCAGCATCCATCACAC,1
TCAGCCCGAAAGCGCC,1
TCAGCCTAATACACCC,1
TCAGCGACTAAAAGTA,1
TCAGCTAAATTGAACT,1
TCAGCTGCAAAAAGAA,1
TCAGCTGCGATTCCGT,1
TCAGGAAGCAAACACA,1
TCAGGCAAGTCAGATG,1
TCAGGGACACGCTGAT,1
TCAGGGCAGACGAGGC,1
TCAGGGCTGTAAGGCT,1
TCAGGTATACGCTGAT,1
TCAGGTCCTGCGAGCG,1
TCAGGTCGTAACAGAG,1
TCAGGTTACGACGGAG,1
TCAGGTTATTAGCACT,1
TCAGTAATGGGGTCTA,1
TCAGTAATTCGTGAAA,1
TCAGTACGACAAACCC,1
TCAGTACTAATCTAGG,1
TCAGTAGTAAGTTTTA,1
TCAGTATAATGTAACC,1
TCAGTATATAGTCAAA,1
TCAGTCGAATCAAAGA,1
TCAGTCTGCGGGGTAG,1
TCAGTCTTATGGAGAT,1
TCAGTGCAGGATAATT,1
TCAGTGCCTAAAGTAC,1
TCAGTGTCTATATTGA,1
TCAGTTCCCCCATTTG,1
TCAGTTCTTACGCTAA,1
TCATAAAAACACCCCT,1
TCATAAAAGAGAAATA,1
TCATAAACCTATACAC,1
TCATAAAGATGGATGG,1
TCATAAATGCGCCAGA,1
TCATAAATTTAAGACC,1
TCATAACGCATTGTAA,1
TCATAATAATCTGGCG,1
TCATAATACCCCAGTT,1
TCATAATAGCATAAGC,1
TCATACACATCACCAT,1
TCATACAGCTGCCAAG,1
TCATACCCCCACAATC,1
TCATACCCCGACTATA,1
TCATACGGACTAGTTC,1
TCATACTGAGTTGCCA,1
TCATAGCATTAAACAA,1
TCATAGCTGGACCCTT,1
TCATAGGCATACGGAG,1
TCATATAAAAAAGAAC,1
TCATATACTCCAATAT,1
TCATATCTTCTAACTG,1
TCATATTTCCCAGCTT,1
TCATCAAAACTAAGCT,1
TCATCAAATGAAAATC,1
TCATCAACGCTTACCA,1
TCATCAAGGACGCCAA,1
TCATCAATTTACGGTA,1
TCATCACACCAAATCA,1
TCATCACAGTTTGCTT,1
TCATCACGCATCAATA,1
TCATCCAAACACTTAG,1
TCATCCCACGTAATCT,1
TCATCCTCAGAGTTTA,1
TCATCGAAAAAGCGAT,1
TCATCGAAACACCTAT,1
TCATCGGGGATGCGTG,1
TCATCGTCGAAAAATA,1
TCATCTAGTTGTACAA,1
TCATCTGCTTCTTAAA,1
TCATCTGTATCAGTTC,1
TCATCTTCGTATCCAA,1
TCATCTTTACTTTAAT,1
TCATCTTTCACATGGA,1
TCATGACATGCAACTT,1
TCATGAGAAAACAACA,1
TCATGATAAGGGTCAA,1
TCATGATAGAGGCGGC,1
TCATGATAGGAATTGC,1
TCATGATTCGTTTTGT,1
TCATGCACTAATGCTC,1
TCATGCTTATGCATGG,1
TCATGGTAGACGCCTT,1
TCATGGTAGCTATCCC,1
TCATGGTCTGTATCCC,1
TCATGTAAAGCCTGAT,1
TCATGTATCTAAACCA,1
TCATGTCACTATCAGT,1
TCATTAAATATAAATA,1
TCATTAAGGCTAGCCG,1
TCATTACCATACAAAA,1
TCATTATAATAGAAAC,1
TCATTATCACATATCA,1
TCATTATGTAACATCA,1
TCATTCGAAACAAGCT,1
TCATTCTATGACTAGA,1
TCATTCTTTACCCCCA,1
TCATTGACTGTAAAAC,1
TCATTGATCCATGAAA,1
TCATTGATTTCTGAAC,1
TCATTGGAAACATAGA,1
TCATTTAAAAGGGGCT,1
TCATTTAAACACCCTA,1
TCATTTCGAAGAGCGG,1
TCATTTGGATGAACCC,1
TCATTTTAACCGATCA,1
TCCAAAAAAACAGCCC,1
TCCAAAAACTCCACAA,1
TCCAAAACTGAGCGTA,1
TCCAAAACTGGAAAAC,1
TCCAAAATTGAGAATA,1
TCCAAACGCAACTGTT,1
TCCAACAATAGCTTAA,1
TCCAACAGTTTAAGAA,1
TCCAACCACCCTGAAA,1
TCCAACCGAGTATGAA,1
TCCAACCTGCGCTAGA,1
TCCAACGGACTAGTAT,1
TCCAACGGTCACCTCT,1
TCCAACTAGCCGTAGA,1
TCCAACTAGGCGTACA,1
TCCAACTATGCCGAGA,1
TCCAAGAACGTAAGAT,1
TCCAAGAAGAGGTGAA,1
TCCAAGACTTTTCCTT,1
TCCAATAAATTTATAC,1
TCCAATATCACGAAAC,1
TCCAATCAATCACATC,1
TCCAATGCACAGAAAA,1
TCCAATTGACTAACCT,1
TCCAATTTGAAACTCC,1
TCCACAGATAAGAATG,1
TCCACAGCTGCCGGGA,1
TCCACATAAACCTGCA,1
TCCACCCCGCAAGACT,1
TCCACCGAACTCCTCC,1
TCCACCTACAAACTCC,1
TCCACCTCTCACTACA,1
TCCACCTGGGATATCC,1
TCCACGTATCGATAAA,1
TCCACGTGCTCACGGA,1
TCCACGTGTTCTACTC,1
TCCACGTTTCAAGAAA,1
TCCACTAGACCAAACT,1
TCCACTCGTAGTTTTG,1
TCCACTGAGCCCGAAA,1
TCCACTTAAACCTGCT,1
TCCAGAACAATGAACA,1
TCCAGAAGGAGCTAAC,1
TCCAGAATTTAAAAAG,1
TCCAGACAGCCTATCC,1
TCCAGACATATCGTAT,1
TCCAGATACCTGCCCA,1
TCCAGCAGAGCCCACG,1
TCCAGCAGGACACAAA,1
TCCAGCCATTGGTAAT,1
TCCAGGAATTGGCAAT,1
TCCAGGCATCCATTTA,1
TCCAGGGGAAGCCCGC,1
TCCAGTACCACCCAAA,1
TCCAGTACTTCTTACA,1
TCCATAAACCGACGCG,1
TCCATAAGCAAGGTTA,1
TCCATAATCCGTCATG,1
TCCATACAAGTTGCCA,1
TCCATACCAACAGAGC,1
TCCATATGAGGCTTAA,1
TCCATATTTACATATT,1
TCCATCAAACAAGGCA,1
TCCATCAAGTCGCTGG,1
TCCATCGTATTTACAG,1
TCCATGCGAACGAAGG,1
TCCATTACTGTTTCAT,1
TCCATTGTAATAATGA,1
TCCATTTACTAAACAT,1
TCCATTTTCCCTGAAG,1
TCCCAACACCGGAACT,1
TCCCAAGGCAAAAAAC,1
TCCCAATCTCACGGCC,1
TCCCAATTCCATTGAC,1
TCCCACCAAGTTCGAG,1
TCCCATAAATAAATAA,1
TCCCATTCCTAACATA,1
TCCCCAATTACAGTAA,1
TCCCCAGAGACAGAAG,1
TCCCCCAACATGTGTT,1
TCCCCGACAAGTAAGA,1
TCCCCGACTACAGAAC,1
TCCCCGCCCCTTATTG,1
TCCCCTACGCCTGTAA,1
TCCCCTGCGCTGATAT,1
TCCCGAATAGGAACCA,1
TCCCGAGACACGACGC,1
TCCCGAGTGACCAACC,1
TCCCGCCTTTAGCAAG,1
TCCCGCTCACGCTAAG,1
TCCCGGCAATGCATGC,1
TCCCGGCGCCGTAAAT,1
TCCCGGTCCATACTGG,1
TCCCGTTCCTTAACAA,1
TCCCTAAAACACACCA,1
TCCCTAACCCAGAGTG,1
TCCCTAATTCAAGAAT,1
TCCCTACAAGCATGAT,1
TCCCTACGTGTGACAA,1
TCCCTACTTAAATACA,1
TCCCTATCCGCCACCT,1
TCCCTATGGTGTGGTT,1
TCCCTATTAATGAAGG,1
TCCCTCATCCACCCCA,1
TCCCTCGACAAGCGCA,1
TCCCTGCAAATCTTAT,1
TCCCTGTTACACTTAT,1
TCCCTTGTAGAACGGT,1
TCCCTTTCTAACCGTG,1
TCCGAAACAATCAGTT,1
TCCGAAACTAGCATTC,1
TCCGAACCACACTCAT,1
TCCGAAGAATCACACG,1
TCCGAAGATGATACCG,1
TCCGACCTTTGCCCGT,1
TCCGACTGCTGCACTT,1
TCCGAGAAGGACTTGC,1
TCCGAGCCCTCTATAA,1
TCCGAGTACATTCCCT,1
TCCGAGTAGATATAAC,1
TCCGATGACCGGTAAA,1
TCCGATTAGGAACGCT,1
TCCGCACGGTAGCCTG,1
TCCGCCAAGCGGAAAA,1
TCCGCCATGATGGAAA,1
TCCGCCCAAAAAATAG,1
TCCGCCCCAACAGGCA,1
TCCGCGACATGTACAG,1
TCCGCGGACCTTATAG,1
TCCGCGGTCTGCAATC,1
TCCGCTCGAAACCCGA,1
TCCGCTGCGTAATTAA,1
TCCGCTTAATTAATAC,1
TCCGGAACACTAATTC,1
TCCGGAACGTAGTGAC,1
TCCGGAGCACTACTTG,1
TCCGGCACAGAGCTTG,1
TCCGGCACTCTAATAG,1
TCCGGCCGCACAAAAA,1
TCCGGCGATTGCTCCG,1
TCCGGCTCGAAGAGTA,1
TCCGGCTGCAACGAAA,1
TCCGGTAGCTTTGAGC,1
TCCGGTATCCATCTGA,1
TCCGTAACATAACCAA,1
TCCGTAGAAAAATACA,1
TCCGTAGGTATTACTC,1
TCCGTCAGCGTAATTA,1
TCCGTCTAAACAAAAG,1
TCCGTTCCACTCTAGA,1
TCCTAAAAAGGAAAGT,1
TCCTAAAAATTTCTTC,1
TCCTAAGATTACTACA,1
TCCTAAGCTACTATCG,1
TCCTAATACATGCTAA,1
TCCTAATGGACGTGGG,1
TCCTACAAGAACTCCT,1
TCCTACACCAACATTA,1
TCCTACCTGATGGCTA,1
TCCTACGAATACCGTT,1
TCCTACGTACAGAGAA,1
TCCTAGAATGTATGGG,1
TCCTAGACTGTGCTCG,1
TCCTAGATGAATTTTC,1
TCCTAGTGCTAGTTAA,1
TCCTATACTCGGATAA,1
TCCTATAGAGTTGCAA,1
TCCTATGGTCACTTTC,1
TCCTCAACACTCTGGA,1
TCCTCACAAATAGGGC,1
TCCTCAGACTTAACAC,1
TCCTCCATACCACATA,1
TCCTCCTATGTGAACT,1
TCCTCCTTGGATGACG,1
TCCTCGGTACCTTATA,1
TCCTCGTAACCAGGCC,1
TCCTCTCAAAATGACC,1
TCCTCTCAGGCAGATT,1
TCCTCTGATTAATCAA,1
TCCTCTTGGTGCGATG,1
TCCTGAAACACCGGAC,1
TCCTGAAGTGTTAGCA,1
TCCTGAGCCGCAGATA,1
TCCTGATGAAACACAT,1
TCCTGCACATGTCCGA,1
TCCTGCGGCCTTCCTT,1
TCCTGGAAACTGATAA,1
TCCTGGCAACTTAATA,1
TCCTGGGTGTACTGAC,1
TCCTGGTACAAACAGC,1
TCCTGGTTTAACCTTA,1
TCCTTAAAAAGAACAT,1
TCCTTAACATAATCTA,1
TCCTTATATTCGGATA,1
TCCTTGACTATCTAAC,1
TCCTTGCATAAGTATA,1
TCCTTGCCATGCTTCT,1
TCCTTTAACGTTAGCA,1
TCGAAAACAACATGAC,1
TCGAAAATATAAGAGT,1
TCGAAAATCGCGGCTA,1
TCGAAACTAAACAATC,1
TCGAAACTACAAACAT,1
TCGAAACTTAACAATT,1
TCGAAAGCTGTTAGCC,1
TCGAAAGGCGAGTGGT,1
TCGAACACCTGATACT,1
TCGAACACTCAGTGGA,1
TCGAACATAACGACTC,1
TCGAACATTCCATGTT,1
TCGAACCATAAACCGT,1
TCGAACTAAGATGTCA,1
TCGAAGAGTCCTGACG,1
TCGAAGCAAGTCAAAG,1
TCGAAGGCTGCCGATC,1
TCGAAGGTGACCCTCT,1
TCGAAGTAGACAGTGA,1
TCGAATTGCCCGTAAT,1
TCGAATTTTACTTTCC,1
TCGACAACAATCCGTA,1
TCGACAGACAAGAAAG,1
TCGACAGCAAACACTC,1
TCGACATCCATCTTGA,1
TCGACCACAATGACGT,1
TCGACCAGGAAACCAC,1
TCGACCATTGAAATCC,1
TCGACCTATGAGGAGA,1
TCGACGCATACACAAC,1
TCGACGCCAAACAGAT,1
TCGACGTATACTTTAG,1
TCGACTTATGGAGACG,1
TCGAGAAACACCGTTA,1
TCGAGAAGTGGTAGAA,1
TCGAGAATTCCACGAA,1
TCGAGACGGGATTACG,1
TCGAGAGCCTTAATGC,1
TCGAGCACAGTCAACT,1
TCGAGCACAGTCAATT,1
TCGAGCCACCTGCTTG,1
TCGAGCTAAAACATCA,1
TCGAGCTTTAAGCGTT,1
TCGAGGGACTGCAGTG,1
TCGAGGTAACCCAGTG,1
TCGAGTTTTACCTACA,1
TCGATACAGCATAATA,1
TCGATATGATCACAGC,1
TCGATCAGTTACTCAC,1
TCGATCTTATAAACAA,1
TCGATGATGAGTAGCG,1
TCGATGGAACCGGAGC,1
TCGATGTCTATGGTGC,1
TCGATGTTCTAATCAC,1
TCGATTAAAAGAACTC,1
TCGATTTACCAGGGGT,1
TCGCAAAAACGTTCAG,1
TCGCAAAACGACGTCA,1
TCGCAAATTTGCTCAA,1
TCGCAATCAACAACGA,1
TCGCAATCTCCTGACA,1
TCGCAATTTCATAAAA,1
TCGCACAAAACACGGC,1
TCGCACTATCGTATAA,1
TCGCACTATGTTCAAC,1
TCGCACTGCTATGCGC,1
TCGCACTTATTAATAT,1
TCGCAGAGAGAAGGTG,1
TCGCATGTACTCCGTG,1
TCGCATTCATAAGTTA,1
TCGCCAGAATCCCTAC,1
TCGCCCAAAAACTCAG,1
TCGCCGTACGAAACAA,1
TCGCCTCATACCGAGG,1
TCGCCTGTACAGGTGG,1
TCGCGAAGAGAATAGT,1
TCGCGAGTATAGTCCA,1
TCGCGCACGTAGTTAG,1
TCGCGCGTAAATTGAG,1
TCGCTAACTCTATGAA,1
TCGCTACGACCAATAC,1
TCGCTAGTACCCGAAC,1
TCGCTATTCTGCAATA,1
TCGCTCAACGAAAACA,1
TCGCTCATCAAAATGA,1
TCGCTCCAACACGGTC,1
TCGCTGATTGTATGGA,1
TCGCTGCAACAGCATC,1
TCGCTTACATAGGTTA,1
TCGCTTACGCCGAATA,1
TCGCTTTCCGTGTTAA,1
TCGGAAACAACGCAAC,1
TCGGACATGGAGCATA,1
TCGGAGAAATTTCACG,1
TCGGATAACTATGTCC,1
TCGGATATAAAGGACT,1
TCGGCAAAGCAATTAA,1
TCGGCATAAAACGAGA,1
TCGGCCTCTAATGTAT,1
TCGGCGACGTTAAGTG,1
TCGGCTATTTAGATAC,1
TCGGCTCACTAAGAGT,1
TCGGCTCCAGGGTAAC,1
TCGGCTTATGACAGCA,1
TCGGGACAAGTTGCAC,1
TCGGGACCCAACCTGC,1
TCGGGATCGACTGGTT,1
TCGGGCAAAGTCTCTA,1
TCGGGCGGAGCCACAC,1
TCGGGGCAACCAGCTG,1
TCGGGGGGTATGGAAC,1
TCGGGTCACTAAATCA,1
TCGGTACAATTTGTAT,1
TCGGTACACAACACTA,1
TCGGTGAACAGAACAT,1
TCGGTTAAACAACATT,1
TCGGTTAAACAATCCG,1
TCGGTTAGTAAGCCCT,1
TCGGTTTAACGAGAGG,1
TCGTAAGAGCTTTTAC,1
TCGTACACTTCGATAC,1
TCGTACATACTTAGGA,1
TCGTACGCGTGAAGGA,1
TCGTACGTATCGACGT,1
TCGTACTCTCGACATT,1
TCGTAGCAGAACCTAA,1
TCGTAGCCACAAACAT,1
TCGTAGTAGAATCTAA,1
TCGTATAGTAAGTAAA,1
TCGTATTGACAATATC,1
TCGTCCAGAGATCCTT,1
TCGTCCCAAATATTTA,1
TCGTCCTACCCAGGTC,1
TCGTCCTGAAGTGTTA,1
TCGTCGACAATGTTCG,1
TCGTCTCGACAACTAC,1
TCGTTAGACAAGGGGA,1
TCGTTAGAGGCGACCG,1
TCGTTCAGATCAGAAC,1
TCGTTGAAAGTCAAAA,1
TCGTTGACTCTAGTTC,1
TCGTTGATGGATCACG,1
TCGTTTCTCCCAGAAC,1
TCGTTTGCACGGATCA,1
TCGTTTTAGGATGATG,1
TCGTTTTGCGTGACGG,1
TCTAAAAACCCAAAAA,1
TCTAAAAAGAAGTAAC,1
TCTAAAACCGGGACCG,1
TCTAAAAGATTCTACC,1
TCTAAAAGCAGAAAGG,1
TCTAAAAGCAGAATTT,1
TCTAAAAGCGCCCATA,1
TCTAAAATACATTACC,1
TCTAAAATCATTCAAA,1
TCTAAAGTGATACACA,1
TCTAAATAAGGATTAC,1
TCTAAATGAAGTCCAA,1
TCTAAATGCAGATTAC,1
TCTAACCGGATGTAAT,1
TCTAACGGCAGAGAGG,1
TCTAACTAAACTGAAA,1
TCTAACTAAGTAAACT,1
TCTAACTTAAATAATC,1
TCTAAGAAAAAGGAAT,1
TCTAAGACGAATAATA,1
TCTAAGATAAGTCGAA,1
TCTAAGCCTGTGCTAT,1
TCTAAGCGGTATATCA,1
TCTAAGTAGCCTGAGC,1
TCTAATAAGGCGTAAA,1
TCTAATACCAGACCAG,1
TCTAATAGGGTTACGC,1
TCTAATCATAATAATA,1
TCTAATGAGTTTAAAC,1
TCTAATGCAACACGCC,1
TCTAATGCTAAACTGG,1
TCTAATTGGATGTAAA,1
TCTAATTGTTACACGA,1
TCTACAAAGTCACACA,1
TCTACAAGCTATAATA,1
TCTACAATAACCTTAG,1
TCTACAGCTGATGCTG,1
TCTACATATAGTATTA,1
TCTACCACTTTAGCAA,1
TCTACCTGGAAAACGG,1
TCTACGACTCTCCACA,1
TCTACGAGATTCGCCA,1
TCTACGCAACATAACT,1
TCTACGTATTGTGAGG,1
TCTACTAATTGGAACC,1
TCTACTCAAATGGATT,1
TCTACTTAAAAAAAAA,1
TCTACTTAAACACTAG,1
TCTACTTTTTTATCTT,1
TCTAGAAACCCTGATA,1
TCTAGACCCACGTCAC,1
TCTAGAGAGTCCACAA,1
TCTAGATGACACCATA,1
TCTAGATTCAGTGACA,1
TCTAGATTCCACACTT,1
TCTAGCCGTTACTGGA,1
TCTAGCGACCGAAACA,1
TCTAGCTGGCTGAGAA,1
TCTAGGATCCGACCGT,1
TCTAGGATGGCCACCA,1
TCTAGGCATGTCCTTT,1
TCTAGGCCACCCTACG,1
TCTAGGCTATAATTCC,1
TCTAGGGACCGAAACA,1
TCTAGGTAGTAAAAAC,1
TCTAGGTGAAAGACAC,1
TCTAGTACAAATCGCT,1
TCTAGTATGATGTTGT,1
TCTAGTCACTTTACGC,1
TCTAGTCATTAACTAC,1
TCTAGTCCACCATCTC,1
TCTAGTGACTACCGTG,1
TCTATAACTTGGCAAA,1
TCTATAATCTAAATAA,1
TCTATAATGTGGTCAC,1
TCTATACCTTATGATC,1
TCTATACTTGGTCCCC,1
TCTATAGCCCACCCCG,1
TCTATAGGTAAAAGTG,1
TCTATATTTTGCCTGA,1
TCTATCAAAGACCCTA,1
TCTATCACAGGCTATA,1
TCTATCATAGTTATCT,1
TCTATCCACCCATAAA,1
TCTATCCATGTAGCAT,1
TCTATCTGAGACAAAA,1
TCTATGCCGAGATAAT,1
TCTATGGGACAGGAAT,1
TCTATTACCCACAATT,1
TCTATTGCGAGTAGTA,1
TCTATTGTTACAATAT,1
TCTATTTCCTTTGTTA,1
TCTCAAAATGCTACAT,1
TCTCAAATCGCCGTGA,1
TCTCAACAAGGATCGA,1
TCTCAACGTACACTAA,1
TCTCAAGAAACACCAG,1
TCTCAAGCATACTCTA,1
TCTCAATAATTTCATT,1
TCTCAATGATAATATA,1
TCTCACAAGAGGGTCG,1
TCTCACATGTTCTCGT,1
TCTCACCACATAGAGG,1
TCTCACCTAGAAACGA,1
TCTCATAAATGATCCG,1
TCTCATACAAAGATCC,1
TCTCATCAGCAGTCAT,1
TCTCATGCAAAAAATA,1
TCTCATGCGCTGTCGT,1
TCTCATTATAAGTTAC,1
TCTCATTGTACAGTAC,1
TCTCCAAGAATACTCC,1
TCTCCAGCGGGAATAA,1
TCTCCCCTAACGATAA,1
TCTCCCTATGCAATAC,1
TCTCCCTTATATACAA,1
TCTCCGAATACTATAG,1
TCTCCTAAGGTAGGAC,1
TCTCCTAGAACTTTCA,1
TCTCCTCAGCGGGCCC,1
TCTCGAAATCAAGATC,1
TCTCGAAATTCCGTAC,1
TCTCGACACGACAGGC,1
TCTCGATTATTAAGAA,1
TCTCGGTCCTAACGAA,1
TCTCGTCATCTTACAC,1
TCTCGTCCAGGTTGTG,1
TCTCGTTCTAAACGAA,1
TCTCGTTGACTAAATC,1
TCTCTAATTAAAAACG,1
TCTCTACAAAAAAGAC,1
TCTCTATTCGCATGTC,1
TCTCTCAAAAACCTTT,1
TCTCTCATGACCATGG,1
TCTCTCCCGAGATATG,1
TCTCTCCGTACACACT,1
TCTCTTAAACATTTGG,1
TCTGAAAAAGCTCCGA,1
TCTGAAATACGTGGGA,1
TCTGAACCGTGAAAGG,1
TCTGAACGGACGTGTG,1
TCTGAAGCTAGGTATA,1
TCTGAAGTAGACGCCA,1
TCTGAAGTGGAGAGTA,1
TCTGAATATCATAATA,1
TCTGAATTGAGTATCT,1
TCTGACAAAGTCACCG,1
TCTGACACCCGCTGTC,1
TCTGACACGGGACTAC,1
TCTGACCAAAACTAAC,1
TCTGACCATAATCCTA,1
TCTGAGGTAGATGCAG,1
TCTGATAAATAATATA,1
TCTGATAAGACCCCAA,1
TCTGATCTCAAAGAAA,1
TCTGATCTTTGTGACT,1
TCTGATTACTAATCCT,1
TCTGATTATGAGATCG,1
TCTGCAATTACCTACA,1
TCTGCACAAACTATCC,1
TCTGCGCAGTAAGAAT,1
TCTGCGGTTAATCGAA,1
TCTGCTGCCCACAATT,1
TCTGCTGGGCACCTTG,1
TCTGGACAACCACACG,1
TCTGGACTCATGTAGC,1
TCTGGCAAACGTCCTA,1
TCTGGCTCATAGGTGC,1
TCTGGGTCTAGTAGCC,1
TCTGGTACTGATGACT,1
TCTGGTTAACAATAAT,1
TCTGGTTAGTGATTCG,1
TCTGGTTTAACAAAAG,1
TCTGTACTCGTAAGAT,1
TCTGTCCCTCTAAAGC,1
TCTGTCGTCCACGGGA,1
TCTGTCTAATAGGAAC,1
TCTGTCTGGTCCTTTA,1
TCTGTTCTCCTGCCGC,1
TCTGTTTTACTCTGAG,1
TCTTAAAATAATTACA,1
TCTTAAATACAGAAAG,1
TCTTAAATCTAGCCTA,1
TCTTAACAATTGTTCA,1
TCTTAACAGATCTCTC,1
TCTTAACTACTTGATA,1
TCTTAAGCGGTGATCG,1
TCTTAAGGGTTATGTA,1
TCTTAATTGCTGAAAA,1
TCTTACATTAAATAGA,1
TCTTACCCTTCCCCTG,1
TCTTACCTTAGCACCA,1
TCTTACGGCTAAAGTA,1
TCTTAGACGAATTAAA,1
TCTTAGACTCATTAGT,1
TCTTAGTAGATACCTC,1
TCTTATAAGAAGTCTA,1
TCTTATACTAGAAACC,1
TCTTATCAGCATAAAT,1
TCTTATCATATGGTAC,1
TCTTATCGGACCGACA,1
TCTTATGCATAAATAC,1
TCTTATTTCAATGTAA,1
TCTTCAATATAACAAA,1
TCTTCACACAGATACT,1
TCTTCATCTCTTCTTT,1
TCTTCCTCACTTGCGA,1
TCTTGAAAAATCAACT,1
TCTTGAAAACGCTACA,1
TCTTGAGTGAACTAAT,1
TCTTGATCAGCCGTAG,1
TCTTGATGTCCGAAAT,1
TCTTGCAACATATCCC,1
TCTTGCCTTGACTCTA,1
TCTTGGCCGTGGCTTG,1
TCTTGGTACTGCATAG,1
TCTTGTCAACAAGTAT,1
TCTTGTTACAAAGACC,1
TCTTTAAAACTCTTCA,1
TCTTTACTACGAATTC,1
TCTTTCTTCACTAAGT,1
TCTTTGATTGGCAATT,1
TCTTTTTGGAAACGGC,1
TGAAAAAAACCCAGCG,1
TGAAAAATAGATAGAA,1
TGAAAAATCTGTCAAA,1
TGAAAAATTACTGATA,1
TGAAAAATTGTTGCAA,1
TGAAAACTATCGTATT,1
TGAAAAGAACATCGCT,1
TGAAAAGACTGACAGG,1
TGAAAAGAGTGTGCAA,1
TGAAAATACACGGTGC,1
TGAAACAACTCACACT,1
TGAAACACGAGACAAA,1
TGAAACAGATTTAAAC,1
TGAAACGGGTCCAACA,1
TGAAACTATAACACCT,1
TGAAACTCACAAAAAT,1
TGAAACTCCTAAACCA,1
TGAAAGAGGTTATAGC,1
TGAAAGCATAATGATT,1
TGAAAGTATATCCAAA,1
TGAAAGTATTAAAGAA,1
TGAAAGTGTACTAACA,1
TGAAAGTTCTTCTTGG,1
TGAAATAAACGTTACT,1
TGAAATAACTACTTCA,1
TGAAATCAGTGTGACC,1
TGAAATCCAATTGTAA,1
TGAAATCGTTAATAGT,1
TGAAATGTAGAAAGAG,1
TGAAATGTATTGCCTG,1
TGAAATGTGACCTAGG,1
TGAAATTACAGCACAT,1
TGAAATTGGAAGTTAG,1
TGAACAAAGAGGAAAT,1
TGAACAAGACCAATTT,1
TGAACACAGTGAGCGG,1
TGAACACCTAGCAGTG,1
TGAACAGACCAAAACA,1
TGAACAGCGAATGACC,1
TGAACATACCACGTTA,1
TGAACATCCAAGTCCA,1
TGAACCAAATGCATTG,1
TGAACCACCGTTATCT,1
TGAACCCACAGCTAAT,1
TGAACCGCATCACAAG,1
TGAACCGCTGTCACGA,1
TGAACCGGCTATGGAG,1
TGAACCTAATAAGGAA,1
TGAACCTATAATCATT,1
TGAACCTCAATACTCC,1
TGAACCTCTTCTATGT,1
TGAACGAAAGGTAAAA,1
TGAACGCATGATTGCG,1
TGAACGTACACCGTTC,1
TGAACTCAGCAGAAAA,1
TGAACTTACTAGAATC,1
TGAAGAAGTGGAGGGT,1
TGAAGAATCTAGCGCC,1
TGAAGACCTAACCCGT,1
TGAAGAGAGTAATCTG,1
TGAAGAGATAGCATTA,1
TGAAGATATCAATCCA,1
TGAAGCAGCAAGCTCT,1
TGAAGCATATAGCCGA,1
TGAAGTAGATCGGAAG,1
TGAAGTCCGGAGCTAT,1
TGAAGTCGAAAATGGC,1
TGAAGTGAAGATTAAA,1
TGAAGTTCCACCAGAA,1
TGAATAACACCAGGTA,1
TGAATAACAGGTGTCG,1
TGAATAACCCCGGACG,1
TGAATAATAAGTGCTA,1
TGAATAGAACTCTGAT,1
TGAATAGAGCAGATTG,1
TGAATATAAATTAATA,1
TGAATATTACGGTCAC,1
TGAATATTTATGAGGA,1
TGAATCATAATAATTA,1
TGAATCATATGACAAA,1
TGAATCCAGATCGAGC,1
TGAATCGGAGTGAACT,1
TGAATCTAAGCGTGCG,1
TGAATGAAAGTAAAAT,1
TGAATGAACAGTTGAT,1
TGAATGAAGATCTGTA,1
TGAATGACATTAGGCC,1
TGAATGCAGTACCACC,1
TGAATGCCTTCAACTG,1
TGAATGTATATCAATG,1
TGAATGTATCGATGCT,1
TGAATTAAATACCAGT,1
TGAATTACGTATTCGG,1
TGAATTTCACTAAAGA,1
TGAATTTGGCGACAAC,1
TGAATTTTTAGGAGTA,1
TGACAAAAGAGATTAA,1
TGACAAAATTCGCGGG,1
TGACAAAGGGCTCGCC,1
TGACAACAAAGAGCAA,1
TGACAACAGCAACAAA,1
TGACAACATAACAACG,1
TGACAACGGCAGCAAT,1
TGACAACTGACGTTTA,1
TGACAACTGTTAATGA,1
TGACAAGACAAGTCAT,1
TGACAAGGCTTAACAG,1
TGACAAGTAAGCAGTA,1
TGACAATTAGCCTGGA,1
TGACACAGAGACATTG,1
TGACACAGCGGATTAC,1
TGACACATTAATTGAG,1
TGACACCAATGTCTAA,1
TGACACCATATCACCT,1
TGACACGGAAGAGAGA,1
TGACACTGGAAACGCG,1
TGACAGAAAATCACAC,1
TGACAGAACCGACTAT,1
TGACAGACCATTCACA,1
TGACAGAGACACGTTA,1
TGACAGATAATAACAC,1
TGACATCAGAAAAGTG,1
TGACATTAATTAAGAC,1
TGACATTGGAGGATAT,1
TGACATTGGATTTGAA,1
TGACCAAAATTAATCG,1
TGACCAAACGGTCATT,1
TGACCACACCTATCAA,1
TGACCACCAAACCAAA,1
TGACCAGGCAATTTAT,1
TGACCATAATATTGCA,1
TGACCATTAAAAGCTG,1
TGACCCATGTATACCA,1
TGACCCCTGGTATGAA,1
TGACCCTTACTGGCTC,1
TGACCGCTCGATGGAA,1
TGACCTAGAGACCACT,1
TGACCTCGGATTTTCC,1
TGACCTTCCATCTCCA,1
TGACCTTCTTGGTTAT,1
TGACGAAACACATTGA,1
TGACGAATAGTCAATA,1
TGACGAGGCTTCATGA,1
TGACGATAACTCCCCA,1
TGACGATCATACTTAT,1
TGACGCACACATAAGA,1
TGACGCACCGCAATAA,1
TGACGCAGCAGATATT,1
TGACGCTAACAAGACT,1
TGACGGAAACAAAATG,1
TGACGGTGAATATATC,1
TGACGTAAGAGTCGAT,1
TGACGTACGAAGTAAC,1
TGACGTTGCTCAGAAA,1
TGACTAAGACCGTTAA,1
TGACTAAGTAGAAAAC,1
TGACTAGAGATTGAAC,1
TGACTAGCATAGGGTG,1
TGACTAGCGCCTGCTC,1
TGACTATTAATGTTAT,1
TGACTATTGAGCGGAA,1
TGACTCAAGAGGCCAC,1
TGACTCGGCAATAAAA,1
TGACTCTTGAAGACTC,1
TGACTGAGTTAAAAAC,1
TGACTGGAAAGCCGAT,1
TGACTGGTTGATCAAT,1
TGACTTATGAACAAAA,1
TGACTTGTATCCATTA,1
TGAGAAAACGGATAGC,1
TGAGAAACGGAGCGAG,1
TGAGAACTCAGGGCAC,1
TGAGAAGGGTACACAA,1
TGAGAATAAAGTTTTA,1
TGAGAATAAGAATCAT,1
TGAGAATATAGTTTAC,1
TGAGACGAAAGTCTAG,1
TGAGACTAGTAAGCTT,1
TGAGAGAACCGTGTTT,1
TGAGAGCAATGGGTTA,1
TGAGAGCCGAACGTTA,1
TGAGAGGCCCCAAAAG,1
TGAGAGTCACTACAAA,1
TGAGAGTTGATTATTA,1
TGAGATGATGTTGTTA,1
TGAGATTTATCTTAAA,1
TGAGCAGTTCATTCTT,1
TGAGCATCCAGAGATT,1
TGAGCCCGGATAAGCA,1
TGAGCCCTTAACCATT,1
TGAGCCGTTAAAGGGC,1
TGAGCCTGGCTCATGA,1
TGAGCGAGAATTTATG,1
TGAGCGAGACTCCCTG,1
TGAGCTAGCCAGACAG,1
TGAGCTTATCACAAAA,1
TGAGGAATGATAACTA,1
TGAGGATTAAAAAAGC,1
TGAGGATTTTAAGATA,1
TGAGGGGTACCATTAA,1
TGAGTACCGGCTCGAA,1
TGAGTAGAGTATTTAT,1
TGAGTGAGAGTTCGGT,1
TGAGTGATGTCTCAGT,1
TGAGTGGAAACACGCG,1
TGAGTGTCGTCTTGTT,1
TGAGTTAGTGTATCTA,1
TGAGTTCTGATGGTTG,1
TGAGTTGATACTTGGT,1
TGAGTTGCAGAAATCA,1
TGATAAACCGTGGTCT,1
TGATAAAGTGATCGAG,1
TGATAAATAATCCCGG,1
TGATAAATGTCTTAAA,1
TGATAACGTGCGAAGA,1
TGATAACTTCCTGCGC,1
TGATAAGAAATAAAAT,1
TGATAAGAGAATACGC,1
TGATAAGAGATTAATT,1
TGATAAGCAGAATTCT,1
TGATAATGGCCAACCT,1
TGATACAATCCGAACT,1
TGATACAGTTTTCAAT,1
TGATACCTGCACCACC,1
TGATACTAGCAATGGT,1
TGATACTGACTATAGC,1
TGATAGAAGTACCTTA,1
TGATAGAATCCGCATA,1
TGATAGTGATGGTAAT,1
TGATATAAACGGAAGA,1
TGATATAATCCTAACA,1
TGATATAATTACAAAG,1
TGATATAGACCCAGAT,1
TGATATATACTTTGTT,1
TGATATCAGCGCGAAA,1
TGATATCCAGATTAGA,1
TGATATCCTATTAAAC,1
TGATATCGGGTTAGGT,1
TGATATTCGACTCGCC,1
TGATATTTTTCTCCCT,1
TGATCACGGATTTATC,1
TGATCATCCATCTAGA,1
TGATCCAAATATGACA,1
TGATCCCCACAACAAC,1
TGATCCCGAAACGCTT,1
TGATCCCTACTGAGTC,1
TGATCCTCCTGTATCA,1
TGATCGCACATAAACA,1
TGATCGCCGTAGCTCC,1
TGATCGCGAGAGATGG,1
TGATCGGCGTCATCCT,1
TGATCTGCACTGTAGT,1
TGATCTTGAATCATAC,1
TGATCTTTACAATAAA,1
TGATCTTTTGACGCGA,1
TGATGAACATACGTGA,1
TGATGACAAGATCGGT,1
TGATGACTCAAGTTCG,1
TGATGATAACGTATAA,1
TGATGATACAATTAAA,1
TGATGATCGATACCCT,1
TGATGATTTGCAAAAA,1
TGATGGCCAAGTACAA,1
TGATGTATTTAAGGAC,1
TGATTAAAATGGAACT,1
TGATTAACATGACCAT,1
TGATTAATGGAACTGA,1
TGATTACCTCCTTCAA,1
TGATTATTGGGAACTT,1
TGATTCAAGTGAAAAG,1
TGATTCACTTAGAAAA,1
TGATTCCTGTGGACAC,1
TGATTCTGCGATCGGG,1
TGATTGAATCTATTAA,1
TGATTGCTACTCCAAA,1
TGATTTACAGAAGAAT,1
TGATTTATAAATTGAG,1
TGATTTCATATAAACA,1
TGATTTTAGCAGGCCT,1
TGATTTTGCCCTAACC,1
TGATTTTTTAAACAAA,1
TGCAAAAACTCCATGA,1
TGCAAAAAGTTTCTGA,1
TGCAAAAGAAAAAATC,1
TGCAAAATCTTCGTAG,1
TGCAAACACCAGTATC,1
TGCAAAGAATCCGAAA,1
TGCAACAATATGTCAA,1
TGCAACATGCGTAAGC,1
TGCAACCAAGCATTTA,1
TGCAACTAAAAGTGTA,1
TGCAACTAACAGGAGT,1
TGCAAGCTATTCGATA,1
TGCAATAACCTGTAAA,1
TGCAATACAATTGTAG,1
TGCAATAGATATAATA,1
TGCAATGAAACTACCA,1
TGCAATGAGAGCTGAA,1
TGCAATGCAAAAATAC,1
TGCAATGTACCTAAGC,1
TGCACACTAAATTCCG,1
TGCACAGTACGATAGA,1
TGCACCATAATTAAGA,1
TGCACCCTCACTAATA,1
TGCACCTCGGAACAAG,1
TGCACCTTACCATACA,1
TGCACGAAAGGGACAA,1
TGCACGACAATCGAAA,1
TGCACGTTACCGATAT,1
TGCACTCCTATCAATT,1
TGCACTGACTTTAACT,1
TGCACTTATAAGCCTC,1
TGCAGAAACAGCTTTC,1
TGCAGAACAAAGTGTG,1
TGCAGAGAGAATCTCT,1
TGCAGAGGTTAAGATA,1
TGCAGGAGATCTAATG,1
TGCAGTAATAGTCCTG,1
TGCAGTGGTCTGGAAT,1
TGCAGTGTGTGATCCA,1
TGCATAAACTCCAACA,1
TGCATATAATAGCGCG,1
TGCATATATCGATCAC,1
TGCATCAGTCAGTAGC,1
TGCATCCAAGCATTAC,1
TGCATCTAGATACACA,1
TGCATCTCGCAATAAG,1
TGCATCTGTACCTAAA,1
TGCATCTTGATGTCAA,1
TGCATGAGAAATACAT,1
TGCATGATTACATAAG,1
TGCATGTATCTTACAT,1
TGCATTAATACATACA,1
TGCATTCAGACCAAAA,1
TGCCAACAGCAGGGGC,1
TGCCAACGCGAAGCTC,1
TGCCAATATAGATCTC,1
TGCCAATGTATGAAAT,1
TGCCAATTGAAGATGC,1
TGCCACAAATATGCAC,1
TGCCACGAACGAGCTA,1
TGCCACTAAAACCTTT,1
TGCCAGAGTACTAAGA,1
TGCCAGTTCAGCGGGT,1
TGCCATGAGGTTAACC,1
TGCCATTGGATTATTA,1
TGCCCAACAATGTGTA,1
TGCCCAACCTTATAAT,1
TGCCCACATTATGTTA,1
TGCCCAGACACTAATA,1
TGCCCAGGTTTCGCGA,1
TGCCCATTATCAAAAA,1
TGCCCCCCATAGTTGT,1
TGCCCCTGCTGTTGGG,1
TGCCCGAGACGCACAT,1
TGCCCGTATTCGTGAT,1
TGCCCTAATGTTATAA,1
TGCCCTCGCTCATCGC,1
TGCCCTTACTTGGAGA,1
TGCCGAACACAAGAAG,1
TGCCGACGTACAAACG,1
TGCCGAGAGCAACATG,1
TGCCGAGAGTACAGTA,1
TGCCGCGAATTTGCCA,1
TGCCGGGTCCAATTTT,1
TGCCGGTCCATCCAGG,1
TGCCTATATGTGAAGA,1
TGCCTGCACGAAATGA,1
TGCCTGCCCTATAAGA,1
TGCCTTAAAGAGATAT,1
TGCCTTAACCGTGAAT,1
TGCCTTACGAATAAGA,1
TGCCTTGTTGACTCGC,1
TGCCTTTATAAACAGG,1
TGCGAAAAATCTAACG,1
TGCGAACAACATGATC,1
TGCGAACGTAATTTTA,1
TGCGAATAGTGAAAGC,1
TGCGAATATGAATTCT,1
TGCGAGAACAAAAGCA,1
TGCGAGAGAGTGTGAG,1
TGCGAGCCTGGAGTAG,1
TGCGATAAGTTGCCCA,1
TGCGATAATCCGGCAG,1
TGCGATCTCTAAGCGT,1
TGCGCAACTGTCGGTT,1
TGCGCCCATCGTAGTA,1
TGCGCGAAACGCCACA,1
TGCGCGTTCTTGAAAG,1
TGCGCTAGTACCTTGC,1
TGCGCTCCCACATGAA,1
TGCGCTTAGCGATTCC,1
TGCGGCGATGATTTAT,1
TGCGGGGACATAGCCA,1
TGCGGTACCCAAAGTT,1
TGCGTAAAAGAAACTT,1
TGCGTAAATAATGCCG,1
TGCGTACACTTGACGT,1
TGCGTATCGTATTTAA,1
TGCGTGAATAGGACAT,1
TGCGTGACATTCCACA,1
TGCGTGATCTCGTGGT,1
TGCTAAAATACTCCCG,1
TGCTAAAGCTATAAAC,1
TGCTAAGAAACGAGGT,1
TGCTAAGTACCACAGA,1
TGCTAATTCGATGCAT,1
TGCTACACTTTGTCGT,1
TGCTACTGGCAACGTA,1
TGCTAGACGGATTGAC,1
TGCTAGAGAAAAAAGT,1
TGCTAGCGTTTCGACA,1
TGCTATAGCAAGTAGT,1
TGCTATCAGGTTAATT,1
TGCTATGAACATAGTC,1
TGCTATGGCCTATTAA,1
TGCTCAAACCAAGCCC,1
TGCTCAAGAAGCGGTT,1
TGCTCACCTAAACTTT,1
TGCTCCAACCTAACGT,1
TGCTCCGGCGAACTTA,1
TGCTCGTGAGTGCGAA,1
TGCTCTACACACGTTC,1
TGCTCTGCTAAAATAC,1
TGCTCTGGGCACATAA,1
TGCTGAAAAAGGGCAT,1
TGCTGAACTCCCAATC,1
TGCTGACCCAATAGAA,1
TGCTGAGACTGTGTCT,1
TGCTGAGGCAAGCCTA,1
TGCTGATAATCTATCA,1
TGCTGATTAGGAGACA,1
TGCTGATTGCGAATAA,1
TGCTGCAGGCAAGGCG,1
TGCTGCCTCCGGTCGC,1
TGCTGCTCCTGGATTC,1
TGCTTAACTTGCTTTG,1
TGCTTATAAATCATTA,1
TGCTTATATAATGAGA,1
TGCTTATCCCGTAAAT,1
TGCTTCTAATCACTAA,1
TGCTTGAGGCACGGCT,1
TGCTTTAACAAATGAC,1
TGCTTTATACGTTAGA,1
TGCTTTTATGAGTGTC,1
TGGAAAACCTGTCCAG,1
TGGAAAACTAAAATCT,1
TGGAAAAGTCCCTAAA,1
TGGAAACATAAGAAAC,1
TGGAAACATCTTTACT,1
TGGAAAGCAAAACAGA,1
TGGAACACTAAAATTT,1
TGGAACCCCGAACCAC,1
TGGAACCCCGCATTAT,1
TGGAACCGCACAGACA,1
TGGAACCTAAAATAAC,1
TGGAACCTAGAAACTT,1
TGGAACGAATACTAAA,1
TGGAACTCCGAATCAA,1
TGGAACTTGCGTTAAC,1
TGGAACTTTAATAATC,1
TGGAAGACAGCCGCAG,1
TGGAAGTCGCCCAGTC,1
TGGAAGTTATTAATGA,1
TGGAATAACAGTATTT,1
TGGAATATAAACGTAC,1
TGGAATGAATCATGAG,1
TGGACAACCCTGGATA,1
TGGACACCGTAAATTA,1
TGGACACTCAGTAAGT,1
TGGACAGCGAACAGGT,1
TGGACAGTTTCGACCA,1
TGGACATTGGACCATT,1
TGGACCAGCAGTCAAC,1
TGGACCGAGCGGTAAC,1
TGGACCGATCGATCGT,1
TGGACCTAACATGCTG,1
TGGACGTCCTCTCTCC,1
TGGACTAAGCATAATC,1
TGGACTGCGCTCGAAA,1
TGGAGACTAAACAACA,1
TGGAGATTAGTGTATA,1
TGGAGATTCATGGACC,1
TGGAGCCGTAGCTTTA,1
TGGAGCTCAATAGATT,1
TGGAGCTGATAACACA,1
TGGAGTACCAACCAAT,1
TGGAGTACTTATTAAA,1
TGGAGTGAATAGGGAT,1
TGGAGTGGAAAATACA,1
TGGAGTTGTTAAAGCC,1
TGGATACTTCTTAAAG,1
TGGATCAACTGAGCTA,1
TGGATGATAGTTTGCA,1
TGGATGGCTAGACCTT,1
TGGATGTGCAACACCC,1
TGGATTCGGTAACTTA,1
TGGCAACTACGTGACG,1
TGGCAACTCATACAAC,1
TGGCAAGGACTAACAA,1
TGGCAATGAGAATATG,1
TGGCAATTCGGAGCAA,1
TGGCACCTCATAACCA,1
TGGCACGATAGCTACC,1
TGGCAGTACTGGAAGG,1
TGGCATAATTAAAATT,1
TGGCATAGACATCTAT,1
TGGCATAGATGAATAT,1
TGGCATGAAAACTAGG,1
TGGCCAAGATTAACTA,1
TGGCCACACCATGAAG,1
TGGCCATAAACAAGGC,1
TGGCCTAAGCAGTTAC,1
TGGCCTATACCAATCC,1
TGGCCTATAGAATGAC,1
TGGCCTCAAGCTCGTA,1
TGGCCTTACACCCAGA,1
TGGCGGGCCTCTACCG,1
TGGCGTAATTTCTACC,1
TGGCGTCCAGGAGGCA,1
TGGCGTTATTCCACTT,1
TGGCTCATTGAACAAA,1
TGGCTCGGTCGACAAC,1
TGGCTGAAACCTCTGT,1
TGGCTGAGTCTTAGTT,1
TGGCTTACAAACCCAA,1
TGGGAAATCTCCACTA,1
TGGGAATAAAATGCCA,1
TGGGAATCGACAAAAA,1
TGGGAATTAAGGAAAT,1
TGGGAGAAGGAAAGTC,1
TGGGAGTGTGGGTCCA,1
TGGGATGCCTTACGCC,1
TGGGATTACAACCATA,1
TGGGCAAACCATATTT,1
TGGGCAAACCTATCAC,1
TGGGCAACTATCCTAT,1
TGGGCAATATGTTGAA,1
TGGGCAGTAAGACCTT,1
TGGGCCATATGTAACA,1
TGGGCGAATCAAATAG,1
TGGGGAAATCTATCAC,1
TGGGGACGTCTCAGAT,1
TGGGGGTAATAAACAA,1
TGGGTAAAAACACATT,1
TGGGTAGCATCAAACA,1
TGGGTGATCTTACAGA,1
TGGGTTACACTTACCA,1
TGGGTTCGGGTTTCTC,1
TGGTAACCGAACCAGT,1
TGGTACAACACCAACA,1
TGGTACCCTGACAAAT,1
TGGTACGTATACGAGA,1
TGGTACTTGCGCCGAA,1
TGGTATAACTTTTGAA,1
TGGTATAGTCCGAGCA,1
TGGTATATTTACCAAC,1
TGGTATCATAACCACC,1
TGGTATCTTTGAAAAG,1
TGGTCAATGATAAAAA,1
TGGTCACTTGTGACTG,1
TGGTCCGAAATTGAAA,1
TGGTCCGATGAGAGTT,1
TGGTCGAAAAAATATT,1
TGGTCTAAGAGAACTC,1
TGGTCTATAAAAAAAA,1
TGGTCTGTCTATTATT,1
TGGTGCAACACTATAA,1
TGGTGGAAACATACCT,1
TGGTGGATAATCGGGA,1
TGGTTAATACCTACCC,1
TGGTTCAAAGATGGAG,1
TGGTTCACCCAACGAG,1
TGTAAAAAAAGGCCCA,1
TGTAAAAAAGGCCTTA,1
TGTAAAAAATCATTGA,1
TGTAAAAACATTTTCG,1
TGTAAACAACATATAG,1
TGTAAACGCTTTTTAG,1
TGTAAATAAGCACAGC,1
TGTAAATATACAAACG,1
TGTAAATCTCTAATGG,1
TGTAAATCTTTAACCT,1
TGTAAATTTAAGCCCG,1
TGTAAATTTTGGATGT,1
TGTAACATGGGTTAAC,1
TGTAACCCAGTTGACT,1
TGTAACCTAGACCTAG,1
TGTAACCTTCTGGATT,1
TGTAACGCGATCTGAT,1
TGTAACTTCGCATAAA,1
TGTAACTTTCAATTCT,1
TGTAAGATTATAACAA,1
TGTAAGCAAGACAGAG,1
TGTAAGCCCCATAAAC,1
TGTAAGTGACTTTCGT,1
TGTAATAGATGCCTTG,1
TGTAATATCGGCGATA,1
TGTAATCAAAAATAGA,1
TGTAATCAACCTGAAT,1
TGTAATGATCCATACC,1
TGTAATTCCTTCACGT,1
TGTACAAACCAAAACG,1
TGTACATAATCAACCC,1
TGTACATAGAAGAAAT,1
TGTACATGAGTTATTA,1
TGTACCTCGATGGTAT,1
TGTACGATAACATCTA,1
TGTACGATAATTGTCC,1
TGTACTCAAGAAACCT,1
TGTACTTTAATCGCAA,1
TGTAGAACTAAAAATA,1
TGTAGACCAGTTAGGT,1
TGTAGAGATAAATAGA,1
TGTAGATCACAGAACC,1
TGTAGGATACGAAAAA,1
TGTATAAAGCGTGCGG,1
TGTATAAGTAAATTGC,1
TGTATACAGAAGCATA,1
TGTATATGGCCCGGTT,1
TGTATATTATCACACT,1
TGTATATTTGAAGAGA,1
TGTATCAAGATCATCA,1
TGTATCGTGGGCCCTC,1
TGTATCTAAGACCTGT,1
TGTATCTATTTGAACA,1
TGTATGAAACTCGAGC,1
TGTATGTTTAAGAATA,1
TGTATTAATCAACTTA,1
TGTATTCAATATCCGT,1
TGTATTTACTCATTTG,1
TGTATTTTATCAAAAT,1
TGTCAAAATAACATTC,1
TGTCAAATATCCCTTG,1
TGTCACATCAGAGACG,1
TGTCACGAAACACATA,1
TGTCAGAGGCCTTATA,1
TGTCAGGTGTTTTACA,1
TGTCAGTCCATCAAAC,1
TGTCAGTTAACCGCTA,1
TGTCAGTTCGGTCTAA,1
TGTCATAATTCGTAGA,1
TGTCCCCAGACCGGTT,1
TGTCCCTAACGCTATA,1
TGTCCCTCTTTCAACC,1
TGTCCGCCGCTGCCAG,1
TGTCCTCGAAAATTGA,1
TGTCGCAGATGATAGA,1
TGTCGCCTCCCCATGT,1
TGTCGTTCTTACGATG,1
TGTCTAAATTCCGAAG,1
TGTCTACGAACTCACA,1
TGTCTCCGTACCTACA,1
TGTCTCCTATTTCCCA,1
TGTCTGCGAATCATTT,1
TGTCTTGGTTCGTTAC,1
TGTCTTTATTAGCTAT,1
TGTCTTTCTCCGATAC,1
TGTGAAAAAGTCCTGC,1
TGTGAAATCAATCTTA,1
TGTGAAGACTATATAA,1
TGTGACATTCATGGAT,1
TGTGAGATTAACGTCA,1
TGTGAGATTGTATTCA,1
TGTGAGCCTAAATCAG,1
TGTGAGGTAAGGTAAG,1
TGTGATAATCAATATC,1
TGTGATATTAGCGATT,1
TGTGATCTTTCTGCGC,1
TGTGATGATTCATATC,1
TGTGATGCCGGAGTAC,1
TGTGCACAAATCACAA,1
TGTGCACACACAGAAA,1
TGTGCTAACTAAGAGT,1
TGTGCTATAAAACGCA,1
TGTGGAAATTGGGCTA,1
TGTGGACAGAAGAATT,1
TGTGGACAGAAGACCC,1
TGTGGAGCACATCGCA,1
TGTGGATATATCATTT,1
TGTGGCACATGAGTCT,1
TGTGGGCGATGAAGCT,1
TGTGGGTAAACAATAA,1
TGTGGTTAGTTATATT,1
TGTGTAATGCGTTCCC,1
TGTGTAGTCATCCAAG,1
TGTGTCAAAAGAACGC,1
TGTGTGGTTCCTAAGA,1
TGTGTTTTACACTACA,1
TGTTAAAAATACACCA,1
TGTTAAACTTGTCCTA,1
TGTTAAAGAAGTGAGA,1
TGTTAAAGGTTTAATT,1
TGTTAACATGCGGCAT,1
TGTTAACGATGAGAAG,1
TGTTAAGAAAAATCAT,1
TGTTACTGGTGTCAGT,1
TGTTAGAGTCACAGCA,1
TGTTAGGGTACTTTCA,1
TGTTAGTTCAATCTGG,1
TGTTCAAAAAATTGTG,1
TGTTCACCTCAAAAGG,1
TGTTCCCTGAGCAAGC,1
TGTTCTACATTGTAAA,1
TGTTGAAATTTTTCGA,1
TGTTGAAGAACTAAGC,1
TGTTGACGGAAAGTCA,1
TGTTGAGAAGTAGCTA,1
TGTTGAGATAAAAACT,1
TGTTGTACGTTATAAT,1
TGTTGTCCTTAGGCAA,1
TGTTGTTATCGTAACA,1
TGTTTATAGTCCACGA,1
TGTTTATTAACAAGCC,1
TGTTTCCTTTAACGCG,1
TGTTTCGGACACATAA,1
TGTTTGCAATGGGCTA,1
TGTTTTACAAAGGGGC,1
TGTTTTCTGCGAAGCC,1
TTAAAAAAAACTCAAC,1
TTAAAAAATATTTCCT,1
TTAAAAAGATTTATGC,1
TTAAAAAGCTTTATCG,1
TTAAAAATAAATTAAC,1
TTAAAAATATTGATAA,1
TTAAAACACAGCCGGC,1
TTAAAACACAGTGAAC,1
TTAAAACAGGGTTAGA,1
TTAAAACCGGGCACCT,1
TTAAAACTGCCACCGC,1
TTAAAAGAACCCAGCA,1
TTAAAAGACTCAAAGT,1
TTAAAAGGCAACAGGG,1
TTAAAAGGCCAATGCT,1
TTAAAAGGCCGAAAAA,1
TTAAAAGTCCACAACC,1
TTAAAATAAGTAAACT,1
TTAAAATATTGGTAAC,1
TTAAAATCCGAACCGT,1
TTAAAATGGAACTATA,1
TTAAAATTAATACGGA,1
TTAAACACAGTATTTG,1
TTAAACAGCAGAGAAA,1
TTAAACATCATACCGC,1
TTAAACCTTATACGAT,1
TTAAACGAATAACCGA,1
TTAAACGAATACCGAT,1
TTAAACGATCTGAAAT,1
TTAAACGTACCGCCTC,1
TTAAACTAATATTACT,1
TTAAAGAAGGCATATC,1
TTAAAGAGTCACATTT,1
TTAAAGATAATCAGGT,1
TTAAAGATCAGTTTGC,1
TTAAAGATCGGGCGCC,1
TTAAAGATTACTACAG,1
TTAAAGCAATTGTACT,1
TTAAAGCATGCCTAGC,1
TTAAAGGAACGCAGAT,1
TTAAAGTATGAGAAGG,1
TTAAATAACATAACAG,1
TTAAATATGCGGATTA,1
TTAAATCACCGAGTAG,1
TTAAATCACTGTAACC,1
TTAAATCCGGAAAACC,1
TTAAATCCTCTGTATT,1
TTAAATGGTTTTATCA,1
TTAAATTAAGCCCAGA,1
TTAAATTGGCATTAAC,1
TTAAATTTAGCGAATC,1
TTAAATTTTACGTTCT,1
TTAAATTTTTTATTTA,1
TTAACAAATAGACAGG,1
TTAACAACATTACATA,1
TTAACAACTTAGTCAA,1
TTAACAATATCCTTAA,1
TTAACAATTATTAAAA,1
TTAACACAGACGACCT,1
TTAACACCAACAGACT,1
TTAACACGTGTACCGA,1
TTAACACTTGTCATAA,1
TTAACAGAACAGGTAG,1
TTAACATGAATACAAT,1
TTAACCCTTTACAATC,1
TTAACCGGGGGAGAAG,1
TTAACGAAAAAGAAAT,1
TTAACGAAACACCTGA,1
TTAACGAATCAGTGCT,1
TTAACGACCCCTCATT,1
TTAACGAGGGGTGAAG,1
TTAACGATTCGTGAAA,1
TTAACGCGTAATTTCA,1
TTAACGCTTTTAAGTA,1
TTAACTATGCTAAACA,1
TTAACTCGCATCTGTA,1
TTAACTCTTTAATACA,1
TTAACTGGCTAAGAAC,1
TTAAGAAAACCCGTAA,1
TTAAGAATTGCGACAA,1
TTAAGATAATCTTCAT,1
TTAAGATAGAACTTTA,1
TTAAGATCTAATCAAA,1
TTAAGCAGGATAAATA,1
TTAAGCCGTCAAAACC,1
TTAAGCCTCGAAATTT,1
TTAAGCGAATCGGTGA,1
TTAAGCGCAAAGAATG,1
TTAAGCTCTCAGTTTC,1
TTAAGGGAAGGAAAAA,1
TTAAGGGAATAACCCC,1
TTAAGGTAAAAACCGA,1
TTAAGTACGTTATAAT,1
TTAATAAAACACAACA,1
TTAATAAGAAGTCCGG,1
TTAATACCTTGACCAA,1
TTAATACGCGCTACTA,1
TTAATAGGACGCAAAT,1
TTAATATATATTAAGT,1
TTAATATTTATTAAGC,1
TTAATCAAAAATTTTT,1
TTAATCAAGATATTCG,1
TTAATCCTTCCAAAAG,1
TTAATCTACTACCCCG,1
TTAATGAGAGAACAAG,1
TTAATGCACCTAGTCC,1
TTAATGCCAATTATGG,1
TTAATGGACTACCAAC,1
TTAATTCACTTATAGG,1
TTAATTGATCCTAACT,1
TTAATTGATTAACATA,1
TTACAAAAAGTGTATG,1
TTACAAATTATAAAAT,1
TTACAACCTTGATGAA,1
TTACAAGATTAAAGAT,1
TTACAAGTTCGTGCTA,1
TTACACAATCACTGAT,1
TTACACACTTCATGAC,1
TTACACGACAGTTATG,1
TTACACGTTATGGGAT,1
TTACACTTTACTACCC,1
TTACAGAAAGATACGC,1
TTACAGACATGCTATG,1
TTACAGACTATTAGGT,1
TTACAGTACTTCTATA,1
TTACATAAGAACTCCA,1
TTACATATATTGAAGT,1
TTACATCGCTCGCTGG,1
TTACATGAAGATCTGT,1
TTACATGCCCTGAGAC,1
TTACATGGCGATAATA,1
TTACATTAGATCCACG,1
TTACATTCCCGCGAGA,1
TTACCAAAAAGCACTG,1
TTACCAAACACAGAAT,1
TTACCAAGATTCCAGA,1
TTACCAGACATTAAAT,1
TTACCAGCTTTCATAT,1
TTACCATAGCTGAATA,1
TTACCATGACAGCCTA,1
TTACCCACTGAATGAC,1
TTACCCCGTGTTGTGC,1
TTACCCCTTGATGCAT,1
TTACCCGCCACTCATA,1
TTACCCTATCGCCTCG,1
TTACCCTGACTGAGGA,1
TTACCGAGATCGTCCA,1
TTACCGCAAGCAAGGA,1
TTACCGGCGGATTCGG,1
TTACCGGCTGAGATCA,1
TTACCGTGTAACTATA,1
TTACCTAACTTATCCT,1
TTACCTAAGTTGCAGC,1
TTACCTACGAAACTAA,1
TTACCTGATCCACGAG,1
TTACCTTACGTTAGGA,1
TTACCTTCACTGAAGA,1
TTACGAAGGCGTTCAT,1
TTACGAGAATAATTTT,1
TTACGAGACTTAGATA,1
TTACGAGCACGATGGA,1
TTACGATAGAATCGTC,1
TTACGATCAATACCTT,1
TTACGCAAATAGGTTT,1
TTACGCACTCTATACC,1
TTACGCATACACAGAT,1
TTACGCGATCGGACCC,1
TTACGGTCCAACAACA,1
TTACGTCCAAAAAAAT,1
TTACGTGATAGACCGA,1
TTACGTTCCCTAACTG,1
TTACTAAGCTCAAATT,1
TTACTACCTCGCACAC,1
TTACTAGTATACAGCA,1
TTACTATTGTGAATGC,1
TTACTCACAGACTGAG,1
TTACTCATCAACCCCA,1
TTACTCATGCCGTAGA,1
TTACTCCTTAATGGTG,1
TTACTCGAAGATACGA,1
TTACTCGCTTCTCAAA,1
TTACTGCTGGATTCTA,1
TTACTGGGACTGGTCA,1
TTACTGGTTTATGTAC,1
TTACTTCAGGGGAAGA,1
TTACTTTATCGCTAGG,1
TTACTTTTCCAAAGCA,1
TTAGAAAACCATGCAC,1
TTAGAAATTCTTATGT,1
TTAGAAATTTGTATAA,1
TTAGAACCACACTCTT,1
TTAGAACTTTAGATAA,1
TTAGAAGCTCTAGACT,1
TTAGAATCAGTGAATT,1
TTAGAATCATAGCGCA,1
TTAGAATTACATAAAA,1
TTAGAATTTGAATCCC,1
TTAGACAAAATTTGCT,1
TTAGACAATACCATCT,1
TTAGACAGGGATTCCC,1
TTAGACAGTCTGAGAC,1
TTAGACATTTCTAACA,1
TTAGACCAGTCCTATA,1
TTAGACGTTTTTTTAA,1
TTAGAGAACAGACGGT,1
TTAGAGCAACAGATGC,1
TTAGAGCGATACATAG,1
TTAGAGTTCATAAACT,1
TTAGATATGGGGCGTA,1
TTAGATCCCGTTAACT,1
TTAGATCTCGATTCGA,1
TTAGATTACAAGTATC,1
TTAGCAATACACCTAG,1
TTAGCACTAAGTTAAG,1
TTAGCAGACGAAGTTT,1
TTAGCATATTGAAACT,1
TTAGCATTAAATTCTA,1
TTAGCATTTCAGTATT,1
TTAGCCCAACGCCGGC,1
TTAGCCGCAAAGCACT,1
TTAGCCGTTTCTTACA,1
TTAGCCTTCATGTGTA,1
TTAGCGCCACAATTTT,1
TTAGCTAAGGACCGTG,1
TTAGCTAATATGCAAT,1
TTAGCTAATGGAAACC,1
TTAGCTATGTAATAAA,1
TTAGCTCCGCCGGCAC,1
TTAGCTGCTATCACTA,1
TTAGCTGGTTCAATAC,1
TTAGGCGACCCTTAAC,1
TTAGGCTCATATATCA,1
TTAGGCTCATGGTTTA,1
TTAGGGGGATTGTTGT,1
TTAGTAAGACAGGTAT,1
TTAGTACAAAGAATAT,1
TTAGTACACAAACTTG,1
TTAGTAGACTCAATTC,1
TTAGTAGATTTGCTGC,1
TTAGTAGTTAATACCC,1
TTAGTCCACCAATAGA,1
TTAGTCCTACTTTCAA,1
TTAGTCTAATCATTTA,1
TTAGTGATTAATCTGA,1
TTAGTGCGCGAGCATT,1
TTAGTTCCCTTTACTA,1
TTAGTTGTGACGGCGT,1
TTAGTTTAGCTAAACT,1
TTATAAAAGTGCTAAA,1
TTATAAACTGAGCTTC,1
TTATAAAGACATGCTA,1
TTATAAATCAAAATCC,1
TTATAAATTAATAGCG,1
TTATAACTCCTGACCA,1
TTATAAGATAAAATTC,1
TTATAAGGACGCACCC,1
TTATAATAATATGCCA,1
TTATAATCTTTAAAAA,1
TTATAATTTTATCAAA,1
TTATACAAAATGGATT,1
TTATACAATCTTCTAT,1
TTATACATATCGCCAC,1
TTATACCCATATTTTT,1
TTATACCGAATAGTTA,1
TTATACGTCACGGCTG,1
TTATACGTTGCCCTCC,1
TTATACTTTAGAGTTG,1
TTATAGGCCACACCAA,1
TTATAGGTACGTGAGG,1
TTATATAATGGCATTG,1
TTATATACAATCGGGG,1
TTATATTAAACCGATA,1
TTATATTTATTCGATA,1
TTATCAAACCATGAAA,1
TTATCAAAGCGCTCAT,1
TTATCAGTAACCGTCG,1
TTATCCAGACGCCTTT,1
TTATCCGCTACACTGC,1
TTATCCTCAAAAAACA,1
TTATCGAAGTGATGTA,1
TTATCGAGTATACTGA,1
TTATCGATGCGACTAA,1
TTATCGTACCGCAAGC,1
TTATCGTGAGCAGCGG,1
TTATCTACAGCAGATA,1
TTATCTGCCGCCCAGG,1
TTATCTTAGAGAATGT,1
TTATGAAAACGGCAAT,1
TTATGAAAGAAAGTAA,1
TTATGAACCCTATAAT,1
TTATGAATGCTAGATG,1
TTATGACAAAGGATTT,1
TTATGAGATAGTCCAA,1
TTATGAGCCAAGTCTC,1
TTATGAGCGCTAACAA,1
TTATGAGGCCGCCAGT,1
TTATGTGTGACGCTCC,1
TTATTAAGATGAGTTG,1
TTATTACACCTGAAGT,1
TTATTACAGCAACAAT,1
TTATTACGATTTACCT,1
TTATTAGCAAACTTAA,1
TTATTAGTTGCCTATG,1
TTATTATAAAAATAAG,1
TTATTATATAGTAAAA,1
TTATTATTACGCCGCA,1
TTATTCAGCATAGGCT,1
TTATTCCTACCAATTT,1
TTATTCGCCTTCCAAC,1
TTATTCGTGAGCGACC,1
TTATTCTATTCACTCA,1
TTATTGATAATATGGG,1
TTATTTAAGAGCTGTT,1
TTATTTATATCGTTAA,1
TTATTTCTATTGTTAA,1
TTATTTGGATACGGCC,1
TTATTTTCAGACATCA,1
TTCAAAAAAAAAGCCT,1
TTCAAACCGGGCCTTA,1
TTCAAATAAACCGCCA,1
TTCAAATATACAATTA,1
TTCAAATGTTAACAGG,1
TTCAACACAAGGCGTA,1
TTCAACCCAGATTCAA,1
TTCAACGGATATATAT,1
TTCAAGAATAGAAACG,1
TTCAAGCCTGACCATC,1
TTCAAGCGGTGCTTCC,1
TTCAAGGAAATTGCCC,1
TTCAAGGACCACTGAG,1
TTCAAGGACTTACAAA,1
TTCAATCAACCCACAT,1
TTCAATCTATTGAAGA,1
TTCAATGATAAATGAC,1
TTCAATTAGTATCCTC,1
TTCACAAATACAATTC,1
TTCACACATGTTAAGT,1
TTCACACGGCCTGCCT,1
TTCACATTGGCTTGAT,1
TTCACCAAACCATATA,1
TTCACCATTTCTCACA,1
TTCACCCGTAGAGGGA,1
TTCACCTGACTCATAC,1
TTCACGAACTTTAATA,1
TTCACGCCGTAAAGCT,1
TTCACGGTGTAAAAAA,1
TTCACGTAAAACCACT,1
TTCACTTACAAAACAT,1
TTCAGAGCACTTGGCA,1
TTCAGAGTTTCTAGTC,1
TTCAGATACAAATCCT,1
TTCAGCAAAAACAGTA,1
TTCAGCAATCATCCTA,1
TTCAGCCATTAACCTG,1
TTCAGCTAATAGTACC,1
TTCAGGAAATTACTTC,1
TTCAGGAACGTCGTAA,1
TTCAGGACGTAAGAAT,1
TTCAGTAAAACGTTTA,1
TTCAGTAAAATTGGTC,1
TTCAGTAACAGTGAAT,1
TTCATACAGAAATTTT,1
TTCATACGAAAAGCCG,1
TTCATACTCAGTATGG,1
TTCATAGTCCAGCGCA,1
TTCATATTAAGGTAGT,1
TTCATATTTGATTCCG,1
TTCATGAAATACAAAT,1
TTCATGAAATCAAAAG,1
TTCATGAATCAAAAGA,1
TTCATGCCGACAGAAG,1
TTCATGCTTAAGCAAA,1
TTCATTCTATTAGGTA,1
TTCATTGACTCACCGC,1
TTCATTTTATACGTCC,1
TTCCAAACCCACCCCC,1
TTCCAAAGAGTAAAGA,1
TTCCAAATCCATTGAA,1
TTCCAAATGTGCAATA,1
TTCCAATGCTAGTAGC,1
TTCCACCAGAAGTGAC,1
TTCCACCATCGTCATG,1
TTCCACTATATGCCTT,1
TTCCACTATTAAAGCA,1
TTCCAGACCCTCAAAG,1
TTCCAGATTACCGATG,1
TTCCAGGAACGGGGGT,1
TTCCAGGACATAATTT,1
TTCCATAAAGATACGG,1
TTCCATAACACACTGG,1
TTCCATATCTACAACA,1
TTCCATGAACGAGTAC,1
TTCCCACGGTTTCCAA,1
TTCCCATAGGAGAGCA,1
TTCCCCTATAAACAGG,1
TTCCCGAAAATGTCAC,1
TTCCCGCCAAATATAC,1
TTCCCGTACAACGCGA,1
TTCCCTAACAGCTCGC,1
TTCCCTTATGGCCTCA,1
TTCCCTTCACTGTTAT,1
TTCCCTTTCCTGTGAA,1
TTCCGAACTCACTACT,1
TTCCGAAGATACGTCA,1
TTCCGAATGGGTCCCT,1
TTCCGAGACTAAAACA,1
TTCCGAGCACACCAAA,1
TTCCGCATAGGATCAC,1
TTCCGCCACTAGGCGT,1
TTCCGCTGACTCAAAG,1
TTCCGTAGAAATTGAT,1
TTCCGTTCTCACAAAA,1
TTCCTAAGATCCCACT,1
TTCCTACGCTAGCGAC,1
TTCCTCAAGCACTGCA,1
TTCCTCCTACGTACAA,1
TTCCTCGTCAACCCCG,1
TTCCTGAAACATTATT,1
TTCCTGAGACAAATAT,1
TTCCTGCTAAATATAA,1
TTCCTGCTGTGACATG,1
TTCCTGGCAAACTACT,1
TTCCTGTGATGTACCA,1
TTCCTGTTCATAATTA,1
TTCCTTACAAACTAGT,1
TTCGAAAAGCTCTGGT,1
TTCGAAAGGAAGTCTA,1
TTCGAAATCCTAACAT,1
TTCGAACCCTTATCCC,1
TTCGAACTCACTAATA,1
TTCGAACTTAATACAG,1
TTCGAATGCGACAACC,1
TTCGAATGGAATCCAC,1
TTCGACACAAAGTTCA,1
TTCGACACTATCCAGG,1
TTCGACACTATCCAGT,1
TTCGACATATTTGCTC,1
TTCGACCAAACCTATA,1
TTCGACGCGAGAACAG,1
TTCGATACAGAAAATA,1
TTCGATACTAAAATGG,1
TTCGATGGTATAGTAT,1
TTCGATTGAGGTCCTT,1
TTCGCAAAGACTTTTG,1
TTCGCAATTAACTGAT,1
TTCGCCAAAGGCAGAT,1
TTCGCCTAATGAAGGT,1
TTCGCGCAACAATAAC,1
TTCGCGTTCAGACATC,1
TTCGCTCAATCAAGAC,1
TTCGCTGAAAAATTAA,1
TTCGCTGCTGGAATCA,1
TTCGGAAAACATAGTT,1
TTCGGGACCGGCAAGG,1
TTCGGTAAATATGCTT,1
TTCGGTACTTACTGAA,1
TTCGTAAATACTGAAA,1
TTCGTAACGAATTAAT,1
TTCGTAATTAAACACA,1
TTCGTAATTCGAATAA,1
TTCGTATGGCCGAATC,1
TTCGTCAGCGACACGC,1
TTCGTGTCTGACAACA,1
TTCGTTAAACTACAAA,1
TTCGTTCCCTGAATAA,1
TTCGTTGATCAAAACA,1
TTCGTTTCCAGAGTCC,1
TTCTAAAGGGCACATC,1
TTCTAACTGGACATCA,1
TTCTAACTTGTGCCCG,1
TTCTAATAACAAAACG,1
TTCTAATGCACCCGAG,1
TTCTACATCATTATCT,1
TTCTACCAATAACGAC,1
TTCTACCGCTGAGACT,1
TTCTACGTATGGCAGA,1
TTCTACTTTTATTGAA,1
TTCTAGATACCATTAG,1
TTCTAGGAAATCTAAC,1
TTCTAGTTAAGGCCCG,1
TTCTATAATGCAAGAA,1
TTCTATCAAACACACC,1
TTCTATGTCGAATTCA,1
TTCTATTGCCCCCACA,1
TTCTCAAATTACAACT,1
TTCTCAATGACACATG,1
TTCTCAGCGTCATCGC,1
TTCTCATCCCACCAAC,1
TTCTCCGCACTCTATC,1
TTCTCCTCAGTCACTG,1
TTCTCTAACAAAAAAT,1
TTCTCTAATTCAATCC,1
TTCTCTACATTTCACA,1
TTCTCTCAAAGTATCC,1
TTCTGAATATAATAAA,1
TTCTGACTAGCTATTA,1
TTCTGACTTATAGCGG,1
TTCTGAGAATACCACA,1
TTCTGAGAGGAGATCC,1
TTCTGAGTGAAACAGC,1
TTCTGATAAGTCCTTG,1
TTCTGGCATTTTATAC,1
TTCTGTCAGTACCTTA,1
TTCTGTTAGGTGAAAA,1
TTCTTACAACCTAACC,1
TTCTTACGGGCTCGAA,1
TTCTTAGGACTTTTTG,1
TTCTTCAATACATTCA,1
TTCTTGAATAGCAAAA,1
TTCTTTAGCCTCCCAC,1
TTCTTTATACTAACGT,1
TTCTTTCCATAGCTAA,1
TTGAAAAACCAAATAT,1
TTGAAAAATAAAAGGT,1
TTGAAAAGATAACCGA,1
TTGAAAGATCCGGGGC,1
TTGAAATAAAAAGACA,1
TTGAAATACTGTTAAA,1
TTGAAATATGCCCAAC,1
TTGAAATGAAATACCA,1
TTGAAATTAGAAAACC,1
TTGAACAACAAAGATC,1
TTGAACACATCATGTC,1
TTGAACACTTCCATAT,1
TTGAACATAACTCATA,1
TTGAACCACTAGACAT,1
TTGAAGAATAACCTGT,1
TTGAAGAGCGAAAGCA,1
TTGAAGCAAAGACGAA,1
TTGAAGCCAAGCGCAA,1
TTGAAGGTCGGCAGTA,1
TTGAAGTACTTAAAAA,1
TTGAATAAATTGATTT,1
TTGAATCATGAGAAGT,1
TTGAATGGAATTATAA,1
TTGAATTAAACAATAA,1
TTGAATTAAAGACAAT,1
TTGAATTAATGATTGC,1
TTGAATTGCCGGAAGT,1
TTGAATTTTTGACCCC,1
TTGACAAGACCGGTGG,1
TTGACAAGCTAATACT,1
TTGACAATGGTGACAA,1
TTGACACAATACATAC,1
TTGACACGGCACTGAG,1
TTGACATAAAGTAGCG,1
TTGACATCGGAAGTAT,1
TTGACATCTAAGCCCA,1
TTGACCAAACATAGAG,1
TTGACCATTTACGGAC,1
TTGACCCAAGTCTCCA,1
TTGACCCATACCCCCT,1
TTGACCCATCAGTGCC,1
TTGACCTATCTGGTCA,1
TTGACGAAGTATTATA,1
TTGACGAGACAGATCA,1
TTGACGTACCAAGCCA,1
TTGACGTCAAACTTGA,1
TTGACTAAAATGAACC,1
TTGACTAGAACGATGA,1
TTGACTCTCGACCCAT,1
TTGAGAACACCGTAAC,1
TTGAGACAGCATAAAC,1
TTGAGACTCTCGTTAC,1
TTGAGACTCTGATACG,1
TTGAGCAAGATGCACT,1
TTGAGCAATCCACGAA,1
TTGAGCACCCAACAAC,1
TTGAGCACCCACCTTG,1
TTGAGCAGTCCGCAGT,1
TTGAGCTAAAGTGATG,1
TTGAGCTAGTCTAGTG,1
TTGAGCTATATGTGTA,1
TTGAGGATCTCACCAA,1
TTGAGGTGATATATAC,1
TTGAGTAAATTAGGTA,1
TTGAGTAACGGCAACA,1
TTGAGTCATGACACCA,1
TTGATAACAAGATGAG,1
TTGATAATGCCTAGAA,1
TTGATAGCATAGCGAA,1
TTGATAGCATCTTGCC,1
TTGATATAATTACAAT,1
TTGATATCTGGGCAAT,1
TTGATCAACCAGTCGA,1
TTGATCAAGTTGAGCA,1
TTGATCCCAAAGAGTA,1
TTGATCGCATAACGCA,1
TTGATCGCTCATGACA,1
TTGATCGGTGATAACA,1
TTGATCTGAACGGCAT,1
TTGATCTGGTAGCAAT,1
TTGATGACTAAAGAAG,1
TTGATGATGTGGTTTA,1
TTGATGCAACGAGTAT,1
TTGATGCACAAAGTTA,1
TTGATGCGATTGCATA,1
TTGATGTCAAATTTCA,1
TTGATTAAATAGAAAA,1
TTGATTCAGTCAAACA,1
TTGATTGAGAGTGGTA,1
TTGCAAAAGTAACCTG,1
TTGCAAACAGTTGGAA,1
TTGCAAATCTAATAAG,1
TTGCAAATGTAAGACG,1
TTGCAACCAGGCTACT,1
TTGCAATCTCACTGGC,1
TTGCACCCGTCCCATT,1
TTGCAGCCATTAATTA,1
TTGCAGCGGAACACCC,1
TTGCAGGTATGGTTAG,1
TTGCAGTCTAGTCCAT,1
TTGCATAAAAGTATAA,1
TTGCATATAGAATCAA,1
TTGCATATTCAATTAT,1
TTGCATCTATCAATTG,1
TTGCATGTCTCCGAGA,1
TTGCATGTTGCATCTT,1
TTGCCAATGAGTAGAA,1
TTGCCACAGAAAACCA,1
TTGCCAGCGAACCCCA,1
TTGCCAGGCGAGGGCA,1
TTGCCATACCCACACT,1
TTGCCATGAACCTCCA,1
TTGCCCATAACATATT,1
TTGCCCCCCATTCATA,1
TTGCCCGAGACCATAG,1
TTGCCCTAGCAACTTG,1
TTGCCGACGCATTTTT,1
TTGCCTAAATAGAAAC,1
TTGCGAAAGTTAGTTA,1
TTGCGACAACAGCTCG,1
TTGCGCCAGCAAATCA,1
TTGCGTCACCGCTCCA,1
TTGCGTCCTTGTCTAT,1
TTGCGTCGAACTTAAT,1
TTGCTAAACATTAACA,1
TTGCTAACTTCCGTAA,1
TTGCTAATGAATAATT,1
TTGCTAATGGACGTAA,1
TTGCTATAAAGGAGAG,1
TTGCTCACTTACGAAG,1
TTGCTCCCAACGATAC,1
TTGCTGCGTTCCCCTA,1
TTGGAACACTATGGCT,1
TTGGAATGCGCAAGCC,1
TTGGAATGTTACCAAT,1
TTGGACAGAGCTCATC,1
TTGGACCCCTCACAAA,1
TTGGAGAAAACAAGAA,1
TTGGAGATATCTATAG,1
TTGGAGTCTGTTTCAT,1
TTGGATACATGCACGC,1
TTGGATATCCCAATAA,1
TTGGATATGCCCTCCT,1
TTGGATCCTTTAAACA,1
TTGGCAAATCAAACTT,1
TTGGCCCTATTGAAAC,1
TTGGCTGAAATTAAAC,1
TTGGCTGGACCGAGGC,1
TTGGCTTTTTTCAGCT,1
TTGGGACAACTCCAAA,1
TTGGGATCGAAAATAT,1
TTGGGGCGAATTCTTT,1
TTGGGGCGATACTCAA,1
TTGGGGTGATAACAAG,1
TTGGTATGTATCCACA,1
TTGGTCGTCGTAAAAA,1
TTGTAAAAATTAACGG,1
TTGTAAAAGCCCCACT,1
TTGTAACCACCTACTA,1
TTGTAAGTTAGATCCT,1
TTGTAATCGTGAAGTA,1
TTGTAATGGGCCTCGA,1
TTGTAATTTAATCCGC,1
TTGTACATGCAGTGAA,1
TTGTAGCTGCAAACGA,1
TTGTAGTGCCCCATCG,1
TTGTAGTTAGTGTAGC,1
TTGTATTCATACAGCT,1
TTGTCAAATAAAAACG,1
TTGTCAAATGGAAAAT,1
TTGTCATATAAAGAAA,1
TTGTCATGATGGAATT,1
TTGTCGGAATACTATT,1
TTGTCGTACCACAGAT,1
TTGTCTAGATTGACGC,1
TTGTCTATGTTTCAAC,1
TTGTCTGAGGAAAGAG,1
TTGTCTTCGTTACAAC,1
TTGTGAACGTTACGGG,1
TTGTGACAAATTACCA,1
TTGTGCAGCCTACACC,1
TTGTGCCTCATTACAC,1
TTGTGTAACGCAAATG,1
TTGTTAAAAACACAAA,1
TTGTTATAATTTATGA,1
TTGTTCAGTAGCCCTG,1
TTGTTCGAAATATTAA,1
TTGTTGACAAAGTACT,1
TTGTTGCAACCGAAAA,1
TTGTTGGAAAAATTAT,1
TTGTTTAACGCATCTA,1
TTTAAAAAACACATGA,1
TTTAAAAAGAATACAG,1
TTTAAAACGCTAAGTT,1
TTTAAAAGAGAACTTC,1
TTTAAAAGCATAAATA,1
TTTAAAAGCCAACCAA,1
TTTAAAAGTCCTATAT,1
TTTAAACATTACATTA,1
TTTAAACTAACTCATT,1
TTTAAACTCCCACGCG,1
TTTAAACTTACGGACA,1
TTTAAAGAGTAAGTCT,1
TTTAAAGATAATAATA,1
TTTAAATAATAAAGGC,1
TTTAAATCTTACTGCA,1
TTTAAATTACCAAGAT,1
TTTAACACTTGGTTAC,1
TTTAACAGGAAGGATT,1
TTTAACATCTTAATCT,1
TTTAACCACAATTTTC,1
TTTAACTTCTATGCAA,1
TTTAACTTTATACAGT,1
TTTAAGACATTACCCC,1
TTTAAGATCCTTAACG,1
TTTAAGCCTGACAATG,1
TTTAAGGCTAAATCTC,1
TTTAATCATAGCCCCA,1
TTTAATCCAAAACTGT,1
TTTAATCCAGTTTGGA,1
TTTAATTATAATAGCC,1
TTTAATTCACACAAGG,1
TTTACACGATTTTGCC,1
TTTACAGGTAATACTT,1
TTTACATATTAAAACC,1
TTTACATATTGTTCAG,1
TTTACCAAAACAAGTG,1
TTTACCACAGATACCT,1
TTTACCCAAACCTATT,1
TTTACCTTTGACAAAT,1
TTTACGGAGCTAATAA,1
TTTACGGATCCGGTCT,1
TTTACGTCTAGAAATT,1
TTTACTAGCCAGTCGT,1
TTTACTATCTTTATGG,1
TTTACTCGAGATGATA,1
TTTACTTTACGAGTGC,1
TTTACTTTTGTGTAGA,1
TTTAGAATAATCGCGC,1
TTTAGAGAGTACGGAC,1
TTTAGATGCAAATTTC,1
TTTAGCAGTACTACGT,1
TTTAGCCTGACTGGGG,1
TTTAGCTAAAACGCGA,1
TTTAGCTAGTCTGGCA,1
TTTAGCTGCGTTTTAA,1
TTTAGGGGTGCACCTT,1
TTTAGTGGTTCATAAT,1
TTTAGTTTGACTGTTT,1
TTTATAACAAACAACC,1
TTTATAAGAAAATAAA,1
TTTATAAGGACGTATA,1
TTTATAATAGTCAAGA,1
TTTATAATGTTATCGT,1
TTTATAATTCCGAATC,1
TTTATACTTAACCCGC,1
TTTATAGATCATGCGC,1
TTTATAGCAGAAAACA,1
TTTATAGTCCTACAGA,1
TTTATCAACGCGTTCT,1
TTTATCAATACTATTT,1
TTTATCCTGGGAGATT,1
TTTATCCTTTCAAACA,1
TTTATCTCTCTGCTTG,1
TTTATCTTTAATATCC,1
TTTATGAAAACATAAA,1
TTTATGAAATGTTATC,1
TTTATGATTGGTCCAT,1
TTTATGCTACGAAGCT,1
TTTATGGACAGGAACG,1
TTTATGTATCGGCAGT,1
TTTATGTATTATGAGG,1
TTTATTATATGTTTCA,1
TTTATTGAAGGCCTTC,1
TTTATTTACAAAGCGT,1
TTTATTTAGACGGTAG,1
TTTATTTGAATCAAGA,1
TTTCAACATCTGATAC,1
TTTCAACCAATGTGTA,1
TTTCAACGATCAATTT,1
TTTCAACTCAGACGTA,1
TTTCAATCCTGGACTG,1
TTTCAATTTTAAAGAT,1
TTTCACCTATTCGGAA,1
TTTCACTCGTTTAGAT,1
TTTCAGAAAGTCGGCT,1
TTTCAGAAGGGATTCA,1
TTTCAGCCCGCTAGTA,1
TTTCAGCGAATAAAAT,1
TTTCAGCGGGTAATAA,1
TTTCATAACAATGAAA,1
TTTCATAACGTGCAAT,1
TTTCATGATAAAAAGC,1
TTTCCAAATTAACTAA,1
TTTCCCAACAAACAAT,1
TTTCCCAATATCCCGA,1
TTTCCCAGGTTAACCT,1
TTTCCCTAAAACATGC,1
TTTCCCTAATCACATG,1
TTTCCCTAGTGCTATG,1
TTTCCGCCACACCCAT,1
TTTCCGCGGATACAAT,1
TTTCCGTACGAAATAC,1
TTTCCTGACTCGATAA,1
TTTCCTTCTTCTAACT,1
TTTCGAAAAATTCGAA,1
TTTCGAAATAGACCCC,1
TTTCGAAGCATTCCGC,1
TTTCGATGAAATTAAA,1
TTTCGCCAAACTATCG,1
TTTCGGGCGTTGTGGT,1
TTTCGTGAGTGATCGA,1
TTTCTAACTCAGAGCC,1
TTTCTAAGTGACAAGC,1
TTTCTAATACGATCCT,1
TTTCTATTCGTTCTAA,1
TTTCTCACTACTCCGT,1
TTTCTGCAGGACTATA,1
TTTCTGCCCAGATAGT,1
TTTCTGCTCACAAGAT,1
TTTCTGTTAACTTATA,1
TTTCTTCTAGTTAATC,1
TTTGAAAAAATAGCTT,1
TTTGAAATATTACCCA,1
TTTGAACAATGTAAAA,1
TTTGAACACGAGTATC,1
TTTGAAGTATGCCAAG,1
TTTGAATAGTATAAGA,1
TTTGACCAGACAAGAC,1
TTTGACGACTGGACGT,1
TTTGACTACGGTGAGT,1
TTTGACTAGATTATTA,1
TTTGACTGCTACGAAA,1
TTTGAGCACGGAACCT,1
TTTGAGGAAAACATAT,1
TTTGAGGATATCATAT,1
TTTGAGTAGGAGCTAA,1
TTTGAGTAGTTCGGCG,1
TTTGAGTCAAGGTCAA,1
TTTGATCAAAGTCCCA,1
TTTGATCACAACCCCA,1
TTTGATCGTCGGTTAA,1
TTTGATCTGCATTACC,1
TTTGATGTTAGCACAC,1
TTTGCAAACAACAACG,1
TTTGCAAGAAACCAAA,1
TTTGCACACTATAGTT,1
TTTGCAGATGAACTTC,1
TTTGCCAAGTTGTAGC,1
TTTGCCCGCGAAAAGT,1
TTTGCGCAGATCCAAA,1
TTTGCGTCACGACAAA,1
TTTGCTATATAACCAA,1
TTTGGAAATAACACCT,1
TTTGGAACTGCAACGC,1
TTTGGACAAATACACC,1
TTTGGACCCTTTCAGA,1
TTTGGACGCAATCGCA,1
TTTGGATCATATAGTA,1
TTTGGGCAGCCTACAT,1
TTTGGTCTGGAGGGGG,1
TTTGTAATATCTAATC,1
TTTGTAGATCCGTCGG,1
TTTGTATGTTCTAGGC,1
TTTGTCAACTAAGATA,1
TTTGTCAGAAAAAAAA,1
TTTGTCCTTAAGATTA,1
TTTGTCGTCGAAATCC,1
TTTGTGTTACAAAACT,1
TTTGTTTCAGACTATA,1
TTTTAAAAGACACATT,1
TTTTAAAATTGCTATG,1
TTTTAAACCAATTGGG,1
TTTTAAACGTACATCC,1
TTTTAAATAGCTCTTT,1
TTTTAACATATCTAAC,1
TTTTAACATTTGCCGT,1
TTTTAACGGGCGTCCT,1
TTTTAACGGTAAGCGT,1
TTTTAACTGATCCTAG,1
TTTTAAGACAGCAATA,1
TTTTACAAACAGACAT,1
TTTTACAAGAATTTCC,1
TTTTACAATAACATGC,1
TTTTACGAGAAGCAAC,1
TTTTACTGGAAGTCAC,1
TTTTACTTCCACAAGA,1
TTTTACTTCTAGACCC,1
TTTTACTTGCCATCAG,1
TTTTAGAACTGGGGAG,1
TTTTAGCACCGCGTAC,1
TTTTAGGACACTCTGT,1
TTTTATGACCGAAGAA,1
TTTTATGACCTTCCGG,1
TTTTCACTATATAGTT,1
TTTTCCATTTGGTAAC,1
TTTTCGAAACTCAGTA,1
TTTTCGCTAAGAAATT,1
TTTTCGTACCACTCAA,1
TTTTCTAGCCTGACCA,1
TTTTCTCAGTCAAAGC,1
TTTTCTCTGTTTAACA,1
TTTTCTTATTCCCAGC,1
TTTTGAAACCTAAAGA,1
TTTTGAAGTTACGTGC,1
TTTTGAGATTGCGTTA,1
TTTTGATCCGACATTA,1
TTTTGATCGCAAAATC,1
TTTTGATGTAAGTCCC,1
TTTTGCCCGCTTGCAA,1
TTTTGGAGAGTATAAA,1
TTTTGGAGATAAAGCA,1
TTTTGTCCTGTCTTGT,1
TTTTTAACGCTAGAAC,1
TTTTTAAGGAACTTAA,1
TTTTTAGAAGTATCCA,1
TTTTTATCCTTACAAA,1
TTTTTCCCGACCTACC,1
TTTTTGAATTCAAACA,1
TTTTTGCACATTAAGA,1
TTTTTGTATAAGTTAA,1
TTTTTTGGAAACAAAC,1
AAAAAAAAAAAATCTT,0
AAAAAAAAAAAGCAGT,0
AAAAAAAAAAATAATG,0
AAAAAAAAAACACAAA,0
AAAAAAAAAAGATGGG,0
AAAAAAAAAATAGTTA,0
AAAAAAAAAATATTGT,0
AAAAAAAAAATATTTT,0
AAAAAAAAAGTCCAAA,0
AAAAAAAAATATTCAC,0
AAAAAAAACACAGCTC,0
AAAAAAAACATACGAA,0
AAAAAAAACATTGACC,0
AAAAAAAACCAACTTA,0
AAAAAAAACCCTCGAG,0
AAAAAAAACCTCTCCG,0
AAAAAAAACTCGTCCA,0
AAAAAAAACTTGTAAA,0
AAAAAAAAGATCTAAA,0
AAAAAAAAGCAGAGCA,0
AAAAAAAATCAACAAC,0
AAAAAAAATTAATTGA,0
AAAAAAAATTAGTTGA,0
AAAAAAACACCCATGC,0
AAAAAAACCCAAACAG,0
AAAAAAACCTGAAAAC,0
AAAAAAACGAAAGAAA,0
AAAAAAACGTGGCACA,0
AAAAAAACTACAGCGT,0
AAAAAAACTACCGAAA,0
AAAAAAACTAGAAGAA,0
AAAAAAACTCGGCAAA,0
AAAAAAAGACATACTA,0
AAAAAAAGATTACCGT,0
AAAAAAAGATTCACTG,0
AAAAAAAGCAATACCC,0
AAAAAAAGCAGATGTT,0
AAAAAAAGCCACAGTG,0
AAAAAAAGCGCGAATA,0
AAAAAAAGCGTCAGAC,0
AAAAAAAGCTTTATAA,0
AAAAAAAGGACTCTTA,0
AAAAAAATAAACCAAG,0
AAAAAAATACAAATCA,0
AAAAAAATACCTGAAA,0
AAAAAAATATGATCAA,0
AAAAAAATCATAACAG,0
AAAAAAATCCCGTCAC,0
AAAAAAATGAACAATG,0
AAAAAAATGATATCCG,0
AAAAAAATGTGATATA,0
AAAAAAATTGATTCCT,0
AAAAAAATTGGGTCAA,0
AAAAAACAAATACGCC,0
AAAAAACAACTAGTAC,0
AAAAAACAACTCTTTA,0
AAAAAACAATATGCTG,0
AAAAAACACAAGTGCT,0
AAAAAACACAGCTTAA,0
AAAAAACACCAGACTT,0
AAAAAACACCCGTGAA,0
AAAAAACACGCTAATT,0
AAAAAACACTACTTAT,0
AAAAAACACTATATTT,0
AAAAAACACTATGAGA,0
AAAAAACACTGATTCA,0
AAAAAACACTTGCGCG,0
AAAAAACAGAAGGAAT,0
AAAAAACAGCAGACCT,0
AAAAAACAGTGCAATA,0
AAAAAACATATTTAGG,0
AAAAAACATATTTGCA,0
AAAAAACATGAAGGAG,0
AAAAAACCAGAAAAAG,0
AAAAAACCAGACCTTC,0
AAAAAACCCTGAAACC,0
AAAAAACGCTTATCTG,0
AAAAAACGGAATATGG,0
AAAAAACGTACGTTCG,0
AAAAAACGTAGCCCAA,0
AAAAAACTAAACTAAT,0
AAAAAACTAATAGAAT,0
AAAAAACTAATGAACA,0
AAAAAACTAGACACCT,0
AAAAAACTATACGAAG,0
AAAAAACTCAACATAA,0
AAAAAACTCGCCCAAA,0
AAAAAACTGACACCCC,0
AAAAAAGAAGGGAACT,0
AAAAAAGAAGGGTTGG,0
AAAAAAGACACCACGT,0
AAAAAAGACATTAAAA,0
AAAAAAGATAATTGCT,0
AAAAAAGATGGAGCGA,0
AAAAAAGCCGATCCTC,0
AAAAAAGCCTATTTAA,0
AAAAAAGGCGGGCTAA,0
AAAAAAGGTGGGCCGG,0
AAAAAAGTAATCACAT,0
AAAAAAGTCATTTAAG,0
AAAAAAGTGCCCAGGA,0
AAAAAATAAAAAGAAT,0
AAAAAATAAATCCAGG,0
AAAAAATAACACCGTA,0
AAAAAATACCCGGCAA,0
AAAAAATACTTGTACT,0
AAAAAATAGGCAACAA,0
AAAAAATATACTGTGG,0
AAAAAATATCCCAATC,0
AAAAAATCAATCAAAT,0
AAAAAATCATTAGCAA,0
AAAAAATCCTAGATTG,0
AAAAAATCGGTACCAG,0
AAAAAATCTATAACTT,0
AAAAAATCTCAGGACG,0
AAAAAATCTCCAAAAC,0
AAAAAATGAAGAAATG,0
AAAAAATGAATAATGT,0
AAAAAATGAATCACCC,0
AAAAAATGAATTACGA,0
AAAAAATGCCTTTTCG,0
AAAAAATGGTAGCATT,0
AAAAAATGTAAAGGGA,0
AAAAAATGTGCTGCCT,0
AAAAAATTAATACCGA,0
AAAAAATTACTCTGGA,0
AAAAAATTACTTTAAC,0
AAAAAATTAGGATGGC,0
AAAAAATTCGCCAACA,0
AAAAAATTCTATTGCC,0
AAAAAATTGTCAAAAA,0
AAAAAATTTAAAGCTA,0
AAAAAATTTAATACAT,0
AAAAAATTTGGATCGT,0
AAAAAATTTTTATTAG,0
AAAAACAAAAAATTAT,0
AAAAACAAAAACATCA,0
AAAAACAAAAACTCAC,0
AAAAACAAACCAACCA,0
AAAAACAAACTGTAAA,0
AAAAACAAAGCCCCCG,0
AAAAACAACCTCATTT,0
AAAAACAACTCAGAAT,0
AAAAACAAGAGGATTT,0
AAAAACAATTAGCCTA,0
AAAAACAATTTAGACC,0
AAAAACAATTTTTTTA,0
AAAAACACCAGTTCTT,0
AAAAACACGAAAATGC,0
AAAAACAGATAGTGAA,0
AAAAACAGCCTATTAA,0
AAAAACAGGAAGTAAA,0
AAAAACAGGACACACG,0
AAAAACAGTAATATCT,0
AAAAACAGTGTGTATA,0
AAAAACATAAGGTGCA,0
AAAAACATACTAGTTA,0
AAAAACATAGCTTGCA,0
AAAAACATATCATTGA,0
AAAAACATATGAACAC,0
AAAAACATATGCTAAG,0
AAAAACATCAGCTTTA,0
AAAAACATTATGGGGA,0
AAAAACCAACATTCAT,0
AAAAACCACAATAAAA,0
AAAAACCACACTGAAA,0
AAAAACCAGATAGTCT,0
AAAAACCAGTACTGTC,0
AAAAACCAGTGTCTAC,0
AAAAACCCATGATCAG,0
AAAAACCCGAAGCATC,0
AAAAACCGACTCTAGA,0
AAAAACCTACAGGCAG,0
AAAAACCTATATGGGA,0
AAAAACCTATTCGGTC,0
AAAAACCTCCTGCCTC,0
AAAAACCTTTCCTCCC,0
AAAAACCTTTGCGAGA,0
AAAAACGAAATACACT,0
AAAAACGAAGTTTCTA,0
AAAAACGAATAAACAT,0
AAAAACGAATCACAAC,0
AAAAACGAATTAGCTA,0
AAAAACGACCAGCACT,0
AAAAACGAGCGATACA,0
AAAAACGAGTGGCCGA,0
AAAAACGATATAGACT,0
AAAAACGCTAGGCCGA,0
AAAAACGGAACAACCA,0
AAAAACGGAAGGCCCA,0
AAAAACGGTGTCACCA,0
AAAAACGTAGCTTCGA,0
AAAAACGTGACCTGAT,0
AAAAACTAAAAAAACG,0
AAAAACTAAAAATAAT,0
AAAAACTATGTCAGGG,0
AAAAACTATTCTATGG,0
AAAAACTCAAATATCC,0
AAAAACTCATATAAAG,0
AAAAACTCCAAAATGT,0
AAAAACTCTATCAGAA,0
AAAAACTGCTAGCTTG,0
AAAAACTGGAAACTAT,0
AAAAACTTCACGCCTA,0
AAAAACTTCATTCGGT,0
AAAAACTTGGTCTCAA,0
AAAAACTTTTCTTGGT,0
AAAAAGAAAAGTATCT,0
AAAAAGAAAGATCAAA,0
AAAAAGAACACCCTTA,0
AAAAAGAACATCGCGT,0
AAAAAGAACATGTTTC,0
AAAAAGAACGCATCCC,0
AAAAAGAAGGTCTTGG,0
AAAAAGAATAAATACA,0
AAAAAGAATAGATTGT,0
AAAAAGAATATTTTCT,0
AAAAAGAATTCTGTAT,0
AAAAAGACAATTGTAA,0
AAAAAGACAGTTCTGT,0
AAAAAGACATAATAAC,0
AAAAAGACCCAAACCT,0
AAAAAGACGTATCGCT,0
AAAAAGACTTAGATCG,0
AAAAAGAGAAAGGTTC,0
AAAAAGAGATACATCT,0
AAAAAGAGGACGTGGC,0
AAAAAGAGGTTTGTTT,0
AAAAAGAGTCTCTCGG,0
AAAAAGAGTTTTCTTA,0
AAAAAGATAAAGAATT,0
AAAAAGATACATTGAA,0
AAAAAGATAGGACCTC,0
AAAAAGATCGTACAAA,0
AAAAAGATCTAAGCCG,0
AAAAAGATTAATCCCG,0
AAAAAGCAAAATATAC,0
AAAAAGCAATCCCATT,0
AAAAAGCACTTAGAGC,0
AAAAAGCAGGAAATAT,0
AAAAAGCATATCACTG,0
AAAAAGCCAAAACAGC,0
AAAAAGCCTAAGGAAA,0
AAAAAGCGATCGGACA,0
AAAAAGCTATCTCACT,0
AAAAAGCTGAACAATT,0
AAAAAGCTGCATTACC,0
AAAAAGCTGCTCTTCG,0
AAAAAGGAATAAAATA,0
AAAAAGGAATTCGATT,0
AAAAAGGGAAAACCTA,0
AAAAAGGGCAACCACT,0
AAAAAGGTAGCCCGAC,0
AAAAAGGTATAATTTA,0
AAAAAGGTTTTTCAGC,0
AAAAAGTAGAAATCAC,0
AAAAAGTAGCACGAAA,0
AAAAAGTATGACAACA,0
AAAAAGTATTGCCAAA,0
AAAAAGTATTTACCAT,0
AAAAAGTCAAATTTGT,0
AAAAAGTCCCAACAGT,0
AAAAAGTCGGAGCAAA,0
AAAAAGTCGTAATAGT,0
AAAAAGTCTGTAAGAC,0
AAAAAGTCTTCACCCC,0
AAAAAGTGCTGCTGAA,0
AAAAAGTTAAAACCAA,0
AAAAAGTTACCTAAGT,0
AAAAAGTTCATCCCAG,0
AAAAATAAAAATAGTA,0
AAAAATAAAACCTTAT,0
AAAAATAAAATTAAAA,0
AAAAATAAACCGCAAA,0
AAAAATAAAGATAGAA,0
AAAAATAACAACTAAT,0
AAAAATAACAATATTA,0
AAAAATAACGAGGTCT,0
AAAAATAACGCTATAA,0
AAAAATAACTAGCCTA,0
AAAAATAAGAATACCG,0
AAAAATAATTCACACG,0
AAAAATACAGTCCGCA,0
AAAAATACCCAGTAAC,0
AAAAATACGACAGTAG,0
AAAAATACGCGTGGAA,0
AAAAATACGTGTGAAT,0
AAAAATACTCATGAAA,0
AAAAATACTCGAACAA,0
AAAAATACTCGACCCA,0
AAAAATAGACCATTAA,0
AAAAATAGACTTCCAG,0
AAAAATATAACCCAAT,0
AAAAATATATGGATAC,0
AAAAATATCAGGCCGC,0
AAAAATATCTATAACA,0
AAAAATATGATCACTC,0
AAAAATATGCAATAAA,0
AAAAATCAAGATTAAC,0
AAAAATCAATAAATTC,0
AAAAATCAGCACCCAA,0
AAAAATCATTACTTCA,0
AAAAATCATTGGAACG,0
AAAAATCCAAATGCTT,0
AAAAATCCAACACGAC,0
AAAAATCCAACTGACA,0
AAAAATCCACAGAAAC,0
AAAAATCCTTACATCG,0
AAAAATCGAAATATCT,0
AAAAATCGAATGCTCC,0
AAAAATCGACCTTACA,0
AAAAATCGTCCTACCA,0
AAAAATCGTTGGGAGA,0
AAAAATCTATGTAGAG,0
AAAAATGAAAATTGCT,0
AAAAATGAAAATTTGC,0
AAAAATGAACCAACAA,0
AAAAATGAACTAGGCA,0
AAAAATGAAGCCGTAA,0
AAAAATGAATAACACA,0
AAAAATGATGTATTAA,0
AAAAATGCACCCGTAG,0
AAAAATGCGATGGTAA,0
AAAAATGGAAAAAGTC,0
AAAAATGGGGGGAATC,0
AAAAATGGTCGTCCCG,0
AAAAATGGTTCGCTGT,0
AAAAATGTAGAACCTA,0
AAAAATGTAGCGATTC,0
AAAAATGTCCACCTTT,0
AAAAATGTGATCTATT,0
AAAAATGTGGAAATTC,0
AAAAATGTGTTATCAG,0
AAAAATTAAATCATCG,0
AAAAATTAAGAATATG,0
AAAAATTAATTAAGTT,0
AAAAATTACACACAAA,0
AAAAATTACCAATTCC,0
AAAAATTAGTGCTCCA,0
AAAAATTATTCTACTT,0
AAAAATTCATTAAACT,0
AAAAATTCCGAAAGTC,0
AAAAATTCTTGAAACG,0
AAAAATTGAAATAAGT,0
AAAAATTGACACATTT,0
AAAAATTGATTGAGGA,0
AAAAATTGCAAATCCC,0
AAAAATTGGATGAACG,0
AAAAATTGTTATGGGC,0
AAAAATTTAAAGTATG,0
AAAAATTTACTAAGCA,0
AAAAATTTATTCGAGG,0
AAAAATTTCTCACTCC,0
AAAAATTTTCAACCAG,0
AAAAATTTTTAAATAA,0
AAAACAAAAAACATCC,0
AAAACAAAACAGACTC,0
AAAACAAAATTAAAAA,0
AAAACAAACAGATTCC,0
AAAACAAACATTAAAC,0
AAAACAAACGAAAGAT,0
AAAACAAACGAGAACA,0
AAAACAAACGCTAATT,0
AAAACAAACTATTCAG,0
AAAACAAAGAGCACCA,0
AAAACAAAGCTTTAAC,0
AAAACAAAGGCTATTT,0
AAAACAAAGGGCCACA,0
AAAACAAATGCGTTTA,0
AAAACAAATTCGGTGA,0
AAAACAACAAGCTTTC,0
AAAACAACAATTGCAT,0
AAAACAACAGATATAG,0
AAAACAACCCAACCCG,0
AAAACAACCTAAAAAT,0
AAAACAACTAACAGTG,0
AAAACAACTGCAAATG,0
AAAACAAGATTCGGGC,0
AAAACAAGCATTCCCA,0
AAAACAAGGACATTAG,0
AAAACAATAAAAATAT,0
AAAACAATAAATGCAC,0
AAAACAATTCACAGAC,0
AAAACAATTTTATAAA,0
AAAACACACGAGACAA,0
AAAACACCAGGAGATG,0
AAAACACCCGAGATTT,0
AAAACACGCAAGAATA,0
AAAACACGTGTTCCGA,0
AAAACACTAATTACAG,0
AAAACACTGAAACTGA,0
AAAACAGAAAGTGCAA,0
AAAACAGAACCATAAA,0
AAAACAGAATACATCA,0
AAAACAGACCCAACTA,0
AAAACAGACCGGTATA,0
AAAACAGAGGTCTAAC,0
AAAACAGATATATGTT,0
AAAACAGCCTCAACCT,0
AAAACAGCGCATTCCA,0
AAAACAGCTCAGAATG,0
AAAACAGCTGAGATTC,0
AAAACAGGATAAATCA,0
AAAACAGGGTTTAGCA,0
AAAACAGGTTCAGACC,0
AAAACAGTCTTTAAAG,0
AAAACAGTTCAGAACC,0
AAAACAGTTGGGTTGG,0
AAAACAGTTTTTTAAA,0
AAAACATAAAGCTTGA,0
AAAACATAACGTCCAA,0
AAAACATACACACTGC,0
AAAACATATCAACAGT,0
AAAACATATTGGAATT,0
AAAACATCAGTTCTCA,0
AAAACATCATAGTACA,0
AAAACATCCATCATCC,0
AAAACATCTCAACGGG,0
AAAACATCTCAGATTG,0
AAAACATGAAGCAAGA,0
AAAACATGTAACAAAA,0
AAAACATGTGAACGGC,0
AAAACATGTGGTAAAA,0
AAAACATTTCCGATTG,0
AAAACCAAAATTAGAG,0
AAAACCAATATAGTTA,0
AAAACCAATTCTCTAC,0
AAAACCACCCTCGGAC,0
AAAACCACTCCTCTCA,0
AAAACCAGAGAAATCG,0
AAAACCAGCTTCTAAT,0
AAAACCAGTCGAAAAA,0
AAAACCAGTTCTAAGC,0
AAAACCATAAATATTC,0
AAAACCATAAATCGCC,0
AAAACCATAACCAGGA,0
AAAACCATATACCGAA,0
AAAACCATCCGGGGCA,0
AAAACCATTAATGCAA,0
AAAACCATTCGCATTT,0
AAAACCATTGCAGAAC,0
AAAACCATTGTATCCA,0
AAAACCCAACCTAGAT,0
AAAACCCAACGAAAAG,0
AAAACCCAAGAAATAG,0
AAAACCCAATCGGAAT,0
AAAACCCACACTTGCT,0
AAAACCCCAAGGTACA,0
AAAACCCCAATCAGTT,0
AAAACCCCACAAAAAT,0
AAAACCCCGCTGAAGT,0
AAAACCCCGCTTCATT,0
AAAACCCGTAGTAAAC,0
AAAACCGAACAGTTCA,0
AAAACCGACACTACAT,0
AAAACCGACCTATCCG,0
AAAACCGCATACACTA,0
AAAACCGTATAACTTC,0
AAAACCTATTAGGTCT,0
AAAACCTCACTAAAAA,0
AAAACCTCAGCCGCAG,0
AAAACCTCCCAATCAA,0
AAAACCTCTCATACCT,0
AAAACCTGAATGTTCA,0
AAAACCTGACTGGAGC,0
AAAACCTGAGAAACGC,0
AAAACCTGGACCTTGA,0
AAAACCTTCATAGCTC,0
AAAACCTTCTGCTACT,0
AAAACCTTGTATTACT,0
AAAACGAAAAGGCAAA,0
AAAACGAAAATATAAC,0
AAAACGAAAATTCTAT,0
AAAACGAAAGTCAAAT,0
AAAACGAAATTAACGG,0
AAAACGAACGCCAATG,0
AAAACGAAGAAAATCT,0
AAAACGAATGATAGAG,0
AAAACGAATTAATCAA,0
AAAACGAATTATAATA,0
AAAACGACAAAATATT,0
AAAACGACCCTGACTA,0
AAAACGAGAAAACCGT,0
AAAACGAGAAATACAG,0
AAAACGAGGACTTTCC,0
AAAACGAGTGGAGCAC,0
AAAACGATAAAATAGA,0
AAAACGATACTTTTCC,0
AAAACGATCATACAGA,0
AAAACGATCCCTTTTT,0
AAAACGCAAAGTTTTC,0
AAAACGCCCGACATAT,0
AAAACGCGACTTAACA,0
AAAACGCGAGTAAACG,0
AAAACGGACTACAACG,0
AAAACGGAGTTTATAC,0
AAAACGGATCACACCG,0
AAAACGGCCAAGATAT,0
AAAACGGTAACCCAGA,0
AAAACGGTTATCACAG,0
AAAACGGTTGAAGTAA,0
AAAACGTCATCCCAGA,0
AAAACGTCCAGTCCAC,0
AAAACGTCCGGAAACC,0
AAAACGTGTAAATACA,0
AAAACGTGTGACTAAA,0
AAAACGTTCTCCGATC,0
AAAACGTTCTGGTGAT,0
AAAACGTTTAATTAAA,0
AAAACGTTTGTGCAAC,0
AAAACTAAAGTAGGGA,0
AAAACTAAATATACCT,0
AAAACTAATACTGAAG,0
AAAACTAATCTATATG,0
AAAACTACCAAGAAGA,0
AAAACTACCTAAGAGA,0
AAAACTAGAAGCTCTA,0
AAAACTAGACGGTGAC,0
AAAACTAGCAAAGAAC,0
AAAACTAGGTAAACCA,0
AAAACTAGGTATTTCC,0
AAAACTATCAAGTCTG,0
AAAACTATGAGAATTA,0
AAAACTATGCAGAGGC,0
AAAACTATTCGCTGAG,0
AAAACTCAACCCAGTA,0
AAAACTCAAGAAACTG,0
AAAACTCACCGGCGCG,0
AAAACTCACGGTCATG,0
AAAACTCACTTGCCTC,0
AAAACTCCTAAACCTC,0
AAAACTCCTATCTGCA,0
AAAACTCCTTCCGACG,0
AAAACTCCTTGACCAC,0
AAAACTCTAGGAGTCG,0
AAAACTCTCAGCTAGT,0
AAAACTCTCATCGAAT,0
AAAACTCTTGTCCAAA,0
AAAACTGAAAATATCG,0
AAAACTGACAGCATGA,0
AAAACTGACCCACCTG,0
AAAACTGACCTATACG,0
AAAACTGAGATGAATC,0
AAAACTGATCACCGAA,0
AAAACTGCACAAAATT,0
AAAACTGCCCACAGTT,0
AAAACTGCCTAATCTT,0
AAAACTGCTATAAATG,0
AAAACTGGCTCGACGG,0
AAAACTGTAGTCTTAT,0
AAAACTGTTCCAGAAA,0
AAAACTTAAATCATGC,0
AAAACTTAAATTTCAT,0
AAAACTTAATATTATA,0
AAAACTTAGAGTGGGA,0
AAAACTTAGATCTCCG,0
AAAACTTATACAATTA,0
AAAACTTGTATCGCGT,0
AAAACTTGTTATCCAT,0
AAAACTTTCACTCTGT,0
AAAACTTTCTTCTAAA,0
AAAACTTTGAAGAACT,0
AAAACTTTTCTGAAAT,0
AAAAGAAAAAGGTTAA,0
AAAAGAAAATCAAGAA,0
AAAAGAAACCAGAACA,0
AAAAGAAAGAGAAATG,0
AAAAGAAATAACAACT,0
AAAAGAAATAGCAGAC,0
AAAAGAACAAATCTAC,0
AAAAGAACATAGAATC,0
AAAAGAACTACAATCT,0
AAAAGAAGATCGGCAC,0
AAAAGAAGCTTGTCCA,0
AAAAGAAGGGAACCGT,0
AAAAGAAGTTCCAAGA,0
AAAAGAATAAAAATGA,0
AAAAGAATAATTTAGA,0
AAAAGAATATGGGTCA,0
AAAAGAATCCATTAAA,0
AAAAGAATCTACGAAA,0
AAAAGAATCTCCCAAT,0
AAAAGAATGTTCCAAT,0
AAAAGAATTCATTAAG,0
AAAAGAATTTGTAGTT,0
AAAAGACAGACATACT,0
AAAAGACAGGCGCGAA,0
AAAAGACATGGTTCCG,0
AAAAGACCACAGTTCA,0
AAAAGACCAGCAAAAC,0
AAAAGACCCGTTCGCG,0
AAAAGACCTCGGAAGA,0
AAAAGACGACAGTACT,0
AAAAGACGAGACAACA,0
AAAAGACGATAGAAAG,0
AAAAGACGCGCGATGA,0
AAAAGACGTCAAACAT,0
AAAAGACTAAAGACAC,0
AAAAGACTCTAGTACA,0
AAAAGACTGAGGCCTG,0
AAAAGACTGAGTCCCG,0
AAAAGACTTCTAATAC,0
AAAAGACTTGGCGATA,0
AAAAGAGAATTTCATA,0
AAAAGAGACAATTATA,0
AAAAGAGAGTCCGCCG,0
AAAAGAGATTCTACAT,0
AAAAGAGCGGGCTCGT,0
AAAAGAGGAACTGATC,0
AAAAGAGGGTAGAAGG,0
AAAAGAGTACCACGAA,0
AAAAGAGTATTAACTG,0
AAAAGAGTTACAACAA,0
AAAAGAGTTACAATAA,0
AAAAGATAAAAGTCCA,0
AAAAGATAACTCTAAC,0
AAAAGATAATACATGT,0
AAAAGATACAACCATA,0
AAAAGATACGTAGAAT,0
AAAAGATATACATAGC,0
AAAAGATATGCCCACA,0
AAAAGATATGTTCGTA,0
AAAAGATCATATTCGT,0
AAAAGATGAAATCAAG,0
AAAAGATGAAGAAGAC,0
AAAAGATGAAGTTACA,0
AAAAGATGGTATCTCT,0
AAAAGATGTCATGAAA,0
AAAAGATGTGACTTCC,0
AAAAGATTAGCCGCGT,0
AAAAGATTATCATCAA,0
AAAAGATTTATCAACT,0
AAAAGATTTGAACTAT,0
AAAAGCAAAATAAAGA,0
AAAAGCAAACCTTTTG,0
AAAAGCAACGTTTCCC,0
AAAAGCAATTAACAAG,0
AAAAGCACACACATAT,0
AAAAGCACAGATGAAA,0
AAAAGCACGAGCACGA,0
AAAAGCACGGACAGGA,0
AAAAGCACTAATGACT,0
AAAAGCACTATTATAA,0
AAAAGCACTCCCATGG,0
AAAAGCAGAACTGGAA,0
AAAAGCAGCCAAATCA,0
AAAAGCAGCTCAAATT,0
AAAAGCAGTTAAAAAG,0
AAAAGCATAGCATGTT,0
AAAAGCATATTCCGAA,0
AAAAGCATCTAATCAA,0
AAAAGCATCTTCCACT,0
AAAAGCATGAGTAATT,0
AAAAGCATTTTACTTA,0
AAAAGCCAAATATCTA,0
AAAAGCCCAAACGAGC,0
AAAAGCCCATAGCACC,0
AAAAGCCCCAAATTAT,0
AAAAGCCCCATTCAAA,0
AAAAGCCGCCTAACTC,0
AAAAGCCGTTCAAAGT,0
AAAAGCCTGTCGAAAA,0
AAAAGCGAGTGTTAAC,0
AAAAGCGATTCTTCCC,0
AAAAGCGCGTTTTTTG,0
AAAAGCGGACAATCAA,0
AAAAGCGTGTCAAATC,0
AAAAGCGTTTTTGAGT,0
AAAAGCTACCCACTAA,0
AAAAGCTTTGACTAGC,0
AAAAGGAAAAGGGACT,0
AAAAGGAACGTGCATA,0
AAAAGGACCACTTGGC,0
AAAAGGACCTGAAACA,0
AAAAGGAGAAAACAGA,0
AAAAGGAGGAAAGATA,0
AAAAGGAGGGAATTTG,0
AAAAGGATATGAAAAT,0
AAAAGGATGTACACGG,0
AAAAGGCAAGCTAAGG,0
AAAAGGCAAGTGATTT,0
AAAAGGCACCAATATG,0
AAAAGGCGGGAAATAT,0
AAAAGGCGTACTATTT,0
AAAAGGCTATATAGAA,0
AAAAGGCTTAGAAATA,0
AAAAGGGATAACCACT,0
AAAAGGGATCGCAGAT,0
AAAAGGGCACGCCGTC,0
AAAAGGGGCACAAAAA,0
AAAAGGGTCAAACGGG,0
AAAAGGGTCAATAAGA,0
AAAAGGTAAAATGCTT,0
AAAAGGTAGCTAAACT,0
AAAAGGTATAAGTCCT,0
AAAAGGTCAAAGTACA,0
AAAAGGTCATTTAGAC,0
AAAAGGTCGATTACAC,0
AAAAGGTGTACTAAAT,0
AAAAGGTTACTCCTTA,0
AAAAGGTTCAGTATGT,0
AAAAGTAAAAATTAAA,0
AAAAGTAAAACTTAAT,0
AAAAGTAAATTCCTAA,0
AAAAGTAAGAATATCA,0
AAAAGTAAGCAAACAG,0
AAAAGTACCGAGAGCA,0
AAAAGTACGCCCGGGT,0
AAAAGTACTGAAAGCT,0
AAAAGTAGAAATAAAC,0
AAAAGTAGATGTCGGG,0
AAAAGTAGGAGATTAG,0
AAAAGTATAAACCAAG,0
AAAAGTATAAATAAGC,0
AAAAGTATACCTCCGC,0
AAAAGTATCGGTAAGT,0
AAAAGTATGTATTGAC,0
AAAAGTATTATCGCAT,0
AAAAGTCAAACATAGA,0
AAAAGTCAATTAAACA,0
AAAAGTCACGGAACGG,0
AAAAGTCACTAAATAC,0
AAAAGTCATGCGCCAT,0
AAAAGTCCATACAGCC,0
AAAAGTCCTCAAATAT,0
AAAAGTCTACGAGATC,0
AAAAGTCTTTCAGCAG,0
AAAAGTGAAATACCGA,0
AAAAGTGCAAGACTCT,0
AAAAGTGGATTGGTCG,0
AAAAGTGGTCACAACT,0
AAAAGTGTCCAGATCA,0
AAAAGTTAACCTCACA,0
AAAAGTTAATTAATAA,0
AAAAGTTACATAATCT,0
AAAAGTTAGTTACCGC,0
AAAAGTTATACACCCT,0
AAAAGTTATCGTATTA,0
AAAAGTTCGAGTCAAT,0
AAAAGTTCTCGATCCG,0
AAAAGTTCTTAAACCC,0
AAAAGTTGTCTCACAC,0
AAAAGTTTTCCCACAC,0
AAAAGTTTTGGGTTTT,0
AAAATAAAAAACTAAT,0
AAAATAAAACCACAAT,0
AAAATAAAACTCTAAA,0
AAAATAAACAAAGGCT,0
AAAATAAACAAATACG,0
AAAATAAACTGCCTAA,0
AAAATAAAGGCCACTT,0
AAAATAAATATGGTCC,0
AAAATAAATGACTAAC,0
AAAATAAATGCCCTGC,0
AAAATAACACTCTTCA,0
AAAATAACAGTAACAC,0
AAAATAACCACAAACA,0
AAAATAACGACATAAA,0
AAAATAACGACGCATA,0
AAAATAAGAAAACATC,0
AAAATAAGATATAACC,0
AAAATAAGCTGACACA,0
AAAATAAGTTAAGGCA,0
AAAATAAGTTCCACTA,0
AAAATAATAAAATCTC,0
AAAATAATAAGCAACT,0
AAAATAATACCAAGAA,0
AAAATAATACTCCCCA,0
AAAATAATACTCTCTA,0
AAAATAATAGACCAAA,0
AAAATAATTTAAAAAA,0
AAAATACAAAATAGCT,0
AAAATACAAATGTGGC,0
AAAATACAACATACGG,0
AAAATACAATCCTCTG,0
AAAATACAATGAAATA,0
AAAATACCAAATCCCC,0
AAAATACCAAATGTAA,0
AAAATACCGTATAAAT,0
AAAATACGAAATTGCT,0
AAAATACGACCAAGAT,0
AAAATACGATTTCGAA,0
AAAATACGCAGCAAGG,0
AAAATACGCTTAGATG,0
AAAATACGGATAGAAA,0
AAAATACGTGACCACG,0
AAAATACTAGAGATTT,0
AAAATAGAAAGGATTC,0
AAAATAGAAAGTTATG,0
AAAATAGAACCCTATA,0
AAAATAGACACACGCA,0
AAAATAGATAAATCTA,0
AAAATAGATGATAAAT,0
AAAATAGCGAAATACC,0
AAAATAGCTATCTCGA,0
AAAATAGGCCTAGATC,0
AAAATAGGGACCAATT,0
AAAATAGGGCCAGGTG,0
AAAATAGGTAAGCATT,0
AAAATAGGTTTGCAAA,0
AAAATAGTCATATAGC,0
AAAATAGTGTCAATAT,0
AAAATAGTTAACAAAG,0
AAAATAGTTAACACTA,0
AAAATATAAAAATAGA,0
AAAATATAAACGCAAG,0
AAAATATACTTCATTT,0
AAAATATAGAAAATCC,0
AAAATATATGATATAC,0
AAAATATCACATGATA,0
AAAATATCCTTTGCTA,0
AAAATATCGTCCAATG,0
AAAATATCTCTCCTGG,0
AAAATATCTTAGGACA,0
AAAATATGAAGTTCAT,0
AAAATATGAATTAGTT,0
AAAATATGACAATGAC,0
AAAATATGAGAATGAA,0
AAAATATGATCAGCAA,0
AAAATATGATCTCGCT,0
AAAATATGTTTATTAC,0
AAAATATTGATAAGAC,0
AAAATCAAAACTCACA,0
AAAATCAAATATCCGA,0
AAAATCAACCATCCAA,0
AAAATCAACGATTGAT,0
AAAATCAAGCATACCA,0
AAAATCACAAGGGAGA,0
AAAATCACTAGGAAAA,0
AAAATCAGAAGCTGAA,0
AAAATCAGATCTAAAG,0
AAAATCATAGACAACT,0
AAAATCATAGCTACCA,0
AAAATCATATGTCCAA,0
AAAATCATCAGTCTAT,0
AAAATCATCGAGCTAT,0
AAAATCCAAAATGCTG,0
AAAATCCAATAACGGT,0
AAAATCCAATAATCAG,0
AAAATCCACAGGCAAA,0
AAAATCCACTTTCGTT,0
AAAATCCAGAGGGGGA,0
AAAATCCAGTCTTGCT,0
AAAATCCATTAAATAT,0
AAAATCCCAACCGATT,0
AAAATCCCAAGCTCTA,0
AAAATCCCCATATTCC,0
AAAATCCGCAACGAAT,0
AAAATCCGCAGCCAAT,0
AAAATCCGTTCGGTGC,0
AAAATCCTATCCATAC,0
AAAATCCTCAAATGGG,0
AAAATCCTTCAGCTAA,0
AAAATCGAACCACCGG,0
AAAATCGAAGCTACCA,0
AAAATCGATAAATTGC,0
AAAATCGATAATACAT,0
AAAATCGATTTTAGAT,0
AAAATCGGAACGGCTC,0
AAAATCGTACCTGAGA,0
AAAATCGTGAATACAA,0
AAAATCGTGACTCGGG,0
AAAATCTAAACAGTAC,0
AAAATCTAATTGGTAC,0
AAAATCTATTCAACAG,0
AAAATCTCAATGTTGA,0
AAAATCTCCCCTCATA,0
AAAATCTGAGGGCGCG,0
AAAATCTGATTCCTCA,0
AAAATCTGGGACATTA,0
AAAATCTGGTCAAAAA,0
AAAATCTGTCTGTAAC,0
AAAATCTTAAATTCAG,0
AAAATCTTGACTTTCT,0
AAAATGAAAAAACTCC,0
AAAATGAAAGCACAGA,0
AAAATGAAAGTGTGAA,0
AAAATGAACAAACATG,0
AAAATGAACGCACTCA,0
AAAATGAAGAAGCGCA,0
AAAATGAATACTGATC,0
AAAATGACAAGACTGG,0
AAAATGACACAATTAA,0
AAAATGACACACTACA,0
AAAATGACACATGTTG,0
AAAATGACGCCAGCCG,0
AAAATGAGAGCATAAA,0
AAAATGAGATAAGTCA,0
AAAATGAGGATGTCCT,0
AAAATGAGTAATGCAG,0
AAAATGAGTATGACAT,0
AAAATGATACAAAAAA,0
AAAATGATCCTCGAAG,0
AAAATGATTGGTAATT,0
AAAATGCAAAATAGAG,0
AAAATGCAAAGTCTGA,0
AAAATGCACCAGAAAC,0
AAAATGCAGCATATCA,0
AAAATGCAGTTCTTAA,0
AAAATGCATAGGTCGA,0
AAAATGCTAACAAAGT,0
AAAATGCTTTATGCAC,0
AAAATGCTTTCCATAG,0
AAAATGGATTACGTAG,0
AAAATGGCAGCGATCC,0
AAAATGGGGACTAAAT,0
AAAATGGTAAGGAAGA,0
AAAATGGTCCATAAAT,0
AAAATGTAAAGAATAG,0
AAAATGTAAAGTCACA,0
AAAATGTAAGATGATA,0
AAAATGTAATACCAGA,0
AAAATGTACCACTTCG,0
AAAATGTAGAACTAAA,0
AAAATGTAGCTCCAAT,0
AAAATGTAGTAACCTG,0
AAAATGTCAAAAATAA,0
AAAATGTCGTTAACCC,0
AAAATGTCTATCCTAT,0
AAAATGTCTTAGTTGC,0
AAAATGTGAGGATTCC,0
AAAATGTGCAATGGGA,0
AAAATGTGTCGAGCAC,0
AAAATGTGTCTATTAA,0
AAAATGTTAATATCCT,0
AAAATGTTTTACAAAG,0
AAAATTAAACTAACAC,0
AAAATTAAACTGATAG,0
AAAATTAACGGGCAAT,0
AAAATTAAGAAAACTC,0
AAAATTAAGCGAAACG,0
AAAATTAATCACAGAA,0
AAAATTACATATGAAT,0
AAAATTACCTCCTCCG,0
AAAATTAGAAGCCCAT,0
AAAATTAGGTACGAGG,0
AAAATTATCATTTGTA,0
AAAATTATCTCAAAAG,0
AAAATTATGAGAAAAC,0
AAAATTCAAACAAGCC,0
AAAATTCAACCCTGAT,0
AAAATTCATCGAGGCC,0
AAAATTCCAAACAAGT,0
AAAATTCCAATCTAAA,0
AAAATTCCCAAGCAGG,0
AAAATTCCTATATATA,0
AAAATTCGTACATTAA,0
AAAATTCTATTAAAAA,0
AAAATTCTCAACCTGA,0
AAAATTCTCTCTTTAA,0
AAAATTCTCTGGATCA,0
AAAATTCTGCCTCTTT,0
AAAATTCTGTGACCCT,0
AAAATTCTGTTCTTTA,0
AAAATTGAAGGGCTAA,0
AAAATTGACACCAACC,0
AAAATTGATTATCTCG,0
AAAATTGATTGAAAAG,0
AAAATTGATTTTTGCG,0
AAAATTGCACCTTTCT,0
AAAATTGCCCAGTAGT,0
AAAATTGCCCCAATTA,0
AAAATTGTTTACGGTT,0
AAAATTTAAGAATTTA,0
AAAATTTAAGCGATAT,0
AAAATTTAAGGAAAGG,0
AAAATTTAATCGAATT,0
AAAATTTCACGTTGAT,0
AAAATTTGAAACGGTA,0
AAAATTTGCCTTATAG,0
AAAATTTGCGTATCTG,0
AAAATTTTAAGTACAG,0
AAAATTTTCAGTTGAA,0
AAACAAAAAAACCGTT,0
AAACAAAAAAATTTGT,0
AAACAAAAAAGGAGGT,0
AAACAAAAAGAAATTT,0
AAACAAAAATAGATAT,0
AAACAAAAATCAGGTT,0
AAACAAAACAGTGTTC,0
AAACAAAACGAATGGT,0
AAACAAAACTTTTACC,0
AAACAAAAGGTAAAAG,0
AAACAAACAAAACATT,0
AAACAAACAACGCACT,0
AAACAAACAAGTGACT,0
AAACAAACAGGTATCA,0
AAACAAACAGGTGGCA,0
AAACAAACATAAGGAA,0
AAACAAACCAAAAACA,0
AAACAAACCACAGGTT,0
AAACAAACCGAATCAT,0
AAACAAACCGCGACTG,0
AAACAAACGGAGAATA,0
AAACAAACTAATTGTC,0
AAACAAACTCAAACAG,0
AAACAAAGACGCAACT,0
AAACAAAGCCGTTCGG,0
AAACAAAGCTGCGCCA,0
AAACAAAGCTTAAGCT,0
AAACAAATAACTCAGG,0
AAACAAATACCCCATG,0
AAACAAATAGGGCCAT,0
AAACAAATATTACTAG,0
AAACAAATCACGAGTG,0
AAACAAATTAAAGCAT,0
AAACAACAAACGTAGC,0
AAACAACAATATAATA,0
AAACAACAATGACATC,0
AAACAACACAGGCTAC,0
AAACAACACGTAAGGA,0
AAACAACACTTTATCT,0
AAACAACAGTCTGATG,0
AAACAACATGAGTTAC,0
AAACAACCCTAAAAGG,0
AAACAACCGCTGAATG,0
AAACAACCTACATGGA,0
AAACAACCTATCACAA,0
AAACAACGATCACTCG,0
AAACAACGTCTACGTT,0
AAACAACTAACCTCAC,0
AAACAACTCAACCTCA,0
AAACAACTCACAATCA,0
AAACAACTCGCCGTAA,0
AAACAAGAACCGCCCT,0
AAACAAGACACTTGTT,0
AAACAAGAGTACCACT,0
AAACAAGATAGTGTCA,0
AAACAAGCCAATTCAT,0
AAACAAGCGATTCAGT,0
AAACAAGCTCAAACTA,0
AAACAAGGGTACAAAT,0
AAACAAGGTAAAGACT,0
AAACAAGGTGCCAACA,0
AAACAATAAAAGAGGG,0
AAACAATAAACAAAGA,0
AAACAATAAACATAAC,0
AAACAATAAAGTATCC,0
AAACAATAAATACAGC,0
AAACAATAATTCACTC,0
AAACAATACGAGGACT,0
AAACAATATCAAGAAG,0
AAACAATCGTATGCGA,0
AAACAATTAAACCATC,0
AAACAATTACAGGGAG,0
AAACAATTGTACCAAC,0
AAACACAAAAAAACAA,0
AAACACAAAAAATGTT,0
AAACACAAACCTGCAA,0
AAACACAAACTGGTTA,0
AAACACAAATAGAATG,0
AAACACAAATAGTAAA,0
AAACACAAGGTCCCAG,0
AAACACAATTCATCCA,0
AAACACACCGGAGAGT,0
AAACACACGCAGGAAA,0
AAACACAGATTACCGA,0
AAACACAGGAACTACA,0
AAACACATAAAACAAA,0
AAACACATCCACCGTT,0
AAACACATTAAGTTAA,0
AAACACCAACATAATA,0
AAACACCAACCCATGT,0
AAACACCAATTCTTTT,0
AAACACCACAAGAGAG,0
AAACACCATAGTATTT,0
AAACACCGACTACAAG,0
AAACACCGTCGAGCAT,0
AAACACCTAGATTTTG,0
AAACACCTATTTAGCA,0
AAACACCTCTCGAACA,0
AAACACCTGAATTTGA,0
AAACACCTTACGAGTC,0
AAACACGAGGAATCTC,0
AAACACGATGAGCAAC,0
AAACACGCATTGCTAA,0
AAACACGGAAAAATGC,0
AAACACGTACGACAGA,0
AAACACGTCTATACAA,0
AAACACTACAATAAGA,0
AAACACTAGGTATGAG,0
AAACACTATAAAGATG,0
AAACACTATAAATCGA,0
AAACACTATGGAAAAA,0
AAACACTCGATCACGG,0
AAACACTCTACCAGTA,0
AAACACTGGGAAGACC,0
AAACACTTGGGGAGGC,0
AAACAGAAATCAACCA,0
AAACAGAACATTAAAG,0
AAACAGAAGCCGCTAT,0
AAACAGAATACCAACC,0
AAACAGAATGCACAAA,0
AAACAGACCAAATGAA,0
AAACAGACGACATGCT,0
AAACAGACGCCGTAGC,0
AAACAGATAAAAAACG,0
AAACAGATACTAATGT,0
AAACAGATCAAGGCAC,0
AAACAGATTCGATCTA,0
AAACAGCAATAATACT,0
AAACAGCAATGAAATG,0
AAACAGCATACCATTG,0
AAACAGCCATTAGAAA,0
AAACAGCCCTAATAAT,0
AAACAGCGAAAGTAAG,0
AAACAGCTTACAAATT,0
AAACAGGAGCCTAATA,0
AAACAGGATATGTTAA,0
AAACAGGGATGTACAT,0
AAACAGGGTCTTGTCC,0
AAACAGGTGTTGATAC,0
AAACAGTAATAAGTCT,0
AAACAGTACGGAATGC,0
AAACAGTACTGAAATG,0
AAACAGTCAGAGCGCA,0
AAACAGTCTCGGCATC,0
AAACAGTCTGACATAC,0
AAACAGTGCATCTCGA,0
AAACAGTGTTATAAGA,0
AAACAGTTCAACTATT,0
AAACAGTTGAAAGATG,0
AAACATAAAAATTAAC,0
AAACATAAACAAGACA,0
AAACATAAATTATACT,0
AAACATAACGCACGTT,0
AAACATAACGGGCTTG,0
AAACATAATGACCGGA,0
AAACATAATGGAAAGC,0
AAACATAATTTATTAA,0
AAACATACATACTGAT,0
AAACATACGGCAATCT,0
AAACATACTGGCTAAG,0
AAACATAGAGTATCAG,0
AAACATAGATATCACG,0
AAACATATAAAACTTC,0
AAACATATACAAATCC,0
AAACATATCCTTTCAC,0
AAACATATCTGAGTAA,0
AAACATATTTACAACA,0
AAACATCAATCCTCAA,0
AAACATCACAACAACA,0
AAACATCACGAGGCAA,0
AAACATCCACAAATAT,0
AAACATCCATAAATTC,0
AAACATCCTGTTACTC,0
AAACATCCTTAGACTT,0
AAACATCTAACCCAAA,0
AAACATCTAAGGATTA,0
AAACATCTCTACGTCT,0
AAACATCTTCTCCGGA,0
AAACATGAAACCTTCC,0
AAACATGACAATCATT,0
AAACATGAGAATACTT,0
AAACATGAGGCCTTCG,0
AAACATGAGTCAAGAA,0
AAACATGATCAATTAA,0
AAACATGATTACCCAG,0
AAACATGCAAGATAAC,0
AAACATGCCTACGTAA,0
AAACATGGTACCCAAG,0
AAACATGGTGAGCGAT,0
AAACATGTAAGTCGGG,0
AAACATGTCAACATAA,0
AAACATGTCATAATGG,0
AAACATGTCCAATTAA,0
AAACATTACCACTGTA,0
AAACATTAGTGGCGAA,0
AAACATTGGCTGCGAC,0
AAACATTGGGGTTGCT,0
AAACATTTAAAATGTA,0
AAACATTTATAGGAAT,0
AAACATTTCCGCCACG,0
AAACATTTGAAGTTAA,0
AAACCAAAAAAGATAA,0
AAACCAAAAAGATTCC,0
AAACCAAAAATGTACC,0
AAACCAAAAATTTTTA,0
AAACCAAACACATGAT,0
AAACCAAAGAATTAAT,0
AAACCAAAGTTTAGGT,0
AAACCAAAGTTTCGAA,0
AAACCAAATCGCCCCA,0
AAACCAAGAGAAAAAG,0
AAACCAAGATAAACTG,0
AAACCAAGGGGGACCC,0
AAACCAATACGAAAAA,0
AAACCAATAGTATTTT,0
AAACCAATATGTATCA,0
AAACCAATCAAACTCA,0
AAACCAATCTAACAAT,0
AAACCAATTAGACCTC,0
AAACCAATTATCCAGC,0
AAACCAATTGTAAGAG,0
AAACCAATTTGCCAAA,0
AAACCACAAAACCTGT,0
AAACCACAATATTTAC,0
AAACCACAATTTTACA,0
AAACCACACAAAGTCA,0
AAACCACACCAAGGGG,0
AAACCACAGCCGGTAA,0
AAACCACAGGTCGAGC,0
AAACCACAGGTTCAGC,0
AAACCACCGAGGTATC,0
AAACCACCTATATAGT,0
AAACCACGAAAAGGGA,0
AAACCACGCATTGTCG,0
AAACCACGGCCGCATA,0
AAACCACTAAGACCAC,0
AAACCACTGACTACTC,0
AAACCAGAAAGCCTAC,0
AAACCAGAGATCTATG,0
AAACCAGATCAAACCT,0
AAACCAGATTGCGTAT,0
AAACCAGCTAGAACCA,0
AAACCAGGCCAATCTA,0
AAACCAGTTCGTTTAT,0
AAACCATAATAGCAAC,0
AAACCATAGGGACAAA,0
AAACCATAGTTGAACG,0
AAACCATCGTTTACAG,0
AAACCATCTAAATCAT,0
AAACCATGCTCAATGA,0
AAACCATGTAGTTACG,0
AAACCATTAGAACCGG,0
AAACCATTATGCTCAT,0
AAACCATTCAGTCACA,0
AAACCATTCGTATGAA,0
AAACCATTTTGTATCA,0
AAACCCAAAATAGGGC,0
AAACCCAAATGTTTTT,0
AAACCCAGAAGGTTAA,0
AAACCCAGTATTTCGA,0
AAACCCATGAATAACT,0
AAACCCCAAGAATGAA,0
AAACCCCAAGGTAGCG,0
AAACCCCACCCAAGCT,0
AAACCCCGTGACAGGG,0
AAACCCCTAATAGAAA,0
AAACCCCTACGATAAG,0
AAACCCCTAGCAAGAA,0
AAACCCCTTATGAAAA,0
AAACCCGACTAGATGG,0
AAACCCGAGGTCTAAC,0
AAACCCGATCCACATC,0
AAACCCGCAGATTCGG,0
AAACCCGCTTTGCCGC,0
AAACCCTAAACAGAAC,0
AAACCCTATAGGTACC,0
AAACCCTCCAACTCCT,0
AAACCCTCTTAATTTG,0
AAACCCTGGACGGAGA,0
AAACCCTTAGGATGAC,0
AAACCGAATCAGCCTG,0
AAACCGAATGACAGGT,0
AAACCGAGCGCCCTTA,0
AAACCGAGGTCAAGTT,0
AAACCGAGTGTAATGC,0
AAACCGATTCAGAAGA,0
AAACCGATTGAAGATT,0
AAACCGCACTATAGCT,0
AAACCGCATGATAAAC,0
AAACCGCTATGCAACG,0
AAACCGGAACGTCAAT,0
AAACCGGAGACTTAAA,0
AAACCGGAGATGAAGA,0
AAACCGGAGATGTTAT,0
AAACCGGCAGTCTCTC,0
AAACCGGGGTAACGAC,0
AAACCGGTGGGCGACC,0
AAACCGTACATCCAGA,0
AAACCGTAGAGGATCC,0
AAACCGTGATACACAT,0
AAACCGTGATATATGT,0
AAACCTAACGTGACGA,0
AAACCTAAGGATTCGG,0
AAACCTAAGTCGCTAC,0
AAACCTAATTTATACT,0
AAACCTACATGTAATT,0
AAACCTAGAGTGCACG,0
AAACCTAGAGTTGCAA,0
AAACCTAGAGTTGCAC,0
AAACCTAGCAAAAAAA,0
AAACCTCAATGATACC,0
AAACCTCAATTGAACT,0
AAACCTCACGATCACA,0
AAACCTCATGGAAACA,0
AAACCTCCACGGGAGA,0
AAACCTCCATAACGCC,0
AAACCTCGACAAACTC,0
AAACCTCGAGGCTAAT,0
AAACCTCGCTATTACC,0
AAACCTCTACTTAATG,0
AAACCTGAAGTCAAGA,0
AAACCTGAGCCTCCAA,0
AAACCTGATCCCGCCC,0
AAACCTGCCTGTCCTT,0
AAACCTGCCTTAATCG,0
AAACCTGGAACATATT,0
AAACCTGTTCCGAACA,0
AAACCTGTTGCTCAAA,0
AAACCTTAACTAATAG,0
AAACCTTAATGCTTTC,0
AAACCTTACAAATTTG,0
AAACCTTACGATACCC,0
AAACCTTATAGGCAAT,0
AAACCTTATAGTAAAC,0
AAACCTTCCAGAAATC,0
AAACCTTCCTCACCTT,0
AAACCTTCTCAATTAA,0
AAACCTTCTCCGCAGT,0
AAACCTTGTGCCTGAA,0
AAACCTTTAGAGAACA,0
AAACCTTTATGCGAAA,0
AAACGAAAACACAAGC,0
AAACGAAAAGTGCAAA,0
AAACGAAAATAGATGG,0
AAACGAAACACTTAAA,0
AAACGAAAGCTGACAA,0
AAACGAAATTTGCCAG,0
AAACGAAATTTTTGGT,0
AAACGAACAACATCTA,0
AAACGAACCAAGGGTA,0
AAACGAACGTCCATGG,0
AAACGAACTAACAGGT,0
AAACGAAGACTCTACT,0
AAACGAAGAGACAAAC,0
AAACGAATAAATTAAC,0
AAACGAATAACTAACT,0
AAACGAATAGATAACT,0
AAACGAATTCGATAGA,0
AAACGACAAACATAGG,0
AAACGACAACCTGACG,0
AAACGACAGCCTCAGT,0
AAACGACATAGAGTAA,0
AAACGACATCAAATTC,0
AAACGACATTATCCAA,0
AAACGACCACAGGCAA,0
AAACGACGAAATTTAT,0
AAACGACGATACTTGG,0
AAACGACGCCGGGCAC,0
AAACGACGCTCCCTCC,0
AAACGACTACTAGGTA,0
AAACGACTGGAAAATG,0
AAACGAGGACACCACT,0
AAACGAGGACCTCCCT,0
AAACGAGTGTTTGATG,0
AAACGATAAAATTAAA,0
AAACGATACCGAATAT,0
AAACGATATCTATTAA,0
AAACGATCGCTCTCTT,0
AAACGATCTGGTAAAA,0
AAACGATGAATATACA,0
AAACGATTACCATGAC,0
AAACGATTTCATAAAT,0
AAACGCAAACACGTGC,0
AAACGCAAATTGTTGA,0
AAACGCAACCACACGT,0
AAACGCAATAAAACTG,0
AAACGCAATTGTTAAA,0
AAACGCACCTATCGGA,0
AAACGCACGGTAACCG,0
AAACGCAGAAATGCCT,0
AAACGCATATGTCAAT,0
AAACGCATCCAGAGAG,0
AAACGCATTTTGTCCT,0
AAACGCCAAAAATTAA,0
AAACGCCAGATGTTAT,0
AAACGCCCGACGAAAC,0
AAACGCCCTATATGAG,0
AAACGCCGAATAAACC,0
AAACGCCTAACGCCAT,0
AAACGCGAACCAATTA,0
AAACGCGCCAAAAATT,0
AAACGCTAACAACCTA,0
AAACGCTATCACCTAA,0
AAACGCTCTTCGTTAA,0
AAACGCTGAAAAAAAG,0
AAACGCTGCACATTTA,0
AAACGCTGGCCTCGTA,0
AAACGGAAATCTTATT,0
AAACGGACAAAGACCG,0
AAACGGACAATCCTTA,0
AAACGGACACTAGTCT,0
AAACGGACTACCGGGA,0
AAACGGAGAATAGGAA,0
AAACGGATAAAATATG,0
AAACGGATGATTCGCA,0
AAACGGATTTACAAAC,0
AAACGGCAACTGAAAC,0
AAACGGCAAGGTACAC,0
AAACGGCAGTGGGAGG,0
AAACGGCAGTGTAAAG,0
AAACGGCATGAATATA,0
AAACGGCCGTCACTAG,0
AAACGGCGTAAAGGGG,0
AAACGGCTCGACATCC,0
AAACGGCTTATGGTTA,0
AAACGGCTTTTATTCA,0
AAACGGGAACTTTACC,0
AAACGGGATAAAATGA,0
AAACGGGCATCGCCAT,0
AAACGGGCTAGATAAC,0
AAACGGGGATCTATTC,0
AAACGGTAACCTACCT,0
AAACGGTAACGAATGA,0
AAACGGTAATATATAT,0
AAACGGTACTAAACGC,0
AAACGGTCAACGATAA,0
AAACGGTGCTCCATCA,0
AAACGGTGGGTCCGTG,0
AAACGGTTAACGACGT,0
AAACGGTTAATGAACC,0
AAACGTAAAAAAACAA,0
AAACGTAAAATGTACT,0
AAACGTAACACTAAAA,0
AAACGTAAGATTACTT,0
AAACGTAATCATTAAG,0
AAACGTACAACTCGCG,0
AAACGTACATACTGGT,0
AAACGTACCCCCTCTT,0
AAACGTACGCATCCAT,0
AAACGTACTGAAAACC,0
AAACGTATGGACAAGA,0
AAACGTCCTATACAGA,0
AAACGTCGAAAAGGAC,0
AAACGTCGAACACCCC,0
AAACGTCGACCAGGGT,0
AAACGTCTACCTAAGG,0
AAACGTGAAGTCGAAA,0
AAACGTGACAAATATG,0
AAACGTGACTATAAGT,0
AAACGTGACTGATAAA,0
AAACGTGCCATAACAA,0
AAACGTGTAGATACTG,0
AAACGTGTATATCAGG,0
AAACGTGTGTCCGTAA,0
AAACGTTAAGTTATCG,0
AAACGTTATTGGCTTG,0
AAACGTTCCCTTCACC,0
AAACGTTCCGAGTACG,0
AAACGTTCCGGCTCGG,0
AAACGTTTGAAAATTA,0
AAACGTTTTATTAGAA,0
AAACGTTTTTCAAGAA,0
AAACTAAAAAAAAAGC,0
AAACTAAAAGCTACAG,0
AAACTAAAATAAGGTC,0
AAACTAAAATACTGGG,0
AAACTAAACGTTCACC,0
AAACTAAACTAATTGA,0
AAACTAAATGTTTATA,0
AAACTAACAAAACCCA,0
AAACTAACAAAATAAG,0
AAACTAACGAAAGAAA,0
AAACTAACGATTCGCA,0
AAACTAACGGAGATTG,0
AAACTAACTCTAGGCC,0
AAACTAAGAAACCAAC,0
AAACTAAGACATACTG,0
AAACTAAGATATAGTA,0
AAACTAAGCAAACAAG,0
AAACTAAGCACAACCG,0
AAACTAAGCGGACACT,0
AAACTAATAAATTAAC,0
AAACTAATAGCCCAGT,0
AAACTAATAGGATTTA,0
AAACTAATATAGGAAG,0
AAACTAATCTCATCAC,0
AAACTAATTGCTTACA,0
AAACTAATTTAATTCA,0
AAACTACAAGTAACAA,0
AAACTACAGAAAAGTG,0
AAACTACAGTTTATAT,0
AAACTACATATGAAAA,0
AAACTACCGTAAAGAA,0
AAACTACGAGTTTTCT,0
AAACTACGGACAGGCT,0
AAACTACGTGCTGGGG,0
AAACTACGTTGGTGGC,0
AAACTACTGGAACCCT,0
AAACTACTTGGTAAGG,0
AAACTAGAAAAGGTCC,0
AAACTAGAAGACTTAC,0
AAACTAGACCAGTTGC,0
AAACTAGCTTAAGATA,0
AAACTAGGAAACACAA,0
AAACTAGGAAATCTAA,0
AAACTAGGGTTTTCTT,0
AAACTAGTAAACAGCT,0
AAACTAGTACAACTAA,0
AAACTAGTACAGAATC,0
AAACTAGTACCAATAG,0
AAACTATAAGATAACA,0
AAACTATATCAAAATA,0
AAACTATCAACCAGCA,0
AAACTATCAACGAACA,0
AAACTATCAGACGATG,0
AAACTATCAGAGAAAA,0
AAACTATCATTGGAGT,0
AAACTATCCCCACCTT,0
AAACTATGAGTGTGTC,0
AAACTATGATCTGAAT,0
AAACTATGGCAAAGTC,0
AAACTATTAAAAGTTT,0
AAACTATTCCGTAAAA,0
AAACTATTGGGCCATG,0
AAACTCAATATACCAT,0
AAACTCACATAACTTT,0
AAACTCACTCAGTATA,0
AAACTCAGGATAAACT,0
AAACTCAGTTAAGCTG,0
AAACTCATAACCACCG,0
AAACTCATAGTTTAAA,0
AAACTCATCAAAGAAG,0
AAACTCATTAAGTCTG,0
AAACTCATTTTGAAGA,0
AAACTCCAGTCGAATG,0
AAACTCCATCCAGGAT,0
AAACTCCGTAATATAC,0
AAACTCCTCTTGTTAG,0
AAACTCCTGTGCTTTT,0
AAACTCGATATATCTG,0
AAACTCGATCTGCATC,0
AAACTCGGATCCCGCC,0
AAACTCGGCCAGCCCC,0
AAACTCGTCCAAACAA,0
AAACTCTAACTAACCC,0
AAACTCTATATATTCT,0
AAACTCTATGTTAACA,0
AAACTCTCGACATCCA,0
AAACTCTCGGCTGTTA,0
AAACTCTCGGTACCTT,0
AAACTCTGAGCTTCGA,0
AAACTCTGGTAAATTC,0
AAACTCTTAACGTCAA,0
AAACTCTTGATTTAAT,0
AAACTCTTTGACATCT,0
AAACTGAACCGTAACC,0
AAACTGAAGTCGACAG,0
AAACTGAATAATGTCT,0
AAACTGACACAGTTCA,0
AAACTGACGCTGAAGG,0
AAACTGACTCTTTCCT,0
AAACTGACTTACCATA,0
AAACTGAGCCCAGTAT,0
AAACTGAGCTCGGTTC,0
AAACTGATTACAGAAA,0
AAACTGCCAAATTGGT,0
AAACTGCGTACAATAT,0
AAACTGCTAGAATACC,0
AAACTGCTCAAAGATC,0
AAACTGCTGAAAACAT,0
AAACTGGAATATATTG,0
AAACTGGAATATGGAT,0
AAACTGGACAGAAAGA,0
AAACTGGACTTCTGTA,0
AAACTGGATTGCCGGC,0
AAACTGGCAAAAAATA,0
AAACTGGCAAAAACCT,0
AAACTGGCCCTAAAAG,0
AAACTGGCCGAATGCC,0
AAACTGGCTAGGATCT,0
AAACTGGGCATTATCC,0
AAACTGGGTAATCACG,0
AAACTGGGTAGCCATC,0
AAACTGTACGTCATTC,0
AAACTGTACTATTCAC,0
AAACTGTATATATGAG,0
AAACTGTCGACTTACA,0
AAACTGTCGTTTCCGG,0
AAACTGTGGTGAGACG,0
AAACTGTTGCCACTAA,0
AAACTGTTTTCACTTA,0
AAACTGTTTTCCAATT,0
AAACTTAAAATCAGAA,0
AAACTTAAAATCTTAT,0
AAACTTAACACCTTCG,0
AAACTTAATAAGTCTT,0
AAACTTAATACTTCAG,0
AAACTTACACATTTCC,0
AAACTTACCCATGATC,0
AAACTTACGGACACAG,0
AAACTTAGATTTAAAA,0
AAACTTATACGTTTTC,0
AAACTTATCTTCATAA,0
AAACTTATTATTACTG,0
AAACTTCCATGTATGG,0
AAACTTCGGACGTACG,0
AAACTTCTATGCTTTT,0
AAACTTCTGATAGAAG,0
AAACTTGATTCACCAT,0
AAACTTGCACGATAAT,0
AAACTTGCCTTTGATA,0
AAACTTGCTAATCCAA,0
AAACTTGGTTACCCCA,0
AAACTTGTTAGAAAGA,0
AAACTTGTTTAAAGAG,0
AAACTTTAAGGCTAAA,0
AAACTTTAGAAAGAGC,0
AAACTTTATTCAAGCA,0
AAACTTTCAGGAGAAT,0
AAACTTTCGTCAAAAT,0
AAACTTTCTAGCGAGT,0
AAACTTTGTCGAATAT,0
AAACTTTGTCGAGCAC,0
AAACTTTTGAATTCTA,0
AAACTTTTTAAAAATT,0
AAAGAAAAAAAATCTA,0
AAAGAAAAAAGCAGCT,0
AAAGAAAAAGAAACCT,0
AAAGAAAAATAAATCG,0
AAAGAAAAATAATGTA,0
AAAGAAAACATGAAAG,0
AAAGAAAATATGGTAG,0
AAAGAAAATTAAACAC,0
AAAGAAAATTACCACC,0
AAAGAAAATTCAAAAA,0
AAAGAAAATTTTTAAG,0
AAAGAAACAATAGAGG,0
AAAGAAACAATTTCTA,0
AAAGAAACGAATCTGT,0
AAAGAAACTAGTTGCC,0
AAAGAAACTGACAACT,0
AAAGAAAGATAGATTT,0
AAAGAAAGCGTAAAGA,0
AAAGAAAGTTCGAAAC,0
AAAGAAAGTTCGGTTA,0
AAAGAAATATAAAAAC,0
AAAGAAATATTCATTG,0
AAAGAAATCCACTGGG,0
AAAGAAATTAAACATG,0
AAAGAAATTATTTGTA,0
AAAGAAATTCAGGGTG,0
AAAGAAATTGAACGAA,0
AAAGAACAACACCTGT,0
AAAGAACAACGGTTCG,0
AAAGAACACACGAAAC,0
AAAGAACATGAGGGGC,0
AAAGAACCAGCGAAGC,0
AAAGAACCATAATGAA,0
AAAGAACCATGTAGTC,0
AAAGAACCGTAACGCC,0
AAAGAACGACGCACCT,0
AAAGAACGCCAAGATT,0
AAAGAACGTCTAACAC,0
AAAGAACTGCATTCCA,0
AAAGAACTTAATCCTT,0
AAAGAAGAAAAATTCA,0
AAAGAAGAAAACCAGG,0
AAAGAAGAAGGCATTC,0
AAAGAAGAATACAACG,0
AAAGAAGATGACCACA,0
AAAGAAGCACTTGCAC,0
AAAGAAGCCCACCAGA,0
AAAGAAGCTTGCAGAT,0
AAAGAAGGTCAACATA,0
AAAGAAGTTTATGGCC,0
AAAGAATAAAAAAGGA,0
AAAGAATAAAAGCGTG,0
AAAGAATAACAACGAC,0
AAAGAATAAGACCTAT,0
AAAGAATAATACAGGC,0
AAAGAATACAATTGGC,0
AAAGAATACACAGGTA,0
AAAGAATAGTTAAGAG,0
AAAGAATATATAAAGC,0
AAAGAATATTAACGTT,0
AAAGAATCAGAAAATC,0
AAAGAATCAGGACTAT,0
AAAGAATCATGGTACA,0
AAAGAATGATAAACTC,0
AAAGAATGATAAAGTG,0
AAAGAATGGATCAAAG,0
AAAGAATGGCTATTTG,0
AAAGAATGGTATAACA,0
AAAGAATTAAGCACTC,0
AAAGAATTACGTAAGC,0
AAAGAATTCCACAGGC,0
AAAGACAAAGCCTGAT,0
AAAGACAAATGATTGC,0
AAAGACAAGAAAATCA,0
AAAGACAAGCACAAAT,0
AAAGACAATGTGCCCA,0
AAAGACAGAACTTTCT,0
AAAGACAGCACGCAAT,0
AAAGACATATAAGATC,0
AAAGACATATTGATCC,0
AAAGACATCAATGTCA,0
AAAGACATTAATTAAT,0
AAAGACATTATGGGCA,0
AAAGACATTGGACGTA,0
AAAGACCAAAAGCCCG,0
AAAGACCAACCCTAAC,0
AAAGACCAAGTAGCGG,0
AAAGACCAATCACTAT,0
AAAGACCACTGTGTCT,0
AAAGACCAGTTAGAAC,0
AAAGACCATATATTGA,0
AAAGACCCAAAATATA,0
AAAGACCCGCACGCTC,0
AAAGACCGCACGAAGT,0
AAAGACCGTTAATCAA,0
AAAGACCTAAGAACTC,0
AAAGACCTCAATCTAA,0
AAAGACGAACCCATTC,0
AAAGACGATCGGAAAA,0
AAAGACGCAAACGAAG,0
AAAGACGCAAGGCAAC,0
AAAGACGTATAAGCTT,0
AAAGACGTGTATTCCC,0
AAAGACGTTCGCCCAA,0
AAAGACTAAAAACCGC,0
AAAGACTACTTCATTT,0
AAAGACTATACCTGAG,0
AAAGACTATAGTAATC,0
AAAGACTCGAGCGCTT,0
AAAGACTGATAAGGAT,0
AAAGACTGCTCTATGC,0
AAAGACTTGGCTATAA,0
AAAGACTTTGAACGAA,0
AAAGAGAATGTAAAGG,0
AAAGAGACAACACGGA,0
AAAGAGACATGTTTTA,0
AAAGAGACCAATCCCA,0
AAAGAGATATGGTTAA,0
AAAGAGATCGTTTTAA,0
AAAGAGATGAAAAGTC,0
AAAGAGCAATTTAAAC,0
AAAGAGCACCACGATG,0
AAAGAGCATCTTCTGA,0
AAAGAGCATTCATCAA,0
AAAGAGCCAACAAACA,0
AAAGAGCCAGACCTGA,0
AAAGAGCCCGTAAAGC,0
AAAGAGCCTTTCATAA,0
AAAGAGCTTTGGACAT,0
AAAGAGGAAAATAATT,0
AAAGAGGAATATAGGT,0
AAAGAGGAATGGCATC,0
AAAGAGGATCGCATAC,0
AAAGAGGATGTAGCAC,0
AAAGAGGCTCAATTCT,0
AAAGAGGCTGTCTAAA,0
AAAGAGTAAATTCTCC,0
AAAGAGTAAGTTCCAT,0
AAAGAGTAGAAATGAA,0
AAAGAGTATGAGCTAA,0
AAAGAGTCACCTACTA,0
AAAGAGTGCCTCTAGC,0
AAAGAGTGTGACAACG,0
AAAGAGTTAAAATGAA,0
AAAGATAAAAGCCACG,0
AAAGATAAAAGGCTCA,0
AAAGATAAAATGAATG,0
AAAGATAAATTAACAG,0
AAAGATAACCTTCCAT,0
AAAGATAACGATGTAC,0
AAAGATAAGCCTGCAT,0
AAAGATAAGGGATCAT,0
AAAGATAATAGACCCA,0
AAAGATAATGAACGGG,0
AAAGATACAAATATAA,0
AAAGATACAGAATATG,0
AAAGATACGTATTGCG,0
AAAGATAGCAATCAAA,0
AAAGATAGCATTATCA,0
AAAGATAGGAATGAAG,0
AAAGATAGTTGCCCCC,0
AAAGATATATTGTATA,0
AAAGATCACCCACGAA,0
AAAGATCACGATGGCA,0
AAAGATCACTTTCACT,0
AAAGATCCAAATGTGG,0
AAAGATCTATTAATAC,0
AAAGATCTGAAAAGCA,0
AAAGATGACAACTATT,0
AAAGATGACCGTCCGG,0
AAAGATGAGTCGCATC,0
AAAGATGATTACTATG,0
AAAGATGCAACGGATA,0
AAAGATGCCCATAGAC,0
AAAGATGTTAAACCCT,0
AAAGATTAACTCGGCT,0
AAAGATTAATACTGAT,0
AAAGATTCGACAATAA,0
AAAGATTCGCGTAGGC,0
AAAGATTCTCAAGGCG,0
AAAGATTTAAGTATAT,0
AAAGCAAAATTCTTCA,0
AAAGCAAACGTGCTCA,0
AAAGCAAAGAAATTTA,0
AAAGCAAAGTTATGCC,0
AAAGCAAATCGAACTA,0
AAAGCAAATTGCAAGT,0
AAAGCAAATTGTGGCC,0
AAAGCAACAACCCAGT,0
AAAGCAACCAAAGCAA,0
AAAGCAACCTATGTTT,0
AAAGCAACTAAATGAC,0
AAAGCAAGCCTGTCCA,0
AAAGCAAGCGAAGTAG,0
AAAGCAAGGATGTCAT,0
AAAGCAAGGGAACGGT,0
AAAGCAATTTTCAGAA,0
AAAGCACAATAGTTTC,0
AAAGCACAATCGACAC,0
AAAGCACAGCGTTTCT,0
AAAGCACCCTTACATA,0
AAAGCACCTAGAAATA,0
AAAGCACGGAAACGGT,0
AAAGCACTATACAATC,0
AAAGCACTCACTTAAG,0
AAAGCAGACCAGTCTA,0
AAAGCAGACTCAGAAC,0
AAAGCAGATGCAAAAT,0
AAAGCAGATTCGTTTC,0
AAAGCAGCCTATTACT,0
AAAGCAGCCTATTCAG,0
AAAGCAGCGTCGCCAA,0
AAAGCAGCGTTCTGAC,0
AAAGCAGTCTTGAATG,0
AAAGCAGTGTAAATAT,0
AAAGCATAAATGTAAC,0
AAAGCATACCCTCACT,0
AAAGCATAGGATAACC,0
AAAGCATATAAAAAAC,0
AAAGCATCTGAATTAC,0
AAAGCATGAATTCACC,0
AAAGCATTAACCTGGT,0
AAAGCATTCGAAAAAT,0
AAAGCATTGACAACAT,0
AAAGCCAATGGCTCGC,0
AAAGCCATTAAATGAC,0
AAAGCCCAGAATAGTC,0
AAAGCCCAGGCAAGCA,0
AAAGCCCATATAATCC,0
AAAGCCCATCAAAGAG,0
AAAGCCCCGCATATGA,0
AAAGCCCCTGCTCAAC,0
AAAGCCCGATCACCTA,0
AAAGCCCTCACTGGAA,0
AAAGCCCTTCGATTGA,0
AAAGCCGAACCGTCCA,0
AAAGCCGAGCGGACAA,0
AAAGCCGATTGACGTC,0
AAAGCCGCAACATAAT,0
AAAGCCGCTATTCCGG,0
AAAGCCGGAATTTGGT,0
AAAGCCGTACTGTGAA,0
AAAGCCGTAGGCTATA,0
AAAGCCGTATGATAAA,0
AAAGCCTACCGACGCA,0
AAAGCCTATAAGAGCA,0
AAAGCCTATGAATTGT,0
AAAGCCTCGCATTCGG,0
AAAGCCTGTCTACCTG,0
AAAGCCTTGGCTTAAA,0
AAAGCGAAACGAGCCA,0
AAAGCGAATCAACATT,0
AAAGCGACACAAATAG,0
AAAGCGACTAACGGAT,0
AAAGCGACTTTTTTCT,0
AAAGCGAGAAGTTCAA,0
AAAGCGAGCGCACGGC,0
AAAGCGAGGACTCAGC,0
AAAGCGATCAGTCCCG,0
AAAGCGATCCAATACA,0
AAAGCGCAGAAGTATT,0
AAAGCGCGTTGGGTAC,0
AAAGCGGACAATGTGA,0
AAAGCGGTCTAACAAC,0
AAAGCGTTAACTTAAA,0
AAAGCGTTACTTAAAA,0
AAAGCTAAACGGTCTT,0
AAAGCTAAAGCGACAA,0
AAAGCTAAGTTATTTC,0
AAAGCTAATAGGTCGT,0
AAAGCTAATGGACGAC,0
AAAGCTAGAACAAATT,0
AAAGCTAGAAGACATG,0
AAAGCTAGCTAACGCC,0
AAAGCTAGGATAAACT,0
AAAGCTATACAAATCC,0
AAAGCTCACGGAAACT,0
AAAGCTCAGCTCTCAG,0
AAAGCTCCCCCTCGCG,0
AAAGCTCCTTGCGGAG,0
AAAGCTCGTTCCCACC,0
AAAGCTCTGGGTATTC,0
AAAGCTCTGTATGTAA,0
AAAGCTGAACCCAGTA,0
AAAGCTGAATGAAGAC,0
AAAGCTGATCTGACCG,0
AAAGCTGCCTGAAATT,0
AAAGCTGCTAGAGATG,0
AAAGCTGTGGTGATCT,0
AAAGCTTAATTATGCA,0
AAAGCTTATCTTACAG,0
AAAGCTTCTCGCCCAT,0
AAAGGAAGATCGAAAT,0
AAAGGAAGGCATAAGC,0
AAAGGAAGTAAAAGCA,0
AAAGGAATAAGTAGCA,0
AAAGGAATAGACCACC,0
AAAGGAATATTTCGGT,0
AAAGGAATCAGGAGAA,0
AAAGGAATGATATACC,0
AAAGGAATGTAAGATC,0
AAAGGAATTCCTTTTG,0
AAAGGACAATAGAGCT,0
AAAGGACACCTAGAAA,0
AAAGGACCAAAATGAT,0
AAAGGACCCGGCACAT,0
AAAGGACCGACCTACT,0
AAAGGACCGGAATAAT,0
AAAGGACGAACACGAA,0
AAAGGACTAGAAACAA,0
AAAGGACTATCATCAC,0
AAAGGAGAAAAGGTGT,0
AAAGGAGAAATGTCGA,0
AAAGGAGACTCGTATG,0
AAAGGAGATATGGATT,0
AAAGGAGCTGACGCGC,0
AAAGGAGGAGAAACTT,0
AAAGGAGTAGGTGCCT,0
AAAGGAGTGCTATGAT,0
AAAGGATAATCAGTAC,0
AAAGGATCGAAAATCG,0
AAAGGATCTGAACGTA,0
AAAGGATGAAACAACC,0
AAAGGATTAAAACCTT,0
AAAGGATTAGGTAAAA,0
AAAGGCAACAAACGAA,0
AAAGGCAACTAAGACA,0
AAAGGCAAGCTACAAA,0
AAAGGCAATAATGCCT,0
AAAGGCACGATTCTCA,0
AAAGGCACGGTGTGTA,0
AAAGGCAGAAATTTCA,0
AAAGGCAGAACCATAT,0
AAAGGCCATACGCGTG,0
AAAGGCCATGCAATGG,0
AAAGGCCCCCATTGTA,0
AAAGGCCCGAGAACGG,0
AAAGGCCTAAGTAACA,0
AAAGGCCTGCTAACCA,0
AAAGGCCTTGAGAAAA,0
AAAGGCGGCCTCGCGG,0
AAAGGCTATATACGTA,0
AAAGGCTCAAACGAGC,0
AAAGGCTGAGTAGTGT,0
AAAGGCTGCAATGTTG,0
AAAGGCTTTCGTCCCT,0
AAAGGGACAATGCGCA,0
AAAGGGACACCAGAAT,0
AAAGGGAGGGTTTTAG,0
AAAGGGATTTTACGCT,0
AAAGGGCATGAACGAG,0
AAAGGGCATTCCCCCA,0
AAAGGGCCCAATAAAC,0
AAAGGGCCGGTCATCT,0
AAAGGGCTATTATTGT,0
AAAGGGCTCCACTTAT,0
AAAGGGCTCGATATGC,0
AAAGGGCTCGCCAAAG,0
AAAGGGGCAAATTCAA,0
AAAGGGGCATAGACCT,0
AAAGGGGTCAATCAAC,0
AAAGGGTACTAGGATA,0
AAAGGGTGAGGGTAAA,0
AAAGGGTGCTCCACCC,0
AAAGGTAAAACGTGTA,0
AAAGGTAAACAAAGAC,0
AAAGGTACCCCTTAAA,0
AAAGGTACTAACATTA,0
AAAGGTAGCGCTCAAG,0
AAAGGTAGCTTGCTAA,0
AAAGGTATATCAATTC,0
AAAGGTCAAAAAAATT,0
AAAGGTCAAATTAAAC,0
AAAGGTCCAAACACAT,0
AAAGGTCCGATGAGAC,0
AAAGGTCCTAACCTGT,0
AAAGGTCGACCAATAT,0
AAAGGTCTCTATAACA,0
AAAGGTGAATGCATAC,0
AAAGGTGAGATCTTAG,0
AAAGGTGCCCTTTAAT,0
AAAGGTGCCGCTAATA,0
AAAGGTGCTATGATCT,0
AAAGGTGGTGTACAAC,0
AAAGGTTAGCACCCGC,0
AAAGGTTGATTGGAAG,0
AAAGGTTGTACGACAG,0
AAAGGTTTGTGGGTAG,0
AAAGTAAAAACAAGCA,0
AAAGTAAAACAAAACT,0
AAAGTAAAACTAGCAA,0
AAAGTAAACGCATTTA,0
AAAGTAAATACTCCAT,0
AAAGTAAATCCTGGAA,0
AAAGTAAATCTGGACG,0
AAAGTAACTATCAGCA,0
AAAGTAACTATCAGTC,0
AAAGTAACTCTACAAA,0
AAAGTAAGATACAGAA,0
AAAGTAAGGAGTAGTC,0
AAAGTAAGGCTAGTTG,0
AAAGTAATAAAATGGA,0
AAAGTAATATGCTTGT,0
AAAGTAATATTACTCT,0
AAAGTAATCATAAGCT,0
AAAGTAATCCACTCCA,0
AAAGTAATCGTATATA,0
AAAGTACACTACAAAC,0
AAAGTACACTGCTAAC,0
AAAGTACATAAGAAAC,0
AAAGTACCCAATGAGA,0
AAAGTACCGAATTATT,0
AAAGTACCGCTTTTTG,0
AAAGTACGAGGACACC,0
AAAGTACGTTAAAGAG,0
AAAGTACTATACCTAT,0
AAAGTAGAAGCGATAA,0
AAAGTAGATCAATGAC,0
AAAGTAGCTATCATCT,0
AAAGTAGCTTATACTG,0
AAAGTATAATAAACCA,0
AAAGTATACGCGGCCA,0
AAAGTATATGACCAGT,0
AAAGTATGATTTATTT,0
AAAGTATGTTCAGCTA,0
AAAGTATTAAAAAATA,0
AAAGTATTCCTTGTAC,0
AAAGTCAAAAAAATCA,0
AAAGTCAACCTTGAGA,0
AAAGTCAAGAGTAAGG,0
AAAGTCACACCAACAT,0
AAAGTCACAGTTTAAA,0
AAAGTCACCGCGAAAC,0
AAAGTCACGAACAAAT,0
AAAGTCAGAAGACCCA,0
AAAGTCAGCAAATGAA,0
AAAGTCAGGAAACGCA,0
AAAGTCATTTAAGAGG,0
AAAGTCCACAAACAGA,0
AAAGTCCTATAACGTC,0
AAAGTCCTGCTTAAAG,0
AAAGTCCTTTAAATCC,0
AAAGTCGAAAGAGCTC,0
AAAGTCGTTGTTAATA,0
AAAGTCTAAAAGGCCG,0
AAAGTCTAAGGAAGAT,0
AAAGTCTACATCATAC,0
AAAGTCTACCGCAACC,0
AAAGTCTACGCACGTA,0
AAAGTCTATCAAATAC,0
AAAGTCTATGAGTGTT,0
AAAGTCTCCACAATAT,0
AAAGTCTCCATTGTCT,0
AAAGTCTCGGAGAGAC,0
AAAGTCTGCTTTAAAA,0
AAAGTCTTCTTTCACA,0
AAAGTGAAAAGTTGGA,0
AAAGTGAAACTCTGAG,0
AAAGTGAACAGAGAGT,0
AAAGTGACCCGGTTGT,0
AAAGTGATGGGAGGTG,0
AAAGTGATTTTAAAAA,0
AAAGTGCAGCTGAAAT,0
AAAGTGCTACAATGTA,0
AAAGTGCTCAAATCAC,0
AAAGTGCTCGTATAGT,0
AAAGTGGCGCAAGGCT,0
AAAGTGGCTGCACCGA,0
AAAGTGGTAAAGCGAT,0
AAAGTGGTTACAAGAG,0
AAAGTGTAATACAGAT,0
AAAGTGTACGACGCAT,0
AAAGTGTCGACCATAA,0
AAAGTGTGATCTTAGA,0
AAAGTGTTATAAGTTT,0
AAAGTGTTGAAGATTA,0
AAAGTTAAAAGCATAA,0
AAAGTTAATGGACAAG,0
AAAGTTACCAAATTCA,0
AAAGTTACGCAATTCC,0
AAAGTTATAAAAGAGG,0
AAAGTTATTAGTATTC,0
AAAGTTATTGGATTGA,0
AAAGTTCAAAAACTGC,0
AAAGTTCAATATGAAT,0
AAAGTTCACAAATGAA,0
AAAGTTCATTAGGAAA,0
AAAGTTCCATTATGAT,0
AAAGTTCCCCTTCCTA,0
AAAGTTCGACCCACAC,0
AAAGTTCGGTTAAGGC,0
AAAGTTCTTCATGAAA,0
AAAGTTGACATTACCA,0
AAAGTTGATGCCAATC,0
AAAGTTGGATTATAAA,0
AAAGTTGGGACATAAC,0
AAAGTTGTACCGACCT,0
AAAGTTGTATGACGAG,0
AAAGTTGTCCGAAGCC,0
AAAGTTTAAAAGACAT,0
AAAGTTTAATCTGACT,0
AAAGTTTAGGATGAAA,0
AAAGTTTGAAATGTAG,0
AAAGTTTGTGGCTGAA,0
AAAGTTTGTTATAACA,0
AAAGTTTTAGAAAATT,0
AAATAAAAAATAAGGG,0
AAATAAAAACCAGGCC,0
AAATAAAAAGTTTAAA,0
AAATAAAAATAATCTG,0
AAATAAAAATTTGATT,0
AAATAAAACAAAATCC,0
AAATAAAACCCAAAAC,0
AAATAAAACGCCTTTC,0
AAATAAAATAAGTCCA,0
AAATAAAATCTGGAAT,0
AAATAAAATTACTTCA,0
AAATAAACAACATCGC,0
AAATAAACATAGCCAG,0
AAATAAACATTCAGGA,0
AAATAAACCTATAATA,0
AAATAAACCTTCGAAA,0
AAATAAACTGAAATCT,0
AAATAAAGACCAATTT,0
AAATAAAGAGCGTAGA,0
AAATAAAGCCCAGATT,0
AAATAAAGGCTCCACA,0
AAATAAAGGTGACGTC,0
AAATAAATAAAAAAAT,0
AAATAAATAAACAGAT,0
AAATAAATAAGATAGA,0
AAATAAATATACGAGC,0
AAATAAATCACTTATA,0
AAATAAATCGGGAACA,0
AAATAAATCTAACATC,0
AAATAAATCTGGATAG,0
AAATAAATCTGGTTCT,0
AAATAAATGAAAGACT,0
AAATAAATGACGCCCC,0
AAATAACAACAAAATG,0
AAATAACAATAAAAAC,0
AAATAACAATGGCTAA,0
AAATAACAATTTAGCA,0
AAATAACACAAAAGTA,0
AAATAACACAGATATA,0
AAATAACACGTAGTTC,0
AAATAACAGAGTGTAC,0
AAATAACAGGCCAAAA,0
AAATAACAGTAATATG,0
AAATAACATCCCGCAA,0
AAATAACATGATGAAT,0
AAATAACCAAACAGAT,0
AAATAACCAAGGCACG,0
AAATAACCCATCAGAA,0
AAATAACCTAGGCATA,0
AAATAACGGAACATTC,0
AAATAACGGCCTGTGC,0
AAATAACGTAAAATTA,0
AAATAACTAGAACTTA,0
AAATAACTAGTCTTTT,0
AAATAACTATCAGAAC,0
AAATAACTATGGAGCA,0
AAATAACTGAGATACC,0
AAATAACTGTCTACAA,0
AAATAACTTAAGCAGC,0
AAATAACTTGGCTCGA,0
AAATAAGAAAAATCGC,0
AAATAAGAATTTTTCC,0
AAATAAGACATGACAT,0
AAATAAGATTTATAAG,0
AAATAAGCCCGGGCTC,0
AAATAAGGAAGATAGA,0
AAATAAGGCCTGTAGC,0
AAATAAGGGAGGTAAG,0
AAATAAGTACTACTAG,0
AAATAAGTTATGGACC,0
AAATAATAAAGAACGC,0
AAATAATAAAGACATT,0
AAATAATAAATTCCCG,0
AAATAATAACATAATA,0
AAATAATAATACAATT,0
AAATAATACGTGGAAC,0
AAATAATAGTAGAATA,0
AAATAATATATACACA,0
AAATAATCAGATAATT,0
AAATAATCAGGAACGA,0
AAATAATCTCTCGTAA,0
AAATAATGAGTGCATG,0
AAATAATGGCCTTCAA,0
AAATAATGTGCAAAGA,0
AAATAATGTTGTAGCA,0
AAATAATTATCTTCCC,0
AAATAATTGACACGAA,0
AAATAATTTACTGGGC,0
AAATACAAAACAGTAT,0
AAATACAAAAGTCAAA,0
AAATACAAAATTGAGC,0
AAATACAAATTAATTA,0
AAATACAACTACCAGC,0
AAATACAATAACTGCG,0
AAATACAATAGGGATA,0
AAATACACAATAGTAC,0
AAATACACACGCTGAA,0
AAATACACAGAATGAG,0
AAATACACCAATATCA,0
AAATACACGGATAAAA,0
AAATACACTAGAGCCA,0
AAATACACTAGCGGGG,0
AAATACAGACCCCGGT,0
AAATACAGGATCTGGC,0
AAATACATACATAATA,0
AAATACATGAACTCCC,0
AAATACATGACAGAAA,0
AAATACATTATGGCAG,0
AAATACCAAGCGGGCC,0
AAATACCACTATCACG,0
AAATACCATTCTAAAT,0
AAATACCCAAAAAAAC,0
AAATACCCAGCGAATC,0
AAATACCCTCACCTTG,0
AAATACCGAACAGTTC,0
AAATACCGTCTAGTCT,0
AAATACCTACACGACA,0
AAATACCTAGACATCT,0
AAATACCTAGTGGACC,0
AAATACCTCTGACCAC,0
AAATACCTGGTGCTGA,0
AAATACGAAAATAGAA,0
AAATACGAAAGGCTAT,0
AAATACGACTCCGTGA,0
AAATACGAGAAAGAAT,0
AAATACGAGCATCAGC,0
AAATACGAGTGCTACA,0
AAATACGATCTGGAGT,0
AAATACGCGACTGATA,0
AAATACGGATAGCCAC,0
AAATACGGCATTATGT,0
AAATACGGCGCGAACA,0
AAATACGGGGTGTTGC,0
AAATACGGTAAAACTA,0
AAATACGGTACCAATT,0
AAATACTAACAACAAC,0
AAATACTAATGCAAAT,0
AAATACTAGGAGTCAA,0
AAATACTAGTGTCAAA,0
AAATACTCATAGTTAC,0
AAATACTTGACTAAAG,0
AAATACTTGTATTATA,0
AAATACTTTAGTCGAA,0
AAATAGAAAATACTAA,0
AAATAGAAACATTAAA,0
AAATAGAAATAATTTA,0
AAATAGAACAGCCCAC,0
AAATAGAACATCAGAA,0
AAATAGAAGGATCCAT,0
AAATAGAATAACAATA,0
AAATAGACACCAGAAC,0
AAATAGACATTTGCTT,0
AAATAGAGAACACTAG,0
AAATAGAGACTGAACA,0
AAATAGAGAGAGACAG,0
AAATAGAGAGCATAAA,0
AAATAGAGAGTTTGAT,0
AAATAGAGTAAACAAA,0
AAATAGAGTATTGAGG,0
AAATAGATAATTTTAT,0
AAATAGATCACGATAT,0
AAATAGATCCCGCAGA,0
AAATAGATCGCATGTT,0
AAATAGATCGTGACTG,0
AAATAGATTTAACTTA,0
AAATAGCAACGCCACC,0
AAATAGCAAGTCGTCA,0
AAATAGCAATGGTTAT,0
AAATAGCACTAGATTA,0
AAATAGCCAAAACCAC,0
AAATAGCCAAAGCAAT,0
AAATAGCCGAAACTCC,0
AAATAGCCGTACGAGC,0
AAATAGCGTTCATACT,0
AAATAGCTAAGTCCAA,0
AAATAGCTGTACTTAT,0
AAATAGCTTAAGGTGG,0
AAATAGGAGCTGATCT,0
AAATAGGCAATATAAA,0
AAATAGGCCATCTGTG,0
AAATAGGCTCATCAAT,0
AAATAGGGACTATCCA,0
AAATAGGGCCAATAGG,0
AAATAGGGCGCTAACT,0
AAATAGGTAAGGTTGA,0
AAATAGGTCGGATGAA,0
AAATAGTAACAACCAA,0
AAATAGTAACATTTAT,0
AAATAGTACCTGCACA,0
AAATAGTCATTACAAT,0
AAATAGTCCCCGCCTC,0
AAATAGTGAATTCGCT,0
AAATAGTGTATCGCCC,0
AAATAGTTGAGTAGGT,0
AAATATAAAAAGCTAT,0
AAATATAAAATTGGTT,0
AAATATAAACACTCTT,0
AAATATAAACTCCAAC,0
AAATATAACAATTTAA,0
AAATATAATAAGCGTG,0
AAATATAATCAAAGGA,0
AAATATAATTCTTTCA,0
AAATATACCAATAAAA,0
AAATATACTTAAAATC,0
AAATATAGAAAGAACC,0
AAATATAGACGTGGTC,0
AAATATAGATCCCTCC,0
AAATATAGCAAAATCT,0
AAATATAGGTGAAAGC,0
AAATATATAGATCCTT,0
AAATATATCTGCCGTA,0
AAATATATTATCATTT,0
AAATATCAACACCTTA,0
AAATATCAACAGGTAT,0
AAATATCAGAATTGCC,0
AAATATCATAGACTCT,0
AAATATCATCCACAAT,0
AAATATCCACCAATTA,0
AAATATCCGACAATAT,0
AAATATCCTCTCATAC,0
AAATATCGTGTCTCTA,0
AAATATCTAGCCTCGA,0
AAATATCTGAGGTCGG,0
AAATATGACAAAGATC,0
AAATATGCAGCCTCTG,0
AAATATGCATAGGTTT,0
AAATATGCCCTTTTGT,0
AAATATGCGTTGAACT,0
AAATATGGAGAATGTA,0
AAATATGGAGTAGGTA,0
AAATATGGTTAAAATT,0
AAATATGTAGGTAACG,0
AAATATGTATAGCATG,0
AAATATGTTTAGATAT,0
AAATATTACACAGAGG,0
AAATATTAGTCCAACA,0
AAATATTATAATCCAC,0
AAATATTATGGTGGGA,0
AAATATTCACGGCGCA,0
AAATATTCTCCGCACA,0
AAATATTGAAAATTAC,0
AAATATTGAGTTTCAA,0
AAATATTGGCACATCT,0
AAATATTTAGACACAG,0
AAATATTTCGATCCAC,0
AAATATTTTTAAAGTA,0
AAATATTTTTGTTACA,0
AAATCAAAATTAGGAT,0
AAATCAAAATTGTGCT,0
AAATCAAACTCTCTAA,0
AAATCAAACTGGCTCC,0
AAATCAACAAAAATAG,0
AAATCAACAAAGCATT,0
AAATCAACAGGTGCAA,0
AAATCAACCATCAAGT,0
AAATCAACCCGAGAAG,0
AAATCAACCCTTAAGA,0
AAATCAACTACAATAT,0
AAATCAAGACAAATCC,0
AAATCAAGAGGGGTAG,0
AAATCAAGAGTATGTG,0
AAATCAAGATATGCAT,0
AAATCAAGGCGACTAG,0
AAATCAATAATATTGC,0
AAATCAATACATAACA,0
AAATCAATCGAGGCGA,0
AAATCAATCTGCGTCC,0
AAATCAATCTGGCGTA,0
AAATCAATTTAAACCA,0
AAATCAATTTAGTCAT,0
AAATCACAAAATGCTT,0
AAATCACATTTGAAAT,0
AAATCACATTTTAATC,0
AAATCACCCAATTCTA,0
AAATCACCTCCAGGTG,0
AAATCACGAATGAAGG,0
AAATCACGCTAAACAC,0
AAATCACTTATGTCCT,0
AAATCAGAAGGAAGTA,0
AAATCAGAATTCTACC,0
AAATCAGACGGAGATA,0
AAATCAGAGTGTAACA,0
AAATCAGATAAAATTC,0
AAATCAGATCCTATAT,0
AAATCAGGGTATAAAC,0
AAATCAGTAATAGAAA,0
AAATCAGTACAACCAT,0
AAATCAGTAGAATCAC,0
AAATCATAAAAAAACA,0
AAATCATAAGGCAGGT,0
AAATCATAATTTAGAA,0
AAATCATACCTGAACG,0
AAATCATAGAATTGCA,0
AAATCATAGTCGACAA,0
AAATCATCAAATGTAT,0
AAATCATCCTCCTCAC,0
AAATCATGTCAGCGAG,0
AAATCATGTTAATTAA,0
AAATCATTAAGAGTCC,0
AAATCATTCAAAACTT,0
AAATCATTGGCAAGAA,0
AAATCATTGGTAAGAC,0
AAATCATTTAAATATT,0
AAATCCAAAAGCATAC,0
AAATCCAAACAGGAGG,0
AAATCCACATACATCA,0
AAATCCACCATACAAG,0
AAATCCAGGATTTTAC,0
AAATCCAGGTTAGTTA,0
AAATCCAGTCACGGAA,0
AAATCCATAACGTCCT,0
AAATCCATATGGCACG,0
AAATCCATTAAGTATA,0
AAATCCATTAGATCGC,0
AAATCCCAATAAACAG,0
AAATCCCAATTCATTC,0
AAATCCCCCATCTTGC,0
AAATCCCCGCTCCTAA,0
AAATCCCGATCACAAT,0
AAATCCGAAAAAATTC,0
AAATCCGAGGTGCCCA,0
AAATCCGCTCGGAAAC,0
AAATCCTAAACCAGCA,0
AAATCCTAACATCAAA,0
AAATCCTAGTAAAAAG,0
AAATCCTTCCTGAGCG,0
AAATCCTTCTGAAATT,0
AAATCGAAACTAAGCT,0
AAATCGAACGTGAAAA,0
AAATCGAAGATTAACC,0
AAATCGAAGATTAATC,0
AAATCGACAGCATCAA,0
AAATCGAGATACCTAG,0
AAATCGATCGACATTC,0
AAATCGCCCTTTCTAC,0
AAATCGCGAACAGCTT,0
AAATCGGGACTAAATA,0
AAATCGTCCACGACCT,0
AAATCGTGAAAGGAGT,0
AAATCGTGAACACTGT,0
AAATCGTTGTCGAGTA,0
AAATCGTTTAAAATGT,0
AAATCGTTTTACAATT,0
AAATCTAAACAGTGGG,0
AAATCTAACGTTACAA,0
AAATCTAAGAATCACA,0
AAATCTAAGAATTAAG,0
AAATCTAAGAGTTCAA,0
AAATCTAATGTATTCT,0
AAATCTAGAACGTCCA,0
AAATCTAGCGTCTGCA,0
AAATCTATATCAGATA,0
AAATCTATTAAGTAAC,0
AAATCTATTAGAAAAG,0
AAATCTCAAACGCTCA,0
AAATCTCAATCAACAG,0
AAATCTCAGAAGAAAC,0
AAATCTCCTTTTTTTA,0
AAATCTCGCCCGTACA,0
AAATCTCTGTGAAGAG,0
AAATCTCTGTTTCAAA,0
AAATCTCTTACGCTAT,0
AAATCTGACCGCCATA,0
AAATCTGAGCAGCTGA,0
AAATCTGCAAGTAAGT,0
AAATCTTGTCCGAACA,0
AAATCTTTTTAACAAC,0
AAATGAAAAGCACTCA,0
AAATGAAACTAAATAA,0
AAATGAAACTTATCCG,0
AAATGAAAGTGCTAGC,0
AAATGAAATATTATCC,0
AAATGAAATGCTAGAT,0
AAATGAAATGTTTAAC,0
AAATGAACAACACTCA,0
AAATGAACTGGATTAC,0
AAATGAAGAAAAACTA,0
AAATGAAGTAAAAAAA,0
AAATGACAAACACATT,0
AAATGACACTTGCATC,0
AAATGACAGAATAATC,0
AAATGACAGCAATTGT,0
AAATGACATTAATGAT,0
AAATGACCAAGCAGTG,0
AAATGACCAGTAAAAT,0
AAATGACCATTATACC,0
AAATGACCCTTGTATG,0
AAATGACCGATACCCC,0
AAATGACCGTAAACTC,0
AAATGACCTCTAACCA,0
AAATGACCTTATGTGA,0
AAATGACGTCAAACAG,0
AAATGACTATAATTCG,0
AAATGACTGAGCAGTA,0
AAATGACTTACATAAA,0
AAATGACTTCAATATA,0
AAATGAGAATGTGTCC,0
AAATGAGATTTTCTAC,0
AAATGAGCACGACCGA,0
AAATGAGCTTTGAGAT,0
AAATGAGGATTGAAAA,0
AAATGAGGTATGGCAA,0
AAATGAGTTTAGCAAA,0
AAATGATATAACCATG,0
AAATGATATATAACAG,0
AAATGATATATATATA,0
AAATGATATCTAATGC,0
AAATGATATGTACCAG,0
AAATGATCTTCCCCCA,0
AAATGATGACCGAACC,0
AAATGATGCACGGGGG,0
AAATGATGTTAAACCA,0
AAATGATGTTTGCAGA,0
AAATGATGTTTTTTTT,0
AAATGATTAAAGAAAT,0
AAATGATTAACAGAGC,0
AAATGATTGCTGAGTA,0
AAATGATTGTCTCAAT,0
AAATGCAAAGGATACC,0
AAATGCAAATAAACTG,0
AAATGCAACCTAGTAG,0
AAATGCAACGCGCCAG,0
AAATGCAGATTACGCG,0
AAATGCATACGCTAAG,0
AAATGCATCTTCAGCC,0
AAATGCATCTTGTATG,0
AAATGCATTAAAGAAA,0
AAATGCATTATATTCA,0
AAATGCATTCCTTCTC,0
AAATGCCAAACGGAGG,0
AAATGCCACAAAGCAA,0
AAATGCCACCCAGCAA,0
AAATGCCACCCTGCGC,0
AAATGCCACGATAAAC,0
AAATGCCATAAGGGAA,0
AAATGCCCAATTAATA,0
AAATGCCCAGAAGAGT,0
AAATGCCCGAAAGTTA,0
AAATGCCCTAGCGTAT,0
AAATGCCGAAGTAAAT,0
AAATGCCGAGAATACT,0
AAATGCCGCGTGGTGA,0
AAATGCCTACCCCAAT,0
AAATGCCTCTGGCAGG,0
AAATGCGAACTTTATT,0
AAATGCGTACCGCATC,0
AAATGCTAATTTGTCA,0
AAATGCTACCATAAGA,0
AAATGCTGAACGAAAA,0
AAATGCTGACTTCTAA,0
AAATGCTGCATACTAA,0
AAATGCTTGAGTATAG,0
AAATGGAATATTCCAA,0
AAATGGACAAGACGCT,0
AAATGGAGAAATATAC,0
AAATGGAGCGCCGGGA,0
AAATGGATATTTTTGC,0
AAATGGATCCGATACT,0
AAATGGCAATCATTGT,0
AAATGGCATCTAAATC,0
AAATGGCCATATAAAT,0
AAATGGCGAACTACAG,0
AAATGGCGATTAGCAA,0
AAATGGCGCATTGGGT,0
AAATGGCGTCTAAGAC,0
AAATGGCTCAAACTAA,0
AAATGGGACTACTTAT,0
AAATGGGCCATACACT,0
AAATGGGCCGCAACAA,0
AAATGGGTACCGTCAC,0
AAATGGTAAAAACACC,0
AAATGGTAATAAATGT,0
AAATGGTCTAATAATT,0
AAATGTAAAGTACACA,0
AAATGTAAATTAACGA,0
AAATGTAATTAAAGCG,0
AAATGTAATTAAGAAT,0
AAATGTACACACAAGC,0
AAATGTAGACCGTCGA,0
AAATGTATAACATCGC,0
AAATGTATGTGAATAT,0
AAATGTATTAAAATGA,0
AAATGTATTCTATTTT,0
AAATGTCACAACCACC,0
AAATGTCACCCATAGG,0
AAATGTCACCTCTTCC,0
AAATGTCCCGTTCACT,0
AAATGTCGAAAATGAT,0
AAATGTGAAGTTGACA,0
AAATGTGATTTTGATG,0
AAATGTGTAACCACTA,0
AAATGTGTCGTACCTT,0
AAATGTTAAATATGGT,0
AAATGTTACCGGCCTC,0
AAATGTTCATGCCACT,0
AAATGTTCTAGACGGT,0
AAATGTTCTCAAATGC,0
AAATGTTGAAACAGAA,0
AAATGTTGAATCGAAA,0
AAATGTTTGATACCAG,0
AAATGTTTGTTGAATT,0
AAATTAAAATGTCAAG,0
AAATTAAACTAACATA,0
AAATTAAACTATACAG,0
AAATTAAACTGTTATC,0
AAATTAAAGAAGAGAG,0
AAATTAAAGACACCCA,0
AAATTAAAGATTTTAT,0
AAATTAAAGCGTAAAA,0
AAATTAAATAATAATG,0
AAATTAAATAATACAT,0
AAATTAAATACAAATT,0
AAATTAAATACTGGGG,0
AAATTAACAGAACTAG,0
AAATTAACGCAAACGC,0
AAATTAACTAGTAATA,0
AAATTAACTCTAACTA,0
AAATTAAGCCAATGAG,0
AAATTAAGCGATATCT,0
AAATTAAGGATACAAT,0
AAATTAATATAGGCCA,0
AAATTAATCCACCGAG,0
AAATTAATCCTAGGTA,0
AAATTAATTAACTAAA,0
AAATTACACACGTTAC,0
AAATTACACATTTCTA,0
AAATTACACCACACAA,0
AAATTACAGTGGAAAG,0
AAATTACATAGGATTT,0
AAATTACCCTGATTTA,0
AAATTACGCAATTCAC,0
AAATTACTAATTAGTA,0
AAATTACTCGTGAAAA,0
AAATTACTGTTGCACG,0
AAATTAGAAATAATAC,0
AAATTAGACACCCATC,0
AAATTAGACATGTCTG,0
AAATTAGACTTGCTTA,0
AAATTAGAGCATATCC,0
AAATTAGCCACATAAC,0
AAATTAGCGAGTCTGA,0
AAATTAGGATGATACA,0
AAATTAGGTTCCGGTC,0
AAATTAGTGGTGGCAC,0
AAATTAGTTAAGGCCT,0
AAATTATACACCAATT,0
AAATTATACATCATTC,0
AAATTATACCAATGAC,0
AAATTATACGCAGATG,0
AAATTATAGGAATCAT,0
AAATTATATAAACTAA,0
AAATTATATCGTATAA,0
AAATTATCCATCTCCT,0
AAATTATCGGAAATTT,0
AAATTATCTTTACTCG,0
AAATTATTAGTAATAG,0
AAATTATTATCTACAG,0
AAATTATTATTACTCA,0
AAATTCAAATATCAGC,0
AAATTCAACTCAAAAC,0
AAATTCAAGAATTCAA,0
AAATTCAAGGCACGTA,0
AAATTCAGAACCATCA,0
AAATTCAGAGATATCA,0
AAATTCAGCAATAAAC,0
AAATTCATATCCCAGG,0
AAATTCATCTAAATCA,0
AAATTCATGGCGTTTC,0
AAATTCATTCAATGAG,0
AAATTCCAACGTTTTT,0
AAATTCCAGACGCAAC,0
AAATTCCCAACACAAA,0
AAATTCCCCAGCCTAT,0
AAATTCCCCGTATGGC,0
AAATTCCCCTAAGAAC,0
AAATTCCCGTACAGCC,0
AAATTCCCTTTGTATT,0
AAATTCCGACGGCGAC,0
AAATTCCGTGATAGGC,0
AAATTCCTAGCTAAAA,0
AAATTCCTCATCTGTA,0
AAATTCCTGCTTATAT,0
AAATTCGAATAAATCA,0
AAATTCGACCTACAGC,0
AAATTCGATAAAAAGT,0
AAATTCGCAAACCGCC,0
AAATTCGCCCCCGCCG,0
AAATTCGTATTGGTCA,0
AAATTCGTTCGGATCA,0
AAATTCTAAAGAAACG,0
AAATTCTCATACACCG,0
AAATTCTGAGTTGGAA,0
AAATTCTGGATGATAG,0
AAATTCTGTTGGGATG,0
AAATTCTTCCCGGACA,0
AAATTCTTCTCACGTC,0
AAATTCTTTGACAAGT,0
AAATTGAAGAAAAGAA,0
AAATTGAATCTAACGA,0
AAATTGACACAATGCT,0
AAATTGAGAAGCATCT,0
AAATTGAGAATGATTC,0
AAATTGAGTGTATAAG,0
AAATTGATCTTGAGCG,0
AAATTGATTAGAAGCC,0
AAATTGCAAGATGAAC,0
AAATTGCACAAGACTG,0
AAATTGCATACAGGGA,0
AAATTGCATGGTACCA,0
AAATTGCATTTGTCAT,0
AAATTGCGCCTCGCAC,0
AAATTGCGTTTCGTGC,0
AAATTGCTCAAATCAA,0
AAATTGGATTGAATGA,0
AAATTGGCGAGATTCC,0
AAATTGGTTGGTTCAT,0
AAATTGTAAAGGCATA,0
AAATTGTAAATATTCA,0
AAATTGTATAACCAAG,0
AAATTGTATACATTTG,0
AAATTGTGCTGTTGAG,0
AAATTGTGGGGAGGTG,0
AAATTGTTGTCTTTAT,0
AAATTTAAAAAAGCAC,0
AAATTTAAAACTTGAA,0
AAATTTAAAGTCTTCC,0
AAATTTAACTATAGCA,0
AAATTTAAGATAACAA,0
AAATTTAATCCCGAAT,0
AAATTTACAAGAAAGA,0
AAATTTACCGTGGTTT,0
AAATTTACTAATAGAA,0
AAATTTACTGCACTTT,0
AAATTTAGAAAAATTA,0
AAATTTAGGCGAAGGC,0
AAATTTATAAAGAATG,0
AAATTTATCAAAAGAA,0
AAATTTCAGAGCAAAT,0
AAATTTCCTCTACAGA,0
AAATTTCGACTCACAT,0
AAATTTCGCAAAGTAC,0
AAATTTCTAATAACAC,0
AAATTTCTGCAGAGTC,0
AAATTTCTGGTAATAA,0
AAATTTCTTGAACTGA,0
AAATTTGACTTATATC,0
AAATTTGAGACACCTA,0
AAATTTGATTAACCCG,0
AAATTTGCCTCCCTAA,0
AAATTTGTAATTGCGT,0
AAATTTGTTTGACATC,0
AAATTTTAAAACTTTA,0
AAATTTTAAGTGGCTA,0
AAATTTTCATAAAAAT,0
AAATTTTCCAATGGCT,0
AAATTTTCCAGTTAAG,0
AAATTTTCGAAAAACA,0
AAATTTTGAATACATT,0
AAATTTTTTAGAATAT,0
AAATTTTTTGTGTTAA,0
AACAAAAAAACGTAGA,0
AACAAAAAACATTCCA,0
AACAAAAAATATTTCC,0
AACAAAAACACATCGT,0
AACAAAAACTGTACTC,0
AACAAAACAAATCAAA,0
AACAAAACAAGACAAA,0
AACAAAACACACTTCT,0
AACAAAACACGGGCTG,0
AACAAAACATGCTAAT,0
AACAAAACCAGATTAT,0
AACAAAACTAACACAA,0
AACAAAAGCCATTAGA,0
AACAAAAGTCTTTAAT,0
AACAAAATAAAATACA,0
AACAAAATAGTACATA,0
AACAAAATATCCATGG,0
AACAAAATATGATTTT,0
AACAAACAAATATCTA,0
AACAAACAAGGATGAA,0
AACAAACACAACAATC,0
AACAAACAGCTGGCAA,0
AACAAACATCCATCCC,0
AACAAACATCTCAAAC,0
AACAAACATTTTCAAC,0
AACAAACCTAAACGAC,0
AACAAACGAATAATTA,0
AACAAACGAGATATAC,0
AACAAACTAATATGCT,0
AACAAACTCAAGCAAG,0
AACAAACTCCATAATC,0
AACAAACTCGGTAGAT,0
AACAAACTTGACATTC,0
AACAAACTTGCCATGC,0
AACAAAGAGAACTCGT,0
AACAAAGATACGTGTA,0
AACAAAGCGTACACGA,0
AACAAAGCTAACCAAT,0
AACAAAGCTTTTCGGA,0
AACAAAGGGCCGAAGA,0
AACAAAGTACAAGGCC,0
AACAAAGTATGGGCCA,0
AACAAAGTCCAAAGAC,0
AACAAAGTCGCTTTAG,0
AACAAATAAAATGACT,0
AACAAATAAATTTAAT,0
AACAAATAAGAATCTC,0
AACAAATAAGTATAAG,0
AACAAATACAAACCTT,0
AACAAATACCAAGACC,0
AACAAATACCGTCGTA,0
AACAAATACGCATGCA,0
AACAAATACGGGCATA,0
AACAAATACTAACTGG,0
AACAAATAGGTACACA,0
AACAAATATATAAACA,0
AACAAATCATTACATA,0
AACAAATCCACGAAGT,0
AACAAATGGCAATGAA,0
AACAAATTATCAGTTT,0
AACAAATTCAACCCGT,0
AACAAATTTAAAAGCC,0
AACAAATTTCTATCGT,0
AACAAATTTGTAATAA,0
AACAACAAACACAATC,0
AACAACAAACTAAAGG,0
AACAACAACAATAAAA,0
AACAACAAGTGTAGTA,0
AACAACAATAAGACAC,0
AACAACAATAGTACTA,0
AACAACACCAGAATAG,0
AACAACACGCATTCCA,0
AACAACACGCTTAAAC,0
AACAACACGTGAATTT,0
AACAACACTGAAAAAA,0
AACAACAGATCAAGGC,0
AACAACAGCACCACAC,0
AACAACAGCGGAGTTC,0
AACAACAGCTACGGTT,0
AACAACAGGAAAGACC,0
AACAACAGTATAATAG,0
AACAACAGTATAGATG,0
AACAACATAAAAACAC,0
AACAACATCCCAAATA,0
AACAACATCCCTCCAC,0
AACAACATTGCTCCAG,0
AACAACCAATTTAGAG,0
AACAACCACACATACT,0
AACAACCACTACACCA,0
AACAACCAGAGCCGCA,0
AACAACCAGCTTCGCT,0
AACAACCATATTGAAG,0
AACAACCATGGCAGCA,0
AACAACCCACGCACAA,0
AACAACCCAGGGAGTG,0
AACAACCGTCGTGCAT,0
AACAACGAAGGAAAAA,0
AACAACGATGTAGCCA,0
AACAACGCAACATATT,0
AACAACGGTCTAACAT,0
AACAACGTAAACCACG,0
AACAACGTAGCATTTA,0
AACAACGTTCCAGTTT,0
AACAACGTTGATCGGC,0
AACAACTAAGATGGCA,0
AACAACTACCGCATGA,0
AACAACTACGTTATTA,0
AACAACTCAGCAAGCC,0
AACAACTCCTAGGTGG,0
AACAACTGAACGTACT,0
AACAACTGCAACAACA,0
AACAACTGGTCCGTCA,0
AACAACTGTACAGCAA,0
AACAAGAAAAGTCGAA,0
AACAAGAAAGTAAGTT,0
AACAAGAACCAAGAGC,0
AACAAGAATATGATTA,0
AACAAGACCAAAACCA,0
AACAAGACGTAATCGA,0
AACAAGAGAACTAACT,0
AACAAGAGATAACGTA,0
AACAAGAGCGAATAAC,0
AACAAGAGTAAATACC,0
AACAAGATGAGTGGCT,0
AACAAGATTATAGATA,0
AACAAGCATTGGTTAA,0
AACAAGCCGCAAACAC,0
AACAAGCCTCCATTCC,0
AACAAGGCCTGGAGCA,0
AACAAGGGATGTAAGT,0
AACAAGGGTAGGACGT,0
AACAAGGTAGCCCTAC,0
AACAAGGTCTCAAGAG,0
AACAAGTAATCGCGGA,0
AACAAGTAGATCGAAA,0
AACAAGTATGGGGACA,0
AACAAGTCAACGTTAT,0
AACAAGTCCTGTGCTA,0
AACAAGTGTTGTTCGT,0
AACAAGTTATAAACTA,0
AACAAGTTTCGCTGTA,0
AACAATAACAATAATT,0
AACAATAACCACGATG,0
AACAATAACTTCAGTA,0
AACAATAATCAACCAT,0
AACAATACAAAATAGG,0
AACAATAGAATTGGCC,0
AACAATAGATAACCCA,0
AACAATAGCTGTGTCT,0
AACAATAGGATTAATG,0
AACAATATAGATTCAA,0
AACAATATTGCCAAAA,0
AACAATCAACTAATAT,0
AACAATCAATGGTTTA,0
AACAATCACTTTTCGC,0
AACAATCAGAAAATGC,0
AACAATCCGACGACTC,0
AACAATCCGCTGAATA,0
AACAATCTAAAATTGA,0
AACAATCTAAAATTGC,0
AACAATCTGCTCTGAA,0
AACAATCTTAGTGCTA,0
AACAATGAAATGATTC,0
AACAATGAACATACAA,0
AACAATGAGCAAGTCC,0
AACAATGATACGAATA,0
AACAATGCAAAAACGA,0
AACAATGCACAGAATA,0
AACAATGCCCGAAAAG,0
AACAATGTCCTGCAAT,0
AACAATGTGTAAACGG,0
AACAATGTTAAGGAAC,0
AACAATGTTAATCATA,0
AACAATTAAATTTCTA,0
AACAATTAATACACGG,0
AACAATTACAATGTTT,0
AACAATTATAAACACC,0
AACAATTCAATAATAA,0
AACAATTCACATATAT,0
AACAATTGAAGAGGTA,0
AACAATTGATCACGAG,0
AACAATTTAAAAACAT,0
AACAATTTTTACGACA,0
AACAATTTTTATGAGA,0
AACACAAAAAAAAGGC,0
AACACAAAAAAAGTGC,0
AACACAAAAAATGAGT,0
AACACAAAAACGAATA,0
AACACAAAAATTTGGA,0
AACACAAAATAAAGCC,0
AACACAAACATTAAAC,0
AACACAAACCTGAGGA,0
AACACAAACCTTCTCT,0
AACACAAAGAAGATCT,0
AACACAAATCCGCCGA,0
AACACAAATTAACATC,0
AACACAACAAAGAGTT,0
AACACAACCCAAAAAA,0
AACACAACGGAGCCTA,0
AACACAACGTTTTCTA,0
AACACAAGATAGTAAA,0
AACACAAGGACTTAAC,0
AACACAAGTTAGGTCC,0
AACACAATACGAAGGA,0
AACACAATTCGATATA,0
AACACAATTGGAGATT,0
AACACACAATAAACAG,0
AACACACACACATTTA,0
AACACACATATATGTC,0
AACACACCCAATCACA,0
AACACACCTCGACAAT,0
AACACACCTTGGTAAA,0
AACACACGGATAAAAA,0
AACACACTAATCTATC,0
AACACACTATCTGTAC,0
AACACACTTATGCAAG,0
AACACAGCTTGGATCA,0
AACACAGGAACTTTAA,0
AACACAGTAAGATCGA,0
AACACATAAATTTAGG,0
AACACATAACACAAAG,0
AACACATAAGGCAAGT,0
AACACATAATATAAGA,0
AACACATAGACCCCGT,0
AACACATAGTCCGTGT,0
AACACATATAGCGCAA,0
AACACATCAGCTAAGA,0
AACACATCGCGTAGTA,0
AACACATGAAAAACTA,0
AACACATGGCCCAATA,0
AACACATTGTTTATGG,0
AACACCAAAAATACTT,0
AACACCAATCGAACAA,0
AACACCACAAAGACGG,0
AACACCACATACCGCT,0
AACACCAGACAACCAC,0
AACACCATAATTAGAG,0
AACACCCAAAATACCA,0
AACACCCAAATATCAG,0
AACACCCCCAGGGGCA,0
AACACCCGTAAGGTTA,0
AACACCCTAAGAGTAC,0
AACACCGACTTAAGTC,0
AACACCGAGACACTGA,0
AACACCGATTCATCGA,0
AACACCGCCTCATCTA,0
AACACCGGGCCGGTTT,0
AACACCGTAAACTCGA,0
AACACCGTGGACAGGA,0
AACACCTCGGGATGAA,0
AACACCTGAAAACGAC,0
AACACCTGACTCGAAG,0
AACACCTGTACAAAAT,0
AACACCTTAAACCCCT,0
AACACCTTTACATACC,0
AACACGAAAAATGACA,0
AACACGAAACATACTC,0
AACACGAAATTCGCAT,0
AACACGAACTAGTTCT,0
AACACGAAGCCCTCAC,0
AACACGAATAAAAAAT,0
AACACGAATATAAACA,0
AACACGAATCAGCTGA,0
AACACGAATGCGGTTC,0
AACACGAATTAAATGG,0
AACACGAGTAAACACT,0
AACACGATACCTGAGA,0
AACACGATAGACTAAT,0
AACACGATGTTATAGC,0
AACACGCAATAACCTA,0
AACACGCCAATGCCCA,0
AACACGCGGTGCCCCA,0
AACACGCTAACAAAGT,0
AACACGCTACCGAGCA,0
AACACGCTCTAAATTT,0
AACACGGCTACTATTC,0
AACACGGCTGTATAGT,0
AACACGGTGCGCTAAA,0
AACACGTAAGACAACA,0
AACACGTAATCCTACG,0
AACACGTAGCAAAGAC,0
AACACGTCCAAATAGG,0
AACACGTTCATAACTA,0
AACACTAAAATGATTA,0
AACACTAAACGTTCAA,0
AACACTAAACTGAAAT,0
AACACTAACTCAAAGT,0
AACACTAACTGGAACA,0
AACACTAATGATATCT,0
AACACTAATGGAAACT,0
AACACTACTCGCAAAA,0
AACACTAGAAATGTTT,0
AACACTATTGATATAT,0
AACACTCAAAGATAAT,0
AACACTCAAAGTGTTA,0
AACACTCAATAAGCTA,0
AACACTCACAATTTTT,0
AACACTCAGAGAACAG,0
AACACTCCAAACGTAA,0
AACACTCCAACTAATT,0
AACACTCCGACGATAC,0
AACACTCCGAGCTAAC,0
AACACTCCTTTCCTTA,0
AACACTCTAAAGGTTG,0
AACACTGAACAGTATA,0
AACACTGGGATCTCAG,0
AACACTTAAAGAGCAA,0
AACACTTAGATAAAAA,0
AACACTTATACAAAGA,0
AACACTTGTTTAGACG,0
AACAGAAACGATATAG,0
AACAGAAAGCAGCACC,0
AACAGAAATATATTAA,0
AACAGAAATATGTCAC,0
AACAGAACACGTCACA,0
AACAGAACAGAAATAA,0
AACAGAACCGATAATG,0
AACAGAACTATAATAG,0
AACAGAAGATGTCCAG,0
AACAGAATAATAAGAC,0
AACAGAATATTGTTCT,0
AACAGACACAGAAAAT,0
AACAGACACCATATTC,0
AACAGACATGGTCCTT,0
AACAGACCCGGCAACT,0
AACAGACTATGCCAAA,0
AACAGACTTCTTTACA,0
AACAGAGAAACTCTTT,0
AACAGAGAGTGAAGTC,0
AACAGAGATATTACTT,0
AACAGAGCACAGATGA,0
AACAGAGCGAAAGACT,0
AACAGAGGAAATCTTA,0
AACAGAGTGCTCAACA,0
AACAGATAAACTTGAT,0
AACAGATACGAGACGT,0
AACAGATAGGACGCAT,0
AACAGATCATAAAGTA,0
AACAGATGACTTGAAA,0
AACAGATGGTTCCCCA,0
AACAGATTACAGTAAC,0
AACAGATTGCTATAAA,0
AACAGATTGCTCCGTA,0
AACAGCACTACAGGAT,0
AACAGCAGAGCAGTAC,0
AACAGCAGCGGTCAAT,0
AACAGCATCGAACGAT,0
AACAGCATTAGCATAA,0
AACAGCATTCCTCGCT,0
AACAGCATTTATACGA,0
AACAGCCGAATACATA,0
AACAGCCTCTTTTTGC,0
AACAGCGTTAGAAACC,0
AACAGCGTTGTAGAGC,0
AACAGCGTTTTAAGAA,0
AACAGCTATTCTACTG,0
AACAGCTTGAGGAACT,0
AACAGCTTGTCTTTAT,0
AACAGGAAACGAGGAA,0
AACAGGAGTAGCTAGT,0
AACAGGAGTCAAGGAG,0
AACAGGCAACTCCGAT,0
AACAGGCAATCCTCTA,0
AACAGGCACAAGCGAT,0
AACAGGCCTACCCATA,0
AACAGGCCTGCTGAAC,0
AACAGGCTAATGAACC,0
AACAGGCTAATGAGAA,0
AACAGGGAAATACGCT,0
AACAGGGTCAGATGAA,0
AACAGGGTCTTGAATA,0
AACAGGGTTAATTACC,0
AACAGGTACATTTCAG,0
AACAGGTACTTCTGAA,0
AACAGGTATGATACTA,0
AACAGGTCTAGGTTAA,0
AACAGGTGGAAGAAGA,0
AACAGTAATGTAAACC,0
AACAGTACCGGCAAAA,0
AACAGTAGAATGATAC,0
AACAGTATCAGGCATA,0
AACAGTATGAACCCCA,0
AACAGTATGTTTAAAT,0
AACAGTCAAAATCAGT,0
AACAGTCAGCAAATAC,0
AACAGTCAGTGATACA,0
AACAGTCGACAAACCA,0
AACAGTCGGCGTATGG,0
AACAGTCTATCCAAGA,0
AACAGTCTCCAAGTAC,0
AACAGTCTGACGGAGA,0
AACAGTGACATCAGGA,0
AACAGTGAGTTGCTAG,0
AACAGTGCCGGGGCAC,0
AACAGTGGATAACGAA,0
AACAGTTTAAAACTAA,0
AACATAAAAAGTTTAC,0
AACATAAAACATCAAC,0
AACATAAAACCTTCTT,0
AACATAAAACTTAAAT,0
AACATAAAAGAAAACG,0
AACATAAAAGAACTCG,0
AACATAAAAGCTTCAG,0
AACATAAAATGAGGAG,0
AACATAAAGCACCGCT,0
AACATAAAGGAGAGGT,0
AACATAAATCAAGAAC,0
AACATAAATCTACATA,0
AACATAACAGAGTTTT,0
AACATAACCAGCCACT,0
AACATAACCCACTTAT,0
AACATAACCTCCCACT,0
AACATAACTAGTAACT,0
AACATAAGAATCGAAA,0
AACATAAGAGCCAAAG,0
AACATAAGTAAACGTA,0
AACATAAGTAGTGGGC,0
AACATAATACACCAAA,0
AACATAATATTGCCAC,0
AACATAATCTCCCCTG,0
AACATAATTGGTACTA,0
AACATAATTTAATGAA,0
AACATACAAGGTATCC,0
AACATACATAACCCCT,0
AACATACCGCCAATAT,0
AACATACCGGATGAAC,0
AACATACCTAGCCACC,0
AACATACGAACTCACC,0
AACATACGACTCGTCG,0
AACATACGCGACATAA,0
AACATACGTTAGCGTT,0
AACATACTGAGGTTAC,0
AACATAGCATTCCAAT,0
AACATAGCATTCTAAT,0
AACATAGCCAGCTCGA,0
AACATAGTATTTTAAC,0
AACATAGTCAATTTGT,0
AACATAGTTAAAATAA,0
AACATATAAATGATAA,0
AACATATAATAAACTG,0
AACATATACCAACTCG,0
AACATATAGCTAACCA,0
AACATATCCCATTGAA,0
AACATATGACCTGTCT,0
AACATATGGCCAAGCA,0
AACATATTATCACACA,0
AACATATTCCATAACC,0
AACATCAAAAACACTA,0
AACATCAAAAATAACT,0
AACATCAAAATTGGCG,0
AACATCAACCCAGGCT,0
AACATCACGTTAGAAA,0
AACATCACTGTTAACG,0
AACATCAGAGTCTACT,0
AACATCATTCACTAAT,0
AACATCATTCGGATAC,0
AACATCCCATGGCAAA,0
AACATCCCGATGTTTA,0
AACATCCGACATTAAG,0
AACATCCGCCCTTTTT,0
AACATCCGCCTAGCGA,0
AACATCCTTAGGAGTT,0
AACATCGAAATTCTGC,0
AACATCGAATATAAGT,0
AACATCGGATTCTCGG,0
AACATCTAACCAGGCA,0
AACATCTACACAACAT,0
AACATCTGCAGCACGT,0
AACATCTTACTTAATA,0
AACATCTTAGATACCA,0
AACATGAACCAATGAG,0
AACATGAACGGAGCCC,0
AACATGAAGAAAAAAA,0
AACATGACAACGTGGA,0
AACATGATTAAGAGGG,0
AACATGCACGATATCA,0
AACATGCAGTCTATCA,0
AACATGCCAGGCCGAG,0
AACATGCCGACAGGGA,0
AACATGGAATGTGATT,0
AACATGGAGTCAACCC,0
AACATGGATTAGTTAT,0
AACATGGGTAGCTGAA,0
AACATGGTTCCGGAGT,0
AACATGTAATGCATGC,0
AACATGTACCATTTTG,0
AACATGTCAGTAAATA,0
AACATGTTAAGTTAGC,0
AACATGTTACAAAGTG,0
AACATTAAACCAAACA,0
AACATTAAACTTAATC,0
AACATTAAATCCCACC,0
AACATTAACCAAGGCT,0
AACATTAACCACAGTA,0
AACATTAACGAAGAGA,0
AACATTAAGTTCTACA,0
AACATTAATAAATCAG,0
AACATTAATATTACAA,0
AACATTACATAAACGG,0
AACATTACATGACTGT,0
AACATTACCAATGCTT,0
AACATTACGTTGAATC,0
AACATTAGAATTACGG,0
AACATTAGACGTACAT,0
AACATTAGCAAAGAAA,0
AACATTAGGTGTTACG,0
AACATTATAGGTGGTA,0
AACATTATATTAGATC,0
AACATTATCGAATACA,0
AACATTATGAATAACT,0
AACATTCAATCAGCTA,0
AACATTCAATTCTAAC,0
AACATTCACGCTCAAC,0
AACATTCCACTGCAGT,0
AACATTCGATGAATCT,0
AACATTCGGGTTATGA,0
AACATTCGTGTAATTA,0
AACATTGAAGTAATGG,0
AACATTGAGAGCCAAA,0
AACATTGAGCCGAGAA,0
AACATTGCAGTAGTTG,0
AACATTTAAAAAGCTC,0
AACATTTAAGAGCCAC,0
AACATTTAGTACCTCT,0
AACATTTATTGCGCCA,0
AACATTTCTAAACTCC,0
AACATTTTATATAGCA,0
AACATTTTTGATGGAG,0
AACATTTTTGCACGCA,0
AACCAAAATCTAGCCC,0
AACCAAAATTGTTCTC,0
AACCAAACATCAGAAA,0
AACCAAACCAAAGAAT,0
AACCAAACCTGCTTCA,0
AACCAAACTTGTAATA,0
AACCAAAGAATACTCT,0
AACCAAAGGCTAATAT,0
AACCAAAGTCCGTCAA,0
AACCAAATATACAAAA,0
AACCAAATATAGACGA,0
AACCAAATATATTGTT,0
AACCAAATCAGGAATT,0
AACCAAATCCAGATCC,0
AACCAAATGGCCTCAC,0
AACCAACAATGTTTCG,0
AACCAACAGAACTGAC,0
AACCAACAGTGTATTG,0
AACCAACCACCGGCAA,0
AACCAACCATGGATCT,0
AACCAACCGTCATAGA,0
AACCAACCTCAGCCAA,0
AACCAACGATCTCAAG,0
AACCAACGGTAAGTAA,0
AACCAACGTATCAGCT,0
AACCAACTAACAGAAC,0
AACCAACTAAGTTGCA,0
AACCAACTCTATTGAA,0
AACCAACTCTCCCGAC,0
AACCAAGAAGACTTCC,0
AACCAAGCTTCTGAGA,0
AACCAAGGGAGGAGAA,0
AACCAAGTGACCGGAA,0
AACCAAGTGGACCAGA,0
AACCAAGTTTTGAGCT,0
AACCAATAAAACCTAG,0
AACCAATAAACGATTA,0
AACCAATAATGACCAA,0
AACCAATAGAAAAAAT,0
AACCAATCTAAACATA,0
AACCAATGCCTTCGAT,0
AACCAATGGACATGTA,0
AACCAATTCATCTATT,0
AACCAATTTAAAAGGA,0
AACCAATTTGCATACT,0
AACCACAATGAGGCCA,0
AACCACACATAACTCA,0
AACCACACGACCCTGG,0
AACCACACGCTAAACA,0
AACCACACTATTTATG,0
AACCACAGAACATAAA,0
AACCACAGAATGCTGT,0
AACCACAGTAAATGAT,0
AACCACATGAACGAGT,0
AACCACATTGTGCTGT,0
AACCACCACAACGGGA,0
AACCACCACTAAAACC,0
AACCACCCACACCGAC,0
AACCACCTAATCATCA,0
AACCACCTACATAGCC,0
AACCACCTACGAAAAA,0
AACCACCTTTTAAACA,0
AACCACGACCGCAATT,0
AACCACGATAGGCAGC,0
AACCACGCTAGTTGTA,0
AACCACGTTGAGAAAC,0
AACCACTACCGACCGC,0
AACCACTAGTAAATCA,0
AACCACTATACCAACA,0
AACCACTCAACAAGTA,0
AACCACTCCGCTGACA,0
AACCACTGACAAACAA,0
AACCACTGTACCCCAT,0
AACCACTTACGCCTGA,0
AACCAGAAAAGCCGTA,0
AACCAGAACAACCGAA,0
AACCAGAATCAAAATA,0
AACCAGACATCCACGA,0
AACCAGAGATCACCAT,0
AACCAGAGGTGTTCAA,0
AACCAGATCTATGGCA,0
AACCAGCAGTGTCAAA,0
AACCAGCCAAGTAAAC,0
AACCAGCGAATTTGGA,0
AACCAGCGGTCCGATT,0
AACCAGCGGTTTAATT,0
AACCAGCTATACACCG,0
AACCAGGCATATATCA,0
AACCAGGGAAATGAAC,0
AACCAGGGCTACGATT,0
AACCAGGTACAAATTA,0
AACCAGGTTCCATGCA,0
AACCAGGTTGATACAA,0
AACCAGTACAAAAGAA,0
AACCAGTACTAATAAT,0
AACCAGTATAAAAGAA,0
AACCAGTATCCCTCAG,0
AACCAGTTAAGAGAGG,0
AACCAGTTAGACCTTA,0
AACCAGTTAGGGTTCG,0
AACCAGTTATTTTTAC,0
AACCATAAAAACAACC,0
AACCATAAACAGCGGC,0
AACCATAACAAAACAC,0
AACCATAACCAGAAAT,0
AACCATACCAAATGCA,0
AACCATACTGAGAAAA,0
AACCATAGTACATAAT,0
AACCATAGTATGTTGT,0
AACCATAGTGTTTATC,0
AACCATATCCACTTTC,0
AACCATATCTGGGCCC,0
AACCATCAAAACCTAA,0
AACCATCAACAAAGCG,0
AACCATCCATCAGAGC,0
AACCATCTCTGCCGAG,0
AACCATCTTCATGACC,0
AACCATCTTCTTAGCA,0
AACCATGAATAGTTAA,0
AACCATGAGTAGACCA,0
AACCATGGATGGCATC,0
AACCATTAAGTTAGAG,0
AACCATTACCTGTACA,0
AACCATTATCAAATAA,0
AACCATTCAAGGGACA,0
AACCATTGAAACCGAT,0
AACCATTGTGTCGATC,0
AACCCAAAAAACTAAA,0
AACCCAAAACCGAAGG,0
AACCCAAAGCCTTCGT,0
AACCCAAATTAGCTCA,0
AACCCAAGACACCAAT,0
AACCCAATACCACATT,0
AACCCAATCAGCTACC,0
AACCCAATGCGGAATT,0
AACCCACACACTAAGA,0
AACCCACACATAGGGA,0
AACCCACAGAGTAACG,0
AACCCAGACATCAGAT,0
AACCCAGACCATCTGA,0
AACCCAGAGAATCCAG,0
AACCCAGAGCATAAAC,0
AACCCAGAGGTGGCAG,0
AACCCAGCAACCTGCC,0
AACCCAGCGACTATTA,0
AACCCATAAGTCAAAA,0
AACCCATAGCAATTTA,0
AACCCATATAAGTAGT,0
AACCCATATCCAATTC,0
AACCCATGATATACCA,0
AACCCATGCGCACGAC,0
AACCCATGTTACATAC,0
AACCCCAAATTTCCGA,0
AACCCCAGTAAATATG,0
AACCCCCAAACTGTTA,0
AACCCCCATTAAGCGA,0
AACCCCCCTCATACGT,0
AACCCCCTCAGTCTGT,0
AACCCCCTGAAAAGAA,0
AACCCCCTTCAGTACC,0
AACCCCGACGCGACCA,0
AACCCCGGGGTTATCA,0
AACCCCGTAAACTTTT,0
AACCCCGTCATAGAAC,0
AACCCCTAGTCAAAAC,0
AACCCCTCCGTTTGAT,0
AACCCCTTCCCACCGG,0
AACCCGAATATCCGAT,0
AACCCGAATTATACAT,0
AACCCGAATTTAGTGC,0
AACCCGACAAATCACT,0
AACCCGAGACTTCGGG,0
AACCCGAGTATCATTG,0
AACCCGATACGATAAC,0
AACCCGATTCCCACAT,0
AACCCGCACTTCAACC,0
AACCCGGATCAGTCGA,0
AACCCGGCCAGTTAGG,0
AACCCGGTAGTGATCT,0
AACCCGTATGTGAGAG,0
AACCCGTCAGAATATA,0
AACCCTACACTTACAT,0
AACCCTATCCTCAAAT,0
AACCCTATTAAATATG,0
AACCCTCACTATACAT,0
AACCCTCAGACACACA,0
AACCCTCGTTTATCAT,0
AACCCTCTAGACTTGA,0
AACCCTGTGACTTCCC,0
AACCCTTAGGTCACAC,0
AACCCTTGTACCCCCG,0
AACCCTTGTCAACAAC,0
AACCCTTTGCTTATGG,0
AACCGAAAAAAACTTC,0
AACCGAAACTTATTTT,0
AACCGAACCTTATTTA,0
AACCGAACCTTCTTCA,0
AACCGAACTGCCGGCG,0
AACCGAAGATCGTTCC,0
AACCGAAGCTCACTTC,0
AACCGAAGGATATTGA,0
AACCGAATAGCACATT,0
AACCGAATATTGTAGT,0
AACCGACAACAAACAT,0
AACCGACAATCCTAGA,0
AACCGACAGCTATACT,0
AACCGACATCTCGATA,0
AACCGACCGATTTAAA,0
AACCGACCGTAGTCCA,0
AACCGACCTTGTAGAA,0
AACCGACTAATATAAA,0
AACCGACTAGAAAAGG,0
AACCGAGCGACGTAAG,0
AACCGAGTGGACTCGC,0
AACCGATAAATTAATA,0
AACCGATGAAGTGAAT,0
AACCGATGTATCTCAA,0
AACCGATGTTTTCGAC,0
AACCGATTAAAAGTTT,0
AACCGATTAGAGGTCA,0
AACCGATTCGATCTTT,0
AACCGCCAACAGAGAT,0
AACCGCCCACTAACTC,0
AACCGCCCCAATGAAA,0
AACCGCTACCAGAATA,0
AACCGCTCATAGTACT,0
AACCGCTCTGTCAATA,0
AACCGCTCTTATCAAT,0
AACCGCTGAGTTAACA,0
AACCGCTGCGTGATTA,0
AACCGGAAACAACCAA,0
AACCGGAGGAGCAAAT,0
AACCGGAGGCATAGCC,0
AACCGGAGTAAATCCT,0
AACCGGAGTTCCTATT,0
AACCGGCAATTAAATC,0
AACCGGCAGCAAAATC,0
AACCGGCATAGGCGTT,0
AACCGGGCTGGGTTGA,0
AACCGGTAGCCTATTC,0
AACCGTACAAATACAG,0
AACCGTACCAACTAAA,0
AACCGTACCTATCTTG,0
AACCGTACGACGGTAC,0
AACCGTAGCCTTAGAT,0
AACCGTATTAACGCGA,0
AACCGTCAAACGCATA,0
AACCGTCAAATACTTT,0
AACCGTGACCCTTACG,0
AACCGTGCAAAATTAC,0
AACCGTTCTAATGGAT,0
AACCGTTGCAAGAGAA,0
AACCGTTTTTAACTCG,0
AACCTAAAAAACTATT,0
AACCTAAAATATCAAC,0
AACCTAAACAGTATAA,0
AACCTAAAGTAAATGA,0
AACCTAACAGATCCCC,0
AACCTAACAGGTTAGT,0
AACCTAACATAAACAA,0
AACCTAACGAAGAAAT,0
AACCTAACGAATTAGA,0
AACCTAACTCGATATA,0
AACCTAAGATTAGATA,0
AACCTAAGCCGTTTCA,0
AACCTAATATACAATA,0
AACCTACCATAGCAAA,0
AACCTACCTGATAAAA,0
AACCTACTCGAACCCA,0
AACCTAGCATGTAGTA,0
AACCTAGTACTATTCA,0
AACCTAGTAGTCTTAT,0
AACCTAGTTATAACAT,0
AACCTATAACACAGTC,0
AACCTATAATTAAATA,0
AACCTATTAATTTTTT,0
AACCTATTCGAGCGAC,0
AACCTCAAAGAGTTCC,0
AACCTCAGAGAGAAAC,0
AACCTCCAAAAATATT,0
AACCTCCATGATTCCC,0
AACCTCCGAAGATTTA,0
AACCTCCGACATGTTG,0
AACCTCGAATATACAT,0
AACCTCGATTCTAACG,0
AACCTCGCACACACAA,0
AACCTCGCTCATTATA,0
AACCTCGTTAAAGCGA,0
AACCTCGTTTGAACGT,0
AACCTCTGAAAATTCC,0
AACCTCTTTAGCTAAA,0
AACCTGAAAAAAGATA,0
AACCTGAACCAAAACG,0
AACCTGACAGTAGTCA,0
AACCTGACATACAAAA,0
AACCTGACCGTTCATA,0
AACCTGACTATATCAG,0
AACCTGAGGGGTATTA,0
AACCTGATACAAACGT,0
AACCTGCAGATAGCCA,0
AACCTGCCGAGAGATG,0
AACCTGCGGAGTGTAA,0
AACCTGCTAAAGTAGG,0
AACCTGGAAAAAGCAG,0
AACCTGGATCAAAACC,0
AACCTGGTAAATCCCT,0
AACCTGTAAAAAAGGT,0
AACCTGTAATACCCCC,0
AACCTGTCTAAATACG,0
AACCTTAAATAATCTT,0
AACCTTAAGGTCTTAA,0
AACCTTAATAACAAAA,0
AACCTTACCCCATAAA,0
AACCTTAGGTGCACTG,0
AACCTTCACACGGCTT,0
AACCTTCAGGAGTGAC,0
AACCTTCAGGGATTAG,0
AACCTTCATGTTATTC,0
AACCTTCCATGATGAA,0
AACCTTCGAACGTAAC,0
AACCTTCGCGAATGGT,0
AACCTTCTCCTATGTT,0
AACCTTCTTTCGTCCA,0
AACCTTGATTGGGGGA,0
AACCTTGCAAATTGGC,0
AACCTTGGTGCAATCA,0
AACCTTTAGACCCAAA,0
AACCTTTTAGTTAACC,0
AACGAAAACTCCAAAC,0
AACGAAAAGTTCTGTC,0
AACGAAAATCGAGTTG,0
AACGAAAATGGGACTC,0
AACGAAACAAACTGGT,0
AACGAAACCGAAATGT,0
AACGAAAGCTAGAGTA,0
AACGAAATCTCTCCTC,0
AACGAAATGAAACCTT,0
AACGAAATGGAGAGGA,0
AACGAAATTAAACCAT,0
AACGAAATTTAGTCAT,0
AACGAACAAAAGTTGC,0
AACGAACAACGAACTG,0
AACGAACAGAACAGGA,0
AACGAACAGCCCGGAC,0
AACGAACATATTAAAA,0
AACGAACCATTAAAAA,0
AACGAACCCACACCAG,0
AACGAACCTCCATAAA,0
AACGAACGTATGTGAT,0
AACGAACTGTTTTCCT,0
AACGAACTTATACTCG,0
AACGAAGACACCTCTT,0
AACGAAGAGTCAAGAT,0
AACGAAGAGTCGAGTG,0
AACGAAGATTAGAGAT,0
AACGAAGCCCAGACAC,0
AACGAAGCTCAATAGT,0
AACGAAGGACACATGG,0
AACGAAGGGAGTATGT,0
AACGAAGGGGGTCCCT,0
AACGAAGTAGTTCATA,0
AACGAAGTGGATGCAT,0
AACGAATAATTTTTCA,0
AACGAATAGAAATCAT,0
AACGAATAGAAGCGCT,0
AACGAATATTAAAACA,0
AACGAATCACAAGTCG,0
AACGAATCATACGAAC,0
AACGAATGAATCCACA,0
AACGAATGTCATATCG,0
AACGAATGTTAAGTGA,0
AACGAATTAACACATT,0
AACGAATTCACGATGG,0
AACGAATTGTAATAAT,0
AACGACAAATACTAAG,0
AACGACAAGAGATACG,0
AACGACAAGGACCCGA,0
AACGACACCACAAACT,0
AACGACACCTAATACC,0
AACGACACGCTTCTCC,0
AACGACAGTAATAGCA,0
AACGACATACTAAAAT,0
AACGACCCAGTTCCTT,0
AACGACCGTGGTTGGA,0
AACGACGAAAATATGA,0
AACGACGACACCCAAC,0
AACGACGATTCCAAAT,0
AACGACGGCCTACTGT,0
AACGACGTCAACCGTC,0
AACGACGTTGAGCCAA,0
AACGACGTTGGACTAC,0
AACGACGTTTAGTTGT,0
AACGACTAACGCGTAT,0
AACGACTAGAGAGTAG,0
AACGACTTACCATATA,0
AACGAGAAAACCATCA,0
AACGAGAAACATGAAG,0
AACGAGAAACTAAGAG,0
AACGAGAACCAACAAC,0
AACGAGAGGGCTATGC,0
AACGAGCAATGCATTT,0
AACGAGCCTTTCAAAC,0
AACGAGCGATTTCAAG,0
AACGAGCGCAAAAACT,0
AACGAGCTAAACCCAA,0
AACGAGCTAATATGAC,0
AACGAGCTATAGTTCA,0
AACGAGGAACGCTATC,0
AACGAGGCAAGTCAAA,0
AACGAGGCATCTAGTA,0
AACGAGTAAAGTGATT,0
AACGAGTAACCACGTA,0
AACGAGTATTTTAACG,0
AACGATAAAAAATACT,0
AACGATAAACTGGACT,0
AACGATAACCAGCAAA,0
AACGATAACGATAACG,0
AACGATAATGCATTTT,0
AACGATACGCTTTGAA,0
AACGATACTTACAGTA,0
AACGATAGAGAAAAAC,0
AACGATAGAGGCCCCC,0
AACGATAGTGAGAGTA,0
AACGATCCAAGCTCTG,0
AACGATCCCATTGACG,0
AACGATCCGAAGATCG,0
AACGATTAATAATAAT,0
AACGATTACAGCGAAG,0
AACGATTCAAATGGTA,0
AACGATTCATGCTAGC,0
AACGATTCCTCAGTGG,0
AACGATTGAGTACGGT,0
AACGATTGGACCCACA,0
AACGATTTTGCCTAGC,0
AACGCAAAACACATCG,0
AACGCAAAATCTATAA,0
AACGCAAAGAATGCAG,0
AACGCAAAGTTTTAGC,0
AACGCAAATCCTAGAC,0
AACGCAATCCTGCAAC,0
AACGCACAGCAGGCCA,0
AACGCACATCAGCGCT,0
AACGCACTATAAACAA,0
AACGCAGAATCAAAAC,0
AACGCAGATTCTTATA,0
AACGCAGGAAAAATTT,0
AACGCAGTTAGCTCGG,0
AACGCAGTTTAACAAG,0
AACGCATAACACAGCA,0
AACGCATATACAACAC,0
AACGCATATTACCCAG,0
AACGCATCATATCCTA,0
AACGCATGATATAATT,0
AACGCATTCCATGACT,0
AACGCCAAAATATATA,0
AACGCCAAGAGCCAAA,0
AACGCCACTGAGGATT,0
AACGCCAGAATTAGGA,0
AACGCCATAAACACGT,0
AACGCCCAGCCGTTTA,0
AACGCCGAATTAATTT,0
AACGCCGCATAAAGCA,0
AACGCCGGAGAATCCG,0
AACGCCTATGCACATA,0
AACGCCTGAGATATAT,0
AACGCCTGCAAATAAT,0
AACGCCTGCGTTTTAT,0
AACGCCTGGAGTGCTA,0
AACGCCTGTGCTAGAA,0
AACGCCTTGAAACCCA,0
AACGCGACATAAAATT,0
AACGCGATAACGCACG,0
AACGCGCCATCAAATG,0
AACGCGGACCCACGCG,0
AACGCGTGTACTAATA,0
AACGCGTTACAAAAGA,0
AACGCTAAAGATCAAG,0
AACGCTAAAGTTGTCA,0
AACGCTAAGGCCAGTG,0
AACGCTACATGCAATA,0
AACGCTACGATACGTT,0
AACGCTATAGGTAAAT,0
AACGCTATATCAGACT,0
AACGCTATTAATAATC,0
AACGCTCATTCATAAA,0
AACGCTGAAACATCCC,0
AACGCTGCTATAATAC,0
AACGCTGGAATGACTT,0
AACGCTTAAAAAAACC,0
AACGCTTCAAATGTAC,0
AACGCTTCACCTTAGG,0
AACGCTTGACTATATA,0
AACGCTTGTGGTTACC,0
AACGGAAAAAGAATAA,0
AACGGAAACCTCGAAT,0
AACGGAAATCCTCTCC,0
AACGGAACGCAAAGTG,0
AACGGAACTTCTCAAA,0
AACGGACATTCAGAGG,0
AACGGACCCATGGTTG,0
AACGGACGCAGACCCG,0
AACGGACTATATGTCA,0
AACGGACTCCTCCATA,0
AACGGAGTTATCTCAG,0
AACGGATAAGAAGTAA,0
AACGGATACCTTAAGA,0
AACGGATAGGTATAGC,0
AACGGATCGGCTAATA,0
AACGGATGTCGTCGCT,0
AACGGCAAACCACCAC,0
AACGGCAGACTATTGA,0
AACGGCATCCTCATTG,0
AACGGCATTATGCTAG,0
AACGGCATTATGTGTC,0
AACGGCCCCAGAGACA,0
AACGGCGCCAACCCTA,0
AACGGCGGCTGCCCTT,0
AACGGCTAACCTATTG,0
AACGGCTACACATCCT,0
AACGGCTCTAAAAGCC,0
AACGGCTCTCGGAAAC,0
AACGGCTTGGACTTCC,0
AACGGGAATCTAAATG,0
AACGGGAATTATTAAC,0
AACGGGACAATTAGGT,0
AACGGGATCTAGAAAA,0
AACGGGATTAAATACA,0
AACGGGATTAGTTCAT,0
AACGGGCAAAAAGGAT,0
AACGGGCAGAAATAAC,0
AACGGGCCATATGGGG,0
AACGGGGTGCGAGGAA,0
AACGGGTAAAAGCTGA,0
AACGGGTTTCATTAAC,0
AACGGTAAAATCAATT,0
AACGGTAGAAGGGCAG,0
AACGGTAGTAGTCATA,0
AACGGTCACAAATGCG,0
AACGGTCCATATAATT,0
AACGGTCGGGCGATCG,0
AACGGTCTCCAGTCAT,0
AACGGTGACTGTGTGC,0
AACGGTGGAGTGTTCC,0
AACGGTTATACAGAAC,0
AACGGTTATAGTAGTA,0
AACGGTTCACTTAGAC,0
AACGGTTCCGCATAAA,0
AACGGTTCTCGAGTCA,0
AACGGTTTATAACCGA,0
AACGGTTTTTAACTAA,0
AACGTAAAACTCATTG,0
AACGTAAACTCTCCGC,0
AACGTAAAGGAAATTT,0
AACGTAAAGTAGAAGA,0
AACGTAAATGCATTGG,0
AACGTAACCACATTCC,0
AACGTAAGGACGCATC,0
AACGTAAGTTATTAAC,0
AACGTAATCTTCCAAC,0
AACGTACCAAGTAGGC,0
AACGTACGGATGCTTA,0
AACGTAGAAAACCGAA,0
AACGTAGAAACCTTGT,0
AACGTAGAAACTATAA,0
AACGTAGAAATACATC,0
AACGTAGAAGTCTTCG,0
AACGTATAAATTATAG,0
AACGTATAACCTAGCT,0
AACGTATAACTATTCG,0
AACGTATATTTCTTAA,0
AACGTATCCTTTAGAA,0
AACGTCAAGATGTTCG,0
AACGTCAATAGAGAAA,0
AACGTCAATCTATCGC,0
AACGTCACACAACTGG,0
AACGTCATAGCGGTCA,0
AACGTCATCATATATA,0
AACGTCATTGCATCAT,0
AACGTCCATTCATCTT,0
AACGTCCTTCAAGGAT,0
AACGTCGAATATTGCT,0
AACGTCGCGGAGTCGT,0
AACGTCGGACGGATGA,0
AACGTCTCCTGTGACA,0
AACGTCTGACACTCTT,0
AACGTGAACTCAGACT,0
AACGTGATTGAAAATG,0
AACGTGCGGATAGCGA,0
AACGTGCTCTGGAACA,0
AACGTGGACGTTTTCT,0
AACGTGGATGTAAATC,0
AACGTGGTGATTAGAG,0
AACGTGTATAACTACT,0
AACGTGTCGAATTCTA,0
AACGTTAATGACTCAA,0
AACGTTACCCCATAAA,0
AACGTTCATTAAAATT,0
AACGTTCCTTACAGAA,0
AACGTTGAATTAATCT,0
AACGTTGATCTAGAAG,0
AACGTTGCTATCTTGT,0
AACGTTTAAGGTAAAA,0
AACGTTTACCGTCTAA,0
AACGTTTTGACGTACC,0
AACGTTTTTGCAGTTT,0
AACTAAAAATAATAAG,0
AACTAAAAATACAAGA,0
AACTAAAATAACGATA,0
AACTAAAATAAGTCAA,0
AACTAAAATACATTAC,0
AACTAAAATGGCCGAA,0
AACTAAACAAACGGAA,0
AACTAAACAAATCCTC,0
AACTAAACAATATTAC,0
AACTAAACACTGTTGC,0
AACTAAACAGACCGCG,0
AACTAAACGCCCTATA,0
AACTAAACGCTAGGAC,0
AACTAAACTTTCGGAT,0
AACTAAAGGAAGTGAA,0
AACTAAAGGAGTCAGC,0
AACTAAATTACCCTAA,0
AACTAAATTTAGGATC,0
AACTAACAAACATAAA,0
AACTAACAGCCGACTA,0
AACTAACAGGAGTCAG,0
AACTAACAGTTTGAAG,0
AACTAACATACACAAC,0
AACTAACATTGCCCAG,0
AACTAACCGCCCTAAC,0
AACTAACGAAGGTTAC,0
AACTAACGTAGCTAAG,0
AACTAACTAAGGGATG,0
AACTAACTATAGGGAA,0
AACTAACTCCCCCAGA,0
AACTAACTTAATAACA,0
AACTAACTTAGTAGAA,0
AACTAAGAAGATGATA,0
AACTAAGAAGCCAAAG,0
AACTAAGAATACTACA,0
AACTAAGACCCAATTG,0
AACTAAGAGATTAACT,0
AACTAAGAGTTAAGTA,0
AACTAAGATGTGCATA,0
AACTAAGGAAGTCTAA,0
AACTAAGTATAAACAA,0
AACTAAGTTCGTAATA,0
AACTAATAACGGATCA,0
AACTAATAAGAGGAAA,0
AACTAATACGGTAGTA,0
AACTAATCTGATAACT,0
AACTAATCTTGGCCCT,0
AACTAATGACAATTTC,0
AACTAATGCGAATTAT,0
AACTAATGTTAGATCC,0
AACTAATTAACCATCT,0
AACTAATTCCAAACCT,0
AACTAATTGGAACGTG,0
AACTACACACAAAGTA,0
AACTACACCAACTCGA,0
AACTACAGAATACATC,0
AACTACATATTACTGA,0
AACTACATGCATTCAT,0
AACTACCAAAACGTGG,0
AACTACCACGATTATG,0
AACTACCACTCCTATT,0
AACTACGCAAGTGCAT,0
AACTACGCGATGAGTA,0
AACTACGCTTCTACAA,0
AACTACGGATTCACGT,0
AACTACTAAAAAAACT,0
AACTACTATGGGCAGA,0
AACTACTGAAAGAACC,0
AACTACTGCGGTGTCC,0
AACTACTGTTTTAACA,0
AACTACTTCCCGTAGC,0
AACTAGAATGAGAGTG,0
AACTAGAATTATCTGA,0
AACTAGAATTTGCACT,0
AACTAGACCAAGATTC,0
AACTAGACTGAAGAAA,0
AACTAGATTAGGTCGT,0
AACTAGCACCACTTAT,0
AACTAGCCCAAACATA,0
AACTAGCTTCGGAGTA,0
AACTAGGAGATCATCA,0
AACTAGGCTTCGGTAC,0
AACTAGGCTTTCATGG,0
AACTAGTCAAGTACGT,0
AACTAGTCGGAACAGA,0
AACTAGTGTACATAAA,0
AACTAGTTTTGAAATT,0
AACTATAAAAAAATGG,0
AACTATAATTGAAAAT,0
AACTATACATACCAAT,0
AACTATATACAGCTTC,0
AACTATATGAGTGTCT,0
AACTATCAACCACACG,0
AACTATCATCGAGAAT,0
AACTATCCTGCCATTA,0
AACTATCTGCGGCGGA,0
AACTATGAAAATTCCT,0
AACTATGAAACCCAAG,0
AACTATGAAACGGCTG,0
AACTATGACAAAAGAC,0
AACTATGTAAGAATTG,0
AACTATGTGACACATA,0
AACTATTACTAAGAAT,0
AACTATTGTAGCAGAA,0
AACTATTGTTTTACAT,0
AACTATTTGCCTAACC,0
AACTCAAATCAACGGC,0
AACTCAAGATGAAACC,0
AACTCAAGTACCGACA,0
AACTCAAGTAGACACA,0
AACTCAAGTAGGAATT,0
AACTCAAGTTAGAAGT,0
AACTCAATCCGAAACA,0
AACTCAATGTTCCCAC,0
AACTCACAAGAAGACT,0
AACTCACCAGCAAAAC,0
AACTCACTAACCAGAA,0
AACTCACTAAGAAAAA,0
AACTCACTCAGCTGAC,0
AACTCAGAAAGGAACG,0
AACTCAGAAATGGATC,0
AACTCAGACATGGGGC,0
AACTCAGGCATGACAC,0
AACTCAGTAAGACGGG,0
AACTCAGTGTCAGCAT,0
AACTCAGTTTAAACAC,0
AACTCATAAAACCCCG,0
AACTCATATGCTCACT,0
AACTCATCCCTTTCTA,0
AACTCATCTTCACGTG,0
AACTCATTTACCCTCA,0
AACTCCAAGCATTGAA,0
AACTCCACCGGGTCGA,0
AACTCCATACGTTATT,0
AACTCCCAGAACCCTT,0
AACTCCCTACAAAAGG,0
AACTCCCTAGGAGCCC,0
AACTCCCTCTCGTTAA,0
AACTCCGAGTCAAACG,0
AACTCCGGGATTACTG,0
AACTCGAAAGTCGAAG,0
AACTCGAACGGGCATT,0
AACTCGAATGTAGCAA,0
AACTCGAGCTCATATT,0
AACTCGATATTGAACA,0
AACTCGATCTAAAAAA,0
AACTCGATTCCGCTTG,0
AACTCGCACTTGGCGA,0
AACTCGGACCGAGCCT,0
AACTCGGAGTAAAGCC,0
AACTCGGATTTTGGAA,0
AACTCGTAAGCACAAT,0
AACTCGTCCAAACTAA,0
AACTCGTTAGACTCAT,0
AACTCGTTTAGCTAAG,0
AACTCTACAAAAGTTC,0
AACTCTATAGACTTTT,0
AACTCTATAGGACTTA,0
AACTCTATGTCAAACA,0
AACTCTCCAATTTTTA,0
AACTCTCCCGTTCATG,0
AACTCTCCGAGTACCC,0
AACTCTCCGGGATTAC,0
AACTCTGACCACTATA,0
AACTCTGCCAGCGGTG,0
AACTCTGCTAACGTGC,0
AACTCTGCTTAATACC,0
AACTCTGTACGATACG,0
AACTCTTCATGGAACT,0
AACTCTTCTACTTCCT,0
AACTCTTGACTGGAAA,0
AACTCTTTACCCTATC,0
AACTGAAAGGCACTAC,0
AACTGAAATAACAAAG,0
AACTGAAATACGGAAG,0
AACTGAAATGACTTGT,0
AACTGAACAAAGATTA,0
AACTGAACAGCAAGAG,0
AACTGAACGCAAAACT,0
AACTGAACGTAGCAGA,0
AACTGAACTGCTGTTA,0
AACTGAAGAAGGAAAC,0
AACTGAAGCCACTAAA,0
AACTGAAGGACAAACT,0
AACTGACAAGAAATGA,0
AACTGACAATAAACAT,0
AACTGACACACCATAC,0
AACTGACCTAGGCGCT,0
AACTGACCTGAACTGC,0
AACTGACGAAACATAT,0
AACTGACGCTAAAATA,0
AACTGACTCTCGAAGT,0
AACTGACTTTCATCAT,0
AACTGAGAAAGCTATA,0
AACTGAGAATCAGCTC,0
AACTGAGATCACCCTC,0
AACTGAGCCCGATTAA,0
AACTGAGCGGTCCTGG,0
AACTGATACCGTAAAG,0
AACTGATCCGCGAGCA,0
AACTGATCGTGTTCCG,0
AACTGATGCACTTAGA,0
AACTGATGGAACAAAC,0
AACTGATTTCAGCACA,0
AACTGATTTGCCTAGC,0
AACTGCAAAGAGCCAT,0
AACTGCAAATTGTGAG,0
AACTGCAAGTTCAAAC,0
AACTGCAGCGTCCTAT,0
AACTGCCAGGAGAACA,0
AACTGCCCAAATACTT,0
AACTGCCGAAAGACCC,0
AACTGCCTGTGTCCAA,0
AACTGCGACCTACAAA,0
AACTGCGTGCCCGTAT,0
AACTGCTAAAACAAAC,0
AACTGCTCGGAAGAGG,0
AACTGCTCTCTAGGTA,0
AACTGCTTAGGGCAAA,0
AACTGCTTTAAAAACA,0
AACTGGAATCATCGGA,0
AACTGGAGTCACACGT,0
AACTGGATAAGCTTAG,0
AACTGGATTGCCTCGA,0
AACTGGCAAACACCGG,0
AACTGGCATACGACAC,0
AACTGGCCCAACCTTC,0
AACTGGCGAATATCCA,0
AACTGGCTAGCACAAA,0
AACTGGCTGACTAGAC,0
AACTGGGACCCCTAAA,0
AACTGGGATCAATTCA,0
AACTGGGCAGGCTTAG,0
AACTGGGTAGAGTCAT,0
AACTGGTACAGCAAGA,0
AACTGTAAATCTAAAC,0
AACTGTAACTTCTAAA,0
AACTGTAAGTACTACA,0
AACTGTAATATTAGAC,0
AACTGTAGATAGAAAC,0
AACTGTAGCTTTATAC,0
AACTGTCCCTATGGGA,0
AACTGTCGCAATTGGC,0
AACTGTGAGAGTGGTG,0
AACTGTGAGCCTAACT,0
AACTGTTCGTTCCCAG,0
AACTTAAACAATGGAC,0
AACTTAAACCAATATA,0
AACTTAACAGACCCAT,0
AACTTAACCGTTTAAG,0
AACTTAATGGAGATTT,0
AACTTAATTCGTCCAT,0
AACTTACACAAAGTAC,0
AACTTACACAGATATA,0
AACTTACACCGCATAG,0
AACTTACACGCGCAAT,0
AACTTACAGGGGGTAA,0
AACTTACCGCCCACAA,0
AACTTACGCCCAGTAC,0
AACTTACGCTTAACAA,0
AACTTAGAAAACGAGA,0
AACTTAGACTAGAATA,0
AACTTAGCACTTATGA,0
AACTTATAACAAGAAA,0
AACTTATTAATAGACG,0
AACTTATTACACTTCC,0
AACTTCAAGTTAGTTA,0
AACTTCAGAACAAACT,0
AACTTCATACTTTTAG,0
AACTTCATCAACAACC,0
AACTTCCAAAGAGTTG,0
AACTTCCCGAGGATGA,0
AACTTCCTCATAGATC,0
AACTTCCTGGCAAGAA,0
AACTTCCTTGAAATGA,0
AACTTCGACAATAAAA,0
AACTTCGGCTGCCAAT,0
AACTTCGTTAAAGAAG,0
AACTTCGTTCCATACT,0
AACTTCTAAAAATAAA,0
AACTTCTAAGGGCATG,0
AACTTCTACGAATCCA,0
AACTTCTATTTTGATT,0
AACTTCTCCATTTGTA,0
AACTTCTGGCAAAATA,0
AACTTCTTATGCTCAC,0
AACTTGAAAGACGATC,0
AACTTGACCAACCTAG,0
AACTTGACCATGCCAT,0
AACTTGACTAGGGCAC,0
AACTTGACTTATTGCT,0
AACTTGAGCTCTCCAT,0
AACTTGATAAAGTACA,0
AACTTGATGTCAGCTT,0
AACTTGATTAGGAAGT,0
AACTTGCAACCGGATA,0
AACTTGCATACGATCT,0
AACTTGCATCAGACCT,0
AACTTGCGCAGTCAAG,0
AACTTGCTGTTACGAC,0
AACTTGGAACCACGGG,0
AACTTGGATAAAGGGA,0
AACTTGGATTCCAGCC,0
AACTTGGCTAAATTCA,0
AACTTGGGTATTTATC,0
AACTTGTAATAATAAA,0
AACTTGTCCCAGACAA,0
AACTTGTTGTGTAAAC,0
AACTTGTTTTCGTGAG,0
AACTTTAAGGGCGAGA,0
AACTTTAATCCATCAA,0
AACTTTAATCCGTCAA,0
AACTTTACAATACCTT,0
AACTTTACCCTCAAAT,0
AACTTTAGAACAGAGT,0
AACTTTAGCGTCGGTA,0
AACTTTAGGCGAGGTA,0
AACTTTATGGCATTTA,0
AACTTTCAATATCTCC,0
AACTTTCACAGAGGAA,0
AACTTTCAGGAAAGAT,0
AACTTTCCAAAAAGTC,0
AACTTTCCATGCTGTT,0
AACTTTCCCAATTGTC,0
AACTTTCCCCAACCAC,0
AACTTTCCTACGCCGC,0
AACTTTCGCGCTCATA,0
AACTTTCGTGACAAAA,0
AACTTTGAAAAGCCTC,0
AACTTTGTCCGGAATA,0
AACTTTGTGCTCCATA,0
AACTTTTAGTAGACCA,0
AACTTTTATAATCGGA,0
AACTTTTTGACTCAAA,0
AAGAAAAAAACCCCGT,0
AAGAAAAAACTATATA,0
AAGAAAAAATATCAGA,0
AAGAAAAAATTAATAT,0
AAGAAAAAGCACACAC,0
AAGAAAAAGGAACTAC,0
AAGAAAAATCAAATAA,0
AAGAAAAATTGAATCT,0
AAGAAAAATTGTAAAT,0
AAGAAAACAAAAGAGT,0
AAGAAAACAACTAGAA,0
AAGAAAACAGGATATT,0
AAGAAAACAGTATCAA,0
AAGAAAACTACTCTGG,0
AAGAAAAGAGTACACT,0
AAGAAAAGTAAAGGAA,0
AAGAAAATCAGTTCCC,0
AAGAAAATCGAAATTT,0
AAGAAAATCGAATCAT,0
AAGAAAATGAGCCTAA,0
AAGAAAATGTTGAATA,0
AAGAAACAACTAATGA,0
AAGAAACACAAAGCGT,0
AAGAAACACCATTTTG,0
AAGAAACACTCAGGGC,0
AAGAAACATATAAACC,0
AAGAAACCACTTACCC,0
AAGAAACCCTAGCAGA,0
AAGAAACCCTCTCTTA,0
AAGAAACGGGTGTCAA,0
AAGAAACTATACAACT,0
AAGAAACTGATCCTAG,0
AAGAAACTTTACTAGC,0
AAGAAAGAAAGAGGAT,0
AAGAAAGAACATCCAT,0
AAGAAAGACAGCCTGC,0
AAGAAAGACTGGCAGT,0
AAGAAAGATCAGCAGC,0
AAGAAAGCGTTACACC,0
AAGAAAGGACAACCAT,0
AAGAAAGGGAACAACC,0
AAGAAAGGGGACCCCG,0
AAGAAAGTACAAACTT,0
AAGAAATAAGCGGCCT,0
AAGAAATACCGGATAT,0
AAGAAATACGACCAGT,0
AAGAAATACTTCAGCT,0
AAGAAATATAACCCTA,0
AAGAAATATCTAACTG,0
AAGAAATGACGTCAGA,0
AAGAAATTAAATTTGG,0
AAGAAATTCATCTAGT,0
AAGAAATTCTGCATTA,0
AAGAACAAACAATATC,0
AAGAACAAAGAAGTGG,0
AAGAACAAATTCACAA,0
AAGAACAACAACCTAA,0
AAGAACAACATCGATT,0
AAGAACAACGGATCTA,0
AAGAACAACGTCAAAT,0
AAGAACAATGCAGAAC,0
AAGAACAATTAACAAA,0
AAGAACAATTGACTTT,0
AAGAACACAAACCTGA,0
AAGAACACATACTAAG,0
AAGAACACCTTCGATG,0
AAGAACACGTTGGAAG,0
AAGAACACTACCGATC,0
AAGAACAGAAACCCTT,0
AAGAACCAATTTTGTT,0
AAGAACCACTGATCCT,0
AAGAACCATTATCTTG,0
AAGAACCGAAATAAAG,0
AAGAACCTCGAATTTC,0
AAGAACGAAAACTATG,0
AAGAACGACGACTTAT,0
AAGAACGGTGTACCGC,0
AAGAACGTTCAAATTT,0
AAGAACTAAAAGCAAA,0
AAGAACTCAAATTCCC,0
AAGAACTGAGGTTTAC,0
AAGAACTTACAGGAGA,0
AAGAACTTATGGTCTG,0
AAGAACTTTCCGAAAC,0
AAGAAGAAATATAACG,0
AAGAAGAACCTCTGCG,0
AAGAAGAAGACAATTA,0
AAGAAGAAGATTGATT,0
AAGAAGAAGTGAATTT,0
AAGAAGAATTAGGTAA,0
AAGAAGACTTCAACTA,0
AAGAAGAGATATGAGT,0
AAGAAGATAAGATCAG,0
AAGAAGATCATAACGC,0
AAGAAGATGTCAGTTT,0
AAGAAGCAGGGTAGGC,0
AAGAAGCATAGCGAAT,0
AAGAAGCATAGGCGAA,0
AAGAAGCCAGTTGCTA,0
AAGAAGCCCAAAAAGG,0
AAGAAGCCCTCAATCT,0
AAGAAGCTGGTTATGT,0
AAGAAGGACTTAGGGG,0
AAGAAGGATAACAATG,0
AAGAAGGCATGGATTA,0
AAGAAGGCGTACTGAC,0
AAGAAGGTAACCGACT,0
AAGAAGTAAAACAAAG,0
AAGAAGTAATTACTTA,0
AAGAAGTACAACATAC,0
AAGAAGTACACAAGCA,0
AAGAAGTATGTAATCC,0
AAGAAGTCCGGATAAT,0
AAGAAGTGAGTAATTG,0
AAGAATAACTTTAAAT,0
AAGAATAATAAGGCGC,0
AAGAATAATGAGTTAC,0
AAGAATAGATTTCCAC,0
AAGAATAGCACACGCA,0
AAGAATAGCTCTAGAA,0
AAGAATAGGAGCTGCA,0
AAGAATAGGTTTATAC,0
AAGAATATCTTCAGTC,0
AAGAATATGCTTCCTA,0
AAGAATATGGCATCTG,0
AAGAATATGTTACTCC,0
AAGAATATGTTGAATG,0
AAGAATATTGGGAGCG,0
AAGAATATTTAACATA,0
AAGAATCAACCCAAAC,0
AAGAATCAACCCTGTT,0
AAGAATCAACTAACAC,0
AAGAATCATATCCAGC,0
AAGAATCCCTTAAATA,0
AAGAATCCTAACAAGT,0
AAGAATCTACACCGAG,0
AAGAATGCACATAAGT,0
AAGAATGGGAAACCAG,0
AAGAATGTACTCTGTA,0
AAGAATGTGTAACCTA,0
AAGAATGTTCATATGA,0
AAGAATTAAAGATAGA,0
AAGAATTAAATTCATC,0
AAGAATTAATTAAGGA,0
AAGAATTAGATAGCAC,0
AAGAATTATATGTTAT,0
AAGAATTATTATAGAA,0
AAGAATTTCACAGAGT,0
AAGACAAACCGTGAAG,0
AAGACAAACGCGTATA,0
AAGACAAAGCATCCTT,0
AAGACAAAGTACGTAG,0
AAGACAAATCCAAATA,0
AAGACAACGAGCCCTG,0
AAGACAAGTAATGTTC,0
AAGACAAGTCGCAGAA,0
AAGACAAGTTCTGAAA,0
AAGACAATTAACTCAT,0
AAGACACACAACATGC,0
AAGACACACATACGTG,0
AAGACACAGAGCCTAA,0
AAGACACATCAAAATA,0
AAGACACCATTTTGCT,0
AAGACACGAGATTTGC,0
AAGACACTGAGGCTCT,0
AAGACACTTATAAATT,0
AAGACACTTTTATAGG,0
AAGACAGACGCAAATC,0
AAGACAGATTCTACGA,0
AAGACAGCGAATTAGC,0
AAGACAGCGCAGATTG,0
AAGACAGGCACAAATT,0
AAGACAGTATCTAGAT,0
AAGACAGTCGACAATA,0
AAGACAGTTAATCTTA,0
AAGACAGTTCACACAA,0
AAGACATAAAAATCTA,0
AAGACATACTTGTTCG,0
AAGACATAGCATTACA,0
AAGACATATACTGAAA,0
AAGACATCCCTTTTGT,0
AAGACATCGGCAGTGA,0
AAGACATCGGGCTGAC,0
AAGACATCTATTCCGT,0
AAGACATTACATTGAT,0
AAGACATTCCATAAAT,0
AAGACCAAAAGACACC,0
AAGACCAAATTGTAAA,0
AAGACCACTGGCTCTA,0
AAGACCAGTACAATCG,0
AAGACCATACTCTCAA,0
AAGACCATTAGATATG,0
AAGACCCACCCACTCA,0
AAGACCCCCAAATGCT,0
AAGACCGATGTTAATC,0
AAGACCGCGACACAGC,0
AAGACCGTAATTAGTA,0
AAGACCGTCACCTTAC,0
AAGACCTAAAATTTTG,0
AAGACCTAACTGTATC,0
AAGACGAACCAGAAAA,0
AAGACGAAGAGTATAC,0
AAGACGAAGTGCAAAC,0
AAGACGAATATACCAG,0
AAGACGACAACAAACA,0
AAGACGAGAAATGTTC,0
AAGACGATACATCACA,0
AAGACGATGTGAACCA,0
AAGACGCAAATAACCT,0
AAGACGCATTAGATAT,0
AAGACGCCGATGATAA,0
AAGACGCTATTCCGAT,0
AAGACGGCGGCGACTT,0
AAGACGGGCAGTCCCG,0
AAGACGGTGTCTAATG,0
AAGACGTACAGATACA,0
AAGACGTATTGAAATA,0
AAGACGTGATAATAAT,0
AAGACGTTAAGACACA,0
AAGACGTTCACCACGT,0
AAGACGTTGAGGAATT,0
AAGACTAAAAAAATTT,0
AAGACTACAAGGCACT,0
AAGACTACCGAACCCT,0
AAGACTAGAACCACCA,0
AAGACTAGAATTAATA,0
AAGACTAGATGTCGTA,0
AAGACTATAAACTATG,0
AAGACTATTAAACTAC,0
AAGACTATTGACACCA,0
AAGACTCTACATTGTG,0
AAGACTCTGATACAAC,0
AAGACTGTAAAAATAC,0
AAGACTGTGTAGATGC,0
AAGACTGTTATAACAC,0
AAGACTTCGCAAACTT,0
AAGACTTTGGAAAACC,0
AAGAGAAAAAAAAGTC,0
AAGAGAAAACGAAAAC,0
AAGAGAAATTAGTTTC,0
AAGAGAACACAGCTAG,0
AAGAGAAGATAAGCCA,0
AAGAGAAGGTTCACAT,0
AAGAGAATAACAGCAT,0
AAGAGAATTAACTAAG,0
AAGAGACCCGCCGGCC,0
AAGAGACCTCGATCAT,0
AAGAGACGTAAGAACC,0
AAGAGACTACGGTTAA,0
AAGAGACTCAAATAAC,0
AAGAGACTTGATGACA,0
AAGAGAGAAGCCGGTT,0
AAGAGAGCAAATAATA,0
AAGAGAGCATATGGGC,0
AAGAGAGCCCAATTAC,0
AAGAGAGGCCCCCCTC,0
AAGAGAGTACGCCTAA,0
AAGAGAGTTAGGCAAA,0
AAGAGATAAACCAAAG,0
AAGAGATACGAAATCT,0
AAGAGATCATGAGCTC,0
AAGAGATGCCATACAC,0
AAGAGATGCTGACTTG,0
AAGAGATGGTATCAAG,0
AAGAGATGGTCCCCAG,0
AAGAGCAAACTAACGA,0
AAGAGCAACCGGAAAG,0
AAGAGCAACGTAAGCG,0
AAGAGCAGACGTGCTC,0
AAGAGCAGAGAATTTT,0
AAGAGCATAATAATTA,0
AAGAGCATTAATTTAT,0
AAGAGCCACAGACTAG,0
AAGAGCCTACACCGAA,0
AAGAGCCTAGTAACAG,0
AAGAGCGAAACAAAAA,0
AAGAGCGCAAATGAAC,0
AAGAGCTAAAGCCCTA,0
AAGAGCTAACAATACA,0
AAGAGCTGGAGACCGG,0
AAGAGCTGTCGCGAGA,0
AAGAGCTTCGTTTCTA,0
AAGAGGAAACAAGCAC,0
AAGAGGAACCACTTAT,0
AAGAGGAAGCCCAACG,0
AAGAGGACAACCCGCG,0
AAGAGGAGTAATTTCC,0
AAGAGGATACCGACTA,0
AAGAGGATCGAAACCA,0
AAGAGGCCCATCCAAG,0
AAGAGGCTCGATATTT,0
AAGAGGTCCCTCAACC,0
AAGAGGTCCTCATATA,0
AAGAGTAAATGTCAAA,0
AAGAGTACCCGAAACC,0
AAGAGTATCCAATTAG,0
AAGAGTCAATACAAAT,0
AAGAGTCACTGGTTTG,0
AAGAGTCGAATCGAAA,0
AAGAGTCGTTACTCAA,0
AAGAGTCTGAAAGACA,0
AAGAGTCTGCTTAAGA,0
AAGAGTCTGTTTAGAT,0
AAGAGTGAAAACCCAG,0
AAGAGTGAGCCCTATT,0
AAGAGTGCTTAGGATT,0
AAGAGTGTACGAGCCA,0
AAGAGTTATGAACCCA,0
AAGAGTTGTTCAATTC,0
AAGAGTTTTACAACAA,0
AAGATAAAGTCTCTGG,0
AAGATAACACACTCCA,0
AAGATAACCATAGCCA,0
AAGATAACCGTGTACT,0
AAGATAAGCTTACTTT,0
AAGATAATCAATTGCT,0
AAGATACCTACACGCA,0
AAGATACGATGACAAG,0
AAGATACGGGAGTTAG,0
AAGATACTGAAAAATG,0
AAGATACTGAAATTGG,0
AAGATACTTAAACTAC,0
AAGATAGATACTCTCA,0
AAGATAGCCCAACATA,0
AAGATAGTAACATCCG,0
AAGATAGTTATCTGAA,0
AAGATAGTTTAATATA,0
AAGATATATATTGGCA,0
AAGATATCAAGGGCAT,0
AAGATATCTGAGCAGA,0
AAGATATTGATATGCC,0
AAGATATTTAGGGACT,0
AAGATCAAACAGCCTA,0
AAGATCAAATAAAGTA,0
AAGATCAAGTCCAACG,0
AAGATCAATTAATGTC,0
AAGATCACGAAGAGTA,0
AAGATCAGGAAAAACC,0
AAGATCATAGCATATA,0
AAGATCATATTTGCCT,0
AAGATCATCACGTGAG,0
AAGATCATGAACCTAA,0
AAGATCCTAAAGAAAA,0
AAGATCCTAAGCTGGC,0
AAGATCGAAGGCAAAT,0
AAGATCGAGCTACATA,0
AAGATCGGTTGATTAT,0
AAGATCGTGAGGTCAT,0
AAGATCTACACCTTAA,0
AAGATCTAGTAGGAGA,0
AAGATCTCAAACAGTT,0
AAGATCTCGGGCGAGT,0
AAGATCTCGTCCCCGA,0
AAGATCTGAAAAAAAA,0
AAGATCTGGCACAAAG,0
AAGATCTTACTTGCCA,0
AAGATGAAAACAAACC,0
AAGATGACACCGATAA,0
AAGATGACAGCTATAA,0
AAGATGAGAATACGTA,0
AAGATGATTAATTGTT,0
AAGATGCAACTATGAT,0
AAGATGCAGAAAAGTC,0
AAGATGCATCGTGACA,0
AAGATGGACTTATGTT,0
AAGATGTAAGTCCCGG,0
AAGATGTATAGTTAAC,0
AAGATGTCAAATGTAA,0
AAGATGTTTATACAAG,0
AAGATTACTTGAATAT,0
AAGATTAGCTAAAATT,0
AAGATTAGTGTCAATA,0
AAGATTAGTGTTTACA,0
AAGATTATAAAATATA,0
AAGATTATATAGCGGA,0
AAGATTATTTTCAGGC,0
AAGATTCAAACTAACA,0
AAGATTCAGCATTCAT,0
AAGATTCATCCTATAA,0
AAGATTCTCCAGAGTT,0
AAGATTCTGTTCGCGA,0
AAGATTGAATGACATA,0
AAGATTGATGTTATAG,0
AAGATTGCGAAATACA,0
AAGATTGTACCGTAAT,0
AAGATTGTTAATAAAT,0
AAGATTTAACCTTGCC,0
AAGATTTACGTTCCAA,0
AAGATTTAGAAGTTAG,0
AAGATTTCTTAATTAA,0
AAGATTTGTTTAACAC,0
AAGATTTTATGCGGAA,0
AAGATTTTGAAAAATC,0
AAGATTTTTTTATACA,0
AAGCAAAAAAACATAC,0
AAGCAAAAAATAAGAA,0
AAGCAAAACCTATGCA,0
AAGCAAAAGGCAAGCC,0
AAGCAAAATCCAACCC,0
AAGCAAAATCTTGACT,0
AAGCAAACAATACCGA,0
AAGCAAACTAGCAACT,0
AAGCAAAGACAGCAAA,0
AAGCAAAGCCAAATAA,0
AAGCAAAGCTTGCTTG,0
AAGCAAAGTCAAGGGG,0
AAGCAAAGTGTCAATG,0
AAGCAAATAATATTTA,0
AAGCAAATACAGTTCT,0
AAGCAAATTCTGTCTT,0
AAGCAACAAAGGACAA,0
AAGCAACTAGCAGCAG,0
AAGCAACTTAACCTCG,0
AAGCAAGAAAATACGG,0
AAGCAAGACCTTGAAG,0
AAGCAATAATCAATCA,0
AAGCAATACATTTAAA,0
AAGCAATACTCAGAAT,0
AAGCAATATAACATGC,0
AAGCAATCATTAACTT,0
AAGCAATCCCATCGCA,0
AAGCAATGATTTAAAA,0
AAGCAATTCCAGCTTC,0
AAGCACAAAAAAAAGG,0
AAGCACAAGAGACTCT,0
AAGCACAAGTGCCCCA,0
AAGCACAATACGATGG,0
AAGCACAATGCTAACT,0
AAGCACACACTAACTG,0
AAGCACACTGTGAAGC,0
AAGCACAGCAGTGGAT,0
AAGCACAGCATGGAAA,0
AAGCACATTCGAATGG,0
AAGCACCCGGTTTCTC,0
AAGCACCGGATTTACA,0
AAGCACCGTCCCAGTT,0
AAGCACGAATTTGATA,0
AAGCACGGTTTACCCT,0
AAGCACGTATAGAGAG,0
AAGCACTAGCCAATGC,0
AAGCACTAGGGTTCAT,0
AAGCACTATTTAGGGT,0
AAGCACTTCCCTAACA,0
AAGCAGAGAATTAACG,0
AAGCAGATACAAATGG,0
AAGCAGATAGTGAACA,0
AAGCAGCATTACTGAA,0
AAGCAGCCCAAAACCA,0
AAGCAGCCCATATCTA,0
AAGCAGCTACAGACTT,0
AAGCAGGAGCTCTACC,0
AAGCAGGATTGTTTCG,0
AAGCAGGCATAATATC,0
AAGCAGTAAAGGCCAG,0
AAGCAGTAAGATATTC,0
AAGCAGTGCGCATGAA,0
AAGCAGTTGTCGAACA,0
AAGCATAACTGATAAT,0
AAGCATAAGTGAAAAC,0
AAGCATACGAAAGGGA,0
AAGCATACGCATAAGC,0
AAGCATAGGTATAGGT,0
AAGCATAGGTTCGGCT,0
AAGCATATTCATTTAA,0
AAGCATCAACTATAAA,0
AAGCATCAAGGTTTGA,0
AAGCATCCATTTTGTC,0
AAGCATCCCTATGATA,0
AAGCATCTGTATCTGA,0
AAGCATGCACATAGTA,0
AAGCATGCCTGCACTA,0
AAGCATGGAAATTCCA,0
AAGCATGGAATCAAAA,0
AAGCATGGGCAAGTTT,0
AAGCATTATTAACGAA,0
AAGCATTCGTATCGAG,0
AAGCATTGTTAACACC,0
AAGCCAAAGACAACAC,0
AAGCCAAATTCAAGCC,0
AAGCCAACGCAGATCG,0
AAGCCAACTCGTATGA,0
AAGCCAACTTAGCCCA,0
AAGCCAAGAAATTTGA,0
AAGCCAAGAAGTTGAA,0
AAGCCAAGTCATCTCG,0
AAGCCAATGTCGGATC,0
AAGCCAATTACCGACA,0
AAGCCACCGTTAATCA,0
AAGCCACTGAACCCAG,0
AAGCCAGAATAGATGA,0
AAGCCAGTGGGGGATA,0
AAGCCATAACATAAAG,0
AAGCCATATTGGGGCC,0
AAGCCATCCAATGAAC,0
AAGCCATCGGGCTCCC,0
AAGCCATCTTCCTGCA,0
AAGCCATGAACCCTAA,0
AAGCCCAACAGGCATA,0
AAGCCCACATCGAGTC,0
AAGCCCACTGAAGCAC,0
AAGCCCAGCAACCACA,0
AAGCCCATTTCATTAA,0
AAGCCCCGGATCCAAT,0
AAGCCCCTATCAAACC,0
AAGCCCGACCAGTCAT,0
AAGCCCGCTAAATTTG,0
AAGCCCGGCAGAGTCG,0
AAGCCCTGACTTAACG,0
AAGCCCTGGGACTAAC,0
AAGCCGAAGGTCAGCA,0
AAGCCGAGCACTGAGG,0
AAGCCGAGCATTTGCA,0
AAGCCGCAAATCACTA,0
AAGCCGCGAAAATCCT,0
AAGCCGGAAAATACAC,0
AAGCCGTACATCAAAA,0
AAGCCGTGCACTAATC,0
AAGCCGTGGAGCCCGT,0
AAGCCGTTGTAGGCCC,0
AAGCCTACATATGGAC,0
AAGCCTCAGGCAAATT,0
AAGCCTGAAACTACCT,0
AAGCCTGACCAGATGG,0
AAGCCTGATACCTAAT,0
AAGCCTGTTCCCTTTA,0
AAGCCTTAATCTCAGA,0
AAGCCTTATCAACAAA,0
AAGCCTTATCCACCTA,0
AAGCCTTCACAATAAT,0
AAGCCTTGTAGCGGGA,0
AAGCCTTTTCGTCAAA,0
AAGCGAAACCAATGTA,0
AAGCGAAACTGCTACT,0
AAGCGAAGAGTAATGG,0
AAGCGAATCCCCTACC,0
AAGCGAATGTATACGC,0
AAGCGAGACGGCAGTC,0
AAGCGATACGTCGAAC,0
AAGCGATCAATATTTC,0
AAGCGATTACCTAGAG,0
AAGCGATTAGACACAA,0
AAGCGCAAAACGTATC,0
AAGCGCACATTCATGT,0
AAGCGCATAAAAGGGA,0
AAGCGCCAACATATCT,0
AAGCGCCATCCACTAA,0
AAGCGCCCTGAGCATA,0
AAGCGCCGTTCCGGCA,0
AAGCGCCTATATGACC,0
AAGCGCGATAAGATAA,0
AAGCGCGCGGGACGCC,0
AAGCGGAAGTTGTCGA,0
AAGCGGAATATGATAA,0
AAGCGGATTAACGCGC,0
AAGCGGCAAACTATTG,0
AAGCGGCAAGATCCGT,0
AAGCGGTAGTTGGTCA,0
AAGCGTAAAAAATTGG,0
AAGCGTAACAAACAAA,0
AAGCGTAAGTACTATC,0
AAGCGTACAACACCCA,0
AAGCGTACAATGACTA,0
AAGCGTACAGCAACCT,0
AAGCGTAGGTAGAAGA,0
AAGCGTATTATAACCT,0
AAGCGTCATCAGGTTG,0
AAGCGTCTTCATAAAA,0
AAGCGTGTATATTCCT,0
AAGCGTGTCCATTATT,0
AAGCGTGTCTAGCAAT,0
AAGCGTTACTGGTGAA,0
AAGCGTTCGAAGCTAA,0
AAGCGTTTATAAGCGC,0
AAGCGTTTCTTCAATC,0
AAGCGTTTTAAAGACG,0
AAGCGTTTTAATATAA,0
AAGCGTTTTGAACTTT,0
AAGCTAAAAGAATACA,0
AAGCTAAACGCCTTAT,0
AAGCTAAATCTTCATA,0
AAGCTAACCACAGAGT,0
AAGCTAACGCAAACTT,0
AAGCTAAGAGGTGAAT,0
AAGCTAAGGACCGAAA,0
AAGCTAATCAGTCATC,0
AAGCTAATCTTGATTC,0
AAGCTACATGATGGTA,0
AAGCTACCAACTACAC,0
AAGCTACGGACCGCAC,0
AAGCTAGCGCTATGTC,0
AAGCTAGTTATTCATC,0
AAGCTATGAATACCTC,0
AAGCTATGCAACGAGT,0
AAGCTATTAATGTTAG,0
AAGCTATTGTGTCAAG,0
AAGCTCAACACGAACT,0
AAGCTCACGCACCTTA,0
AAGCTCCAACTAACAT,0
AAGCTCCATAAAATTG,0
AAGCTCCCAAATACTA,0
AAGCTCGGAACATGAT,0
AAGCTCGGCACTCTCA,0
AAGCTCTAATTATAAC,0
AAGCTCTATCATCAGA,0
AAGCTGAAAGGACATA,0
AAGCTGAAATAAACAA,0
AAGCTGAGTCCCAGAA,0
AAGCTGCCCTCCTTCG,0
AAGCTGGACAATGAGC,0
AAGCTGGACCGACCCC,0
AAGCTGGCACTAGTAT,0
AAGCTGTCAATAAACC,0
AAGCTGTTACCAACGC,0
AAGCTTAATCGGAAGT,0
AAGCTTACACGTAATC,0
AAGCTTACATTTCTAA,0
AAGCTTACCTTACAAC,0
AAGCTTCTAAACCCAG,0
AAGCTTCTAGAGAACA,0
AAGCTTTAAAACTCGG,0
AAGCTTTAAGATAATA,0
AAGCTTTATTTTGTTC,0
AAGCTTTGAACAACAA,0
AAGGAAAAAAACCATT,0
AAGGAAAAACAATCAC,0
AAGGAAAAAGACACCA,0
AAGGAAAATTACTAAA,0
AAGGAAAATTCACGGA,0
AAGGAAACCCCAGTAG,0
AAGGAAACTTTTGATC,0
AAGGAAAGCAATCTCG,0
AAGGAAATACCGGGTC,0
AAGGAAATATACTGTG,0
AAGGAACAAATGAAAC,0
AAGGAACAGAGCATTG,0
AAGGAACCACATCGCA,0
AAGGAACCATATTGTT,0
AAGGAACCGGCCATAC,0
AAGGAACCTATCAGTA,0
AAGGAAGAAAGATTGA,0
AAGGAAGAACATGCAT,0
AAGGAAGAGAGATACC,0
AAGGAAGAGCAGATCC,0
AAGGAAGATGAAAGTC,0
AAGGAAGCAACCATAA,0
AAGGAAGCTACGCCCC,0
AAGGAAGGACGAAGAG,0
AAGGAAGTATCAATAC,0
AAGGAAGTCATAGCTT,0
AAGGAATAAACATAGG,0
AAGGAATAAGCTAATT,0
AAGGAATATGACCAAA,0
AAGGAATGCCATTAAA,0
AAGGAATTCGCATCTA,0
AAGGAATTGGAGAAAC,0
AAGGACAAAAACATTA,0
AAGGACAAACCCGACC,0
AAGGACAAATCAGCCC,0
AAGGACAAATTACGCT,0
AAGGACAACAAATGTA,0
AAGGACACACGAGACA,0
AAGGACACCCCCCTAA,0
AAGGACAGAGCGAGCA,0
AAGGACAGTCGCATAA,0
AAGGACATATCCTTTC,0
AAGGACATGAAGGATG,0
AAGGACCAAACCATTT,0
AAGGACCATTAACGTG,0
AAGGACCCGTCAGAAT,0
AAGGACCGTAGTGTGT,0
AAGGACCTTGCCCCTC,0
AAGGACGAATTTTTGT,0
AAGGACGACAGTGATA,0
AAGGACGCAATGGCCC,0
AAGGACGCCACTTCAA,0
AAGGACGCCATGGCAA,0
AAGGACGGCACAGTGG,0
AAGGACTGTGGCAGAA,0
AAGGAGAAGTAGCTCA,0
AAGGAGACTCAGCAAT,0
AAGGAGATAACCCGCC,0
AAGGAGATTGGTTGAT,0
AAGGAGCAAACTCAAG,0
AAGGAGCCCCTGAACA,0
AAGGAGCGACGTTAAA,0
AAGGAGCTGTGAAAAA,0
AAGGAGGAATATTAAA,0
AAGGAGGATTGCAAGA,0
AAGGAGTACAATGTAC,0
AAGGAGTTAAAAGCAA,0
AAGGAGTTAAACATCA,0
AAGGATAAAAGTAAAG,0
AAGGATAACTCCACCG,0
AAGGATAATCAATTGG,0
AAGGATAATTAAATTC,0
AAGGATATATGTCTCA,0
AAGGATATTAATCGAG,0
AAGGATATTGAGAACC,0
AAGGATCAAGTAAGAT,0
AAGGATCACACGTCAG,0
AAGGATCCCGAAAAGA,0
AAGGATCGAATTAGCT,0
AAGGATCGGGGCAAAT,0
AAGGATCTGACAAAAA,0
AAGGATCTGTGAAACA,0
AAGGATGAAAAAATGA,0
AAGGATGAGTATGGTC,0
AAGGATGATGACCATT,0
AAGGATGCAGAGATGC,0
AAGGATGCCCTATGTC,0
AAGGATTAGACCGCAC,0
AAGGATTATAGTGAGG,0
AAGGATTGATCGGACG,0
AAGGCAAACCGATAGG,0
AAGGCAAAGCAAAGTT,0
AAGGCAAGCCGGTACT,0
AAGGCAATAGACGTAA,0
AAGGCAATTCTTGTCT,0
AAGGCACCTTGAAGTT,0
AAGGCAGAAAACCAAA,0
AAGGCAGACTACTAAT,0
AAGGCAGCTGCATAGC,0
AAGGCATAATCACCTC,0
AAGGCATATGCTCTCA,0
AAGGCATATTCGTTAA,0
AAGGCATTGTGGTATG,0
AAGGCCCAAAAGCATT,0
AAGGCCCAGATATGAT,0
AAGGCCCATACCCATA,0
AAGGCCCATAGAGGAG,0
AAGGCCCATCGCCTAC,0
AAGGCCCCAATCAGGC,0
AAGGCCCGGCAATGTC,0
AAGGCCCTATCAGACA,0
AAGGCCGCGTTTCATA,0
AAGGCCGGCTAGTATC,0
AAGGCCGGGGTGCACT,0
AAGGCCGTAAGCCAAT,0
AAGGCGAAATAGATCG,0
AAGGCGAACGAATAAC,0
AAGGCGAATAATGCTT,0
AAGGCGATTAATAAAT,0
AAGGCGCCAATAGTTG,0
AAGGCGCCGGGGGCGT,0
AAGGCGGTACCAACGA,0
AAGGCGTATCGCCTCT,0
AAGGCGTCCCCAAACG,0
AAGGCTAAGCTACTAC,0
AAGGCTACCAACGACC,0
AAGGCTACTAAAATGA,0
AAGGCTAGAGATATTA,0
AAGGCTATGGTAGGCC,0
AAGGCTCAACCGTTTC,0
AAGGCTCGCAGAAGGC,0
AAGGCTCTGTAAACAA,0
AAGGCTGTAGAATAAC,0
AAGGCTTAATTGAACC,0
AAGGCTTAGAAATCAA,0
AAGGCTTAGAGGTTAA,0
AAGGCTTGACACGGAA,0
AAGGCTTGTCAGAGTA,0
AAGGCTTTAAAGTGAA,0
AAGGGAAGAACTACAA,0
AAGGGACAAGAAATAC,0
AAGGGACGTAATAACT,0
AAGGGAGGGGTTACAG,0
AAGGGATACTTTTCTC,0
AAGGGCAAGTGTACAC,0
AAGGGCCCTACCGCCC,0
AAGGGCCTTTAACCCG,0
AAGGGCGACATCCCTC,0
AAGGGCGCTACGTTGG,0
AAGGGCGGACTTACCT,0
AAGGGGAAACTTAACA,0
AAGGGGCAGTCTCAGG,0
AAGGGGCATAATGCGT,0
AAGGGGCATATGAATA,0
AAGGGGCTCAACCAAA,0
AAGGGGCTGCTTGACC,0
AAGGGGGAGATACTGA,0
AAGGGTAATGTCTAAA,0
AAGGGTACCGCACTTT,0
AAGGGTACTACTTCCC,0
AAGGGTATCGCTCTGA,0
AAGGGTATTTCTTAAG,0
AAGGGTCAATGGAATA,0
AAGGGTCATCACGACG,0
AAGGGTCTCTTGACGT,0
AAGGGTGAATCATTTT,0
AAGGGTTAAAAGAGCT,0
AAGGGTTAAACCTACG,0
AAGGGTTACACTGACT,0
AAGGGTTTAGCTCGCG,0
AAGGTAAAAAATTATT,0
AAGGTAAAAAGCACAA,0
AAGGTAAGTATCCTAC,0
AAGGTAAGTATCTTGG,0
AAGGTAATAAAGCCAA,0
AAGGTAATAATGGTAC,0
AAGGTACAAGCACATG,0
AAGGTACATGAAACCT,0
AAGGTACATTCGATTC,0
AAGGTACTCATTCACG,0
AAGGTACTCGCATATC,0
AAGGTAGATTCTTATA,0
AAGGTAGCACATGTAT,0
AAGGTAGCCAGTATTC,0
AAGGTATACACAGATA,0
AAGGTATAGTAGGATA,0
AAGGTATAGTCAAAGT,0
AAGGTATGAAGGGCAA,0
AAGGTCAAACCCCTAT,0
AAGGTCCCTCGAAGGA,0
AAGGTCGAACACCAAC,0
AAGGTCGAGGCTAGAA,0
AAGGTCGTCGCAATAA,0
AAGGTCTAAATCCTAA,0
AAGGTCTCATATACCA,0
AAGGTGAACCATTTGG,0
AAGGTGACCTGAACAG,0
AAGGTGACCTTCAAGT,0
AAGGTGATAAACTCTT,0
AAGGTGATACACTAAT,0
AAGGTGATGGCCTTTT,0
AAGGTGATTAGAAGAA,0
AAGGTGCAACGCAAAC,0
AAGGTGCCAGTTAGGA,0
AAGGTGCTAGTATAAC,0
AAGGTGGCGAACATGA,0
AAGGTGGTCGAAAGTT,0
AAGGTGGTGCGAAGTT,0
AAGGTGTAAAGAACAT,0
AAGGTGTACCATTGCA,0
AAGGTGTATAATAAAT,0
AAGGTGTCCAATCAGG,0
AAGGTTAGAAGTGACA,0
AAGGTTATTGACACCT,0
AAGGTTCAGGTGTAAC,0
AAGGTTCCACGGACAC,0
AAGGTTCGAAGCCTAT,0
AAGGTTCGTATAATAA,0
AAGGTTCTATGTAGCG,0
AAGGTTGAGATACATA,0
AAGGTTTCCTTTTCAC,0
AAGGTTTCGTCTATAA,0
AAGGTTTTAACAATGG,0
AAGGTTTTACATAAGA,0
AAGTAAAAAATAAATA,0
AAGTAAAAAGATCGGT,0
AAGTAAACGAAACCTC,0
AAGTAAACGCCACACG,0
AAGTAAACTGCGATTA,0
AAGTAAAGACTAAGTT,0
AAGTAAAGTGAGCACC,0
AAGTAAAGTTGGTTAC,0
AAGTAAATAAAGATAA,0
AAGTAAATAAATTAAT,0
AAGTAAATAGAGGCTA,0
AAGTAAATATTAAAAA,0
AAGTAAATCCCCCGCC,0
AAGTAACAAGTACCAA,0
AAGTAACAGAAAAACC,0
AAGTAACATAGATGCA,0
AAGTAACCACTACTAG,0
AAGTAACCAGATGCAC,0
AAGTAAGACATTAGTA,0
AAGTAAGAGACAAGAA,0
AAGTAAGAGCATGTTA,0
AAGTAAGCACTCTTCT,0
AAGTAAGCCCACCGAT,0
AAGTAAGTTGGTATCC,0
AAGTAATAAATATTAA,0
AAGTAATAACAGCATT,0
AAGTAATAATATCCTA,0
AAGTAATACTAACTCC,0
AAGTAATAGACAATAA,0
AAGTAATATACCAAGA,0
AAGTAATCATCCTTAA,0
AAGTAATCCCCCCGCG,0
AAGTAATCTAGACACA,0
AAGTAATGACCACTAA,0
AAGTAATGAGATACCC,0
AAGTAATGGAAATCTT,0
AAGTAATGGTCTGATT,0
AAGTAATTAGTATACA,0
AAGTAATTCGAATTGC,0
AAGTAATTCGGACCTG,0
AAGTAATTGCAGACCA,0
AAGTAATTGTGGACGG,0
AAGTAATTTAAACTCT,0
AAGTACAAATAACGCG,0
AAGTACAACATGGACA,0
AAGTACAACCAAGCTT,0
AAGTACAACGTGTTAA,0
AAGTACAATGCATCCG,0
AAGTACACAATCCGTA,0
AAGTACACCTCTAACT,0
AAGTACACTAGAAAAT,0
AAGTACAGACTGTAAA,0
AAGTACATTAGTCTCA,0
AAGTACCAACTGAAAA,0
AAGTACCCACAAACTC,0
AAGTACCGTGCGAATC,0
AAGTACGAATGAGACA,0
AAGTACGCAAATCCTG,0
AAGTACGTAATCTAGA,0
AAGTACGTTAAAAAGT,0
AAGTACTAACATGTAT,0
AAGTACTACTCATAAA,0
AAGTACTCTCCACCTT,0
AAGTAGAAATACGTTT,0
AAGTAGAACCACTTGG,0
AAGTAGAAGACTGCTG,0
AAGTAGAATAAATCTA,0
AAGTAGACATGCTTTT,0
AAGTAGATATAACTAA,0
AAGTAGCTGAGTAATA,0
AAGTAGCTGTACCACA,0
AAGTAGGAATAATACA,0
AAGTAGGTGCTACCCG,0
AAGTAGTAGAGCATAA,0
AAGTAGTTATGTACAC,0
AAGTATAAAATCCAAA,0
AAGTATAAATATCAAA,0
AAGTATAAGACGGCCA,0
AAGTATACCAATTACA,0
AAGTATACCCGTCTAC,0
AAGTATACGAAATAGG,0
AAGTATACGCAAAAAG,0
AAGTATACTCTGCCTC,0
AAGTATAGCCATAATG,0
AAGTATAGTAGTGTGA,0
AAGTATATACACTGTC,0
AAGTATATACCATTAA,0
AAGTATATTCAAGTCA,0
AAGTATCCAAGTACGC,0
AAGTATCCGAATGCCC,0
AAGTATCGAAGTGCGA,0
AAGTATCTAGCCTTAG,0
AAGTATGAATGAACAA,0
AAGTATGACGCCCCAA,0
AAGTATGCTCCTGATT,0
AAGTATGGATATATCA,0
AAGTATGGGGTCAAAC,0
AAGTATTATTCCAAAT,0
AAGTATTTACAGCATT,0
AAGTATTTCAACTGAC,0
AAGTATTTTAGTTACT,0
AAGTCAAAAAACGACA,0
AAGTCAAAGAACGGGT,0
AAGTCAAATGGCAAGA,0
AAGTCAAGAAACGCAA,0
AAGTCAATTACAAATA,0
AAGTCACACGACAAAA,0
AAGTCACACTAGATGA,0
AAGTCACCGTAATGAT,0
AAGTCACGAACTAGGA,0
AAGTCACGAAGACGGA,0
AAGTCACGGACTGGTT,0
AAGTCACGTACAGCAT,0
AAGTCACTCCAATTCA,0
AAGTCAGGCAATGGTC,0
AAGTCATAACAACTAC,0
AAGTCATAGAATAGAG,0
AAGTCATAGGTAAAAA,0
AAGTCATATTAATATA,0
AAGTCATCTAGTGACA,0
AAGTCATTAGAAGTAG,0
AAGTCCAAACCAAAAC,0
AAGTCCAAACTTGTAT,0
AAGTCCAGATAAGATG,0
AAGTCCATCACATAAG,0
AAGTCCATGCATCCAG,0
AAGTCCATGGAATAGC,0
AAGTCCCAACGATTAA,0
AAGTCCCACGCACCTT,0
AAGTCCCCTCCACCAA,0
AAGTCCGAAGGATAAA,0
AAGTCCGCCCTGTCGG,0
AAGTCCTAAGTATTCC,0
AAGTCCTAGGGTGTAT,0
AAGTCCTATGGTTTCC,0
AAGTCGAATTTACTGG,0
AAGTCGGAGCCAACAA,0
AAGTCGGGGGTAAACT,0
AAGTCTAACTTAGCGT,0
AAGTCTAGACCCAGCC,0
AAGTCTAGGCAACCAA,0
AAGTCTAGTTTCATAT,0
AAGTCTATACTTAAGG,0
AAGTCTATCAGGGATG,0
AAGTCTCCGCCGTAAT,0
AAGTCTCGCAAATCAG,0
AAGTCTCTTAAGTAAT,0
AAGTCTGACAAGAGCA,0
AAGTCTGCACAATACC,0
AAGTCTGCTGCCACTA,0
AAGTCTGTCTAGAGGA,0
AAGTCTTAATACTGCA,0
AAGTCTTATAAGTCTT,0
AAGTCTTTAACTCTAA,0
AAGTGAAAACCTAGAA,0
AAGTGAAAGCCGAGAC,0
AAGTGAACAACATGCA,0
AAGTGAACTCACATGG,0
AAGTGAAGAAATTAAA,0
AAGTGAAGCACTACAC,0
AAGTGAATACGACACG,0
AAGTGAATATAAAATC,0
AAGTGAATATCTCATT,0
AAGTGACAATCCGAAA,0
AAGTGACACAATTTGT,0
AAGTGACCCAATCCTT,0
AAGTGACCCTCCATGC,0
AAGTGACCGAGATGTG,0
AAGTGACGAACTCTAT,0
AAGTGACGAATACGAT,0
AAGTGACTTATTCAAT,0
AAGTGAGAAACGACAT,0
AAGTGAGCCAAGATAC,0
AAGTGAGCCGCTGCTG,0
AAGTGAGCCGTTAGGT,0
AAGTGAGGCGATGACA,0
AAGTGATAAAATAGCA,0
AAGTGATAAATACCGC,0
AAGTGATAACACCTAA,0
AAGTGATAGATCATCA,0
AAGTGATGAATGAACG,0
AAGTGATGCTTACGAA,0
AAGTGATTAAAGAGAG,0
AAGTGATTATAAAGGT,0
AAGTGATTCGAAAAGA,0
AAGTGATTTGTTCAAT,0
AAGTGATTTTCAGGCA,0
AAGTGCAAACAGTCAG,0
AAGTGCAACAGAAGAG,0
AAGTGCAACCTGACCT,0
AAGTGCAATAGCCGTT,0
AAGTGCAATCCTTCCA,0
AAGTGCAGGTTACGCA,0
AAGTGCCCCCAACTAA,0
AAGTGCGCTTGATGTA,0
AAGTGCGTACCATCTT,0
AAGTGCTAACCGTATA,0
AAGTGCTAGACGCAGA,0
AAGTGCTATTACTTAG,0
AAGTGCTCCGCCTGAA,0
AAGTGCTGAGGACACG,0
AAGTGCTTAGCTGTCT,0
AAGTGCTTAGGCGACG,0
AAGTGCTTCAGTGACC,0
AAGTGGAATAAGACCA,0
AAGTGGAATCCTACCA,0
AAGTGGAATGCTACAG,0
AAGTGGACAAGTCGTC,0
AAGTGGATGACTTAAG,0
AAGTGGCCAATCAAAG,0
AAGTGGCCACAAGTTA,0
AAGTGGCCCAAATGAC,0
AAGTGGCCTAAGGTCA,0
AAGTGGCTAAGAATAA,0
AAGTGGGAGCTGTATC,0
AAGTGGGCATTTGTAC,0
AAGTGGGCGGGTGCAA,0
AAGTGGTACGATTGGC,0
AAGTGGTATTAAATTA,0
AAGTGTAACCACACCA,0
AAGTGTAAGAAAGTAA,0
AAGTGTAATATAACAC,0
AAGTGTACAAGGTAAT,0
AAGTGTATATCACATG,0
AAGTGTATTCTTACCT,0
AAGTGTCGCTGCAAAA,0
AAGTGTGACTGGTGGC,0
AAGTGTGTACCACTTT,0
AAGTGTTATTATCCAC,0
AAGTGTTCAAGCGCAT,0
AAGTGTTGTGAAACTA,0
AAGTTAAAACCAAATT,0
AAGTTAAAAGAAAAAG,0
AAGTTAAAAGAAAATC,0
AAGTTAAATAGACTTA,0
AAGTTAAATAGTTAAG,0
AAGTTAAATTTCCGAC,0
AAGTTAAATTTTAGTC,0
AAGTTAACTTACCAAA,0
AAGTTAAGGTTAGATC,0
AAGTTAATGTATGAAA,0
AAGTTACATTAAATAT,0
AAGTTACCCAAAATAA,0
AAGTTACCTTTTAAAT,0
AAGTTACTAAAGTATT,0
AAGTTACTACCTAAGA,0
AAGTTACTCTTTCGCT,0
AAGTTACTGTACCTAA,0
AAGTTAGAATCACTAG,0
AAGTTAGCAAATAAGA,0
AAGTTAGCATAGGTCG,0
AAGTTAGGTCATGAAC,0
AAGTTATAAAAGCGTT,0
AAGTTATACTGTAATT,0
AAGTTATCAGTCTCCC,0
AAGTTATCCAGATCGA,0
AAGTTCAATCTCTGCA,0
AAGTTCACAATTATAA,0
AAGTTCATAAATCTCT,0
AAGTTCATGAGATCCT,0
AAGTTCCCAATAGAAA,0
AAGTTCCCAGCTTAGC,0
AAGTTCCCTGATAGGA,0
AAGTTCCTAATTTAAA,0
AAGTTCCTTAAAGAAG,0
AAGTTCCTTAGAACTT,0
AAGTTCGAGACGCGAC,0
AAGTTCGAGGACATAT,0
AAGTTCGCTATGAGAG,0
AAGTTCGGGCCGCATT,0
AAGTTCTAATTTTACA,0
AAGTTCTACCTTCTAC,0
AAGTTCTCTGTCACTG,0
AAGTTCTGGAGCCAAG,0
AAGTTGAAGCGCCACG,0
AAGTTGCACCCTTGAT,0
AAGTTGCCAGACCCAT,0
AAGTTGCCGATGACGT,0
AAGTTGCTAACACGAC,0
AAGTTGCTGATCTTCC,0
AAGTTGCTGGTGCAAG,0
AAGTTGGCAAGAATAA,0
AAGTTGGCTGCGTAAA,0
AAGTTGGGTGCCATTA,0
AAGTTGTCTGCCTTGG,0
AAGTTGTGAGTTCATG,0
AAGTTTAAACAAAACT,0
AAGTTTAAATGTTCTG,0
AAGTTTAATTAATCAA,0
AAGTTTACACACTACT,0
AAGTTTAGATACAAAG,0
AAGTTTATAAGTGCTA,0
AAGTTTATAATCCCTG,0
AAGTTTATCGCCCGCG,0
AAGTTTATGTATCGCA,0
AAGTTTATTATTTAAC,0
AAGTTTCAAAAAAAAA,0
AAGTTTCAACCAGGGT,0
AAGTTTCGCCGTAACT,0
AAGTTTCTAATATTAC,0
AAGTTTCTGCATTTCC,0
AAGTTTGAAAATAGAA,0
AAGTTTGGAACTTCCC,0
AAGTTTGGGCTGGTGA,0
AAGTTTTTCGTGAGAC,0
AAGTTTTTTAGTAGCC,0
AATAAAAAAAAAAAAA,0
AATAAAAAAAAAGCTC,0
AATAAAAATAGTACAA,0
AATAAAACAATATTTT,0
AATAAAACAATGTAGC,0
AATAAAACCCAATTAC,0
AATAAAACCTAATATC,0
AATAAAACTTTACGCA,0
AATAAAAGAACACATC,0
AATAAAAGAGTTGATC,0
AATAAAAGATTTGGTA,0
AATAAAAGCCTATTAA,0
AATAAAAGGAATTATG,0
AATAAAAGGTATGTCT,0
AATAAAAGTAGTGTGA,0
AATAAAAGTCGTATAA,0
AATAAAATCATAACCA,0
AATAAAATGAATATTA,0
AATAAAATTCCAATAT,0
AATAAACAAACAAAAC,0
AATAAACAAACAAACG,0
AATAAACAAACTCGGC,0
AATAAACAAGACTGAG,0
AATAAACAATATGTTC,0
AATAAACAATTCATGT,0
AATAAACACAGTATAT,0
AATAAACACGATATCC,0
AATAAACATTATGACA,0
AATAAACATTCGGAAG,0
AATAAACATTTACAGG,0
AATAAACCACATACGC,0
AATAAACCCAGAGTTC,0
AATAAACCCCCATGTC,0
AATAAACGATAGAATT,0
AATAAACGGCATGAAC,0
AATAAACGGTTGATAA,0
AATAAACTAATACATG,0
AATAAACTGAAGTATT,0
AATAAACTGCTATCAA,0
AATAAACTGGTCAGAT,0
AATAAAGACAATAATA,0
AATAAAGACCAGGGTT,0
AATAAAGACCGTACAG,0
AATAAAGCGAGTAGTT,0
AATAAAGCTATATCAA,0
AATAAAGGACAATTGA,0
AATAAAGGGACAGCAA,0
AATAAAGGGCTAAGTG,0
AATAAAGGTCAATATA,0
AATAAAGTTAAATATA,0
AATAAATACCTACTTG,0
AATAAATAGCGCTAGA,0
AATAAATAGTTTACCA,0
AATAAATCAAAAAGTC,0
AATAAATCGAGTGGAC,0
AATAAATCTATATACT,0
AATAAATCTCCAGAAC,0
AATAAATCTTGAAATA,0
AATAAATGAAGGGAAT,0
AATAAATGCACAGTTC,0
AATAAATGCTACGACC,0
AATAAATTCCATACTA,0
AATAACAAAGCACAAT,0
AATAACAACCGTCCCA,0
AATAACAATACAAATT,0
AATAACACGTAAATTA,0
AATAACACTAATATCA,0
AATAACACTGTTCCAC,0
AATAACAGACCAAGAC,0
AATAACATAAAGTAAG,0
AATAACATGAGGAAAC,0
AATAACCAATACAAGG,0
AATAACCAGCCTGAAT,0
AATAACCATATTTAAA,0
AATAACCATTGATGAT,0
AATAACCCAAGAACCC,0
AATAACCCTTACGGAT,0
AATAACCCTTGCCTTT,0
AATAACCTACTTTGCT,0
AATAACCTCTAACTGA,0
AATAACGACAACTGGC,0
AATAACGAGTGACAGT,0
AATAACGATAACATTT,0
AATAACGCACATAGAT,0
AATAACGCTAGCACGC,0
AATAACGGGAGATCAG,0
AATAACGTTGCTTTAA,0
AATAACGTTGGACAGT,0
AATAACTAGATTGTGC,0
AATAACTATTCTTACT,0
AATAACTCCGTGCTCT,0
AATAACTCTCAGCAGA,0
AATAACTGAGAATCTA,0
AATAACTGAGTCGGAG,0
AATAACTGCCGTAAAA,0
AATAACTGTCTAATCC,0
AATAACTTAACGTGAT,0
AATAACTTCGAACAAC,0
AATAACTTGTTTCATA,0
AATAACTTTACTCTAT,0
AATAACTTTTAACCCT,0
AATAACTTTTATCAGG,0
AATAAGAAAAAAACTT,0
AATAAGAAAAGAGATG,0
AATAAGAAAAGTACTC,0
AATAAGAAACATAATC,0
AATAAGACAATAACTA,0
AATAAGACACTCCCAT,0
AATAAGACCCTCTGGG,0
AATAAGATAATGGTCT,0
AATAAGATGCATTACA,0
AATAAGATTAAACCGA,0
AATAAGATTTATCCCC,0
AATAAGCAAAACCAGG,0
AATAAGCAAAAGCAAT,0
AATAAGCAAGCAGAAA,0
AATAAGCAATCTCGCA,0
AATAAGCCCAATCTCA,0
AATAAGCGAAGACCTA,0
AATAAGCGCTTACTTA,0
AATAAGCGGGTACGAA,0
AATAAGCGTTCAGATA,0
AATAAGCTGAAATGTT,0
AATAAGCTGCCAGAAC,0
AATAAGCTGGTATTAA,0
AATAAGGAACGGCCTG,0
AATAAGGACCATACCA,0
AATAAGGCTTACTGGG,0
AATAAGGCTTTGTTAG,0
AATAAGGGACCGATTA,0
AATAAGGGACTCCGAT,0
AATAAGTAAAAGCAGA,0
AATAAGTAAAATTTAA,0
AATAAGTAACCAGTCA,0
AATAAGTCAAATATCA,0
AATAAGTCAACAAACC,0
AATAAGTGAACACTTA,0
AATAAGTGAGTCTGCT,0
AATAAGTGCATAATAA,0
AATAAGTGGATTTCGA,0
AATAAGTTCACAATGG,0
AATAATAAACTAAAAA,0
AATAATAAAGAGGCAA,0
AATAATAAATTCCGTG,0
AATAATAACCCATTGC,0
AATAATAAGGAAAAAT,0
AATAATAATAATGACA,0
AATAATAGATACCGTG,0
AATAATAGATTCAGGA,0
AATAATAGCTTAATAA,0
AATAATAGGAAAGGTT,0
AATAATATCCGAATCT,0
AATAATATCTCTTCGT,0
AATAATATGTCATACA,0
AATAATCACATCTATG,0
AATAATCATCCGAACA,0
AATAATCCAAAAGGTT,0
AATAATCCTGAAACCT,0
AATAATCGGAAGCTTC,0
AATAATCTGATAATCA,0
AATAATCTGTCATCCT,0
AATAATGAAAATCCCA,0
AATAATGCAAGCCCTG,0
AATAATGCCTCGATAT,0
AATAATGGAAAAGGCA,0
AATAATGGACCTTCCA,0
AATAATGTAAATATCA,0
AATAATGTGTAAAGCT,0
AATAATGTGTACGCAT,0
AATAATGTTGCCTACG,0
AATAATTACGCGAAAA,0
AATAATTAGAATCAAA,0
AATAATTATTTAAACC,0
AATAATTCCCGGTCTT,0
AATAATTCCGTCACCA,0
AATAATTCCTAAGAAA,0
AATAATTCTAAAATCA,0
AATAATTTCAGTGCAA,0
AATAATTTTTAAGATG,0
AATACAAAAACCGGTT,0
AATACAAACCATGATG,0
AATACAAAGAAAAGAA,0
AATACAAATCACAAAA,0
AATACAACAAAGCTGG,0
AATACAACCAAATGAG,0
AATACAACCAATATAT,0
AATACAACCACAAATT,0
AATACAACGCAAAACC,0
AATACAACGGAGCTGA,0
AATACAACGGATACCT,0
AATACAACGTATCAAG,0
AATACAACGTGCCTGC,0
AATACAAGAAAATCAA,0
AATACAAGACTCAAAG,0
AATACAAGATGTTACA,0
AATACAAGCTCAATAT,0
AATACAAGTGTCAATT,0
AATACAATAAAGTGCT,0
AATACAATAAGCTAGG,0
AATACAATAATACCAG,0
AATACAATACACAGAA,0
AATACAATAGTGACCC,0
AATACAATATACGAGC,0
AATACAATATTTCAAC,0
AATACAATCTTTAACG,0
AATACAATTAATAATA,0
AATACACAAAATCGAT,0
AATACACAATAAGGGG,0
AATACACACGTCAGCG,0
AATACACCCTAGGCTG,0
AATACACGGTAACTTT,0
AATACACTTAGCATGC,0
AATACACTTTACAAGC,0
AATACAGAAATTGAGA,0
AATACAGACTTCAAGG,0
AATACAGATATTAACT,0
AATACAGATTACAAAC,0
AATACAGCAGAATAGA,0
AATACAGCGCAATAAG,0
AATACAGGTGTAAAAC,0
AATACAGGTGTCTGCG,0
AATACAGTAGTTATGA,0
AATACAGTATACGCGA,0
AATACAGTCAAGCAGT,0
AATACATAAGCTCCAC,0
AATACATAATATCACT,0
AATACATAATTCAGCT,0
AATACATAGATGTAGC,0
AATACATATATATAAA,0
AATACATATGTCCACT,0
AATACATCTCAACGAA,0
AATACATGAACAAACT,0
AATACATGACCTTGAT,0
AATACATGCGCAAACA,0
AATACATGGTGAGGTA,0
AATACATTAAGCCGCT,0
AATACATTTGCTCATA,0
AATACCAAATAAAGAA,0
AATACCAACGACACGC,0
AATACCAAGCCACATA,0
AATACCAATACGATAC,0
AATACCACTCCACAGT,0
AATACCAGACAAGAAA,0
AATACCAGGTAGGCAC,0
AATACCATTGCATTAT,0
AATACCATTTATAAGT,0
AATACCCCATGCACCT,0
AATACCCGAAAGAATA,0
AATACCCGGGGATTCT,0
AATACCCTCACTGCGA,0
AATACCGCACAAGCTA,0
AATACCGCCCTGCCGT,0
AATACCGGAGCATCAA,0
AATACCGTCAATCATA,0
AATACCGTTTCAAATC,0
AATACCTAAGATGGAT,0
AATACCTAATATAGAA,0
AATACCTCAGAGAAAG,0
AATACCTCATACTTTG,0
AATACCTCTCCGAGTC,0
AATACCTCTTCCACGG,0
AATACCTGCGCGAGGG,0
AATACCTTAACTGAAT,0
AATACCTTATCGATCA,0
AATACCTTATTGGGGA,0
AATACGAAATGCGTTA,0
AATACGAAGCGTACTA,0
AATACGACAATAGACT,0
AATACGACACACCAAG,0
AATACGACTACTGACC,0
AATACGAGCAAAACAT,0
AATACGAGTAAATGCT,0
AATACGAGTACTAAGC,0
AATACGATTAAGTCGG,0
AATACGATTATGTAAA,0
AATACGCAAATGAGTT,0
AATACGCATTCGAGAA,0
AATACGCCATTCTTAT,0
AATACGCGCAATATAA,0
AATACGCTGATTGAAC,0
AATACGCTGCGTGTGA,0
AATACGGACGCACGAT,0
AATACGGGTACTTCAA,0
AATACGGTGACCAGAG,0
AATACGTAAAAACCGT,0
AATACTAAAAGTATTG,0
AATACTAAACCTAAAC,0
AATACTAAATAAATGT,0
AATACTAACTATATAA,0
AATACTAAGGAGAGGT,0
AATACTAAGTTACAGG,0
AATACTAATGATACAA,0
AATACTAGTAATAAAT,0
AATACTATATGTATTT,0
AATACTATGTATAGCA,0
AATACTCAACGGATCC,0
AATACTCAGATAGCCT,0
AATACTCATTATGAAC,0
AATACTCATTTGTGAA,0
AATACTCGCTGCTCTG,0
AATACTCTCACTATGG,0
AATACTGAGGCCAGAC,0
AATACTGAGGTTGACT,0
AATACTGCCTAGCAAC,0
AATACTGCTAGCGCTC,0
AATACTGGATAACATC,0
AATACTTAAAAATCAA,0
AATACTTAATAATATA,0
AATACTTAATATTCTT,0
AATACTTACCAAACAG,0
AATACTTACTACTAGT,0
AATACTTCCTAAACAA,0
AATACTTGACTTAGCA,0
AATACTTGCACACATC,0
AATACTTGTCAGAATA,0
AATACTTTAAGGTCCA,0
AATAGAAAAACGACTC,0
AATAGAAACAGTATAA,0
AATAGAAATTACCGTA,0
AATAGAACCAACAGCT,0
AATAGAACTTTTCTTA,0
AATAGAAGAATGTAAC,0
AATAGAATCAACATAA,0
AATAGAATCCCCATTG,0
AATAGAATCGTAGTTC,0
AATAGACAGCTTTAAC,0
AATAGACCAAAGAAAC,0
AATAGACGAAGTTAAT,0
AATAGACGTATCTTCA,0
AATAGAGAACGTCTAA,0
AATAGAGCCAGAGCGC,0
AATAGAGCCTGCAATC,0
AATAGAGGAATCCCAC,0
AATAGAGGAATTAACC,0
AATAGAGGCCTGCGAA,0
AATAGAGGTGAACTAC,0
AATAGAGTAAATATAA,0
AATAGAGTTTCAATAA,0
AATAGATAAGCTACAA,0
AATAGATAATGCTTCG,0
AATAGATAATGCTTCT,0
AATAGATAGATACCAG,0
AATAGATATGAAAGTA,0
AATAGATATTATTACT,0
AATAGATGGATATTAA,0
AATAGATGTAAAAAAT,0
AATAGATTATGACGAA,0
AATAGCAACACACTAA,0
AATAGCAACTGGACCC,0
AATAGCAATTGAGGAC,0
AATAGCACAAATGGTG,0
AATAGCACCCGACGTA,0
AATAGCACCTAGTATC,0
AATAGCATATGCCTTG,0
AATAGCATGGTCTTAA,0
AATAGCATTGCCTAAT,0
AATAGCCACAGGACAG,0
AATAGCCATATAATCG,0
AATAGCCTAATTACCT,0
AATAGCCTAGAAGGCT,0
AATAGCGAATATACCA,0
AATAGCGACATCGCAA,0
AATAGCGAGCCCCAGA,0
AATAGCTAAAAACAAT,0
AATAGCTCAAAATTTT,0
AATAGCTGGCAAGTGG,0
AATAGCTTACGCTCCT,0
AATAGCTTGCAAATAA,0
AATAGGAACAAAACAT,0
AATAGGAGAGACCGCT,0
AATAGGAGGAAGTCCA,0
AATAGGATAAACTATA,0
AATAGGATCGATATCT,0
AATAGGCACTACAATA,0
AATAGGCATACATGTA,0
AATAGGCCGAGACCCC,0
AATAGGGCTAACCACT,0
AATAGGGTGCTAACAA,0
AATAGGTTAAAGGTTT,0
AATAGGTTAAGCGACG,0
AATAGTAACCAATGGG,0
AATAGTAACTCAGGCT,0
AATAGTACAAAATCCG,0
AATAGTACATTATGTC,0
AATAGTATACGTCAAT,0
AATAGTATTGACAGCC,0
AATAGTCAATCTAAAG,0
AATAGTCATATAAAGG,0
AATAGTCCTACGCGCT,0
AATAGTCGTATCACCT,0
AATAGTCTCTATAATT,0
AATAGTGAGTTTGCTA,0
AATAGTGCCGCGAAAA,0
AATAGTGCGACCATCC,0
AATAGTGCTTGAGTTG,0
AATAGTGGACCGTATT,0
AATAGTGTAATAGAAA,0
AATAGTGTCCGAGTAA,0
AATAGTTAAAATACAT,0
AATAGTTAAACATTAA,0
AATAGTTACTTCTAGT,0
AATAGTTGTTATGACA,0
AATAGTTTCAATTGTA,0
AATAGTTTTTACCCAG,0
AATATAAACGATCACG,0
AATATAAAGAGGTGCC,0
AATATAAATACAAAAC,0
AATATAAATAGACAAC,0
AATATAACCATATCCC,0
AATATAAGAATCCCAC,0
AATATAAGATAACCTC,0
AATATAAGGGTTTTAT,0
AATATAATCAACATAT,0
AATATAATCATTACAC,0
AATATAATCCGCTATC,0
AATATAATGTGCCCAG,0
AATATAATTAATACAC,0
AATATAATTTAGCAAT,0
AATATACAGAGAATGC,0
AATATACCAAACCATC,0
AATATACGGAACTATA,0
AATATACGGGAGCAGC,0
AATATACTCGACGGTT,0
AATATACTCGCTATGT,0
AATATACTCGTCCCTT,0
AATATACTGGTACAGC,0
AATATACTTATCATTA,0
AATATAGATTTGCAAA,0
AATATAGCACGAACTC,0
AATATAGGTTTCTAGA,0
AATATATAAAATACGA,0
AATATATAAGAGTGCA,0
AATATATACCAAGAGG,0
AATATATAGCAAATTC,0
AATATATAGGAGAATA,0
AATATATATAAAACAC,0
AATATATCTAAGTAAA,0
AATATATCTGAAATAT,0
AATATATCTGACAGCC,0
AATATATCTGGATGTA,0
AATATATCTTACGGGC,0
AATATATGAAACAGCA,0
AATATATGCAACATCA,0
AATATATGTGGCATAA,0
AATATATGTGTTCCCA,0
AATATATTACATTTAT,0
AATATATTGTTAACAA,0
AATATCAAAATTTAAA,0
AATATCAACAAGTACT,0
AATATCAACCAGATGA,0
AATATCAACTCCCTCA,0
AATATCAATAGCACAG,0
AATATCAATAGTTCCA,0
AATATCACTTATAAAA,0
AATATCAGGCCAGACC,0
AATATCCCCCCACTAA,0
AATATCCGTTCAGTTC,0
AATATCCTTCGGGTAC,0
AATATCCTTGTTTAAG,0
AATATCGACCAGAAAA,0
AATATCGCAAATTAAA,0
AATATCGCAGGTTGTT,0
AATATCGCGCCAAAAT,0
AATATCGGATGAATGA,0
AATATCGGGATAAGGT,0
AATATCTAACCAATCC,0
AATATCTATGCTCAAA,0
AATATCTATTTGTTGA,0
AATATCTTGAATCGAA,0
AATATCTTTGGTGATG,0
AATATGAACGAGCATC,0
AATATGACAAGTACCA,0
AATATGAGACCCATCG,0
AATATGAGCCCTCCTC,0
AATATGAGTAAACAAC,0
AATATGATATAAACGT,0
AATATGCAACCTAAAG,0
AATATGCATCGAAACC,0
AATATGCCAAGTTGTC,0
AATATGCCGACATGAG,0
AATATGCCGCACATGT,0
AATATGCCGGAACAGT,0
AATATGCCGGTCACTA,0
AATATGCCTTACAGTG,0
AATATGCCTTCTAGAC,0
AATATGCTATCAGGAG,0
AATATGCTGAATATTC,0
AATATGCTTCATTGAA,0
AATATGGACCGCAGAA,0
AATATGGATCACTAAA,0
AATATGGCCCACGAGC,0
AATATGGGACAAAACA,0
AATATGGTAAAGACGA,0
AATATGTAAGGGCACC,0
AATATGTAATTCTAAC,0
AATATGTAGAGTCCTT,0
AATATGTATCGAACGG,0
AATATGTCCAAACCAT,0
AATATGTGTAACCTAG,0
AATATGTTAAACAGGT,0
AATATGTTAAAGTTGT,0
AATATGTTCTCTGCGA,0
AATATGTTGAACGCCA,0
AATATTAAAGCTGATT,0
AATATTAAGTCATCAA,0
AATATTAATAAAGGGA,0
AATATTAATAGGCATT,0
AATATTAATATTATAC,0
AATATTACAAAAAGAG,0
AATATTACACCTGGTT,0
AATATTACAGCACTGC,0
AATATTACATATGTCT,0
AATATTACATTGCGCC,0
AATATTATATTCAAAA,0
AATATTATGATCATAT,0
AATATTATTACTCGGT,0
AATATTATTGTTAATG,0
AATATTCACGTAAAAC,0
AATATTCAGAGTGCTC,0
AATATTCAGTAGAGTT,0
AATATTCCACATACCT,0
AATATTCCCCTAGCGA,0
AATATTCCGTGATGAC,0
AATATTCCTATCACAA,0
AATATTCGACCTCAGA,0
AATATTCGAGCAGAAA,0
AATATTCTAAAATTTA,0
AATATTGAAAGCGAGA,0
AATATTGAAGATCCGA,0
AATATTGAAGTAGTAC,0
AATATTGCAAATAAAT,0
AATATTGCAACTAATC,0
AATATTGGCTCGAAGG,0
AATATTGTAAGCTAAA,0
AATATTGTCGCTATCA,0
AATATTGTTTAATTAA,0
AATATTTAAAAAGGAC,0
AATATTTAACGAGCGT,0
AATATTTAACTTAATA,0
AATATTTAGTGATCCT,0
AATATTTCACTTGGAT,0
AATATTTCCCACATAA,0
AATATTTCCGTTAAGT,0
AATATTTCTGATAGCT,0
AATATTTGAAAGTTGC,0
AATATTTTACTAATAC,0
AATATTTTAGATCGGG,0
AATATTTTATATGCAA,0
AATATTTTTTGTCTCA,0
AATCAAAAAAACCTCT,0
AATCAAAAAAGTAATA,0
AATCAAAAAGAAGTCT,0
AATCAAAAAGCACGAT,0
AATCAAAACTCCTAGA,0
AATCAAAATACGAATC,0
AATCAAAATATTAGAC,0
AATCAAAATGATGTCA,0
AATCAAAATGGTAAAG,0
AATCAAACACCGAATA,0
AATCAAACAGAATCTG,0
AATCAAACCAATTTCG,0
AATCAAACGTAAAATT,0
AATCAAAGTCTTTAAC,0
AATCAAATACACCGAT,0
AATCAAATCAGCCACA,0
AATCAAATCATAATTC,0
AATCAAATGCTTGCAT,0
AATCAAATTACTTATA,0
AATCAAATTCTATACG,0
AATCAACAATAGAAGA,0
AATCAACACAAAATGG,0
AATCAACAGGAAGACC,0
AATCAACAGTAGACTT,0
AATCAACCACAAACCG,0
AATCAACCCAATTACT,0
AATCAACCCTGAAACC,0
AATCAACCGCTAATGA,0
AATCAACCTAGTATAA,0
AATCAACCTCGGGACT,0
AATCAACGCGTGAGAC,0
AATCAACTATGCATAC,0
AATCAAGAAACCAAGT,0
AATCAAGAAGTATCTT,0
AATCAAGACAAGGGAA,0
AATCAAGCAAACGCAA,0
AATCAAGCCCGCCCGA,0
AATCAAGGTAGCTAAA,0
AATCAAGTTACTGATG,0
AATCAATAGCCAGTCA,0
AATCAATAGGCTATAA,0
AATCAATATAAGTGAC,0
AATCAATCAAGGCCCC,0
AATCAATCCCTCAGAG,0
AATCAATTCGAAGCAT,0
AATCAATTCGTTTCTA,0
AATCAATTTACGTAGA,0
AATCAATTTCCTCAAA,0
AATCAATTTGGGCCGC,0
AATCACAAAAGGCTAT,0
AATCACAAACTATGAT,0
AATCACAAAGAACTTA,0
AATCACAATACCCGGT,0
AATCACAATAGCAAAT,0
AATCACAATTGTACAA,0
AATCACACTACAAAGC,0
AATCACAGATCCCAAA,0
AATCACAGGTCAGAAT,0
AATCACATGCCAATCA,0
AATCACATGGTCGACC,0
AATCACATTAGCTTAT,0
AATCACCAAGTAATAC,0
AATCACCCAGGACGAA,0
AATCACCCCAGGGTTC,0
AATCACCCGTCAATTA,0
AATCACGAACATCCCG,0
AATCACGAAGTACTTT,0
AATCACGAGCAACACG,0
AATCACGGTAACAAAA,0
AATCACGGTCCTGACA,0
AATCACGTCAGCAGAA,0
AATCACTAATGACAGA,0
AATCACTATAGTACAT,0
AATCACTATCTTGAAA,0
AATCACTCAGCCTGAT,0
AATCACTCCAAAGAGT,0
AATCACTGACTAAATA,0
AATCACTTTAGTGTGT,0
AATCAGAAAAGTTAGC,0
AATCAGAAACACTGGA,0
AATCAGAAATAAAACA,0
AATCAGAAGCGAGACA,0
AATCAGACTCTACCAT,0
AATCAGATAAAAAGCC,0
AATCAGATAGGTCGTT,0
AATCAGCAACAACCTA,0
AATCAGCAAGACTGAG,0
AATCAGCCCAAAACTT,0
AATCAGCGAATATGCA,0
AATCAGCTGCGTAACT,0
AATCAGGACAAAAACA,0
AATCAGGACTCCCAGA,0
AATCAGGAGGGGGAGA,0
AATCAGGGACGAATAA,0
AATCAGGTAAAACAAT,0
AATCAGGTTCGCTGCG,0
AATCAGTAATGCAGCA,0
AATCAGTATGACTGAG,0
AATCAGTATTACCATA,0
AATCAGTGGATACAAT,0
AATCATAAAAAGAGCC,0
AATCATAAAAATGAGT,0
AATCATAAAATTCCAC,0
AATCATACCATAGGAC,0
AATCATACCCCCTGAC,0
AATCATACGTGCGCAA,0
AATCATAGAAAGCGCC,0
AATCATAGAGTCTAAC,0
AATCATATAAATTCAT,0
AATCATATCACTATTA,0
AATCATATGTTTCTAA,0
AATCATATTTAGAGAA,0
AATCATCCAAGATTTG,0
AATCATCCTCTATAGA,0
AATCATCGAACTACTT,0
AATCATCGGGATTTGC,0
AATCATCTAGGACTAA,0
AATCATCTCTTAGTGG,0
AATCATCTGAGTGCGC,0
AATCATGAACAGGAAT,0
AATCATGCGACAATTG,0
AATCATGCTCTCATAT,0
AATCATGGGACAGTTA,0
AATCATTAATACCTAG,0
AATCATTACCTGAACA,0
AATCATTACTCTCAAG,0
AATCATTAGTGCCCAT,0
AATCATTGAAACGCTA,0
AATCCAAAATAAACGG,0
AATCCAAAGTCAATTC,0
AATCCAAATGCGAATA,0
AATCCAAATTCTAATA,0
AATCCAACTTTTACTA,0
AATCCAAGTGCGGATT,0
AATCCACACATCAAAC,0
AATCCACATGACACCT,0
AATCCACATTACCTTT,0
AATCCACATTCTCCTC,0
AATCCACCAGCGATCT,0
AATCCACGATAAATTA,0
AATCCACGGAACAATA,0
AATCCACTTGTAATAA,0
AATCCAGAGTTCATCT,0
AATCCAGATGCTTAAT,0
AATCCAGTACTACATT,0
AATCCAGTAGAATTGA,0
AATCCAGTCCATTGAT,0
AATCCATACGTAATCT,0
AATCCATAGGTTAAAG,0
AATCCATCAGAGCCCT,0
AATCCATCAGTTATAT,0
AATCCATGGTTTACTA,0
AATCCATGTATGATAT,0
AATCCATTAACCGGCA,0
AATCCATTTGAGACGA,0
AATCCATTTGCGCCTA,0
AATCCCACAAGTGCTA,0
AATCCCACTACCCTGT,0
AATCCCAGAAAGTGCA,0
AATCCCAGGGACGCTA,0
AATCCCATTGGTTATA,0
AATCCCGACAAATTAC,0
AATCCCGAGCAACAAA,0
AATCCCGTTCCCACAG,0
AATCCCTAAAACAATC,0
AATCCCTACATATCAC,0
AATCCCTACTATTATT,0
AATCCCTAGCTCGCAA,0
AATCCCTATACAGCAC,0
AATCCCTCCAGTGATG,0
AATCCCTCTCTCCGGT,0
AATCCCTGAAACCCCA,0
AATCCCTTTAATAGCA,0
AATCCGAAACATAAGT,0
AATCCGATATGATTAC,0
AATCCGCAATGAACGA,0
AATCCTAAACCCTAAA,0
AATCCTAAGAACCAAT,0
AATCCTACACGTACAG,0
AATCCTACCCCAAAAA,0
AATCCTATCCCCATAA,0
AATCCTCAGAACCTGG,0
AATCCTCATTCAACAA,0
AATCCTCCTAGAACAA,0
AATCCTCTGGGGGTGT,0
AATCCTCTTCCGCCGA,0
AATCCTGAGTACAACT,0
AATCCTGTCTTCCGTT,0
AATCCTGTGGCAAAAA,0
AATCCTTCACTACAAT,0
AATCCTTCATTTTTAA,0
AATCCTTCTGGGGTAT,0
AATCCTTTAACCCTGA,0
AATCGAAAAGGGATCG,0
AATCGAAAAGGTAGAA,0
AATCGAAAATACGGTT,0
AATCGAAAGTAAGACA,0
AATCGAAATAGCCCAT,0
AATCGAAATGATAATG,0
AATCGAAATTACGAAA,0
AATCGAAGGCCCAACC,0
AATCGAATAAAAAGCG,0
AATCGACAACCTCCTA,0
AATCGACACCTCCGGA,0
AATCGACAGGGGACAA,0
AATCGACGTCGACACA,0
AATCGAGACGCTAAAG,0
AATCGAGAGAACTCTC,0
AATCGAGAGCATCTTA,0
AATCGAGCGATATGAA,0
AATCGAGGCGTTTGGA,0
AATCGAGGGAGTCACG,0
AATCGAGTAAACTTAC,0
AATCGATAACACGGAT,0
AATCGATCCTTTACTG,0
AATCGATCTGCCAGCA,0
AATCGATGCACTTAAT,0
AATCGATTCAGACCTA,0
AATCGCAAAACAATCT,0
AATCGCAACAGTAATA,0
AATCGCAATGGTACCT,0
AATCGCCACACGAACA,0
AATCGCCCTAAAACAC,0
AATCGCCCTGGTGAGT,0
AATCGCCTACATCGGG,0
AATCGCGAGCTCCGTT,0
AATCGCGGGTCTAAGT,0
AATCGCTACGTAAACA,0
AATCGCTCATGATCGA,0
AATCGGACCTGATGTC,0
AATCGGACTATTCTTA,0
AATCGGACTCTCTGGA,0
AATCGGATTAAGGGGA,0
AATCGGCAATAAACTA,0
AATCGGCAATCAACAC,0
AATCGGCATCGTCACC,0
AATCGGCCCAAGCTAA,0
AATCGGGTTATTCGTT,0
AATCGGTAGTATCACC,0
AATCGGTATATTTATG,0
AATCGGTGAACAAATG,0
AATCGTACTCATGCTA,0
AATCGTAGTAAAAACA,0
AATCGTCGGAGTGACG,0
AATCGTGCACGCTTCT,0
AATCGTGGCGAGGGAA,0
AATCGTTAAAGAGAAT,0
AATCGTTAATTTTTCA,0
AATCGTTCTATAGGTC,0
AATCGTTTTGCATAAT,0
AATCTAAAATAACCTA,0
AATCTAAATCTGGAGG,0
AATCTAACAAATAGTA,0
AATCTAACAGACTTAA,0
AATCTAACATTCCCAG,0
AATCTAACCAAACAAC,0
AATCTAACGAATGTCA,0
AATCTAAGAGAGCAAC,0
AATCTAAGATTGAGAA,0
AATCTAATTATTAAGT,0
AATCTACAACTCTTTA,0
AATCTACAGGTGCTAT,0
AATCTACCCAACTACT,0
AATCTACCCTGGCCAA,0
AATCTACGATATTTGA,0
AATCTACGCTGCTACA,0
AATCTACGTTTACAAT,0
AATCTACTAATACTAC,0
AATCTACTCATATAGC,0
AATCTACTGAGTATCA,0
AATCTAGAGGTCAACT,0
AATCTAGCAACCCACA,0
AATCTAGCCAGCACAA,0
AATCTAGCGCAAAATT,0
AATCTAGCTGTTTTAT,0
AATCTAGTCTAAACGG,0
AATCTAGTTGAACAGC,0
AATCTATATTATAACC,0
AATCTATCCGACCACG,0
AATCTATTACACCAAC,0
AATCTATTTAAACGCG,0
AATCTCAAAAGAATCG,0
AATCTCAAGATAGATA,0
AATCTCAATATTGGCG,0
AATCTCACAGGGTTCT,0
AATCTCACTGAAAATT,0
AATCTCAGATGATTAA,0
AATCTCATTGGGTTTT,0
AATCTCCAGACGAATA,0
AATCTCCAGATTTCTA,0
AATCTCCTAATATACC,0
AATCTCGAGAATAAAA,0
AATCTCGATAAAAGAA,0
AATCTCGATTTTGGTA,0
AATCTCGGCCAAAAAA,0
AATCTCGTCTCGGTAC,0
AATCTCTAACCAAAGG,0
AATCTCTCCTGACTCT,0
AATCTCTTACGTACGA,0
AATCTCTTCTATGCTG,0
AATCTCTTGAAGCGTA,0
AATCTGAAGCGAAACA,0
AATCTGAATCATTAAA,0
AATCTGAGGTAATCAA,0
AATCTGAGTTGGCTGA,0
AATCTGATCACCACCA,0
AATCTGCAATGATTAA,0
AATCTGCCTAACGATG,0
AATCTGCGAGTATATT,0
AATCTGCTCCAGCTAC,0
AATCTGGAAAAGTAAC,0
AATCTGGCTTAAATAG,0
AATCTGGTTCTACAGA,0
AATCTGTAGTACCTGT,0
AATCTTACCTACTAAG,0
AATCTTAGGCATACTC,0
AATCTTATGGAACTTT,0
AATCTTCAACCGGATA,0
AATCTTCACAAACGCC,0
AATCTTCATTGTTAGA,0
AATCTTGAGGAGTTTG,0
AATCTTGGAAACGATA,0
AATCTTTATATCAACT,0
AATCTTTTCGATCTAT,0
AATGAAAAATCACACT,0
AATGAAAAATCTCTCC,0
AATGAAAAATTGAATA,0
AATGAAAATGAATTAA,0
AATGAAAGCCATACTA,0
AATGAAAGGTGGCCCA,0
AATGAAAGTCTTATAT,0
AATGAAAGTGAATGAC,0
AATGAAATCTTATAAG,0
AATGAAATTTAAACGT,0
AATGAACAATAGTTAC,0
AATGAACACGAAAAGT,0
AATGAACATTAGGGAC,0
AATGAACCAATACGTA,0
AATGAACCTTACTATA,0
AATGAACGAGTTATAG,0
AATGAACGGGAGAATA,0
AATGAACTAGCAGGCT,0
AATGAAGCAACGATCC,0
AATGAAGCCTATAAAA,0
AATGAAGCCTATCCCC,0
AATGAAGGGCGAATCC,0
AATGAATAACTTGGAG,0
AATGAATAAGAAGTCA,0
AATGAATAAGTTAAAT,0
AATGAATACCGAAACC,0
AATGAATACCGGCAAA,0
AATGAATCATCCGAAC,0
AATGAATCTATCATAA,0
AATGAATGGCCTAGCA,0
AATGAATGTAATTCGA,0
AATGAATTACCGCAAA,0
AATGAATTATAGGGGT,0
AATGAATTTATTTAAC,0
AATGAATTTCGACGCT,0
AATGACAAATGCAAGG,0
AATGACACATAAGATG,0
AATGACACATCCAACA,0
AATGACAGCACGAACT,0
AATGACAGCCACTCCC,0
AATGACATCATCGCCT,0
AATGACCAACATAAAA,0
AATGACCAGTCATTGA,0
AATGACCCCTCATAAT,0
AATGACCTCCAAGATT,0
AATGACCTGTTGTAAC,0
AATGACGAAACAAAAA,0
AATGACGGTAGCTGAA,0
AATGACTACACCACAT,0
AATGACTCAAAAGACC,0
AATGACTCACTAAGTG,0
AATGACTCTTAGTCCA,0
AATGACTGATTCAACA,0
AATGAGAACCCGCATA,0
AATGAGAATCTGGCTT,0
AATGAGACCGTTCTGT,0
AATGAGAGCCACGTCA,0
AATGAGATAAAGTCCC,0
AATGAGATCAACGTAA,0
AATGAGATTAAAGCCT,0
AATGAGCCTAGACTTT,0
AATGAGCTAGTAATAA,0
AATGAGGATAAGCTTA,0
AATGAGGCGTAAACAG,0
AATGAGTAAACCTTGA,0
AATGAGTGACTAACAA,0
AATGAGTGGACGCTAG,0
AATGAGTGGATAACGG,0
AATGAGTTAGTTAAGG,0
AATGAGTTTATATAGA,0
AATGAGTTTCTACACA,0
AATGATAAAACTCGAG,0
AATGATAAAAGACAAA,0
AATGATAAACTACCGT,0
AATGATAACTACTCGT,0
AATGATAACTTTGTTA,0
AATGATAAGCACACAC,0
AATGATAATTCCAGCA,0
AATGATACAGAGAACA,0
AATGATACGAATAGGG,0
AATGATAGATGTATCA,0
AATGATAGTACCCATT,0
AATGATATAAACTAAG,0
AATGATATACGAGTCA,0
AATGATATCACAATAT,0
AATGATCAGTCAAGCA,0
AATGATCCTATTCACC,0
AATGATCGACCAAAAG,0
AATGATCGTAAGATCT,0
AATGATCTCAAATCGC,0
AATGATCTCTTTAGCG,0
AATGATGACCACCAGT,0
AATGATGGACGAACAT,0
AATGATGGCGTGTAAT,0
AATGATGGGACGGATA,0
AATGATGTCGGGTTTC,0
AATGATTCAAAATGAA,0
AATGATTCCCGTAGCC,0
AATGATTCGGAATACA,0
AATGATTTACGCGTGC,0
AATGATTTATCAAGCT,0
AATGATTTCAGTGGAT,0
AATGATTTGAAATCTA,0
AATGATTTGATACAAT,0
AATGCAAAAGCGACAT,0
AATGCAAACTAATTTT,0
AATGCAAAGACCCTTT,0
AATGCAAAGCAGTTTA,0
AATGCAAATTCAATTG,0
AATGCAACAAACAACA,0
AATGCAACACATCCCC,0
AATGCAACATAGAAAA,0
AATGCAACCCCTGATA,0
AATGCAAGGGAATACG,0
AATGCAATAAAGTAAC,0
AATGCAATACACTCTA,0
AATGCAATAGTTTAGC,0
AATGCAATATACTACA,0
AATGCAATGACAATTA,0
AATGCACCACAAATGC,0
AATGCACCCATAGTAA,0
AATGCACGAACACCAG,0
AATGCACGCAATATAA,0
AATGCACGCCAACCAA,0
AATGCACTTATAATGT,0
AATGCAGATTGATTCT,0
AATGCAGCCCCACTCC,0
AATGCAGCGTTTTCTT,0
AATGCAGGTAGATGTC,0
AATGCATAAAAAATCC,0
AATGCATAAAATATTG,0
AATGCATAGTAACACT,0
AATGCATCCGGGCAGA,0
AATGCATGCAACCTTA,0
AATGCATGCTGTTTAC,0
AATGCCAACATCCCAT,0
AATGCCAAGCAGAACT,0
AATGCCATGAATAATG,0
AATGCCCAAACACATA,0
AATGCCCATTAGGTTA,0
AATGCCGAGCCCAAGT,0
AATGCCGCAAACCAAC,0
AATGCCGGAAAGCCGG,0
AATGCCTACTACATGA,0
AATGCCTCGAGAGTGG,0
AATGCCTCGCCACATG,0
AATGCCTGTGATATCG,0
AATGCCTTATTTTTTT,0
AATGCCTTGGGAGTCA,0
AATGCCTTTAACGCAT,0
AATGCGACTTACAGAC,0
AATGCGAGCCTTAAAA,0
AATGCGATGATATTCT,0
AATGCGCAAAAAATCC,0
AATGCGCCTCGCTGAC,0
AATGCGCGGGAGTGAA,0
AATGCGCTCTCTAAAG,0
AATGCGGACAATAAAG,0
AATGCGGACACTCTAG,0
AATGCGGATACATCGA,0
AATGCGGTTACGAACC,0
AATGCGTAAATTGTTA,0
AATGCGTAACTGAATC,0
AATGCGTACAAACGTG,0
AATGCGTACCTTAATA,0
AATGCGTCCAATAATT,0
AATGCGTCTCTCGCGC,0
AATGCGTGTAAACGGA,0
AATGCGTTAGGAGGAA,0
AATGCGTTAGTGAGCA,0
AATGCTAATTGGAAGC,0
AATGCTACCTAAACCC,0
AATGCTACTCTAGCAC,0
AATGCTATATGACTCG,0
AATGCTCAGCTTTATC,0
AATGCTCAGGAACCGA,0
AATGCTCATATATTAC,0
AATGCTCCTTTCGTCG,0
AATGCTCGAGGTTAAA,0
AATGCTCGGCCGGTAT,0
AATGCTCTCTCAAAGA,0
AATGCTGAAAAGAATA,0
AATGCTTACGCCTCTG,0
AATGCTTCAAAACTTC,0
AATGGAAAAGAATCAC,0
AATGGAAACACCACGC,0
AATGGAAACTGTTAGA,0
AATGGAAATTGCAATA,0
AATGGAACTGTATCAA,0
AATGGAATTATAACAA,0
AATGGACAAATAAAGT,0
AATGGACACTGAAAAT,0
AATGGACATAATAGCC,0
AATGGACCAAACTGAC,0
AATGGACCACAGAGCA,0
AATGGACCCCAGTCCA,0
AATGGACGTACGATAA,0
AATGGACTAACAAGTG,0
AATGGACTACATGGGT,0
AATGGACTACCCGGCA,0
AATGGAGACCTCAAGT,0
AATGGAGCTACCGAAT,0
AATGGAGGCATAAATT,0
AATGGAGGGTACATAT,0
AATGGAGTATTACGTC,0
AATGGATAAGTCACAA,0
AATGGATAATATGACA,0
AATGGATAGCATTGTT,0
AATGGATAGGTTCGCA,0
AATGGATCTATTAGCT,0
AATGGATCTGTGTGGC,0
AATGGATGCATATCCG,0
AATGGATGGACCGCGC,0
AATGGATTTAAAGGAA,0
AATGGCAAAGCGTGTA,0
AATGGCACAATTTAAG,0
AATGGCACCGAGGAAA,0
AATGGCACGAACTTGA,0
AATGGCCATGAGAAAG,0
AATGGCCCACACCATC,0
AATGGCCCATTGGTTT,0
AATGGCCGGTGAATAG,0
AATGGCGACGAATTTA,0
AATGGCGAGTGTTGGA,0
AATGGCTAATCCACTG,0
AATGGCTCCAAGAAGT,0
AATGGCTTCCCATAAA,0
AATGGGACTTACATAT,0
AATGGGAGCACGCTAC,0
AATGGGAGGACTCGGG,0
AATGGGAGTTAAGATA,0
AATGGGCCAGATACGT,0
AATGGGCGGTACAGGA,0
AATGGGGAACAACCAC,0
AATGGGGTTAAGGCGA,0
AATGGGTTCCTTTACG,0
AATGGTAAATTTTCTT,0
AATGGTAACACTACAA,0
AATGGTAACGATAATA,0
AATGGTACATAGAACC,0
AATGGTACGCTCACAG,0
AATGGTAGAAGGCGAA,0
AATGGTATAGAGAGAA,0
AATGGTATGCCGATCA,0
AATGGTCTCTTAATTA,0
AATGGTGAGCAGAATG,0
AATGGTTATGTTTTTA,0
AATGGTTCGGGCATGT,0
AATGTAAAATACGACA,0
AATGTAAAATGAGCAG,0
AATGTAAACGACAATA,0
AATGTAAAGGTAAAGG,0
AATGTAACACATATTT,0
AATGTAACTCACAATG,0
AATGTAAGAGACCGTA,0
AATGTAATACGAAAGA,0
AATGTAATATGTTCTA,0
AATGTAATCGGTCAAA,0
AATGTACAGTGCTTTC,0
AATGTACGACGCCATA,0
AATGTACGCGCACGAC,0
AATGTAGAAACTCGAG,0
AATGTAGAGTCCATAG,0
AATGTAGATCTCGCAT,0
AATGTAGCATGAGGGG,0
AATGTATAAAAAAATT,0
AATGTATAAGACTTTC,0
AATGTATAAGCCGAAC,0
AATGTATACACTTAAA,0
AATGTATACCTAATCA,0
AATGTATATGTTATCC,0
AATGTATCTGTTAGCT,0
AATGTATGAGCATGCT,0
AATGTATGATCACGAC,0
AATGTATGCTTTAGGC,0
AATGTATTAGAAAACC,0
AATGTCAAAAAATATT,0
AATGTCAAACCATGAG,0
AATGTCAAATGCCTCC,0
AATGTCACGACAGTTT,0
AATGTCAGCTCTAACA,0
AATGTCAGTTTAAAGT,0
AATGTCATTCGGTAAA,0
AATGTCCCAATCGATA,0
AATGTCCCGTAGAGGC,0
AATGTCCGGCCTTCAA,0
AATGTCGAGAATCACC,0
AATGTCTAGCGCTTAA,0
AATGTCTCCCTAAACA,0
AATGTCTCTTTCGAAA,0
AATGTCTTATTCCGAG,0
AATGTCTTTATCTAGG,0
AATGTGAATAACAATG,0
AATGTGACAGCTTACT,0
AATGTGACATTTGTGC,0
AATGTGACCAAATAAA,0
AATGTGCACCGATTTT,0
AATGTGCAGCCAAATG,0
AATGTGGGGCATGTAA,0
AATGTGTTTCATAGTA,0
AATGTTAAAAGCAAAG,0
AATGTTAAGAACACGC,0
AATGTTATAAGTCGTA,0
AATGTTCAAAGAGCCT,0
AATGTTCAAATACTTT,0
AATGTTCACCAAAGAA,0
AATGTTCATTGACACG,0
AATGTTCCTAGTCAAA,0
AATGTTCGCGGGTGCA,0
AATGTTCTAGAGTGGT,0
AATGTTGACGACCCAA,0
AATGTTGGCGCAATTC,0
AATGTTGTCAGAGACG,0
AATGTTGTCATCCTAG,0
AATGTTTTTCAAAGCT,0
AATTAAAAATATGAAG,0
AATTAAAAGCCAAAAA,0
AATTAAAAGTTACATA,0
AATTAAAATCTTAGAA,0
AATTAAACCAACTGCC,0
AATTAAACGATGACTA,0
AATTAAACTCGAACTA,0
AATTAAACTCGCCCCA,0
AATTAAACTGACTAAA,0
AATTAAACTTCTAACT,0
AATTAAAGATTACAGA,0
AATTAAAGGCACCATA,0
AATTAAATCCAAAAAA,0
AATTAAATGGTTGAAT,0
AATTAACAAAGACAGT,0
AATTAACAACTTCTTT,0
AATTAACAAGTAAACC,0
AATTAACAATGTAGTC,0
AATTAACAATTGTGTC,0
AATTAACATAGAGTAA,0
AATTAACATCGGGGGA,0
AATTAACCCGTTAAAA,0
AATTAACGAGTTATAC,0
AATTAACGGCTAAACA,0
AATTAACGGTCAAAAA,0
AATTAACTACCGGGAT,0
AATTAACTAGAATAAT,0
AATTAACTATTGAAAC,0
AATTAACTTCGTAGCA,0
AATTAAGAGAAAATAC,0
AATTAAGCAACGTCCG,0
AATTAAGCCATCGACA,0
AATTAAGCGAAAAAAG,0
AATTAAGGAGTGACAC,0
AATTAAGGCGATTGCA,0
AATTAAGTAACAAAAT,0
AATTAAGTAACACTTT,0
AATTAAGTATATACTC,0
AATTAATCAAATTCAG,0
AATTAATCGCACACCT,0
AATTAATCGCTAGTAG,0
AATTAATCTAGTGCTG,0
AATTAATCTCCGAAAT,0
AATTAATCTGGACTTC,0
AATTAATGTGAACTTG,0
AATTAATTACCTTCAA,0
AATTAATTAGAAACGA,0
AATTACAAAAATAATT,0
AATTACAACGAAGTTT,0
AATTACAATGTGCTAA,0
AATTACACTGGGTGAC,0
AATTACATATCAACAA,0
AATTACATCAATATCG,0
AATTACCAACTAAAGG,0
AATTACCAAGTGAAGT,0
AATTACCATAGTTTCG,0
AATTACCATGACTACG,0
AATTACCATTTTAGAT,0
AATTACCCAGTAGGTG,0
AATTACCCATAGAACC,0
AATTACCCGTAGGATG,0
AATTACCTCTACCGAC,0
AATTACGAAGAAATGG,0
AATTACGACAGCTTAA,0
AATTACGACCGAATCG,0
AATTACGAGATAATTT,0
AATTACGAGATTTGGA,0
AATTACGCAATCGCAC,0
AATTACGCGCTACTTA,0
AATTACGTAACATGTA,0
AATTACGTGCAAAACA,0
AATTACTAAGATAAAA,0
AATTACTAATGTAAAC,0
AATTACTATCCTCATC,0
AATTACTATTGCACTT,0
AATTACTCGGTGTCGC,0
AATTACTGTCCGTACA,0
AATTAGAAATGACAAC,0
AATTAGAAGACTATCG,0
AATTAGACAAACTGTA,0
AATTAGACAAATACCT,0
AATTAGACAACAAGTA,0
AATTAGACCTGAATTT,0
AATTAGAGCCTGCTTT,0
AATTAGATAGGACCTC,0
AATTAGCCAAAATCAC,0
AATTAGCCCGAAAAAC,0
AATTAGCCTGGCAACT,0
AATTAGCGAGATAAAC,0
AATTAGCTCACTGCGT,0
AATTAGCTCTATGCGC,0
AATTAGCTGGACATCC,0
AATTAGGACAATCCAT,0
AATTAGGCTGTTCCGC,0
AATTAGTCAACTAATA,0
AATTATAAAACCTGAA,0
AATTATAAAATTCATT,0
AATTATAAAGTATCGG,0
AATTATAAATAGAAGA,0
AATTATAAATATTACT,0
AATTATAACCCTCTCT,0
AATTATAAGGACCTTT,0
AATTATAATTAAAAAA,0
AATTATACAAATCTCG,0
AATTATACAATTACAC,0
AATTATACGCCAATAC,0
AATTATACGCTTTCGG,0
AATTATACTCTGCGAC,0
AATTATAGGCAAGCTT,0
AATTATATAAAAAAAT,0
AATTATATACCTACTA,0
AATTATATCAATGGTC,0
AATTATCATTCTATAT,0
AATTATCCGTTGACAC,0
AATTATCCTCAAGCGC,0
AATTATCGCTAACAAA,0
AATTATCGGAGTATAC,0
AATTATCTACGAACAT,0
AATTATGACCACCTGA,0
AATTATGAGAATGAGT,0
AATTATGCATGAAATT,0
AATTATGGAGATAATT,0
AATTATGGCCTAATAG,0
AATTATGTTTGCTATC,0
AATTATTACTAGACAT,0
AATTATTACTGAATCG,0
AATTATTACTTCGTAA,0
AATTATTATGACAAGT,0
AATTATTATGATGAAA,0
AATTATTCCAAACAAT,0
AATTATTGAGGTTTTC,0
AATTATTGGAATATGC,0
AATTATTGGTCATCGC,0
AATTATTTTCCAGAAC,0
AATTCAAAAAGTCGAC,0
AATTCAAAAGAGTAAT,0
AATTCAAATCAACTTT,0
AATTCAAATTTTTAGA,0
AATTCAACCAAGATGT,0
AATTCAACCTACAAAT,0
AATTCAAGAAAGGCTG,0
AATTCAAGCTCACCAA,0
AATTCAAGTCGCAAGG,0
AATTCAATAACTAGAA,0
AATTCACAATTTCGTA,0
AATTCACAGCCCAAAT,0
AATTCACCAATAGTTT,0
AATTCACCCCCATTCA,0
AATTCACCCCGAAAGT,0
AATTCACCTACTGCAA,0
AATTCACGAAGGCCCA,0
AATTCAGATCCAAATA,0
AATTCAGTAACTCAGA,0
AATTCATAAGAAGGGC,0
AATTCATAAGCCAGAT,0
AATTCATACTTCTACA,0
AATTCATTACAGGTAT,0
AATTCATTAGCACTAT,0
AATTCATTATATCGAA,0
AATTCCAACGACACAG,0
AATTCCACAGGTCTTC,0
AATTCCACTAGAAATG,0
AATTCCAGGAATCATT,0
AATTCCATAAATGGCA,0
AATTCCATGATGAGGT,0
AATTCCCCGAAAAGAT,0
AATTCCCGAATATCGG,0
AATTCCCTAAAAACCC,0
AATTCCCTCATTCCAA,0
AATTCCGCTGATCAGC,0
AATTCCTGAGATAAAC,0
AATTCCTGATACGCAT,0
AATTCGAAACCGATGG,0
AATTCGAACGTTGACT,0
AATTCGAATCATATAG,0
AATTCGACAAAATGTA,0
AATTCGACGTGACCAG,0
AATTCGAGTAATTCAT,0
AATTCGAGTCGAGCAT,0
AATTCGATGTGATCCT,0
AATTCGCACGAATCAC,0
AATTCGCCGTAAGTCC,0
AATTCGCGTTACAATC,0
AATTCGCTACCCAAAT,0
AATTCGCTACTAAAGA,0
AATTCGCTATTTAGTA,0
AATTCGCTCACCGGAG,0
AATTCGGCTTTTGTGG,0
AATTCGTCATGTGGTA,0
AATTCTAAAGGTTCGT,0
AATTCTAACTCCAACG,0
AATTCTAATACTGACG,0
AATTCTACCAATAGTA,0
AATTCTACCAGCACAA,0
AATTCTACTCATAAAT,0
AATTCTAGAGCACTAT,0
AATTCTATGTTAGACC,0
AATTCTCAGAAGCGAG,0
AATTCTCAGTTTCCTC,0
AATTCTCCTTAGAAAA,0
AATTCTGACAGCAGAA,0
AATTCTGTGCGCTCAA,0
AATTCTTAATAACCTG,0
AATTCTTACCAGATTA,0
AATTCTTATCTATCCG,0
AATTCTTCAAATTTCA,0
AATTCTTCCAACCACA,0
AATTGAAAATTACAGA,0
AATTGAAAGAAGCGGA,0
AATTGAAAGGGCCCAG,0
AATTGAACGGAGTCGC,0
AATTGAACTTATATTT,0
AATTGAAGGCTTACAA,0
AATTGAAGTTGAACAT,0
AATTGAATACAGTCTA,0
AATTGAATCCAAATTT,0
AATTGACACCTCACAC,0
AATTGACATCCATGCC,0
AATTGACATTTCCAGT,0
AATTGACCTAACATTC,0
AATTGACTGAGACAAC,0
AATTGACTTATTCCCG,0
AATTGAGACCTAAACT,0
AATTGAGTTAATATAA,0
AATTGATACCTGGTTA,0
AATTGATACTCCTTGA,0
AATTGATCTAAAAACA,0
AATTGATGCTTCGCCG,0
AATTGATTCAACAGCA,0
AATTGATTGCCTACGG,0
AATTGATTTTCCGAAC,0
AATTGCACCTGTACTA,0
AATTGCAGCTTACTGT,0
AATTGCATGGGACATG,0
AATTGCCATACCACAA,0
AATTGCCCATACGCGA,0
AATTGCCCATAGCCTG,0
AATTGCCGAGCAAATG,0
AATTGCCGAGCTATAG,0
AATTGCCTAATAAGCA,0
AATTGCGAAGTGCTAT,0
AATTGCGCATCGCGGT,0
AATTGCGGTTACCCCA,0
AATTGCGTATATAAGA,0
AATTGCTAATTTAAGA,0
AATTGCTCAAGTGATG,0
AATTGCTCTCATACGT,0
AATTGCTGTACAAACA,0
AATTGCTTCATACGGG,0
AATTGCTTGAATGGGT,0
AATTGGAAGATAAGTA,0
AATTGGATCCATAATT,0
AATTGGCACTGATAAC,0
AATTGGCGATGATAAA,0
AATTGGGAACGACTAA,0
AATTGGGAAGTTGGGA,0
AATTGGTAAAAAGCCT,0
AATTGGTACTAAATCT,0
AATTGGTGACGTCATC,0
AATTGTAAACATGGCC,0
AATTGTACCCTTAAGT,0
AATTGTACTAATTATT,0
AATTGTCAACGACAGC,0
AATTGTCAATATACAT,0
AATTGTCAATCCAATT,0
AATTGTCAATTCATGA,0
AATTGTCCAAAATATA,0
AATTGTCCATCAACCA,0
AATTGTGAAATTAGCT,0
AATTGTGATAAGGATG,0
AATTGTTGAATACTGC,0
AATTGTTGTCTTCCCT,0
AATTGTTTATAAACAG,0
AATTGTTTCGATGCAG,0
AATTTAAAAAATCTTT,0
AATTTAAAACAATGTA,0
AATTTAAAAGCCTCGA,0
AATTTAAACGCTTGCT,0
AATTTAAATACATCAA,0
AATTTAAATTGCGCGA,0
AATTTAACACACACGG,0
AATTTAACCTAAATCG,0
AATTTAACTGCCTAAG,0
AATTTAAGCTGACACC,0
AATTTAAGGACAAAAC,0
AATTTACAAAGCAAAC,0
AATTTACAAGTCAAAC,0
AATTTACAATTCAAAC,0
AATTTACAATTGAAAA,0
AATTTACACTTTAATG,0
AATTTACATGTCCAAC,0
AATTTACCCACGTACT,0
AATTTACGATACGCCT,0
AATTTACGCGCAAAAT,0
AATTTACGCTCAGGAT,0
AATTTAGAACCTTTTC,0
AATTTAGCAAACGCAA,0
AATTTAGTTGTAAAAA,0
AATTTATAACATCCAT,0
AATTTATACACAAGAA,0
AATTTATAGAGGCAGA,0
AATTTATATTGACAAG,0
AATTTATCAACTTGAA,0
AATTTATCACTAACCT,0
AATTTATCATCAAAGT,0
AATTTATCTTGGCTTT,0
AATTTATGCATGTGTG,0
AATTTATGGCTGTATG,0
AATTTATGTTAGAATA,0
AATTTATTATAGATTA,0
AATTTATTTGGACGCA,0
AATTTCAACTATCTAG,0
AATTTCAAGGCACTCT,0
AATTTCAATCTCTCAT,0
AATTTCACGCTGAGAC,0
AATTTCACGTCTACCT,0
AATTTCACTTAATCAT,0
AATTTCAGAGCAGAAC,0
AATTTCATTTTATACA,0
AATTTCCAACACACTT,0
AATTTCCATTTTGAGA,0
AATTTCCCAAGTGAAA,0
AATTTCCCACATTACA,0
AATTTCCCATGTGAGA,0
AATTTCCCCTGCACTG,0
AATTTCCTATAATAAA,0
AATTTCGACTATAACA,0
AATTTCGATTTACAAG,0
AATTTCGCGTACACGA,0
AATTTCTAGATTAGAC,0
AATTTCTCGTCAACCC,0
AATTTCTGATTCAAAT,0
AATTTCTGTTAGCCTA,0
AATTTCTTAATCATGA,0
AATTTCTTCTGGCCGC,0
AATTTGAAAGACAATG,0
AATTTGCTGAAACAGT,0
AATTTGCTGATTCTGT,0
AATTTGCTTGGTACTT,0
AATTTGGAAAAGCTGC,0
AATTTGGACTAATACA,0
AATTTGGCCAAGACTC,0
AATTTGGCCGGACCAC,0
AATTTGGCGTGAAATG,0
AATTTGGTGAACTTCA,0
AATTTGTCACAATGCT,0
AATTTGTCTTTCGAAC,0
AATTTGTGGAGTGACA,0
AATTTGTTTTCGTTGA,0
AATTTTAAAAACATGA,0
AATTTTAACTTCGTCC,0
AATTTTAAGCAGTCTA,0
AATTTTACAACCACAT,0
AATTTTACCCTCTTAG,0
AATTTTACGAAGATAA,0
AATTTTAGATCCGACA,0
AATTTTAGTACCACCA,0
AATTTTAGTGTTATGT,0
AATTTTAGTTGCTCCT,0
AATTTTATGAACTGAG,0
AATTTTATTTTAATGC,0
AATTTTCAAATATGTC,0
AATTTTCAATATAGAG,0
AATTTTCATACAAGCA,0
AATTTTGAAGTTACAC,0
AATTTTGGAATTTAGA,0
AATTTTGGACAACGAA,0
AATTTTGGTCCGAGCT,0
AATTTTGTCCGCAACC,0
AATTTTGTGAGAAATC,0
AATTTTTATACACGAG,0
AATTTTTTAACACTGA,0
AATTTTTTAACATAAA,0
AATTTTTTGTCAAGGA,0
ACAAAAAAAACTTATC,0
ACAAAAAAACCGTGAA,0
ACAAAAAAATATAAAT,0
ACAAAAAACATGGGAA,0
ACAAAAAACTCTTTAG,0
ACAAAAAATCAGGCAT,0
ACAAAAAATCGTTCTC,0
ACAAAAAATGAAAGAT,0
ACAAAAACGCACCCAT,0
ACAAAAAGCAAAAAGA,0
ACAAAAAGCAAAAGTA,0
ACAAAAAGCAATCATA,0
ACAAAAAGCAATGTTA,0
ACAAAAAGTAAAACTA,0
ACAAAAATGAAGAGCA,0
ACAAAAATGCTCCAAA,0
ACAAAAATTACCTTTA,0
ACAAAAATTGGATGAT,0
ACAAAAATTTGAAATA,0
ACAAAACAAAACAACA,0
ACAAAACAATCATAGA,0
ACAAAACACAAGTACT,0
ACAAAACACCCAGATA,0
ACAAAACAGAAACCCT,0
ACAAAACAGCGCTTAT,0
ACAAAACATCAAACTA,0
ACAAAACCACGTTTGT,0
ACAAAACCTAATCTGT,0
ACAAAACGCAAACAAA,0
ACAAAACTAAGCACCG,0
ACAAAACTACCATCGT,0
ACAAAACTAGGATTCC,0
ACAAAACTATAGCCCA,0
ACAAAACTCCCCCAGG,0
ACAAAACTCTAACTAT,0
ACAAAACTGCAGCCAA,0
ACAAAAGAAAGAAGAC,0
ACAAAAGAAATAATTC,0
ACAAAAGACATTTAAA,0
ACAAAAGATATTAGGA,0
ACAAAAGATGATCAAT,0
ACAAAAGCATATCGAA,0
ACAAAAGCTATATTCA,0
ACAAAAGGGCAAGAAA,0
ACAAAAGGGCGAACGG,0
ACAAAAGGGTCTACCT,0
ACAAAAGTATTAAGTT,0
ACAAAAGTCTGGTGAT,0
ACAAAATAAAAAAACA,0
ACAAAATACAACGTAT,0
ACAAAATACAACTGCA,0
ACAAAATAGACCTATG,0
ACAAAATAGATTACAC,0
ACAAAATAGTTTAATT,0
ACAAAATATAAAACTC,0
ACAAAATATTATTTAC,0
ACAAAATCAGTCAAAA,0
ACAAAATCCGGGGCCA,0
ACAAAATGACACATCA,0
ACAAAATGCAAACATC,0
ACAAAATTAAAAATAT,0
ACAAAATTCTCCCAGT,0
ACAAAATTTAGTCCCC,0
ACAAAATTTTGGGAGG,0
ACAAACAAACACGACA,0
ACAAACAAACCCCTTA,0
ACAAACAAAGAAATTA,0
ACAAACAAATATATGT,0
ACAAACAACTTATTTT,0
ACAAACAAGCAGAACC,0
ACAAACAATACAAGCT,0
ACAAACACAGACCAAT,0
ACAAACACATAATTTA,0
ACAAACACCCAAGCCA,0
ACAAACAGAACCAACC,0
ACAAACATAATAAACA,0
ACAAACATAGTCTTCA,0
ACAAACATCCATGTCC,0
ACAAACCAAAAAAGTG,0
ACAAACCAACAGCGAT,0
ACAAACCACATAGACC,0
ACAAACCACATGAGCT,0
ACAAACCCCATCACCC,0
ACAAACCCCATTAAGC,0
ACAAACCCGAGCCCGT,0
ACAAACCGAGAATTGA,0
ACAAACCGCCAAAGTT,0
ACAAACCGGACTATTA,0
ACAAACCGTGGTCGAA,0
ACAAACCGTTTTCCAA,0
ACAAACCTCATTGACG,0
ACAAACCTCCTAACTT,0
ACAAACGAGCATACGA,0
ACAAACGATCAGGAAC,0
ACAAACGATTTACGCT,0
ACAAACGCACTTTACC,0
ACAAACGGGAACCAGC,0
ACAAACGTATACATAC,0
ACAAACGTTGCTCCAG,0
ACAAACTACACCGTGC,0
ACAAACTACGGACCAA,0
ACAAACTATGTTCCAA,0
ACAAACTATTAGCACC,0
ACAAACTATTGCATCC,0
ACAAACTCAATTCATG,0
ACAAACTCCATCGATT,0
ACAAACTCCTGAACAT,0
ACAAACTGAAAAGGAG,0
ACAAACTGATGGGACG,0
ACAAACTGCAGTCGTA,0
ACAAACTGTCATCTTT,0
ACAAACTTACGAAGAA,0
ACAAACTTGCTAATTA,0
ACAAAGAAAAAAAGTG,0
ACAAAGAAAAGAAACG,0
ACAAAGAAATCCCCAC,0
ACAAAGAACAACAAGC,0
ACAAAGAACCTAAAAC,0
ACAAAGAACTAATGAT,0
ACAAAGAAGAAAGAAG,0
ACAAAGAAGACCACCC,0
ACAAAGAAGGACAAGT,0
ACAAAGAATCACCTCA,0
ACAAAGAATCCAAGGA,0
ACAAAGACAACAGTCA,0
ACAAAGACAGAAGTGA,0
ACAAAGACATACGGCT,0
ACAAAGACTACAATTT,0
ACAAAGACTATAGCGT,0
ACAAAGAGAACACCAA,0
ACAAAGAGAACTAGAA,0
ACAAAGAGAATCTATA,0
ACAAAGAGGTTTGTTA,0
ACAAAGAGTAGACCAC,0
ACAAAGAGTATAGGGT,0
ACAAAGCAACTAATAT,0
ACAAAGCAATATCAGA,0
ACAAAGCAGCAAGTTG,0
ACAAAGCATACACCAG,0
ACAAAGCATGAAAGTA,0
ACAAAGCCTATAACGC,0
ACAAAGCTAACAGAAA,0
ACAAAGCTGCCTATTT,0
ACAAAGGATGGAAGAG,0
ACAAAGGGAACAATGC,0
ACAAAGGTATCACAAA,0
ACAAAGGTCCCGAATG,0
ACAAAGGTCGTGAGCG,0
ACAAAGTACAACCCTG,0
ACAAAGTAGTAGTGCA,0
ACAAAGTCGCAGTAAT,0
ACAAAGTCTAATTAAT,0
ACAAAGTGAGATTCAA,0
ACAAAGTGGTATGGCG,0
ACAAAGTTATTAGACA,0
ACAAAGTTATTGTAGC,0
ACAAAGTTCCAATCCC,0
ACAAAGTTCGACGCGG,0
ACAAATAAAAAAACCA,0
ACAAATAAAATCGGAA,0
ACAAATAAATAGCCGG,0
ACAAATAAATCAGAAA,0
ACAAATAATTAGAATA,0
ACAAATAATTTACTCA,0
ACAAATACACCTCATA,0
ACAAATACTAAAGGCC,0
ACAAATAGTTGGAATT,0
ACAAATATAACACAGT,0
ACAAATATAACCGTGT,0
ACAAATATACACATTA,0
ACAAATATATAGAAGC,0
ACAAATATGAAAATTA,0
ACAAATCAAAGCACCC,0
ACAAATCAAATTTTAC,0
ACAAATCAACATTACA,0
ACAAATCAGAATCTTA,0
ACAAATCATCAGGCGT,0
ACAAATCCATTTACAA,0
ACAAATCGAATTGGGT,0
ACAAATCGACTTCCTG,0
ACAAATCGTCTGTTGC,0
ACAAATCTTCATTGTA,0
ACAAATGAAACATCCG,0
ACAAATGAAATCAAAA,0
ACAAATGAAATGTGTC,0
ACAAATGAATACTTCC,0
ACAAATGACACCCAAA,0
ACAAATGACTTCAAGG,0
ACAAATGAGACCGTTG,0
ACAAATGAGTATAGCA,0
ACAAATGCACGAAGTA,0
ACAAATGGAGCATACT,0
ACAAATGGCTTTTGTC,0
ACAAATGGTAGAAAAA,0
ACAAATGGTGCGCGTT,0
ACAAATGTAAACTTTA,0
ACAAATGTTAAAAGCC,0
ACAAATTAACAGATTG,0
ACAAATTAACAGGTTT,0
ACAAATTAACCACATC,0
ACAAATTACAAGTTTT,0
ACAAATTACTGCACTA,0
ACAAATTACTTATGAA,0
ACAAATTATATGTCAT,0
ACAAATTATGAAGTGA,0
ACAAATTGAAACAAAA,0
ACAAATTGACCCATTA,0
ACAAATTTGAAATATT,0
ACAAATTTTCTACAGT,0
ACAACAAAAATAGATC,0
ACAACAAAACTATAGA,0
ACAACAAAAGAACTAG,0
ACAACAAACATGAACT,0
ACAACAAACCTTTCAC,0
ACAACAAACGTTCTTC,0
ACAACAAAGAACAACT,0
ACAACAAAGCTATACA,0
ACAACAAAGTCCGCTA,0
ACAACAAATTACGCCT,0
ACAACAAGACATTAAG,0
ACAACAAGGATCTAGA,0
ACAACAATCACACAGT,0
ACAACAATTTTTACGA,0
ACAACACAATATCACC,0
ACAACACACAGGCCAT,0
ACAACACACGTCATAA,0
ACAACACATAGTACTA,0
ACAACACCCATTTACA,0
ACAACACGACCAACCA,0
ACAACACGACTAACAA,0
ACAACACGTCTAACAA,0
ACAACAGGACGGATTA,0
ACAACATACTAACCTA,0
ACAACATACTTGCACC,0
ACAACATATGAATTCA,0
ACAACATATTGGCAAG,0
ACAACATCCCAATTTG,0
ACAACATCGATGCTTC,0
ACAACATGTAACAAGC,0
ACAACATGTTGACCTT,0
ACAACATTCCATTTTA,0
ACAACCAAAAATAATG,0
ACAACCAAAAATCCGT,0
ACAACCAACAACATAA,0
ACAACCAACTCAAACG,0
ACAACCAAGAAACAGA,0
ACAACCACATATGGAC,0
ACAACCACCAGAGTCG,0
ACAACCACCAGGCTAA,0
ACAACCACGCGTACAC,0
ACAACCATAATTATGG,0
ACAACCATATGATGTG,0
ACAACCATGATAATGA,0
ACAACCATTTAGGTCT,0
ACAACCATTTTGTTTT,0
ACAACCCACTGTAAAG,0
ACAACCCAGACCAACA,0
ACAACCCATCCAACCG,0
ACAACCCGTGGCACTG,0
ACAACCCTACCAGTAA,0
ACAACCCTCCCAGGAA,0
ACAACCCTCTGCTTTA,0
ACAACCCTGAAGCACA,0
ACAACCGAAAAAGATT,0
ACAACCGTAAATCACA,0
ACAACCGTCAAGATAT,0
ACAACCTACCTGCGAT,0
ACAACCTATTCGATGA,0
ACAACCTCACATAATA,0
ACAACCTCCTAAGCAA,0
ACAACCTCGTAGATGA,0
ACAACCTGAAGGCGCA,0
ACAACCTGTCGACCTG,0
ACAACCTTAACATTGA,0
ACAACCTTACTTATGA,0
ACAACCTTCATTTAGT,0
ACAACCTTGGCTGAGA,0
ACAACGAAACACAAAC,0
ACAACGAAATTACGGC,0
ACAACGAACAGCGGTA,0
ACAACGACCAACCACA,0
ACAACGACTTTGTCAC,0
ACAACGAGTTGGACAA,0
ACAACGATCGTACGCA,0
ACAACGCAAATGGAAT,0
ACAACGCAATCATGAA,0
ACAACGCCCAGTAACA,0
ACAACGCGTGTATGTG,0
ACAACGGATAGTATAT,0
ACAACGGCTGCAGATT,0
ACAACGTCAGCGTGTT,0
ACAACGTCTAAATTCA,0
ACAACGTGACCCATAA,0
ACAACGTGCCTGAAAA,0
ACAACTAAACTTAAAG,0
ACAACTAACAAACATG,0
ACAACTACATCAGTGT,0
ACAACTACCTGCTAAA,0
ACAACTAGCTAGAACT,0
ACAACTATAAACCTCC,0
ACAACTATACACACTC,0
ACAACTATCCTTAGGG,0
ACAACTATTTACTAAC,0
ACAACTCAACGGACAA,0
ACAACTCACATAAGAT,0
ACAACTCATACATGTC,0
ACAACTCCCGTAAATA,0
ACAACTCGCAAGAACC,0
ACAACTCGCGTCAAGC,0
ACAACTCTAGAACCGT,0
ACAACTCTTTACTTCG,0
ACAACTGAACTAGATC,0
ACAACTGAAGAACGAC,0
ACAACTGACATGGCGT,0
ACAACTGATGAGCACA,0
ACAACTGGCGACAACG,0
ACAACTGTCCGATATC,0
ACAACTTACAAGAAAA,0
ACAACTTACATAAAAG,0
ACAACTTATAAAACCA,0
ACAACTTATAAGAAGC,0
ACAACTTGACCAATCC,0
ACAACTTGCCTCACAA,0
ACAACTTTAATACTAT,0
ACAACTTTACCTAACA,0
ACAAGAAACAAAATTG,0
ACAAGAAATAGTTGCT,0
ACAAGAAATTATATAT,0
ACAAGAACTACTTACC,0
ACAAGAACTTGCAGTG,0
ACAAGAAGCTTTAAAT,0
ACAAGAAGGTACCCAT,0
ACAAGAATCCTCTCAG,0
ACAAGACAAGGACTCC,0
ACAAGACACGAACGGC,0
ACAAGACATCAATTAG,0
ACAAGACCATTAGATC,0
ACAAGACCCTTATGAC,0
ACAAGACCTACTTGAA,0
ACAAGACTAGAACATC,0
ACAAGACTCCTGAACA,0
ACAAGAGGGGATGTCA,0
ACAAGAGTTTGCGAAC,0
ACAAGATAAGCCAAAT,0
ACAAGATAATATCAAG,0
ACAAGATATGCAGGCG,0
ACAAGATGTTGACAAT,0
ACAAGATTAATCATTG,0
ACAAGATTACAACATC,0
ACAAGATTATCAACTT,0
ACAAGCAAGGACAGCC,0
ACAAGCAATTAAGATA,0
ACAAGCAGATTGATGA,0
ACAAGCATCATACATA,0
ACAAGCATGGAGTTGT,0
ACAAGCATTAACAAAT,0
ACAAGCATTGTGTAAA,0
ACAAGCCAAAAAAAGG,0
ACAAGCCATATCCTAA,0
ACAAGCCATTGTCTTC,0
ACAAGCCCATTACGCT,0
ACAAGCCTAAACAACG,0
ACAAGCCTCACAGCTC,0
ACAAGCCTCAGCCTAT,0
ACAAGCCTCTAATACT,0
ACAAGCGATTGCTTGG,0
ACAAGCGCGTCCGAAT,0
ACAAGCGTATTCACCC,0
ACAAGCTACAAATCCT,0
ACAAGCTATTGGTGTG,0
ACAAGCTCAATCAATA,0
ACAAGGACTGTACTTT,0
ACAAGGAGCCAACATT,0
ACAAGGAGTTCAAAAC,0
ACAAGGATCGAAGTAC,0
ACAAGGCCTCGCACAA,0
ACAAGGCCTCGTAGCA,0
ACAAGGCTTCCCGAGC,0
ACAAGGGAGATCATTA,0
ACAAGGGAGGCAACTT,0
ACAAGGGTGACTGAGG,0
ACAAGGTAAGAATAAC,0
ACAAGGTATGAAGTAT,0
ACAAGGTATTTCAGCA,0
ACAAGGTCACGAGGCT,0
ACAAGGTTGTAGGTGC,0
ACAAGTAAACCGTCAG,0
ACAAGTAACAGCAAAA,0
ACAAGTAATAAATACA,0
ACAAGTAATTCGGTGG,0
ACAAGTACCCGCTAAT,0
ACAAGTACGATTTGGT,0
ACAAGTACTTAATTAG,0
ACAAGTCATTGGAACT,0
ACAAGTCTATCCATAC,0
ACAAGTGAAACCCAAA,0
ACAAGTGACCTGAAAT,0
ACAAGTGCATAAATCA,0
ACAAGTGTACTTAAAC,0
ACAAGTGTATCTACAA,0
ACAAGTGTTAAAAAAT,0
ACAAGTTAAAATGGCA,0
ACAAGTTACACGTCAA,0
ACAAGTTAGTAAACGC,0
ACAAGTTTCAAACAGT,0
ACAAGTTTCTGGTCAC,0
ACAAGTTTTAAGCGCC,0
ACAAGTTTTACCTACT,0
ACAATAAAAAAAAACA,0
ACAATAAAAAGCAAAA,0
ACAATAAACTAGTATA,0
ACAATAAAGAAAATAT,0
ACAATAAAGACCGCAA,0
ACAATAACGAAAGCTG,0
ACAATAACGATAAGAA,0
ACAATAACGTAGGAAA,0
ACAATAACTAATGTAT,0
ACAATAAGGAGCGGTA,0
ACAATAATACGACGCT,0
ACAATAATGAATTGAA,0
ACAATAATGTACTGAT,0
ACAATAATTCGTGAAT,0
ACAATACAAAGTGTAG,0
ACAATACAAATTGCAA,0
ACAATACAACCGAAAC,0
ACAATACACCCACATA,0
ACAATACAGACCCGGA,0
ACAATACCAGGTAGCC,0
ACAATACCATTCTTTA,0
ACAATACGAGCACCTA,0
ACAATACTACAAATTC,0
ACAATACTGTATCATT,0
ACAATAGAAAACTGGC,0
ACAATAGAAAACTGTA,0
ACAATAGAAAGCATAA,0
ACAATAGCAGGTGAAA,0
ACAATAGCTGGAGGAC,0
ACAATAGGACGAACAC,0
ACAATAGGATGCTTTA,0
ACAATAGTTATGACCT,0
ACAATATAAAGCAAAA,0
ACAATATAGGAACAAT,0
ACAATATAGGGCAATC,0
ACAATATCACGAGTAA,0
ACAATATGAGGGGTTT,0
ACAATATGCGATGAGT,0
ACAATATGTCTAACCC,0
ACAATATTATTAATGG,0
ACAATATTCAGAACAC,0
ACAATCAAAACCACCA,0
ACAATCAAACACATAA,0
ACAATCAAAGAGGTGA,0
ACAATCAAAGTTAAGT,0
ACAATCAAATGCATCA,0
ACAATCAACTTTTGAC,0
ACAATCAATCCTGCTG,0
ACAATCACAACACCTG,0
ACAATCACAGACTCCG,0
ACAATCACGTAGCTGA,0
ACAATCACGTCCATTT,0
ACAATCAGGAACCACA,0
ACAATCATTAGCGAGC,0
ACAATCCATAACTCTG,0
ACAATCCATATTACCA,0
ACAATCCGAGGTATAT,0
ACAATCCTCTTTAACC,0
ACAATCGGAGCACCGA,0
ACAATCTAAAAAGGAG,0
ACAATCTAAAATGGTT,0
ACAATCTAACAAACCG,0
ACAATCTAACAACCAA,0
ACAATCTCCCACATTC,0
ACAATCTGCAGTATCG,0
ACAATCTTAATAATAT,0
ACAATCTTATTTCGAA,0
ACAATCTTGATATAAG,0
ACAATGAAAAATTAAC,0
ACAATGAACATCCCTC,0
ACAATGATAGATTATT,0
ACAATGATCATACAGA,0
ACAATGATGAAAAAAA,0
ACAATGATTGCTAGCG,0
ACAATGCAAATCAAGA,0
ACAATGCAGAAAGATT,0
ACAATGCCGAGCTCCA,0
ACAATGCGAAGTCTGT,0
ACAATGCTACATCGAA,0
ACAATGGAAGTAATCC,0
ACAATGGAGCTAACTC,0
ACAATGGCGGTAACGG,0
ACAATGGTATTATGGG,0
ACAATGGTCACACTGG,0
ACAATGGTTTATGCCT,0
ACAATGTAAATGCAAG,0
ACAATGTATGGTCTAT,0
ACAATGTCATTTTCAC,0
ACAATGTCTCATGTCG,0
ACAATTAACTTATCCC,0
ACAATTAATAGCCACG,0
ACAATTAATCTACCGT,0
ACAATTAATCTTTTGC,0
ACAATTACTTCATACT,0
ACAATTAGACTAGGCT,0
ACAATTATGCAGTTTC,0
ACAATTATTAACGACG,0
ACAATTCAACCCATCA,0
ACAATTCACGATGGAC,0
ACAATTCTAATAAGTC,0
ACAATTCTGACGTGAG,0
ACAATTCTTAGTAGTG,0
ACAATTGAAACTATTG,0
ACAATTGAGAGCCTGT,0
ACAATTGATTTACTAA,0
ACAATTGCCTTAGATC,0
ACAATTGCGGCTCTAC,0
ACAATTGGCAAAAGAA,0
ACAATTGTTTGAATAA,0
ACAATTTAATAGAGCA,0
ACAATTTACATCTATA,0
ACAATTTAGCCACCGT,0
ACAATTTCAAAAAAAT,0
ACAATTTCCATTGAAA,0
ACACAAAATAAAACCC,0
ACACAAACAAGACAAA,0
ACACAAACATAGAAAT,0
ACACAAACATTCACGA,0
ACACAAACGCTATTAA,0
ACACAAACTAATTTAC,0
ACACAAACTTCATGTA,0
ACACAAACTTGAGCAC,0
ACACAAAGCGAATCAG,0
ACACAAATAAGTCCCC,0
ACACAAATATGGAAAT,0
ACACAAATTTTTGAAT,0
ACACAACAACCAGAAA,0
ACACAACACAGATGAT,0
ACACAACACCCACAGG,0
ACACAACAGTCCCTTG,0
ACACAACATAAGTATT,0
ACACAACCGGGCGCGG,0
ACACAAGAAATACCTA,0
ACACAAGACAGATTAT,0
ACACAAGACCAGAGAC,0
ACACAAGAGATTTGTG,0
ACACAAGATGTATTTT,0
ACACAAGCGATTTGTA,0
ACACAATAAACGTTCA,0
ACACAATAACTTAAAA,0
ACACAATATCACTAAT,0
ACACAATCGGATTACG,0
ACACAATCGGCTCAGT,0
ACACAATCTATGCCTA,0
ACACAATGAGCTGCCC,0
ACACAATGTTGCGAGA,0
ACACAATTCCCGCACA,0
ACACAATTTGGGATGT,0
ACACAATTTTCTATTC,0
ACACACAAGCCAAAAC,0
ACACACACAGCGATTA,0
ACACACACCCCTCACG,0
ACACACAGACCCAAAC,0
ACACACAGATCACCAT,0
ACACACAGTAAAAAAA,0
ACACACAGTAGTAAAA,0
ACACACATGACGGAAG,0
ACACACCCCCTGAGTG,0
ACACACCTCAGAATCA,0
ACACACGCCTCACATC,0
ACACACGCGAGCCGAC,0
ACACACGCTACGCCAC,0
ACACACGTTTGTCAAT,0
ACACACTACAACTGGT,0
ACACACTACGTCAATG,0
ACACACTCGGAAGAAC,0
ACACACTTCCAAGACT,0
ACACACTTTAAATCTT,0
ACACAGAAACGCGAAC,0
ACACAGAAATAACAGC,0
ACACAGAACGAGCAAA,0
ACACAGAAGAGATATT,0
ACACAGACAATAAACC,0
ACACAGACATAATTTT,0
ACACAGAGCCGCTAGT,0
ACACAGAGGCAAGGAG,0
ACACAGAGTTAAGGAT,0
ACACAGATAGGTGCTA,0
ACACAGATTTAATAGG,0
ACACAGCACCTAGAAG,0
ACACAGCATAACAATG,0
ACACAGCGGAATGTGT,0
ACACAGCGTACGACAT,0
ACACAGCTTTATACTC,0
ACACAGGAAGTTGTTA,0
ACACAGGACAAAGGTT,0
ACACAGGATATGGAAC,0
ACACAGGTTTTAGCCA,0
ACACAGTAACTTACTA,0
ACACAGTGAGTGTACT,0
ACACAGTGGGTAAAAG,0
ACACAGTGGTATCAAA,0
ACACATAAAAAGAAAC,0
ACACATAAAAAGGAAG,0
ACACATAAACTTAAAG,0
ACACATAAAGGCTAGG,0
ACACATAACAGGGAAA,0
ACACATAAGTGAGTCT,0
ACACATACGACCATAA,0
ACACATATACTTGAAA,0
ACACATATCAAAACTA,0
ACACATATTAGACATA,0
ACACATCACAACTCTT,0
ACACATCATTGAATAC,0
ACACATCCCCATTAAT,0
ACACATCCGAAGCACA,0
ACACATCTGCCTTGAC,0
ACACATGAGTCCTGAT,0
ACACATGAGTTATGAA,0
ACACATGTTAATACCC,0
ACACATTAAATTTTAA,0
ACACATTAACTAACTG,0
ACACATTACAAAGAAG,0
ACACATTACTTAACAA,0
ACACATTATTATTAAA,0
ACACATTATTGACCCC,0
ACACATTCAGTCGTTT,0
ACACATTCGAAATGCA,0
ACACATTTTAATGCTG,0
ACACCAAAAAATGCAT,0
ACACCAAAACAAATTA,0
ACACCAAAACCTAAAG,0
ACACCAAACGAATATT,0
ACACCAAATCACGCTC,0
ACACCAACACAAAAAC,0
ACACCAACAGAAATGA,0
ACACCAACCAACCAGA,0
ACACCAATCACCCGCG,0
ACACCAATCCCTGGAA,0
ACACCAATGAAAACGG,0
ACACCAATTATCACCT,0
ACACCAATTCCGTGGC,0
ACACCACAAAAAGCTA,0
ACACCACAAAACGTTC,0
ACACCACAGCTAGATC,0
ACACCACCATTATGTT,0
ACACCACGGACTGCTC,0
ACACCAGAAAAAGATA,0
ACACCAGATTGATAAG,0
ACACCAGCGGTTTCCA,0
ACACCAGCTTTTATTA,0
ACACCAGGAAGACATT,0
ACACCAGGACTATGCT,0
ACACCATACAACATTA,0
ACACCATCAGCAATGC,0
ACACCATCGCACGTGC,0
ACACCATGTTATAGCA,0
ACACCATTTTTATATA,0
ACACCCACCAAGAAGC,0
ACACCCAGAAGTCTAA,0
ACACCCATATATATAT,0
ACACCCCAAAATCGGA,0
ACACCCCACAAACGCA,0
ACACCCCAGCCTTATT,0
ACACCCCGAAAGCATA,0
ACACCCCGCGAAAATC,0
ACACCCCTCTCGTAGA,0
ACACCCGTATTTCTCA,0
ACACCCTGTTTAAGGA,0
ACACCCTTGATCTCAG,0
ACACCGAAAAAGAATT,0
ACACCGAAGGTTGTTT,0
ACACCGATCCACCTTA,0
ACACCGCGGGCATATT,0
ACACCGCTCCGTCCAG,0
ACACCGCTGTGAAAAA,0
ACACCGGAATCATAAA,0
ACACCGGAGGGATAGT,0
ACACCGGTATATTGAA,0
ACACCGTATTAGTAAT,0
ACACCGTCTTGGGTGG,0
ACACCGTTACATGCTC,0
ACACCGTTGTCCATAA,0
ACACCGTTGTTAGGCT,0
ACACCTAAAAATAGAC,0
ACACCTAAAACTAATT,0
ACACCTATAAGTTACA,0
ACACCTATAATCCTCT,0
ACACCTATCAAGAAAT,0
ACACCTATCATCCGCC,0
ACACCTCAACAACTTT,0
ACACCTCAATCACCAC,0
ACACCTCACCCAGAAT,0
ACACCTCCAGGCAGAA,0
ACACCTCTGAATAATC,0
ACACCTCTGATAAATG,0
ACACCTCTGCTTCTAT,0
ACACCTGACCTAAAGA,0
ACACCTGATAAGAATT,0
ACACCTGATAGAAACT,0
ACACCTGCCTACAGTG,0
ACACCTGGACCACCAA,0
ACACCTGTTGTGGTGA,0
ACACCTTAAATTACCT,0
ACACCTTAATTTGGAG,0
ACACCTTATTCCGCAT,0
ACACCTTCGAATACAC,0
ACACCTTTATTTTTAC,0
ACACGAAATAGAAAAA,0
ACACGAACAAGTCAAG,0
ACACGAACACTAAACC,0
ACACGAAGAACTGCGA,0
ACACGAAGAGTGCAGG,0
ACACGAAGATAAAGAT,0
ACACGAAGTAACCATA,0
ACACGAATAACGAATT,0
ACACGAATAGTTCAAG,0
ACACGAATTGATGTGG,0
ACACGACATTGAACTC,0
ACACGACCTACAAGAA,0
ACACGACGCTTGAGAA,0
ACACGACTAAGCCTCA,0
ACACGACTGAATATTA,0
ACACGAGACCCGAAAA,0
ACACGATAATAACTAG,0
ACACGATCAATAGGTG,0
ACACGATGGTGAAAAG,0
ACACGATTATCACCCT,0
ACACGCAGATTTTCAA,0
ACACGCATTATCCAAT,0
ACACGCCAATAGACCG,0
ACACGCCTTAAAAGAC,0
ACACGCGATATGCTAT,0
ACACGCGCTTGTATTC,0
ACACGCGTCAAACGGA,0
ACACGCGTGCGAAACG,0
ACACGCGTGTTGTGCG,0
ACACGCTTCCTCAGTA,0
ACACGCTTGTAACGTA,0
ACACGGAAAGCAAGTA,0
ACACGGACCTGGCGCG,0
ACACGGAGCTAATAGG,0
ACACGGCCGAAGTCCT,0
ACACGGCGAATTATAT,0
ACACGGCTCTTGAACA,0
ACACGGTAACGCGATG,0
ACACGTAAAGAACGCA,0
ACACGTAACCAACTAG,0
ACACGTAACTGACCAA,0
ACACGTACAGCGCACA,0
ACACGTACTTGGAAAC,0
ACACGTATAGTATTAC,0
ACACGTATCAAAATAA,0
ACACGTCTCAGCAACA,0
ACACGTGAATTGACCA,0
ACACGTGCAATCGATC,0
ACACGTTATGGCACAA,0
ACACGTTGATCACTTA,0
ACACGTTTCAAATGCT,0
ACACGTTTCCTTTTTT,0
ACACGTTTGTTCGGTT,0
ACACTAAAGGGACCAT,0
ACACTAAATCATAATT,0
ACACTAACAAAAATTC,0
ACACTAAGGAGTGTGT,0
ACACTAATTCCATCAC,0
ACACTACTAACTCGCT,0
ACACTACTCCCTAGCT,0
ACACTACTGAAGTGTG,0
ACACTAGAAAAATAAT,0
ACACTAGAATGATAGC,0
ACACTAGACTTTCGCT,0
ACACTAGCACTGTATC,0
ACACTAGCATCAAAAG,0
ACACTAGGCACCCTCC,0
ACACTAGGTGTACATT,0
ACACTAGTCTTAGATC,0
ACACTATACGCAACCC,0
ACACTATCCATATGAA,0
ACACTATGATGCCGTA,0
ACACTATGCGGTTCAA,0
ACACTATTCGAGATAG,0
ACACTCAAAAATCTCA,0
ACACTCACGAACCAAA,0
ACACTCATTATCGTGA,0
ACACTCCGAGCGTTTA,0
ACACTCCTAATCCACA,0
ACACTCCTACTGAGTA,0
ACACTCCTGTACTGAA,0
ACACTCGAAACTGTAC,0
ACACTCGGACGATCAG,0
ACACTCTACCTCCTCC,0
ACACTCTCCTTCCAGT,0
ACACTCTCGCTTGTCA,0
ACACTCTTCCTGAATG,0
ACACTGAACGACTATC,0
ACACTGCAAAACCCTG,0
ACACTGCAGTCAACGC,0
ACACTGCTAGACACGT,0
ACACTGCTGCACTATA,0
ACACTGGACATGATTA,0
ACACTGGACGAAATTC,0
ACACTGGACGTTGTAG,0
ACACTGGGTACTGGTA,0
ACACTGGTGCGTTCTA,0
ACACTGTATCATTTAC,0
ACACTGTATCGCGATC,0
ACACTGTCAAGCCACC,0
ACACTGTGAGAAAGAA,0
ACACTGTGCAATATTG,0
ACACTTAAAACGAAAA,0
ACACTTAAGCTAAAAA,0
ACACTTAAGTAACGGA,0
ACACTTACCCTATTCT,0
ACACTTACGCTGTAAA,0
ACACTTATTCCCTGAT,0
ACACTTCTAAAGAGAA,0
ACACTTCTGGGGTTGC,0
ACACTTCTTAGACCTG,0
ACACTTCTTATATAAT,0
ACACTTGAAGCCGGTA,0
ACACTTGAGGGTGGCG,0
ACACTTGGAGGAGTGA,0
ACACTTGTAGATACCT,0
ACACTTTATCAATAAC,0
ACACTTTCATATATGT,0
ACACTTTTCATGATTC,0
ACACTTTTCCACCTCT,0
ACAGAAAACAAACGCA,0
ACAGAAAACTCTCGCG,0
ACAGAAAATAATACCA,0
ACAGAAAATGCTACAG,0
ACAGAAACCCATCAAT,0
ACAGAAAGCTCTACTT,0
ACAGAAAGGCCTCAAC,0
ACAGAAAGTAAGACCA,0
ACAGAAATGCTCTATA,0
ACAGAAATGTCGTGGG,0
ACAGAACAAAATCTTA,0
ACAGAACAAATAAAGA,0
ACAGAACAACCAAAAA,0
ACAGAACACATTTGAA,0
ACAGAACAGAAAGTAA,0
ACAGAACAGAGTCCCA,0
ACAGAACAGATTGTCC,0
ACAGAACATCGTACAA,0
ACAGAACCAATCTGAA,0
ACAGAACCACTGTTAG,0
ACAGAACCATCGTTGG,0
ACAGAACTTTCGGTGT,0
ACAGAAGACACTCTGC,0
ACAGAAGATAGAAACT,0
ACAGAAGGCTAACCGG,0
ACAGAAGGGAGGTAGC,0
ACAGAAGTATCGCACG,0
ACAGAAGTCAAAGTCC,0
ACAGAATAAAAGCACT,0
ACAGAATATAAAAGGC,0
ACAGAATCCCTGCACT,0
ACAGAATCGCTAAACA,0
ACAGAATCTTGTTCAT,0
ACAGAATGGGTTCCAG,0
ACAGAATTTAACATTA,0
ACAGAATTTTCTTCAA,0
ACAGACAAATTAATCA,0
ACAGACAAGCAGGACC,0
ACAGACAATAAAGGCA,0
ACAGACACAAACAAGA,0
ACAGACATATACTCTC,0
ACAGACATTCAGGATC,0
ACAGACATTTATGACC,0
ACAGACCAGTCATAGC,0
ACAGACCATGTAAAAC,0
ACAGACCATGTTACTA,0
ACAGACCCGGCAATAA,0
ACAGACCTACAGATAA,0
ACAGACCTTAATTCTG,0
ACAGACGATAGATAAA,0
ACAGACGCATAAATGC,0
ACAGACGGTGTATATG,0
ACAGACGTGTTGATAT,0
ACAGACTCCCCTCACT,0
ACAGACTGATCTTGCG,0
ACAGACTTGACCAAGC,0
ACAGAGAACTAGGAAA,0
ACAGAGACACCATGCT,0
ACAGAGACGAGAAAAC,0
ACAGAGACTAATTACT,0
ACAGAGATAGTCAAGG,0
ACAGAGCAACGCACAG,0
ACAGAGCAATTCTTAG,0
ACAGAGCATAATATGC,0
ACAGAGCATGCACTTT,0
ACAGAGCCACCACAGA,0
ACAGAGCCTCAATATA,0
ACAGAGTACGAATAGA,0
ACAGAGTAGTAAAGCG,0
ACAGAGTCAATCAGAA,0
ACAGAGTTCAGACTCC,0
ACAGATAACCGAGCTT,0
ACAGATAAGCCGCACA,0
ACAGATAAGTGTAATT,0
ACAGATATAACTAATA,0
ACAGATCAAAAAAAGC,0
ACAGATCAACTGCGAT,0
ACAGATCAGCATATTG,0
ACAGATCATTAATTTA,0
ACAGATCGGAAGTACA,0
ACAGATCTAATTTAAA,0
ACAGATGGTTAAAGTG,0
ACAGATTAAGCGACAG,0
ACAGATTATATTACGC,0
ACAGATTCTCTTACCG,0
ACAGATTGCGTACGGC,0
ACAGATTTTGCAAACA,0
ACAGATTTTTATCGGG,0
ACAGCAAAAAGCAAAT,0
ACAGCAAAAAGCTTAC,0
ACAGCAAAAATCAGTT,0
ACAGCAAAAATTGAAG,0
ACAGCAACAAACCGCC,0
ACAGCAACCATTGTAT,0
ACAGCAAGGAACCCTC,0
ACAGCAATTCCCGAAT,0
ACAGCACAGCAAACTC,0
ACAGCACTAAGTAAAA,0
ACAGCACTTAATTTAA,0
ACAGCAGTAAACAATC,0
ACAGCAGTACTAAGTG,0
ACAGCAGTTTCCACTA,0
ACAGCATACTTCAATT,0
ACAGCATCAAAGATCA,0
ACAGCATCGCAGTATG,0
ACAGCCAATACAAACA,0
ACAGCCACGACTAAAT,0
ACAGCCACTGCCCTTA,0
ACAGCCAGGCAGTGAG,0
ACAGCCCATCTAGGTA,0
ACAGCCCATTACCTCC,0
ACAGCCCTTCCAATTC,0
ACAGCCCTTGAACTCA,0
ACAGCCGACATGGTAT,0
ACAGCCGTACCAACCG,0
ACAGCCGTTCTCGCAA,0
ACAGCCTAGGACCGGC,0
ACAGCCTATTGCTCAC,0
ACAGCGAACTCCTCAT,0
ACAGCGAAGCGTAAAT,0
ACAGCGAGTTAGAGTG,0
ACAGCGAGTTTAATGA,0
ACAGCGCATCGGGGAG,0
ACAGCGCCGGTCATTA,0
ACAGCGCCTAGTTTTC,0
ACAGCGCTAGCGATCA,0
ACAGCGGAAAGACAGA,0
ACAGCGGAGAGTAGAT,0
ACAGCGGAGTACAACG,0
ACAGCGGCATTATGCT,0
ACAGCGTAATACATCA,0
ACAGCGTGCCCTCAGC,0
ACAGCTAACAAACAGC,0
ACAGCTAAGACTCGAT,0
ACAGCTAGTCTTTAAT,0
ACAGCTATCCGGGAAC,0
ACAGCTCAAATCTTGC,0
ACAGCTCACTTAGAAA,0
ACAGCTCCCCGGACCT,0
ACAGCTCCGGTCCTTC,0
ACAGCTCGAATGAGGC,0
ACAGCTCGAGGGCAGG,0
ACAGCTTCGTTTTGTA,0
ACAGCTTTCACGCCAC,0
ACAGCTTTTCGCCTCA,0
ACAGGAAAACAACGGA,0
ACAGGAAACTATGCAC,0
ACAGGAAAGTCAACTA,0
ACAGGAACCGAAATAC,0
ACAGGAAGTGATGGGA,0
ACAGGAATTAAACGTT,0
ACAGGACATAATAGCT,0
ACAGGACCATAGTGCT,0
ACAGGACCTGTAAACA,0
ACAGGACGGGTAACTT,0
ACAGGACGGTAATTTT,0
ACAGGACTTCAGCAAA,0
ACAGGAGCATGGACTT,0
ACAGGAGGGAATTATG,0
ACAGGAGTCTTGCTAC,0
ACAGGATACATATATT,0
ACAGGATCGGGAACCG,0
ACAGGATCGTACAAGT,0
ACAGGATCTAAACGTA,0
ACAGGATCTATCATCC,0
ACAGGATGATGGGCCA,0
ACAGGATGTCCCCGTG,0
ACAGGATTAGTAAAAA,0
ACAGGCAAGACATGCC,0
ACAGGCAATTCAATTG,0
ACAGGCCATGACAAGC,0
ACAGGCCCACAATAAA,0
ACAGGCTAAAAGATTC,0
ACAGGGAACCGGTTGC,0
ACAGGGAATACACATA,0
ACAGGGAGTGTAATTA,0
ACAGGGATAAGCCTCG,0
ACAGGGCACCATTGGT,0
ACAGGGCGCGGCACGG,0
ACAGGGGAAAACGGTT,0
ACAGGGGCATGACGAA,0
ACAGGGTTGAACATAG,0
ACAGGTAACTAAACGC,0
ACAGGTACGGGTTAAG,0
ACAGGTCAGAAGCACT,0
ACAGGTCCTAGGACCC,0
ACAGGTCCTCTCCTCA,0
ACAGGTCTTTGCTCTT,0
ACAGGTGAAAAAATGG,0
ACAGGTGATGTAAACT,0
ACAGGTTCTATGTAGT,0
ACAGGTTTCCAGAGAA,0
ACAGTAAAGCAGGTCA,0
ACAGTAAAGCCAAAAA,0
ACAGTAACCTGTAAAA,0
ACAGTAAGATAACTCG,0
ACAGTAAGATTACCCT,0
ACAGTAAGCGGCAATG,0
ACAGTACAAGCGTCCC,0
ACAGTACATATTAATG,0
ACAGTACCAGACCTCA,0
ACAGTACTACCAAGAG,0
ACAGTACTGTTGAAAT,0
ACAGTAGAAAGGACGC,0
ACAGTATCACATCCTA,0
ACAGTATCCCGAGTAA,0
ACAGTATTACATAAAA,0
ACAGTCAAAAAACCCG,0
ACAGTCAAGAGTAATT,0
ACAGTCAATCTTAAGC,0
ACAGTCAGTCGTGGCA,0
ACAGTCATTGCGAAGG,0
ACAGTCCCACCCATTA,0
ACAGTCCTATGGATTA,0
ACAGTCCTATTTTGCT,0
ACAGTCCTTACATGAA,0
ACAGTCGAGAATAACT,0
ACAGTCGCAATCAATA,0
ACAGTCGCTCTATATA,0
ACAGTCGGAGGACTAT,0
ACAGTCTAATAAGCGA,0
ACAGTCTAATAGGGAG,0
ACAGTCTCCTCTATGA,0
ACAGTGAAAAAAATTT,0
ACAGTGAAAAGTTGCA,0
ACAGTGAAACCAATCG,0
ACAGTGAATACTAATA,0
ACAGTGACCCGATTGG,0
ACAGTGACCTTTCACT,0
ACAGTGACTCTGAAAA,0
ACAGTGCACAATCTAT,0
ACAGTGCGACTGGCGC,0
ACAGTGGACTCAAGAA,0
ACAGTGGCCCCGATAC,0
ACAGTGTAAACTTTTT,0
ACAGTGTATTGTTAAC,0
ACAGTGTCATACAAGA,0
ACAGTGTCCCCGAGAC,0
ACAGTGTGCATACCTA,0
ACAGTGTGCCATCATA,0
ACAGTTAATACGGTTA,0
ACAGTTACTAACGGAA,0
ACAGTTACTCTACTAC,0
ACAGTTACTGTGTTGT,0
ACAGTTAGATTGCAGC,0
ACAGTTATCAAAAACA,0
ACAGTTATCAAACGAA,0
ACAGTTATTTACTCCA,0
ACAGTTCGAAGCTATT,0
ACAGTTCTTGGTTATA,0
ACAGTTGCATCAAACA,0
ACAGTTGGCCGTAACC,0
ACAGTTGTCAGCGTTC,0
ACAGTTTAGAAACCTT,0
ACAGTTTATAAAACCC,0
ACAGTTTCGGACACCT,0
ACAGTTTGCCCTGAAT,0
ACAGTTTGTTGCCTCC,0
ACAGTTTTATTTCATA,0
ACATAAAAAACTCTTG,0
ACATAAAAATACCAGT,0
ACATAAAAATGCACAT,0
ACATAAAACCAAATAG,0
ACATAAAACCTTCACG,0
ACATAAAACTTATCAG,0
ACATAAAAGAACAATT,0
ACATAAAAGCTGAAAT,0
ACATAAAATGGCTCAT,0
ACATAAACTCGAAAAC,0
ACATAAAGAAAAAAAG,0
ACATAAAGCGCATGTC,0
ACATAAAGCTTTCCTC,0
ACATAAAGGATATTAA,0
ACATAAAGGTTCACCG,0
ACATAAAGTAGCCAGA,0
ACATAAATAAAGTACG,0
ACATAAATACGCTGAC,0
ACATAAATACTTGGAT,0
ACATAAATCACATAAC,0
ACATAAATGTGCGCGA,0
ACATAAATTAATATTG,0
ACATAAATTAGCAGCA,0
ACATAACAAGCAGCAG,0
ACATAACACTCAAGAC,0
ACATAACAGAGGTCTG,0
ACATAACAGCTGAAAT,0
ACATAACCGAAAATTC,0
ACATAACCGAACATAA,0
ACATAACCGCCAGTCA,0
ACATAACCGTTTAAGC,0
ACATAACCTATAGGGT,0
ACATAAGAAGAACCTA,0
ACATAAGACGTAAGAA,0
ACATAAGAGTTTTTAT,0
ACATAAGATATGAATC,0
ACATAAGATCCTGGTA,0
ACATAAGGCGGAGAAT,0
ACATAAGGCTTTCATA,0
ACATAATACCTCCCCT,0
ACATAATACTAAAAGG,0
ACATAATAGCAAAAAA,0
ACATAATATCCTAAGG,0
ACATAATCTCGTTCAA,0
ACATAATGATCTAAAT,0
ACATAATGTGAATTGG,0
ACATAATGTGGTAATT,0
ACATAATTAAAGGATG,0
ACATAATTAATATAAA,0
ACATAATTAGTACGAA,0
ACATAATTGTGTACTT,0
ACATAATTTGCGTAAA,0
ACATAATTTTCCGCTG,0
ACATAATTTTGAACAA,0
ACATACAAAACATGTC,0
ACATACAAACCTATTT,0
ACATACAACCAGTTCA,0
ACATACAAGCCAAAAC,0
ACATACAATGTCCCAG,0
ACATACAATTAAAACA,0
ACATACAATTATGTTT,0
ACATACACCCACCGCA,0
ACATACAGAAGAACAA,0
ACATACAGCGAATGAG,0
ACATACATAGTCTGTA,0
ACATACATCTGAGGCA,0
ACATACATGATGTGAC,0
ACATACATGTGTAGGA,0
ACATACATTAATGTAA,0
ACATACATTATAGCAA,0
ACATACCAAAAACATA,0
ACATACCAAACAGAAT,0
ACATACCAAAGAATCT,0
ACATACCAACTAATGC,0
ACATACCAATGTTTTA,0
ACATACCACACGTTAT,0
ACATACCAGGTTAGCC,0
ACATACCCGTATACAG,0
ACATACCGAATCAGAT,0
ACATACCTAAAAAGCT,0
ACATACCTAAACTCTA,0
ACATACGAGGAGGCAA,0
ACATACGCACAAAACT,0
ACATACGCGAAAGATA,0
ACATACGGATGTTTAC,0
ACATACGGTGCACACT,0
ACATACGGTGCCGGTA,0
ACATACGGTTCCTTTT,0
ACATACTAACAGATAA,0
ACATACTAACATAAAT,0
ACATACTACTCGGCAA,0
ACATACTATACACAGA,0
ACATACTATTCCAACA,0
ACATACTCTTACAGCA,0
ACATACTGTAACTCCC,0
ACATACTGTGTAAAGT,0
ACATAGAAAATATTCG,0
ACATAGAAAGGCTTTA,0
ACATAGAACTGGTGAC,0
ACATAGAGCGTAAGCA,0
ACATAGATATAATTCG,0
ACATAGATCAATTCTT,0
ACATAGATCGACAAAG,0
ACATAGCCAAATGACA,0
ACATAGGAATATTAGA,0
ACATAGGAATGCGCCA,0
ACATAGGCAGTTAAAC,0
ACATAGGCTCCCACTC,0
ACATAGGTGCTAATAA,0
ACATAGTAACCTCCAG,0
ACATAGTACATATATA,0
ACATAGTCCTTATGTA,0
ACATAGTGTGACCTTA,0
ACATAGTTCCATTAAC,0
ACATAGTTCCATTACA,0
ACATAGTTGTATAGTT,0
ACATATAAGTCAATGC,0
ACATATACCACTCTTA,0
ACATATACCAGGGTAT,0
ACATATACCATGACGC,0
ACATATACCTGAGACT,0
ACATATAGATTCCGAT,0
ACATATATAAAAAGCT,0
ACATATATCAGGAAGC,0
ACATATATCGTTTTTC,0
ACATATATCTCACCAA,0
ACATATATTCTTACTC,0
ACATATATTTCAAACT,0
ACATATCAAAATAAGA,0
ACATATCAGACACGCC,0
ACATATCAGCACAGCT,0
ACATATCATTAGGTGA,0
ACATATCCCCTACTTT,0
ACATATCCCGCAGTAA,0
ACATATCTTCAAGATA,0
ACATATGAATCCGCAC,0
ACATATGATACATCCA,0
ACATATGCAGTATTAT,0
ACATATGCTAATACAA,0
ACATATGGAATAACAA,0
ACATATGGGCGATCGC,0
ACATATGTACGAATCC,0
ACATATTAATCCGCAA,0
ACATATTAATGTTACT,0
ACATATTCAAAGAATC,0
ACATATTCATAATGAA,0
ACATATTGATATTCAA,0
ACATATTGCCAACAAT,0
ACATATTGTTTAGGAG,0
ACATATTTCTGCTATT,0
ACATATTTTCATTTCC,0
ACATCAAAAAAACCAC,0
ACATCAAAAGGTGACA,0
ACATCAAACATAAGTG,0
ACATCAAACGAGATTT,0
ACATCAAAGAACACCG,0
ACATCAAATACGGCAA,0
ACATCAAATCCATATT,0
ACATCAAGCATAAAAT,0
ACATCAAGGAAAAGCC,0
ACATCAAGGAAAAGCG,0
ACATCAAGGAATCCCC,0
ACATCAAGTTCTCGAG,0
ACATCAATACGCTTTG,0
ACATCAATCCTTGAAA,0
ACATCAATCTATAGAC,0
ACATCAATGACAATAA,0
ACATCAATTAACCAGG,0
ACATCAATTACACACA,0
ACATCAATTTACTGCA,0
ACATCACAACCCCTCA,0
ACATCACACACTCCGA,0
ACATCACTAAAACAGG,0
ACATCACTATTCCTCC,0
ACATCAGAACACAAAT,0
ACATCAGACCAGTCAG,0
ACATCAGCTACCTGTA,0
ACATCATAAGATAATT,0
ACATCATCCAACAATA,0
ACATCATCCTTGAGAT,0
ACATCCAAACGAGTAT,0
ACATCCAATAGGTCGA,0
ACATCCACGCCATGAT,0
ACATCCACTAATAACA,0
ACATCCAGAACAAATT,0
ACATCCCACCAAGCCG,0
ACATCCCGCTCTTGAA,0
ACATCCCTAATGAAGG,0
ACATCCCTGGTTATAA,0
ACATCCTACACTCATT,0
ACATCCTATTAGGAGA,0
ACATCCTCCCAAAAAA,0
ACATCCTTACCAACTA,0
ACATCCTTCTCCATTC,0
ACATCCTTTATAGAAT,0
ACATCGAACGTGATGA,0
ACATCGAACTCTATAA,0
ACATCGAATAACAATA,0
ACATCGACCATTAACA,0
ACATCGACGCCGCGTG,0
ACATCGAGTAGGCGGC,0
ACATCGAGTGCCAATG,0
ACATCGATATAAGCGG,0
ACATCGATTCAAACTT,0
ACATCGCTCGGAAAAG,0
ACATCGGACTTTGAAC,0
ACATCGGATCTCCTGA,0
ACATCGGTATAAGCAA,0
ACATCGGTGAACATAA,0
ACATCGGTTCTTTACA,0
ACATCGTATCCTTAGA,0
ACATCTAAGAAAGTCT,0
ACATCTAAGTGCAAGA,0
ACATCTACTAGGTGAT,0
ACATCTATAAGCTAGC,0
ACATCTATAAGGGGCC,0
ACATCTATCCTGAACA,0
ACATCTCAACCCGTAG,0
ACATCTCAGGAACTCA,0
ACATCTCATTTCAAAA,0
ACATCTGAAAAAAAAA,0
ACATCTGCAAACTTAA,0
ACATCTGGTACACCCA,0
ACATCTTAACATTGAC,0
ACATCTTAACCCTTCA,0
ACATCTTATCTCGATC,0
ACATCTTGATCGTTAC,0
ACATCTTGGCGGTGAC,0
ACATCTTTAAGAAAGC,0
ACATGAAAACATTAGG,0
ACATGAAACTAGTCAA,0
ACATGAAATATACCAC,0
ACATGAAATCCTGATA,0
ACATGAACGCCAGCGT,0
ACATGAACGGTACAAT,0
ACATGACATCTAGCCG,0
ACATGACCGTAAACTC,0
ACATGAGAATTTAAGG,0
ACATGAGACCAAAAAT,0
ACATGAGGACATTTTG,0
ACATGAGGTCCCCATG,0
ACATGAGTGCCTTCTG,0
ACATGATAATACTCTG,0
ACATGATAGGAAGCAG,0
ACATGATGTCAATGCA,0
ACATGATTTAGCGCCT,0
ACATGCAATTATAGCA,0
ACATGCACAGTACCGT,0
ACATGCAGCTAAGAGC,0
ACATGCAGTAGACTTG,0
ACATGCATATAACAAA,0
ACATGCCAACCAAAAA,0
ACATGCCCAATTGGGC,0
ACATGCCTACTCTGCA,0
ACATGCCTGGCTTATA,0
ACATGCGAGCTGGAGC,0
ACATGCGCTGCAGGAC,0
ACATGCTAAGCGATAC,0
ACATGCTATACGTAGT,0
ACATGGAACACAGTCT,0
ACATGGCCATTAAAAG,0
ACATGGGCTAGGACAA,0
ACATGGGTCAAACAGG,0
ACATGGTATAGTCATG,0
ACATGGTCCAGGCTGG,0
ACATGGTGAAGCATTC,0
ACATGGTGCACTCCCA,0
ACATGTAAAATGTCGT,0
ACATGTAACATACCAT,0
ACATGTACCTCACGAA,0
ACATGTACTTAGGAGG,0
ACATGTACTTCCTTAC,0
ACATGTACTTTGTAAG,0
ACATGTATAAATTAGC,0
ACATGTCCTAACATAA,0
ACATGTCCTGGGGCAG,0
ACATGTCTTTTAAACA,0
ACATGTGAGCCTTATC,0
ACATGTGAGCTGGCGA,0
ACATGTGATATGTCAC,0
ACATGTGCAGCGAAGG,0
ACATGTGCATCCTATC,0
ACATGTGCCAAGTATA,0
ACATGTTGCCGACAGA,0
ACATGTTGCTATTCTT,0
ACATGTTTACATAAAC,0
ACATTAAAAAAGAGAA,0
ACATTAAAACTCTGAA,0
ACATTAAAAGAAACGT,0
ACATTAAACCAATATG,0
ACATTAAAGATAGGCA,0
ACATTAAATCAACTGC,0
ACATTAAATCCCTCGT,0
ACATTAAATGGCCCAA,0
ACATTAACAACACTGA,0
ACATTAACTACACCAT,0
ACATTAAGAACCCCTA,0
ACATTAAGAATAGAAA,0
ACATTAAGTAGGACAA,0
ACATTAATAAAATTAC,0
ACATTAATGAGCCGCC,0
ACATTAATTAAATACT,0
ACATTACAATCTTTAA,0
ACATTACAATTTCCAA,0
ACATTACACAGTGAGA,0
ACATTACATTCGACCC,0
ACATTACCGCTAAAGA,0
ACATTACCTATCACCC,0
ACATTACGCCGTTAGA,0
ACATTACTGCCCAAAT,0
ACATTACTTACCAAAA,0
ACATTAGACAACGGAC,0
ACATTAGATCAAACTT,0
ACATTAGGTACCAGAA,0
ACATTATAAAATTGTC,0
ACATTATAACCGATCT,0
ACATTATAAGCAAACA,0
ACATTATAAGCTAGAC,0
ACATTATAATAATTAC,0
ACATTATAATCTCTTA,0
ACATTATACAAATATC,0
ACATTATAGAACATAG,0
ACATTATCTAATTTCA,0
ACATTATTACAACAGA,0
ACATTCAAACACTGGT,0
ACATTCAAACAGGAAT,0
ACATTCAAAGACAGCT,0
ACATTCACATCACCAA,0
ACATTCACTTAACAGA,0
ACATTCACTTAAGTGG,0
ACATTCAGATACAATT,0
ACATTCAGATCCCTGC,0
ACATTCAGCAACCAGC,0
ACATTCCCTTATATAA,0
ACATTCTCTCGGATCC,0
ACATTCTTAAATATCC,0
ACATTGAAATCACCGT,0
ACATTGAAATGGGGGT,0
ACATTGAAATTAGGTA,0
ACATTGAATAATTCAT,0
ACATTGACGGTTGGCT,0
ACATTGAGACTAAGTA,0
ACATTGAGACTCCCTC,0
ACATTGATGCAAAACG,0
ACATTGATTGCCGGGG,0
ACATTGCCTGCTACTA,0
ACATTGCGAATTTTCT,0
ACATTGCGTAACATCT,0
ACATTGCGTTAATACA,0
ACATTGCTACCGATCA,0
ACATTGGCAAGATACG,0
ACATTGGCGCTACATG,0
ACATTGTACCCCCGTT,0
ACATTTAAACAAAAAT,0
ACATTTAAATCGAGGT,0
ACATTTACGCGCTAGT,0
ACATTTACTAGTAATA,0
ACATTTCACATTAAAA,0
ACATTTCACGTCACAT,0
ACATTTCGCATAAGAT,0
ACATTTCGCGCTCGGG,0
ACATTTCTTGATACGA,0
ACATTTGAATCCACAA,0
ACATTTGCGCCATGAA,0
ACATTTGGATACTTAT,0
ACATTTTAATTACTAA,0
ACATTTTATTCATGAA,0
ACATTTTCATTGGTAA,0
ACATTTTGCACAGCTC,0
ACATTTTGGGTAACCT,0
ACATTTTGTGAACCCA,0
ACATTTTTAAGGGTTT,0
ACATTTTTGTATCGTG,0
ACATTTTTTCGAAACT,0
ACCAAAAAAAATCATT,0
ACCAAAAAAGCAGTCA,0
ACCAAAAACCATAGAT,0
ACCAAAAACCGCTCAC,0
ACCAAAAACTCGAAGT,0
ACCAAAAAGTACCTTC,0
ACCAAAAAGTTTAACA,0
ACCAAAAATACAGATA,0
ACCAAAAATGTTCGCG,0
ACCAAAACAAACATAC,0
ACCAAAACACCCTTAA,0
ACCAAAACGAGATTCC,0
ACCAAAACGCACTCAG,0
ACCAAAACGCGATTGG,0
ACCAAAACTAAAGAAG,0
ACCAAAACTAGTAGAG,0
ACCAAAAGAAAGAAAA,0
ACCAAAAGACCCAAAG,0
ACCAAAATAACCATAG,0
ACCAAAATACTACCAG,0
ACCAAAATAGATTAGT,0
ACCAAAATATACAAAA,0
ACCAAAATTCACATTA,0
ACCAAACAAGTCATAC,0
ACCAAACACAGGCACT,0
ACCAAACACGATCCAA,0
ACCAAACATAGTTACA,0
ACCAAACCCGGCTACA,0
ACCAAACCCGTGTGAT,0
ACCAAACCTGTGTTCG,0
ACCAAACTTATACCTT,0
ACCAAACTTGCCACCC,0
ACCAAAGACATGGCTT,0
ACCAAAGATAATATGA,0
ACCAAAGATGACAAAA,0
ACCAAAGATTCCACTT,0
ACCAAAGCGAACTATT,0
ACCAAAGGCTAATAGA,0
ACCAAAGTAACATGAG,0
ACCAAAGTCATGTGTA,0
ACCAAATAATGACGAC,0
ACCAAATAGTGCTAGT,0
ACCAAATATATCACAC,0
ACCAAATATTTGAAGA,0
ACCAAATGATCGAACT,0
ACCAAATGATCGTGTG,0
ACCAAATGTTTTGAAG,0
ACCAAATTAAAAATGC,0
ACCAAATTACAAACTT,0
ACCAAATTAGCACACG,0
ACCAAATTTCTAATTA,0
ACCAACAAAACGGTTC,0
ACCAACAAAATTATAA,0
ACCAACAATAGTTACA,0
ACCAACACAGACTGAT,0
ACCAACAGAAACCAAG,0
ACCAACAGCCTAACAC,0
ACCAACAGCTACACCC,0
ACCAACAGCTCCATAC,0
ACCAACATAAGTCTCA,0
ACCAACATCTCGCAAC,0
ACCAACATGAACTAAC,0
ACCAACATGTAAATAA,0
ACCAACCACGTCGCTC,0
ACCAACCAGGTTAGAT,0
ACCAACCATAAATATC,0
ACCAACCATCAATTTC,0
ACCAACCCACAATCAA,0
ACCAACCCAGACCGAG,0
ACCAACCCGAATATGG,0
ACCAACCGCTCCTCAA,0
ACCAACGAAAAGACTA,0
ACCAACGAACCTTGAT,0
ACCAACGCAACGTCTA,0
ACCAACGGTTAAAGAT,0
ACCAACGTTTGTTGTA,0
ACCAACTAACGTTCAT,0
ACCAACTAAGAAATTG,0
ACCAACTACACGCCAC,0
ACCAACTAGATGCCCA,0
ACCAACTATAAATGCG,0
ACCAACTATCCTTATT,0
ACCAACTCATATGGTT,0
ACCAACTCTAAGGCCG,0
ACCAACTTAATCGAGT,0
ACCAAGAAAAAATACT,0
ACCAAGACAACCATGA,0
ACCAAGAGTTAGTGGG,0
ACCAAGAGTTCTCCTA,0
ACCAAGATAAGCTGCA,0
ACCAAGCCACACCTTA,0
ACCAAGCCCGAAGTAC,0
ACCAAGCTATCTTGAC,0
ACCAAGCTGTAAAGTA,0
ACCAAGCTTAAGTTAA,0
ACCAAGCTTGAAAACT,0
ACCAAGGCCAGAAAAT,0
ACCAAGGCCGTAGAAT,0
ACCAAGTACCAACAGA,0
ACCAAGTTTTAGCCGT,0
ACCAATAATAAAAACC,0
ACCAATAATAGTAAAA,0
ACCAATAATATACCCT,0
ACCAATACTTCATTTT,0
ACCAATCAATATTAAC,0
ACCAATCAGCTATGTC,0
ACCAATCCACCAAGAA,0
ACCAATCGATACCAGT,0
ACCAATCTATTGATAG,0
ACCAATCTTCCTTTTA,0
ACCAATGAACGTTTGA,0
ACCAATGATATAGATG,0
ACCAATGATGCCATTT,0
ACCAATGCAATAATTT,0
ACCAATGTAGTCCGTT,0
ACCAATGTTAAAAGCC,0
ACCAATGTTTTCAACA,0
ACCAATTAATGGAAAA,0
ACCAATTACCCGTAAT,0
ACCAATTCGTAGATAT,0
ACCAATTGGTGACAAA,0
ACCAATTTGACACTCT,0
ACCACAAAACAATATT,0
ACCACAAAACAGGCAA,0
ACCACAAAAGAACCTC,0
ACCACAAAATTGCATC,0
ACCACAAACAGGTTTA,0
ACCACAAAGAACTATA,0
ACCACAAAGATTCAGA,0
ACCACAAATATCCCGG,0
ACCACAACGTGAACCA,0
ACCACAATGCTCTGGA,0
ACCACAATTCTTGTAT,0
ACCACAATTTAATTGA,0
ACCACACAAACAAGCT,0
ACCACACAAGCGTTAA,0
ACCACACACCAGTTAA,0
ACCACACATCGTACCA,0
ACCACACCGAGCGTAG,0
ACCACACCTGTCAATC,0
ACCACACCTTGTATAA,0
ACCACACTAGCAAAAA,0
ACCACACTCCTATCCA,0
ACCACACTGAAGTCCG,0
ACCACAGAGCAGAGTC,0
ACCACAGAGCTTACCC,0
ACCACAGTAAAAACTC,0
ACCACAGTCGGTGGTC,0
ACCACATAAAAGTGCT,0
ACCACATAAGACACTA,0
ACCACATAAGGGACAC,0
ACCACATACCCATATG,0
ACCACATAGGATATTT,0
ACCACATCGCCAATCC,0
ACCACATCTTTAATGT,0
ACCACCAAATGTGGAA,0
ACCACCAATTGGCAGG,0
ACCACCATGAATCATA,0
ACCACCATGTACAATC,0
ACCACCCAAATCCCAC,0
ACCACCCAACAAACTA,0
ACCACCCACGACAGTT,0
ACCACCCAGAATCTGC,0
ACCACCCCAATCCGAA,0
ACCACCCCCCCCAATG,0
ACCACCCCTTCAATAA,0
ACCACCCGCTACATTC,0
ACCACCCGGCTAGGCT,0
ACCACCCTGAGTAATG,0
ACCACCGAATTAGGCA,0
ACCACCGCCGGAAAAT,0
ACCACCTATCTCCTTA,0
ACCACCTATGAACAAC,0
ACCACCTGATCAGTTT,0
ACCACGAACAAGTAGG,0
ACCACGACATAAGTAA,0
ACCACGATACGATCCA,0
ACCACGATTTCAGTGT,0
ACCACGCAAGTATTTG,0
ACCACGGAAAACCGGG,0
ACCACGGAGTAAACAC,0
ACCACGGATATAAATC,0
ACCACGTACCACTTAG,0
ACCACTAAATACGGAT,0
ACCACTAAATCAGACC,0
ACCACTAACGTGTCTA,0
ACCACTAGAACCGAAC,0
ACCACTAGATTCCTAC,0
ACCACTATGTTGAACG,0
ACCACTATTCCCATAA,0
ACCACTCTACATCTAG,0
ACCACTCTTATCCACA,0
ACCACTGGACGTTGCA,0
ACCACTGTGAAATTAA,0
ACCACTTCTGATTGCT,0
ACCACTTTTCGATATG,0
ACCAGAAACTCGTGAG,0
ACCAGAAAGAACCGCA,0
ACCAGAAAGCCTGAGA,0
ACCAGAAATCAGGGGT,0
ACCAGAAATTATTGGT,0
ACCAGAAATTCCACAT,0
ACCAGAACAAATATTA,0
ACCAGAAGAGGAAAAT,0
ACCAGAAGAGGATCAA,0
ACCAGAATGCGATGCC,0
ACCAGACCATCAATTA,0
ACCAGACTGACAATGA,0
ACCAGACTTTAAATAA,0
ACCAGAGAAGTAAAAA,0
ACCAGAGAATAAAATT,0
ACCAGAGTATACGCAC,0
ACCAGATAAATCTGGG,0
ACCAGATACGGTACTA,0
ACCAGATAGCCTTGTA,0
ACCAGCAATAAGTTGC,0
ACCAGCAATAATAAGG,0
ACCAGCAATTATACTC,0
ACCAGCACACTAAACA,0
ACCAGCACCCAACAAA,0
ACCAGCACTTGAAACA,0
ACCAGCAGCCTGGAGA,0
ACCAGCCAACCATTAT,0
ACCAGCCACCAAGAAT,0
ACCAGCCACTTTCGGT,0
ACCAGCCAGACGCAGT,0
ACCAGCCGCGCTAACG,0
ACCAGCCGGACACAAG,0
ACCAGCGATTATAAGA,0
ACCAGCGGCAATGTAT,0
ACCAGCTAAAATACTT,0
ACCAGCTATAATGCTA,0
ACCAGCTGCAACTCTG,0
ACCAGCTTATGCGTTA,0
ACCAGGAACAGGTATT,0
ACCAGGCTTGAGAAGC,0
ACCAGGGCCAAGCTCA,0
ACCAGGTTCGCATGGA,0
ACCAGTAAACGACATC,0
ACCAGTAGACATGTAA,0
ACCAGTCAAACTTAAC,0
ACCAGTCCATGACTCT,0
ACCAGTCGTAAATAAC,0
ACCAGTGCCTGTTACG,0
ACCAGTTACCAGTAGA,0
ACCAGTTATAAAAGGT,0
ACCAGTTCTAAGAAGA,0
ACCAGTTTAAATTCCA,0
ACCATAAAATGTTCTC,0
ACCATAAAATTCAAGA,0
ACCATAAACCCACATA,0
ACCATAAACGTCCTCT,0
ACCATAAATATCCATA,0
ACCATAAATTTAACCT,0
ACCATAACCCGGTTTG,0
ACCATAACGAACAATC,0
ACCATAACTGCTGTGC,0
ACCATAACTGGGCTGA,0
ACCATAATTAGTGAAT,0
ACCATACAACTGAATG,0
ACCATACAAGAAATCT,0
ACCATACAAGTAATAG,0
ACCATACACCACATCA,0
ACCATACCAAGAGCGA,0
ACCATACGTGTGAGAA,0
ACCATACTACACATTC,0
ACCATACTACTATGCA,0
ACCATACTTTCACAAA,0
ACCATAGATATGCATT,0
ACCATAGATGAAACGG,0
ACCATATAAAAACTCG,0
ACCATATAATTGTACA,0
ACCATATACATAGAGA,0
ACCATATGATAAATCA,0
ACCATATGTTGTACCA,0
ACCATATTATAAAGGC,0
ACCATCAAACAGGTAC,0
ACCATCAAAGCTAGAT,0
ACCATCAATTACAGAA,0
ACCATCACAAATCCGT,0
ACCATCACAACCTTTT,0
ACCATCACACAACTGC,0
ACCATCACGCATACGT,0
ACCATCACTGTGTCTA,0
ACCATCAGTCAGACTC,0
ACCATCATCCAATCGT,0
ACCATCCCAGGGCATC,0
ACCATCGACATTACAT,0
ACCATCGACGTAGACT,0
ACCATCGTGATTATCG,0
ACCATCTTCTGAAATA,0
ACCATGAAATCGTCAT,0
ACCATGAACATCTTGG,0
ACCATGAATACTAAAT,0
ACCATGAATGCTGTAG,0
ACCATGAGCATAACTA,0
ACCATGATAACAAAAA,0
ACCATGATAACCCGTA,0
ACCATGATACAATGAG,0
ACCATGCTGCAGACGT,0
ACCATGGAAGGACAAG,0
ACCATGTAACAAGGAA,0
ACCATGTCAAAAACAT,0
ACCATGTCACACGCTA,0
ACCATGTCATACATCC,0
ACCATGTCCTGTTATA,0
ACCATTAAACAATTAC,0
ACCATTAAACTGCGAT,0
ACCATTAAGTCGGACA,0
ACCATTAGAAGTTTGA,0
ACCATTAGACACATAA,0
ACCATTAGCGCTGACA,0
ACCATTCAAAAACACT,0
ACCATTCAACTCCATA,0
ACCATTCCAACTATGG,0
ACCATTCGCTTCAGCC,0
ACCATTCGTTTCCTTA,0
ACCATTCTTATCCAAA,0
ACCATTGGAAGATAGG,0
ACCATTGGTGACAATA,0
ACCATTTAACCAAAAA,0
ACCATTTATAGATGTA,0
ACCATTTCGATTAGCG,0
ACCATTTCTTACGCAG,0
ACCATTTTAAAAGCTT,0
ACCATTTTACTTCTAC,0
ACCATTTTGAAAAAAA,0
ACCCAAAATATCAATC,0
ACCCAAAATTCAAATC,0
ACCCAAAGAAGTTCAG,0
ACCCAAAGCATGTCAA,0
ACCCAAAGGGAACATA,0
ACCCAAATAATATGGG,0
ACCCAACAGATGTCTA,0
ACCCAACCAACAGGAG,0
ACCCAACCCTGCAAGA,0
ACCCAACGATATTAAA,0
ACCCAACGTCTGAACC,0
ACCCAACTTAACTAGA,0
ACCCAACTTGTCAAAT,0
ACCCAAGGACACAATT,0
ACCCAAGTAGATTATA,0
ACCCAATACCCCTCAA,0
ACCCAATATAATCTGA,0
ACCCAATGGAGAGTAT,0
ACCCAATTTAAAAGGA,0
ACCCACAAAAAGACAG,0
ACCCACAAATAGAACA,0
ACCCACAACTGATAAA,0
ACCCACAGCCATTGAA,0
ACCCACATCATTTAAA,0
ACCCACATTTACTTAT,0
ACCCACCCAGCCAACC,0
ACCCACCCGAAAGGTT,0
ACCCACCGCTCTAGCT,0
ACCCACGCTGGTTATC,0
ACCCACGGGAAGGCTT,0
ACCCACGTCAAACTAA,0
ACCCACGTTCAATACC,0
ACCCACTCAAAGTACA,0
ACCCACTCAATGGATA,0
ACCCACTCTATCTAGT,0
ACCCAGAGAGCTAAGG,0
ACCCAGCAAAAGCCCG,0
ACCCAGCAGCCAAAGT,0
ACCCAGCGATGACGAC,0
ACCCAGCGGAAAACAC,0
ACCCAGCGTATGATGC,0
ACCCAGGGACATAACC,0
ACCCAGGGTAATTATA,0
ACCCAGTACCATGTAA,0
ACCCAGTAGAGAGTTA,0
ACCCAGTGTACTCTTA,0
ACCCAGTTTACTCATG,0
ACCCATAACAGATAGC,0
ACCCATAAGTTATCAG,0
ACCCATACCAGCCAGG,0
ACCCATACTGAATCCC,0
ACCCATAGAACATGGA,0
ACCCATATCAATCTCT,0
ACCCATCAACATACCA,0
ACCCATCCCGGTCGGC,0
ACCCATCGAAAAAGAT,0
ACCCATCTAAAACATA,0
ACCCATGAAAATATGC,0
ACCCATGAATGGCGAC,0
ACCCATGATCCCGGAG,0
ACCCATGGCTAAGATA,0
ACCCATTACCGTGGCA,0
ACCCATTATTAATGGG,0
ACCCATTGAAGTACAA,0
ACCCATTTAAAAATAA,0
ACCCATTTGCACTGTG,0
ACCCATTTGGACTAAA,0
ACCCATTTTAGATCAG,0
ACCCCAAAACAAACAG,0
ACCCCAAAACATCTGA,0
ACCCCAAACTATCCAT,0
ACCCCAACCTGTCTGA,0
ACCCCAAGCATTACCG,0
ACCCCAAGCGACACTG,0
ACCCCAAGGAGCGAAT,0
ACCCCAAGTGACACAC,0
ACCCCAATAACGAGCA,0
ACCCCACATCGAAAGT,0
ACCCCAGCACGGGTCT,0
ACCCCAGCAGTTAGGG,0
ACCCCAGTTCCACGAG,0
ACCCCATAAGCCATTC,0
ACCCCATATTAGAACA,0
ACCCCCAAAAAACTTG,0
ACCCCCACAGTGCAAA,0
ACCCCCATAAGCGTAA,0
ACCCCCCCTAATGAGA,0
ACCCCCGAACAGTGGC,0
ACCCCCGACGACACGT,0
ACCCCCGATGACTACA,0
ACCCCGAAAACCAAAA,0
ACCCCGAAGTTTCAAT,0
ACCCCGACGGTGCGTA,0
ACCCCGCAATCACTAT,0
ACCCCGCTATTAAATA,0
ACCCCGCTCTCGAACA,0
ACCCCGGGTCACTTTA,0
ACCCCGTACGGTTCTT,0
ACCCCGTCACTATTGA,0
ACCCCGTTTACCGTAC,0
ACCCCTACACCCAGAA,0
ACCCCTAGACACTCTT,0
ACCCCTATGTGTAAAC,0
ACCCCTCGTCAAACAT,0
ACCCCTGAACCCGAAT,0
ACCCCTGGTCGATTCG,0
ACCCCTTACATATCGA,0
ACCCCTTATTAATTCT,0
ACCCCTTGTTGCTAAT,0
ACCCCTTTCGGGGCAA,0
ACCCGAAAACAGGTGA,0
ACCCGAACAAAGTGAC,0
ACCCGAAGACCGAAAT,0
ACCCGAAGACTCTTTT,0
ACCCGAATACGAATGC,0
ACCCGAATACTTATAT,0
ACCCGAATGCAAAGGT,0
ACCCGAATTCAGGTAA,0
ACCCGACAGGTCTTGG,0
ACCCGAGAAGTGTCAA,0
ACCCGAGAGGGCAGCT,0
ACCCGAGATTAAACAA,0
ACCCGATAGGTCCCCG,0
ACCCGATCACGGAATG,0
ACCCGATCCAGAAACA,0
ACCCGATCCGATCAAG,0
ACCCGATTTTACGTAC,0
ACCCGCATATGGAATC,0
ACCCGCATTTTATACC,0
ACCCGCCAATTCAGAC,0
ACCCGCCGCACCTAGT,0
ACCCGCGAAAAACACA,0
ACCCGCTTAATCCCTT,0
ACCCGGAATCTTAGCA,0
ACCCGGACCCTGACTA,0
ACCCGGACGTAAAAGC,0
ACCCGGAGATATACAA,0
ACCCGGCAGTTAACGT,0
ACCCGGTATAAAACGC,0
ACCCGGTGTGAAATCT,0
ACCCGTAAAGACACGA,0
ACCCGTACAAATAGAC,0
ACCCGTACATAATACA,0
ACCCGTAGAGCGGGAG,0
ACCCGTCATATACAAG,0
ACCCGTCCGCTTTGTG,0
ACCCGTCTCAAAGACA,0
ACCCGTGAAATTCCTT,0
ACCCGTGACTCTATCC,0
ACCCGTGGAGACACCC,0
ACCCGTGTTAAGTTAA,0
ACCCGTTAATTATAGT,0
ACCCGTTCAAAGAAGC,0
ACCCGTTCCGAAAATG,0
ACCCTAAAAAGATCAA,0
ACCCTAAAAATAAGCA,0
ACCCTAAATCCCTACC,0
ACCCTAAATGACCCCT,0
ACCCTAACACAGCCCA,0
ACCCTAACGCCTTGCC,0
ACCCTAACGTAGCATA,0
ACCCTAACTCGCCTCT,0
ACCCTAATTCCGAAAA,0
ACCCTACACTATATAG,0
ACCCTACGCCTGACAA,0
ACCCTACTTAAATAAC,0
ACCCTAGATAACCAAA,0
ACCCTAGATACGAAAA,0
ACCCTAGTTTAACTAG,0
ACCCTATAATACTCAT,0
ACCCTATATACCCATT,0
ACCCTATTACCCAGTT,0
ACCCTATTATTAACGC,0
ACCCTATTGATACATT,0
ACCCTATTTCCGATCT,0
ACCCTCAAAAGTATCT,0
ACCCTCACAATCCTTA,0
ACCCTCAGTTAGCCAG,0
ACCCTCCATGGTACTG,0
ACCCTCCCACTTAGCA,0
ACCCTCCCTTTTAACA,0
ACCCTCCTAGCAAATT,0
ACCCTCGAATAAATTT,0
ACCCTCGTGCGGCCAA,0
ACCCTCGTTATATATT,0
ACCCTCTCTTTTACTT,0
ACCCTGATAAACGATC,0
ACCCTGATAACCTTAG,0
ACCCTGCACTCAAATC,0
ACCCTGCATGAAGAGA,0
ACCCTGCCCCCATTTT,0
ACCCTGCTCCACCCGA,0
ACCCTGGATACCAAAT,0
ACCCTGGTTATAATCG,0
ACCCTGTCGCCAGCAC,0
ACCCTGTTAAAGAAGA,0
ACCCTTAATGGCTACA,0
ACCCTTAGCCGGCTCT,0
ACCCTTAGTACACTTG,0
ACCCTTATAAGAGTTT,0
ACCCTTATGCACGTGT,0
ACCCTTCAACCTAGAC,0
ACCCTTCAGTCGTAGA,0
ACCCTTCGGTTTAACT,0
ACCCTTCGTTCCAGGA,0
ACCCTTCGTTGAGATT,0
ACCCTTCTATCTTAAT,0
ACCCTTCTGAAAATTA,0
ACCCTTGAAAATAATT,0
ACCCTTGAGCTAACAT,0
ACCCTTGCGCATAACG,0
ACCCTTTCCAGTATTC,0
ACCCTTTGACAGTAAG,0
ACCCTTTGATAATTTC,0
ACCCTTTGGCGATAAG,0
ACCCTTTTAAAGATAC,0
ACCGAAAAAAGTAGAT,0
ACCGAAAACATACGGA,0
ACCGAAAACCGCCGGC,0
ACCGAAAACTTTCAAA,0
ACCGAAAAGAAGTCAA,0
ACCGAAACAAAACAGT,0
ACCGAAACACTTGAAT,0
ACCGAAAGAAGAACAT,0
ACCGAAAGACGAGCTG,0
ACCGAACAACGAGGCC,0
ACCGAACAGTGTACAC,0
ACCGAACATTCTACAC,0
ACCGAACCGCCGTTTA,0
ACCGAACCTGCCTCTA,0
ACCGAACGAAAAAGTA,0
ACCGAACGGGCAAATA,0
ACCGAAGCCCAATTAT,0
ACCGAAGTATGTCACC,0
ACCGAATAAGTATTAC,0
ACCGAATAATAACAAA,0
ACCGAATAGTATAGTC,0
ACCGAATGATATAAAC,0
ACCGAATGATGTACTT,0
ACCGAATGCAATATTA,0
ACCGAATGGGCCGTGA,0
ACCGACACTCTTAATC,0
ACCGACAGAGTCCTGA,0
ACCGACAGCCTCCACG,0
ACCGACCTAAATTCCG,0
ACCGACCTAATGGGAA,0
ACCGACCTTAAGCACT,0
ACCGACGCTGCGACCC,0
ACCGAGACACTACATA,0
ACCGAGACCCGATTTA,0
ACCGAGAGTAAGGCAA,0
ACCGAGCAATAAAGTT,0
ACCGAGCGCCACAGTC,0
ACCGAGCTATAAACAT,0
ACCGAGCTTAACATTG,0
ACCGAGCTTACGTGCT,0
ACCGAGGAACAACCAT,0
ACCGAGGAACAACTGC,0
ACCGAGGCTGTCTCTC,0
ACCGAGTGCAAAAGAC,0
ACCGATAAATCCTATA,0
ACCGATAATCGTAACG,0
ACCGATATCGCCCCGA,0
ACCGATCCATATGCAA,0
ACCGATCCCATGCGAA,0
ACCGATCCCGAGGAGA,0
ACCGATCGGCAGGTAA,0
ACCGATCTAGTTGATT,0
ACCGATGAGCATCACG,0
ACCGATGGTAAAGTTG,0
ACCGCAAACAGAGAAA,0
ACCGCAAATGAGGACT,0
ACCGCAACTAACCACA,0
ACCGCAAGAACAGATA,0
ACCGCAAGACACTAAC,0
ACCGCAAGTCGCATGC,0
ACCGCAAGTGGTAAAA,0
ACCGCATAAGAAGATA,0
ACCGCATCAAATTATG,0
ACCGCATGAAGAAAAT,0
ACCGCCACCACTGTTT,0
ACCGCCACCATGGGAG,0
ACCGCCAGAAGTTTGC,0
ACCGCCAGACACTTCG,0
ACCGCCAGGGCCACCG,0
ACCGCCATATACGTAT,0
ACCGCCATGTTAAACT,0
ACCGCCGGAGACAATT,0
ACCGCCTCAAGGTCCG,0
ACCGCGAATCAACAAG,0
ACCGCGCATATGCAAG,0
ACCGCGGCTCAAAGAC,0
ACCGCGGTTTGGTGCC,0
ACCGCGTAAAAATATC,0
ACCGCTAGATATCACT,0
ACCGCTCAACTACGGA,0
ACCGCTCTGCAGCTTT,0
ACCGCTGGAGGGTAAA,0
ACCGCTGGATTAGAAA,0
ACCGCTTAAACCGAGA,0
ACCGCTTAGGTACCTT,0
ACCGCTTCAAAGGTCA,0
ACCGCTTTGCGGAAGC,0
ACCGGAAAGAAATATG,0
ACCGGAACCACAGCTA,0
ACCGGAATATACGCGG,0
ACCGGAATGACACGAA,0
ACCGGAATGACCCAGG,0
ACCGGACATACCCAAA,0
ACCGGACTCCGCACGG,0
ACCGGAGTATAACCTA,0
ACCGGATCTAAGGCAA,0
ACCGGATGCAGCTCTG,0
ACCGGATGTACGAGCA,0
ACCGGATGTTAGGGCA,0
ACCGGCACGTAACCAC,0
ACCGGCAGCTCTAATA,0
ACCGGCCAACACGATC,0
ACCGGCCATTAAGTAA,0
ACCGGCCTTACAACCA,0
ACCGGCGGCTCGCCTT,0
ACCGGCGTCGGTTACT,0
ACCGGCTGATTGCTAA,0
ACCGGGAAATATTTTA,0
ACCGGGTAATTTTCCA,0
ACCGGGTCAGAACCAG,0
ACCGGGTCTTGAAAAA,0
ACCGGTAAAGGATACG,0
ACCGGTACCTAGACCA,0
ACCGGTGAAAGTATTA,0
ACCGGTTCCATTATAA,0
ACCGTAAAATTAATTC,0
ACCGTAAACTGAATTA,0
ACCGTAAATACACCAA,0
ACCGTAACCCCCAAAG,0
ACCGTAACTAAATAGT,0
ACCGTAATGTTATACT,0
ACCGTACAAAAAGGCA,0
ACCGTACAGTGAGAAT,0
ACCGTACCATCCAACA,0
ACCGTACCGGCGGATT,0
ACCGTACTTGAATTAT,0
ACCGTAGACGCCACTT,0
ACCGTAGATACTGTTG,0
ACCGTAGTCCCGTCAA,0
ACCGTAGTTTTACATC,0
ACCGTATAAATCTCTA,0
ACCGTATATTTATGAT,0
ACCGTATCTGCATGCC,0
ACCGTATTTAAAGCTA,0
ACCGTCAACAAAAAAT,0
ACCGTCATCATCGAAA,0
ACCGTCCACAACCAAG,0
ACCGTCCCAGAATCCC,0
ACCGTCCGAGCCCAAG,0
ACCGTCCTTAGTAATG,0
ACCGTCTATTGCTGTC,0
ACCGTCTCTTCGGAAA,0
ACCGTCTGGTGTTATT,0
ACCGTGTTACAAAATT,0
ACCGTTACATACTATC,0
ACCGTTCGTAACGACG,0
ACCGTTGTGCTAACGT,0
ACCGTTTCTACAGCTC,0
ACCGTTTGCTATATAG,0
ACCGTTTTAAATCTTG,0
ACCTAAAATATAGAGG,0
ACCTAAACAACAAATT,0
ACCTAAACCATGACAA,0
ACCTAAACCTAACACA,0
ACCTAAACTTGCCACG,0
ACCTAAAGAGAATAAA,0
ACCTAAAGAGATAACA,0
ACCTAAAGATTGAGGT,0
ACCTAAAGCGCGAAGG,0
ACCTAAAGTAAAAACA,0
ACCTAAAGTACCGGTA,0
ACCTAAATAAAGGATG,0
ACCTAAATAACCACAC,0
ACCTAAATCCCCAGGT,0
ACCTAAATGTAGGATA,0
ACCTAAATTCGAATAC,0
ACCTAACACAAAATCA,0
ACCTAACAGGGAAGGA,0
ACCTAACCTTGGTGAC,0
ACCTAACGTATCAAGG,0
ACCTAACGTGTGAGGG,0
ACCTAACTACATCCTT,0
ACCTAACTACCCCTAG,0
ACCTAACTCGATAATA,0
ACCTAACTCTTCTAGA,0
ACCTAAGAAACCACAT,0
ACCTAAGACCTATGGT,0
ACCTAAGAGGGATAAA,0
ACCTAAGCAAGCAGAT,0
ACCTAAGCCCCCTTCT,0
ACCTAAGGCGGCTACA,0
ACCTAAGGTTGTGCAA,0
ACCTAATAATACATCA,0
ACCTAATACATTAATA,0
ACCTAATTGCGAATGC,0
ACCTAATTTAATCTCA,0
ACCTAATTTGACGGTT,0
ACCTAATTTTTATATC,0
ACCTACAACGAGACAT,0
ACCTACACAAATCCCA,0
ACCTACACGCTAACAA,0
ACCTACAGGGCTAGCA,0
ACCTACCGCTACGTAT,0
ACCTACCTCCACTCTC,0
ACCTACCTCCGTGATG,0
ACCTACGACACGTCTA,0
ACCTACGCTAAGCATT,0
ACCTACGGTAGAAGAT,0
ACCTACTAACCCACGA,0
ACCTACTAATTTTATT,0
ACCTACTACTGCCTAA,0
ACCTACTATGATAGAA,0
ACCTACTCCACACCCA,0
ACCTAGAAGCCGTGTC,0
ACCTAGACATAAACGA,0
ACCTAGACGTTAACAA,0
ACCTAGAGAGAGTGTA,0
ACCTAGAGAGTATCAC,0
ACCTAGAGGATTTATA,0
ACCTAGCAACGCTCAA,0
ACCTAGCAGCTACAAC,0
ACCTAGCCAGATCGAG,0
ACCTAGCCTTTATGTA,0
ACCTAGGGCCCATCGA,0
ACCTAGGTCTTAATCT,0
ACCTAGTAATTCAAAG,0
ACCTAGTAGCCACAGG,0
ACCTAGTCGTTATACT,0
ACCTAGTGTCTAACAG,0
ACCTATACATAACCGG,0
ACCTATACGAGAAAGC,0
ACCTATACTGTAGGAT,0
ACCTATAGAAATCAAA,0
ACCTATAGTAATTCTA,0
ACCTATCAACACTCTT,0
ACCTATCATACAGACC,0
ACCTATCCAGTGCCAA,0
ACCTATCCCAATAACG,0
ACCTATCGCTAAATCG,0
ACCTATGAGAGTAAAA,0
ACCTATGTCCGAATTC,0
ACCTATGTTTACAACG,0
ACCTATTCGTACTGTC,0
ACCTATTTAATAAGCA,0
ACCTCAAACAATATCA,0
ACCTCAAACACAGGAA,0
ACCTCAAACTTTAATA,0
ACCTCAAAGGTGATAG,0
ACCTCAACCCAGTCTC,0
ACCTCACATGTAATAA,0
ACCTCACCAACGTCCA,0
ACCTCACGACGTCAAA,0
ACCTCAGCACGAGTCA,0
ACCTCAGCAGAATTTA,0
ACCTCAGTATCAACAC,0
ACCTCATACTATAACT,0
ACCTCATGTCGCTAAA,0
ACCTCATTAACAAAAG,0
ACCTCATTACATGTAA,0
ACCTCATTTACAAAAC,0
ACCTCCAAATATAAGA,0
ACCTCCAACACTAGAA,0
ACCTCCAACGCTAGCG,0
ACCTCCACATCCGCCC,0
ACCTCCATACCGTTTC,0
ACCTCCATACGCTGTA,0
ACCTCCCACCATACCA,0
ACCTCCCAGCTGAACT,0
ACCTCCCATGTGATAC,0
ACCTCCCCACTAATAT,0
ACCTCCCCCGTATCCA,0
ACCTCCCGACTTCGGA,0
ACCTCCCTAAAAAAGT,0
ACCTCCCTCTGATAAA,0
ACCTCCGAACCAAGGA,0
ACCTCCGTATTAAGAA,0
ACCTCCGTGTCAGAAT,0
ACCTCCTAAACAAGTT,0
ACCTCGAAAAGCCCAC,0
ACCTCGAACCCACCAA,0
ACCTCGAAGGTCGTGA,0
ACCTCGAATCAGAACA,0
ACCTCGAGAATATAGC,0
ACCTCGGAACCATAAG,0
ACCTCGGATACCTAAA,0
ACCTCGGCAGCCCAAG,0
ACCTCGGGGCAAAATA,0
ACCTCGTTGTACTTTG,0
ACCTCTACCACGTACC,0
ACCTCTCAATAATCCA,0
ACCTCTCACGCACGGA,0
ACCTCTCACTCATAAA,0
ACCTCTCGACAGTCGC,0
ACCTCTGAATAAAGGC,0
ACCTCTGCGTAAGGAA,0
ACCTCTGGAAAACACC,0
ACCTCTTCAGACATAC,0
ACCTCTTCTGGGAGCA,0
ACCTCTTGGAGAACTA,0
ACCTCTTTAAATTTAA,0
ACCTGAACATAGAACA,0
ACCTGAACCCACTTAG,0
ACCTGAATAATCATGG,0
ACCTGAATACATTTGT,0
ACCTGACCCATAATGA,0
ACCTGACCGAGGCCAC,0
ACCTGACTACCTTGGT,0
ACCTGACTCGAACTTG,0
ACCTGACTTATTCGCC,0
ACCTGACTTGAACAAT,0
ACCTGACTTGCGATTC,0
ACCTGAGACACAAAAA,0
ACCTGAGATAAATATG,0
ACCTGAGCAAAAAACA,0
ACCTGAGCCTTTAAAA,0
ACCTGATAAACAACTG,0
ACCTGATATAATACCA,0
ACCTGATATGAGGCAT,0
ACCTGATCGCACAAAC,0
ACCTGATTAAGCCTTG,0
ACCTGATTGTGCAAAT,0
ACCTGCACTGACAAGA,0
ACCTGCATCTGAACAC,0
ACCTGCCAATGTACTC,0
ACCTGCCTATACTATC,0
ACCTGCCTTATTAACT,0
ACCTGCGATACCCAGC,0
ACCTGCGTATGACAAT,0
ACCTGCTACTAATCCG,0
ACCTGCTTATTGTGTC,0
ACCTGGAATATCGAAA,0
ACCTGGACCTCCTCAC,0
ACCTGGATGTACAAGC,0
ACCTGGATTTAAACAG,0
ACCTGGCACTAGACGA,0
ACCTGGCAGGAAGAGT,0
ACCTGGCCAAGGACGT,0
ACCTGGCTTTAGAAGA,0
ACCTGGGAATTACTTT,0
ACCTGGGATATCCAGT,0
ACCTGGTAATGCACAG,0
ACCTGGTGAGAACTCA,0
ACCTGTATGTAGAACG,0
ACCTGTCACCTCCTGC,0
ACCTGTCGGAAGACGG,0
ACCTGTCTAGAAAACC,0
ACCTGTCTGACAGACG,0
ACCTGTGGGCACTGTA,0
ACCTGTTATATTGAAA,0
ACCTGTTGTAAAAATT,0
ACCTTAAAACAATTCT,0
ACCTTAAAAGGCGGAG,0
ACCTTAAACGAATACA,0
ACCTTAAATATACTTT,0
ACCTTAAATCATTCAG,0
ACCTTAACAGAATTGA,0
ACCTTAACGTCACACC,0
ACCTTAACTTAAGCAT,0
ACCTTAAGGCCTTTTA,0
ACCTTAATCCCATGAA,0
ACCTTACAGAGAGAAG,0
ACCTTACATCCCTACA,0
ACCTTACCACAAAAGG,0
ACCTTACGAAAAAATC,0
ACCTTACGAATCGGGC,0
ACCTTACTAGATGAGC,0
ACCTTAGATAAATCCC,0
ACCTTAGATAGACTGA,0
ACCTTAGATCAAATAC,0
ACCTTAGCTTGTCCAA,0
ACCTTAGGATAAAATC,0
ACCTTAGGTGTAGTCT,0
ACCTTCACCATTCATG,0
ACCTTCAGGTGTACCA,0
ACCTTCAGTTATCTTG,0
ACCTTCCATATCTTTG,0
ACCTTCCGATAAACAC,0
ACCTTCGAGCGGCAAC,0
ACCTTCGCAGATGGTA,0
ACCTTCGTAGTACGGT,0
ACCTTGACGGAATAAG,0
ACCTTGACTCACACTA,0
ACCTTGGAATAGTCAC,0
ACCTTGGACCAAACAC,0
ACCTTGGCCTAAAAAC,0
ACCTTGGTCTTGAGTA,0
ACCTTGGTGCTTTGCC,0
ACCTTGTATCTATAAA,0
ACCTTGTCCTTCCCTT,0
ACCTTGTGGACGAGAG,0
ACCTTGTTGAAAAAAG,0
ACCTTTAATGTTCTCC,0
ACCTTTACAAACGCAG,0
ACCTTTACTGTCCAAG,0
ACCTTTATAAAAACAT,0
ACCTTTATAAGTTCCA,0
ACCTTTATACCGGCAA,0
ACCTTTATACTGAAAA,0
ACCTTTATCAAGAAGA,0
ACCTTTATTGCCGCTG,0
ACCTTTCAAACAATGA,0
ACCTTTGAAATTAGAT,0
ACCTTTGCCTCGCACA,0
ACCTTTGGGCTGTTCA,0
ACCTTTTTAGTATTAT,0
ACGAAAAACTGTCCAT,0
ACGAAAAAGCACGAGT,0
ACGAAAAATCTGAAAC,0
ACGAAAAATGAGTTAT,0
ACGAAAAATGCAATGC,0
ACGAAAACAAAACCCC,0
ACGAAAACAACACTCA,0
ACGAAAACCTTAGTAA,0
ACGAAAACGTCACCAC,0
ACGAAAACTAACACAT,0
ACGAAAACTAGGAAAG,0
ACGAAAAGTGACGCTT,0
ACGAAAATACATATAC,0
ACGAAAATATCATTTT,0
ACGAAAATCGTAAATA,0
ACGAAAATTATCAAAG,0
ACGAAACAAAGTAGAC,0
ACGAAACAACGGCGGT,0
ACGAAACACGGAATAA,0
ACGAAACAGCGAATCA,0
ACGAAACTATGATGTC,0
ACGAAACTGATCGGAA,0
ACGAAACTTTTTTACA,0
ACGAAAGAAATAGTGA,0
ACGAAAGAAGTCTGAA,0
ACGAAAGAATATCGTA,0
ACGAAAGACCAACCTT,0
ACGAAAGCTAATAGTC,0
ACGAAAGTCAATATGC,0
ACGAAAGTTAATATGT,0
ACGAAAGTTAGGAAAG,0
ACGAAATAGAGGAAAT,0
ACGAAATATGCAACTG,0
ACGAAATCGAAGACAA,0
ACGAACACACGCTATA,0
ACGAACACACTGGAAA,0
ACGAACAGAATCTTCA,0
ACGAACATCAGGTTGC,0
ACGAACCCTATGTGGA,0
ACGAACCTATAGTCAG,0
ACGAACCTGCGACAGA,0
ACGAACGATGCTAATT,0
ACGAACGCACTACTCA,0
ACGAACGCCTACGACG,0
ACGAACGGAAAAACAA,0
ACGAACGTGCAAACGG,0
ACGAACTCATGTATCT,0
ACGAACTCGACTAAAC,0
ACGAACTCTCAAACAA,0
ACGAACTCTCAGATGG,0
ACGAACTGGATGGTGG,0
ACGAACTGTTTTCTCG,0
ACGAAGAAAGTTCTAG,0
ACGAAGACGGCCTCAA,0
ACGAAGATTTAATTGA,0
ACGAAGCACCGATTAA,0
ACGAAGCGGTGAAAAA,0
ACGAAGCTACCGAGAT,0
ACGAAGCTGGTGAAAA,0
ACGAAGGAACCTTAGA,0
ACGAAGGACGAGTCAA,0
ACGAAGGCACATCCGC,0
ACGAAGGTGACCCGAT,0
ACGAAGTAAAAGGAGC,0
ACGAAGTTATACCGGA,0
ACGAAGTTATAGTGAG,0
ACGAAGTTGATTGCTA,0
ACGAAGTTTATGGCCC,0
ACGAATAAAAATAGAC,0
ACGAATAAAATGACCA,0
ACGAATAATAGGGTAT,0
ACGAATACATTTAGAT,0
ACGAATACCTCATTCC,0
ACGAATACTCAAATGA,0
ACGAATAGACCCATTT,0
ACGAATAGATCCCCAC,0
ACGAATAGCTTAGTAT,0
ACGAATATACGGTGGT,0
ACGAATATGACATGCA,0
ACGAATCAAGAACAGT,0
ACGAATCACTGCGGGA,0
ACGAATCCAAACTTGA,0
ACGAATCCCAAAGGTT,0
ACGAATCCGACAAATA,0
ACGAATCGAGGACTGA,0
ACGAATCGGTTCTGAC,0
ACGAATCTCTTTGAAA,0
ACGAATGGACCGCGTC,0
ACGAATGGATAATTAG,0
ACGAATGGATGAGCGT,0
ACGAATTAAAAAGAGA,0
ACGAATTAAGAGAGGC,0
ACGAATTACCAGTACT,0
ACGAATTATACCATAT,0
ACGAATTCCGAACGAC,0
ACGAATTGCAGTACCT,0
ACGAATTGGCCTGAGA,0
ACGAATTTATAACTTG,0
ACGAATTTATTTTAAC,0
ACGACAACGACCCATA,0
ACGACACAATACGTTC,0
ACGACACCCTTGTTTC,0
ACGACACTAGACGAAA,0
ACGACACTGTAAGACC,0
ACGACAGATAATTCAA,0
ACGACAGGACTTGTAA,0
ACGACAGGGGGAGGGA,0
ACGACATAATATGACT,0
ACGACATACGAGGAAT,0
ACGACATCAATTAAAG,0
ACGACATGCGCAATCA,0
ACGACATTAACATATG,0
ACGACCAATATATAAT,0
ACGACCAGCACCTATA,0
ACGACCATGATCTCAA,0
ACGACCATGTTTTCAT,0
ACGACCCGCGTCACCA,0
ACGACCGTTAAAGTGC,0
ACGACCGTTACTGACG,0
ACGACCTTATAAACTT,0
ACGACGAACCTCGAAT,0
ACGACGATTGGGAGAC,0
ACGACGCATCATTCCC,0
ACGACGCTTGTATGTA,0
ACGACGGAAAAAACGG,0
ACGACGGAGCATCTGC,0
ACGACGTTATACGCAA,0
ACGACGTTTCTAAACG,0
ACGACTAGGAAAGCGT,0
ACGACTATCAGAAGAC,0
ACGACTCGAAAACTTT,0
ACGACTCTACTGTAAA,0
ACGACTGAAGTGAATT,0
ACGACTGAGAGTTGCA,0
ACGACTGCGGGGCGTT,0
ACGACTTTCTTATACG,0
ACGACTTTTCTGGAGA,0
ACGAGAAAACATAACA,0
ACGAGAACAAGACAAA,0
ACGAGAACGCTTAACG,0
ACGAGAACGGTCACGC,0
ACGAGAATTAATCAAA,0
ACGAGACATGTCCAAA,0
ACGAGACCACAACATA,0
ACGAGACCACATGTAA,0
ACGAGACGATGGATTG,0
ACGAGACTAATGTACC,0
ACGAGACTCCTAATGA,0
ACGAGACTTCGCCCCA,0
ACGAGACTTGTGATAT,0
ACGAGATAGTTTGTTA,0
ACGAGATCGACGATTA,0
ACGAGATCTGCATATC,0
ACGAGATGCCAACATA,0
ACGAGATTATCTAAGT,0
ACGAGATTGACAGTGT,0
ACGAGCAGCGTAACGT,0
ACGAGCATTAAATTAA,0
ACGAGCCCAAGTCCGC,0
ACGAGCCTAGTTCAAT,0
ACGAGCGTTATAACTC,0
ACGAGCTTGTCTACAA,0
ACGAGCTTTGCACCTG,0
ACGAGGAATCTTCAAA,0
ACGAGGCATAAAAGTA,0
ACGAGGGACAAGAACT,0
ACGAGGGATCAAAGCA,0
ACGAGGGTCGGTCCAA,0
ACGAGGTAACGCGTTG,0
ACGAGGTATCCGAGAA,0
ACGAGGTCATGACAAA,0
ACGAGTAACCGAGAAA,0
ACGAGTAGAGCCGGTA,0
ACGAGTCCCATATCAC,0
ACGAGTCCTATATTTG,0
ACGAGTGCCGGATAAG,0
ACGAGTGGTCTTAGAT,0
ACGAGTGTATGCAGCA,0
ACGAGTTAACTCACAT,0
ACGAGTTACACTTCAT,0
ACGAGTTACAGTCCTT,0
ACGAGTTACTGACAAA,0
ACGATAAAATACAAAT,0
ACGATAAACCGTTTGC,0
ACGATAAATAGGGTGC,0
ACGATAACAAGTAAGG,0
ACGATAACAGAAGTAA,0
ACGATAACCATAAACA,0
ACGATAACGCTAGATT,0
ACGATAAGAGAGTAGA,0
ACGATAATAAAAAGTA,0
ACGATAATAGAGTAGA,0
ACGATACAAATAACGC,0
ACGATACCACGACAAG,0
ACGATACCAGATCAAC,0
ACGATACGGAGGAATC,0
ACGATACTCATATGCA,0
ACGATACTTAAACCAA,0
ACGATAGACAAAACCG,0
ACGATAGATAATGCAA,0
ACGATAGCATGAAGTT,0
ACGATAGCTTCTTAAG,0
ACGATATAAGACGATT,0
ACGATATAGGTCTAAG,0
ACGATATATTTCTGAC,0
ACGATATGGCGTGAGG,0
ACGATATGGTGGCTAA,0
ACGATATTTCTGAACC,0
ACGATCAATCCACCAA,0
ACGATCATTAACTAGC,0
ACGATCCAACTCGACC,0
ACGATCGAACCATAAA,0
ACGATCTCATCGGTAC,0
ACGATCTGAAACAGTA,0
ACGATCTTTAGGTTCC,0
ACGATGAGTATACAAC,0
ACGATGCAAGTCAAAT,0
ACGATGCCACTGTAGC,0
ACGATGCTGTATTGAA,0
ACGATGGACCAAGAGT,0
ACGATGGAGGTTAATA,0
ACGATGGCGACGACCT,0
ACGATGTATAGGTCAA,0
ACGATGTCATGCAACC,0
ACGATGTTGATAGAAA,0
ACGATGTTTATCAGAC,0
ACGATTACAACACGGA,0
ACGATTCCATGTAATC,0
ACGATTCTAAACTCGT,0
ACGATTGATATCCACT,0
ACGATTGATCAATGAG,0
ACGATTGCCAGATTAT,0
ACGATTGGACAGAATT,0
ACGATTTAAATAAATC,0
ACGATTTAACTGGAAC,0
ACGATTTAATTTCAAC,0
ACGATTTATCAAGCAT,0
ACGATTTGGACGGCAA,0
ACGATTTTTGACCATG,0
ACGATTTTTTATCGCT,0
ACGATTTTTTGCCCCG,0
ACGCAAAAACTGAACT,0
ACGCAAAATATTACCT,0
ACGCAAAATCAGGTAT,0
ACGCAAAATCTTGGAA,0
ACGCAAACGGAAGACA,0
ACGCAAAGTCATGTCC,0
ACGCAAATGTAACTAT,0
ACGCAACCCAAACAAC,0
ACGCAACCTAGTCAAG,0
ACGCAACCTTGAACTG,0
ACGCAACGGTTTACTC,0
ACGCAACTATTAACAT,0
ACGCAAGAATCAAACT,0
ACGCAAGCCCACTAAA,0
ACGCAAGCCCCGTTCC,0
ACGCAAGCTGCGGCTT,0
ACGCAAGTTATCAAAA,0
ACGCAATAAAATTGCA,0
ACGCAATGATAAATGT,0
ACGCAATGATCTATGC,0
ACGCAATGGATGCCAT,0
ACGCAATTTCAAAAAG,0
ACGCACAACATCTATG,0
ACGCACACTCATCCTC,0
ACGCACCAAAAGCTTT,0
ACGCACCAAACCAATG,0
ACGCACCACAATCCGG,0
ACGCACCAGAGGACTA,0
ACGCACGAGGCTATCA,0
ACGCACTTCATAATGG,0
ACGCAGAAAATAACAA,0
ACGCAGAATCCATCAG,0
ACGCAGAGCGCGGTTG,0
ACGCAGATAATCAAAC,0
ACGCAGATCAAATTCC,0
ACGCAGGTACCTAAGA,0
ACGCAGTAAACGAGGT,0
ACGCAGTGATACAAAA,0
ACGCAGTTCTTGAGTA,0
ACGCATAAATCGGACA,0
ACGCATACAAGCTAGT,0
ACGCATAGCCAGTACA,0
ACGCATATTTATGAAT,0
ACGCATCAAACAGGGA,0
ACGCATCAATGTTGAC,0
ACGCATCCCGCAGAGA,0
ACGCATCCCTCCCACA,0
ACGCATCCTCATTACT,0
ACGCATGGGCCGGATC,0
ACGCATTGAACAATTT,0
ACGCATTTAACTCCAA,0
ACGCCAAACATCGACT,0
ACGCCAAACTTTGCCT,0
ACGCCAACAACTTAGG,0
ACGCCAACACACCTAC,0
ACGCCAACTCTTGCAA,0
ACGCCAATATTAAAGT,0
ACGCCAATGTTCACAC,0
ACGCCACATTACAAAC,0
ACGCCACCCAAATAGA,0
ACGCCACCGAAGGGCA,0
ACGCCACCTACAACCC,0
ACGCCACCTACAGGAG,0
ACGCCACTGTGGCAGC,0
ACGCCAGGTATTTCGT,0
ACGCCAGTTCGAATGA,0
ACGCCATAAAATAAAA,0
ACGCCATAACAATAAC,0
ACGCCATCTCAGGAAA,0
ACGCCCAATAGATTTA,0
ACGCCCAGACACTCTG,0
ACGCCCATTCCAGTAG,0
ACGCCCCGGTACGCGA,0
ACGCCCGACAAGTACA,0
ACGCCCGGAATATCCA,0
ACGCCCTACAACTACC,0
ACGCCCTATCAAGCAA,0
ACGCCCTATGATCGGC,0
ACGCCGAACAAAATAT,0
ACGCCGAACTCTTCAT,0
ACGCCGACACTGAATC,0
ACGCCGAGAGGCTACA,0
ACGCCGCATCGAATCT,0
ACGCCGGACGTGTCTC,0
ACGCCGGGGCCTGTCC,0
ACGCCGGGTTTGAGTA,0
ACGCCGTCTCTAAAAA,0
ACGCCGTTCTGTCAGT,0
ACGCCGTTTTAGCATA,0
ACGCCTAAATCGGCAA,0
ACGCCTATAATGATAA,0
ACGCCTATCAACACAG,0
ACGCCTCTGCAACTAT,0
ACGCCTGTTCTCTGCG,0
ACGCCTTATAACCTAG,0
ACGCCTTCAAAAAACG,0
ACGCCTTCCGAGGAGC,0
ACGCGAAAACTAAAAA,0
ACGCGAAAAGACATTC,0
ACGCGAAATGAAGAGT,0
ACGCGAACAAAGCAAC,0
ACGCGAATCGAATCCC,0
ACGCGAATGCAAGACA,0
ACGCGACAATGGACAA,0
ACGCGACAGTATGCGC,0
ACGCGACCAAATAAAT,0
ACGCGACTACATAGTC,0
ACGCGACTGCCAAGAA,0
ACGCGAGAGTCGGAGA,0
ACGCGAGCCACAAGCA,0
ACGCGAGGCGTACTCT,0
ACGCGATAAATCTTCG,0
ACGCGATGATTTAGCA,0
ACGCGCCTGCACAGAT,0
ACGCGCGCAACAATAG,0
ACGCGCGGACAAGCGA,0
ACGCGCGTAACCACGA,0
ACGCGCGTAGCAGGTG,0
ACGCGCGTCCTCTCAG,0
ACGCGCTGTAAATTGA,0
ACGCGCTTTCCGCGCT,0
ACGCGGACTACAAACT,0
ACGCGGTGCAGCGTAA,0
ACGCGTAAATATTACG,0
ACGCGTAACGTGGAAG,0
ACGCGTACGGTTTGAG,0
ACGCGTAGATTAAACA,0
ACGCGTGCATTACAGC,0
ACGCGTGCCTACTCTG,0
ACGCTAAACATCGGCA,0
ACGCTAAGAGTAGATA,0
ACGCTAATACATCGAC,0
ACGCTAATCATGCTAA,0
ACGCTACCAAACTAAC,0
ACGCTACGACATAATG,0
ACGCTACTCCTCTAAA,0
ACGCTAGACTAAATCA,0
ACGCTATAAATTCACA,0
ACGCTATAAGTCCTTG,0
ACGCTATAGTTGGTGG,0
ACGCTATCATATCCGA,0
ACGCTATTAAATAGTG,0
ACGCTATTACCGGCTA,0
ACGCTATTACGAGGAT,0
ACGCTATTACTAACAA,0
ACGCTCAACACCCTCA,0
ACGCTCACACCTGTTT,0
ACGCTCCAAAAGATTA,0
ACGCTCCCAGTGGCGG,0
ACGCTCCGATCTAAGG,0
ACGCTCGGCCGAAGGC,0
ACGCTCTAAATACTCA,0
ACGCTCTAACACTAGC,0
ACGCTCTTAGCCTTAG,0
ACGCTGATATGCTACA,0
ACGCTGATCATGTGAT,0
ACGCTGCAATTGTGCA,0
ACGCTGCTTGATTTGC,0
ACGCTGGTACAAAAGG,0
ACGCTGTAATTATCTA,0
ACGCTTAATGCAGTGT,0
ACGCTTACCATGACCT,0
ACGCTTACTGTTGGCA,0
ACGCTTATAAAAATCC,0
ACGCTTCCGGACTCCA,0
ACGCTTCTTTTACCCT,0
ACGGAAACAGACAGCG,0
ACGGAAATACGAGACT,0
ACGGAAATCTCTTCGG,0
ACGGAACCGGCTAAAT,0
ACGGAACGATGATAAT,0
ACGGAACTCTTTTTGA,0
ACGGAAGAAACAAACC,0
ACGGAAGGACTTGGGA,0
ACGGAATAAATCAGTT,0
ACGGAATCAGGTTCGA,0
ACGGAATGTTCAAATC,0
ACGGAATTACAATGCC,0
ACGGACAACAAGATCG,0
ACGGACAACTGTAGCA,0
ACGGACAAGTCACGAT,0
ACGGACAATACCAAAG,0
ACGGACCCCAAAAAGT,0
ACGGACCCTATGTGCC,0
ACGGACCCTCATCTCA,0
ACGGACGACATAATAG,0
ACGGACTCTACATTAT,0
ACGGACTTTGCAGCAC,0
ACGGAGAAAAAAAACT,0
ACGGAGAATGAGGATA,0
ACGGAGACGGAAGCAT,0
ACGGAGCAAAGTATAA,0
ACGGAGCGCAACACAA,0
ACGGAGGATTGGGGTC,0
ACGGAGTAGATTGCTA,0
ACGGATAAATATGACC,0
ACGGATAAATATTACG,0
ACGGATAACCAAAAAG,0
ACGGATAAGCGACACA,0
ACGGATATTAGAAAAA,0
ACGGATCGCACAATAA,0
ACGGATCTTCAGCCGC,0
ACGGATCTTTCACTGA,0
ACGGATGAAGAGAACC,0
ACGGATGTATTTTAAA,0
ACGGATTAGAGCGACA,0
ACGGCACAGCGGAATA,0
ACGGCACCGCGGCCCA,0
ACGGCAGGCCTGTAGA,0
ACGGCCAACAGGTAAA,0
ACGGCCCGACAATTTC,0
ACGGCCGATACTAACT,0
ACGGCCGGATCCTAAC,0
ACGGCCTAGCATACTA,0
ACGGCCTCGCAGACCA,0
ACGGCCTTACTTAATC,0
ACGGCGATGTTCAAGA,0
ACGGCGCGTGATAGAA,0
ACGGCGGTTTTTGTTC,0
ACGGCGTAGATACAAT,0
ACGGCTACAAGTTGAC,0
ACGGCTATGTTATATA,0
ACGGCTCAAACAAATA,0
ACGGCTCTGATCGGCA,0
ACGGCTCTGCCGGGTA,0
ACGGCTGGCTTCATTG,0
ACGGCTTATTTATATT,0
ACGGGAAGTCATGGCT,0
ACGGGACTGGTCCAAG,0
ACGGGAGGTTAGTCCA,0
ACGGGATCTCCAGTTT,0
ACGGGCAAAAAATCGC,0
ACGGGCCACTAACCCT,0
ACGGGCCCCCGTAAGA,0
ACGGGCCGATGCGTGT,0
ACGGGCGAGATTATCA,0
ACGGGCGTCACTAGCG,0
ACGGGCTCCCCAAACA,0
ACGGGGAAATCTCTAT,0
ACGGGGCAAACAGATT,0
ACGGGGCAAGCACTAT,0
ACGGGGCCTAAAAGTT,0
ACGGGGCTTTATTTAT,0
ACGGGTAAAACGCCGC,0
ACGGGTAAAATGATGA,0
ACGGGTAAACTTTATC,0
ACGGGTAGCATCGAAC,0
ACGGGTGATCACTGGA,0
ACGGGTTAAAATAGAT,0
ACGGGTTATTGAAAAA,0
ACGGTAAAACGAACTT,0
ACGGTAAAATCAACAC,0
ACGGTAACAAAGCCCA,0
ACGGTAACGATCAATA,0
ACGGTACAAAGACAAG,0
ACGGTACAACACCGCA,0
ACGGTACCAAAAGTAG,0
ACGGTACCACCTGTCC,0
ACGGTACCGCGTACCG,0
ACGGTACGATCAGGCA,0
ACGGTACTAGGAAACT,0
ACGGTAGCCAGACCGG,0
ACGGTAGTCTACTCGC,0
ACGGTCAGTTCGACCC,0
ACGGTCCATATCAAAT,0
ACGGTCCCGAAATGAA,0
ACGGTCCGTAGCCATA,0
ACGGTCGAAAATTATT,0
ACGGTCGCACCACCCG,0
ACGGTCGGCCAATCTT,0
ACGGTCTAATAAACTT,0
ACGGTCTGGCAATTTT,0
ACGGTGAAATTCTAGT,0
ACGGTGAAGTAAATGA,0
ACGGTGAGAACGTTAC,0
ACGGTGATCGACATTA,0
ACGGTGCCAACGCTTT,0
ACGGTGCCACTCCTAG,0
ACGGTGCTTGACATTG,0
ACGGTGGTCAATACAA,0
ACGGTGGTTTACTAAA,0
ACGGTTAAAGGAGGCG,0
ACGGTTAATGTTTCCC,0
ACGGTTAATTGGGCAA,0
ACGGTTACACGAACAA,0
ACGGTTACCTCGACTT,0
ACGGTTAGCCTGACCG,0
ACGGTTAGTTAGGCCG,0
ACGGTTATACAGGGAT,0
ACGGTTATGTTTTGCA,0
ACGGTTCCATAATAAC,0
ACGGTTCTAGGATACC,0
ACGGTTGAAATCAACC,0
ACGGTTTAAAGCACAT,0
ACGGTTTAGGGAAGTA,0
ACGGTTTTGGTGACAA,0
ACGTAAAAAGTTAACC,0
ACGTAAAATCGATGCC,0
ACGTAAACACCGAAAC,0
ACGTAAAGACTAGTTG,0
ACGTAAATGCAACAGG,0
ACGTAAATGGTGGGGT,0
ACGTAAATTGACATAA,0
ACGTAACCGTTTTAAA,0
ACGTAACCTGAGGAAT,0
ACGTAACGATGGACCA,0
ACGTAAGAATAAGTGA,0
ACGTAAGCGACGTATC,0
ACGTAAGCGAGACTCC,0
ACGTAATAAATTTACA,0
ACGTAATAGTGAGAGC,0
ACGTAATATGCGCCGC,0
ACGTAATCATAAGATA,0
ACGTAATCCAGGGCTT,0
ACGTAATCCCATAGAA,0
ACGTACATTGTTTTAG,0
ACGTACCAATAAGCAG,0
ACGTACCAATGAATTG,0
ACGTACCTACAATTTG,0
ACGTACCTTGAGCATT,0
ACGTACGAAAAAATTA,0
ACGTACGAACTGCACT,0
ACGTACGCACCTACAA,0
ACGTACGGACACAGCG,0
ACGTACTCCAAATTTT,0
ACGTACTCTATCAAAA,0
ACGTACTCTCAATTAA,0
ACGTAGAAGTGCTATC,0
ACGTAGACAAAGATGT,0
ACGTAGACGAGACCCA,0
ACGTAGATGAAAGAAA,0
ACGTAGCCCGCAAGAA,0
ACGTAGGTATCAAAAT,0
ACGTAGTCAATCTTAG,0
ACGTAGTCTCTACAAG,0
ACGTAGTGACAAACTA,0
ACGTAGTGCTCAGCCA,0
ACGTAGTGGAACAGTG,0
ACGTATACCTCTAGCT,0
ACGTATAGCATTACTT,0
ACGTATAGTTACTAGG,0
ACGTATCAAAACCGAA,0
ACGTATCCGACAACAC,0
ACGTATGCCCAATTTG,0
ACGTATTCCAAATCAA,0
ACGTATTTTAGACATC,0
ACGTATTTTCATAAAA,0
ACGTATTTTTCAATCA,0
ACGTCAAAAGGGAATA,0
ACGTCAAAGCTATATT,0
ACGTCAAATCATAGTA,0
ACGTCAAATGATTACA,0
ACGTCAATAGATAGGT,0
ACGTCACATATTGACT,0
ACGTCACCAGAAGAAT,0
ACGTCAGCCAAACCCG,0
ACGTCATATCTCCGAC,0
ACGTCATGATGGAGAA,0
ACGTCATTAAAGATGC,0
ACGTCATTATTATCAG,0
ACGTCATTGTCGCCGT,0
ACGTCATTTATCTGCC,0
ACGTCCACTTACTGCA,0
ACGTCCAGAACTAAAA,0
ACGTCCATACGGACAA,0
ACGTCCCAAAGGATCA,0
ACGTCCCAACTACATG,0
ACGTCCCTCTCAACAC,0
ACGTCCGTAAAATACT,0
ACGTCCGTTCATGACA,0
ACGTCGACGAATCTAG,0
ACGTCGACTAGAGTAT,0
ACGTCGGACGAACGAT,0
ACGTCGGATAGCACAA,0
ACGTCTATACACGACG,0
ACGTCTGAAGCCAGCC,0
ACGTCTGACACAAAAT,0
ACGTCTGCTTAAGTTC,0
ACGTCTGTCGACTAAG,0
ACGTCTTCTCTGTTTC,0
ACGTGAAACTACCCAT,0
ACGTGAACGACTTTTA,0
ACGTGAAGAGTTGAAG,0
ACGTGAATTTTGTGCT,0
ACGTGACGATTGGAAA,0
ACGTGAGTCTAGGCAC,0
ACGTGATCTTGGACAA,0
ACGTGATTGCCAATAG,0
ACGTGCATCTCATACT,0
ACGTGCGAACGATCAA,0
ACGTGCTAAAACGACA,0
ACGTGCTCAACAGCCC,0
ACGTGCTTAAAGAGGC,0
ACGTGGACACTGAACC,0
ACGTGGATCCATATTT,0
ACGTGGGAACCCTACA,0
ACGTGGTTCACATACG,0
ACGTGTCTTATCTAAT,0
ACGTGTCTTTAATACG,0
ACGTGTTAAAAAGCAA,0
ACGTGTTCACACCGAA,0
ACGTTAAACTACTACA,0
ACGTTAACACGTCCCT,0
ACGTTAAGAGTATATT,0
ACGTTAATAATAGTTG,0
ACGTTACAATATGTCC,0
ACGTTACACCAAAAAA,0
ACGTTACATAGACATA,0
ACGTTAGATGTGAAAA,0
ACGTTAGTCCTCCGTA,0
ACGTTATAGAACGGAC,0
ACGTTATCATTAATAA,0
ACGTTATCTAAAGCTG,0
ACGTTATTTTAAAAAA,0
ACGTTCACCATTCCTG,0
ACGTTCACGGGATACA,0
ACGTTCATAAGAGAGA,0
ACGTTCATATCTCACT,0
ACGTTCATTATGCGTT,0
ACGTTCCCAGGCAAGA,0
ACGTTCGTACCACAAA,0
ACGTTCTGTATTCAAC,0
ACGTTCTTAAACCGTT,0
ACGTTCTTAATTATTG,0
ACGTTGAAGAATAACA,0
ACGTTGACAGTCGGCC,0
ACGTTGAGGATCTCGG,0
ACGTTGAGTGAGAACC,0
ACGTTGAGTGTTTGAA,0
ACGTTGATAAAAGTGT,0
ACGTTGCGATGTTAGC,0
ACGTTGCGGTTACACA,0
ACGTTGCTGTCACAAA,0
ACGTTGGAATAGCTGT,0
ACGTTGGCCCAGATAA,0
ACGTTGGGACATCCAG,0
ACGTTGGGGACATAAT,0
ACGTTGTAAGAGTCGA,0
ACGTTGTATGATTCCC,0
ACGTTTAATGAACCGA,0
ACGTTTAATGACGTTT,0
ACGTTTCATAGTAAGA,0
ACGTTTCGTGTTTTCG,0
ACGTTTGCTACCTTTC,0
ACTAAAAAATACTACT,0
ACTAAAAACCAGATCA,0
ACTAAAAACCTTGGTA,0
ACTAAAAAGCAAAAAT,0
ACTAAAACGTTCTCAT,0
ACTAAAACTTGATTCC,0
ACTAAAAGAAAAATTA,0
ACTAAAAGAACTTAGA,0
ACTAAAAGCAGACCCC,0
ACTAAAAGCATTTTAT,0
ACTAAAAGTTGCCCCA,0
ACTAAAATAATTAACA,0
ACTAAAATAATTTGAA,0
ACTAAAATCAAATCAT,0
ACTAAAATGTATATAT,0
ACTAAACAAAATCCGG,0
ACTAAACACCCTATGA,0
ACTAAACAGAAACAAC,0
ACTAAACAGAATTCGA,0
ACTAAACAGGGGGCCA,0
ACTAAACATCCGAAAT,0
ACTAAACCGACCTAAT,0
ACTAAACCTACGAACT,0
ACTAAACTTCTCACGA,0
ACTAAAGAATGAAATT,0
ACTAAAGATACACTTG,0
ACTAAAGATCTGCCAT,0
ACTAAAGTTATGACTA,0
ACTAAATAACTCTGAC,0
ACTAAATAAGCACAAG,0
ACTAAATAGACACCGC,0
ACTAAATCATCAATTT,0
ACTAAATCATCCCTAC,0
ACTAAATCATGAACGT,0
ACTAAATCTATACAAA,0
ACTAAATGTGAACGCA,0
ACTAACAAAAAGTACA,0
ACTAACAACAAACACG,0
ACTAACAAGACTGATA,0
ACTAACAAGCAATAAC,0
ACTAACAATGATAGGG,0
ACTAACACAAATAACC,0
ACTAACACATTCCGAC,0
ACTAACACTATAGCAC,0
ACTAACATAAGAGCAT,0
ACTAACATAGTCGCAG,0
ACTAACATATGCGACT,0
ACTAACATGGGAAAAT,0
ACTAACATTGCTAGAA,0
ACTAACCAAATTAGTA,0
ACTAACCACGTACAAA,0
ACTAACCCCGGCAACT,0
ACTAACCCTTAGGAGA,0
ACTAACCTAATGGAGA,0
ACTAACGAAGGCATGT,0
ACTAACGGCTTATTGA,0
ACTAACGTCATACATT,0
ACTAACGTGTACCCGC,0
ACTAACGTTTGCCCAA,0
ACTAACTAAAATTGAG,0
ACTAACTATTAGTTGG,0
ACTAACTCCAATACCT,0
ACTAACTTCAACATGA,0
ACTAAGAAGCATATTT,0
ACTAAGAATAAATTTT,0
ACTAAGAATCATCATA,0
ACTAAGAATTGGTCAA,0
ACTAAGACTTAATCAC,0
ACTAAGACTTACACTT,0
ACTAAGAGACTTCATT,0
ACTAAGATGGTTTAAA,0
ACTAAGCAAAACAATA,0
ACTAAGCCCTCGAAGC,0
ACTAAGGAAATCGCCT,0
ACTAAGGACCCTTTGA,0
ACTAAGTACTACATTC,0
ACTAAGTAGCGCTTAC,0
ACTAAGTCAGCATTAG,0
ACTAAGTCCTCGAGAC,0
ACTAAGTGAATAAATC,0
ACTAAGTTCCTTTCGT,0
ACTAAGTTCGGATGAG,0
ACTAATAAAAATGTTT,0
ACTAATAAACACCATG,0
ACTAATAACACACTCC,0
ACTAATAATATATAGT,0
ACTAATAATATGATTG,0
ACTAATACATATAGAC,0
ACTAATAGTCCGCATG,0
ACTAATATGCAAAGAT,0
ACTAATATTCCATTAA,0
ACTAATCAAAGTACGA,0
ACTAATCAGGGAATAA,0
ACTAATCATAGACGAA,0
ACTAATCATGACGGCT,0
ACTAATCATTGAACCG,0
ACTAATCCAATACCAC,0
ACTAATCCATGGAGAG,0
ACTAATCGCGCAAGAG,0
ACTAATCGGCCTCACC,0
ACTAATCGTGTTATTA,0
ACTAATCTAGAATAAG,0
ACTAATCTTTAAATAA,0
ACTAATTAAATGGGAG,0
ACTAATTAAGCACTGC,0
ACTAATTACTGCACTA,0
ACTAATTAGATTCTAA,0
ACTAATTTCAGGAGTA,0
ACTAATTTCATACATC,0
ACTACAAAAAATATAC,0
ACTACAAAAGTAACTA,0
ACTACAAACACCAGAA,0
ACTACAAACATTATAA,0
ACTACAAATCGACGAC,0
ACTACAAATGGTAAAA,0
ACTACAACCAAAATTT,0
ACTACAATAATCAGTG,0
ACTACAATTTAAATTG,0
ACTACACAACGACAAA,0
ACTACACACATTTCCT,0
ACTACACACCACTTGC,0
ACTACACCATAAACGA,0
ACTACACGTTAGCAAG,0
ACTACACTACAAGTGT,0
ACTACAGAAATATAAG,0
ACTACAGACTTCAGCA,0
ACTACAGGGCTACAGC,0
ACTACAGTGAAAGAAC,0
ACTACATACTAACTTC,0
ACTACATAGCGGCCTT,0
ACTACATCCCTAGGAG,0
ACTACATTGCTCTCAA,0
ACTACATTTCGCCATA,0
ACTACCAACCACTCCC,0
ACTACCAATCAATTCG,0
ACTACCACATGATGAA,0
ACTACCACCGGCTACC,0
ACTACCATAGCCTAAC,0
ACTACCCATACTCACA,0
ACTACCCGGAATCTTC,0
ACTACCGAATATAGAT,0
ACTACCGCCACTAACA,0
ACTACCGTAAGCTTAC,0
ACTACCTGCGTAACCC,0
ACTACCTTATCGAAGC,0
ACTACGAAATAGACGG,0
ACTACGACATATGAAA,0
ACTACGACTCTAAAAT,0
ACTACGAGCAAAACAT,0
ACTACGAGGACCCAAA,0
ACTACGATTCTAGAAG,0
ACTACGCAAGCTATCC,0
ACTACGCAATCGTAAT,0
ACTACGCCTAAGACAG,0
ACTACGCCTGGAAGCG,0
ACTACGCTAAATAAAA,0
ACTACGCTGGTCATCA,0
ACTACGGGCACGTATT,0
ACTACGGTCACACTTT,0
ACTACGTAAACTATAT,0
ACTACGTAGTATTTTT,0
ACTACGTGACAATGGC,0
ACTACGTTAAATCCCT,0
ACTACGTTCCCCAGAT,0
ACTACGTTTCGATCGG,0
ACTACTAAAACTCGAC,0
ACTACTAAAGGGTCTA,0
ACTACTATATTATGAA,0
ACTACTATTACCTTAT,0
ACTACTCAACAGCAGA,0
ACTACTCCCCGTGCAG,0
ACTACTCGAATATCAC,0
ACTACTCGTTCGAACC,0
ACTACTGCTTACAAAA,0
ACTACTTAAATGTACG,0
ACTACTTATGGACATC,0
ACTACTTATTCGTCAG,0
ACTACTTCTATAGGTT,0
ACTACTTGAAAAAAAA,0
ACTACTTTGGATCACC,0
ACTAGAAAATAACGTA,0
ACTAGAACAAAGATTC,0
ACTAGAACAGAATAGC,0
ACTAGAACGCCCTGAT,0
ACTAGAAGAGGACCAA,0
ACTAGAAGCGATCCCA,0
ACTAGAAGGATAGTCA,0
ACTAGAAGTCTAATGG,0
ACTAGAATGAGATTTT,0
ACTAGACAACGTGCCT,0
ACTAGACAATATTATA,0
ACTAGACCCCCAATGT,0
ACTAGACTCAATTTCT,0
ACTAGAGAACGATCAA,0
ACTAGAGAATATATAA,0
ACTAGAGACGGCGTTG,0
ACTAGAGGCAGAAGTC,0
ACTAGATAAGAGACGC,0
ACTAGATACACACACA,0
ACTAGATCGCAGACTC,0
ACTAGATTAGTGTAAA,0
ACTAGATTATAAAAAT,0
ACTAGCAAATGCCCCT,0
ACTAGCATAATTGAAT,0
ACTAGCATAGCTACAA,0
ACTAGCCCAGGATTAA,0
ACTAGCCGAGAGGTAA,0
ACTAGCCGCCCGAACG,0
ACTAGCCTATCCCACA,0
ACTAGCTAAAACTGAT,0
ACTAGCTGGGTACACG,0
ACTAGCTTACTCAGCC,0
ACTAGGAAAACGCCTC,0
ACTAGGACCATGAGTG,0
ACTAGGGTCGCATTAA,0
ACTAGGTCAAGGTCAT,0
ACTAGGTCAATTTTAC,0
ACTAGGTCATATGAAA,0
ACTAGGTTGACGAATG,0
ACTAGTAAAACCTTCA,0
ACTAGTAAAAGCTTCA,0
ACTAGTACGCTACCAT,0
ACTAGTACTCAAAACA,0
ACTAGTCATAATCGAA,0
ACTAGTCATGGAGGAT,0
ACTAGTCTCGAGCGTA,0
ACTAGTGAAATTATCC,0
ACTAGTGTTAATATAT,0
ACTATAAAAAGGTTGA,0
ACTATAAAACGGTAAC,0
ACTATAAAAGAATGTA,0
ACTATAAAAGTTATCT,0
ACTATAACGTTCCCTG,0
ACTATAACTCTCTTGA,0
ACTATAAGATATCATG,0
ACTATAAGCTTTGGAA,0
ACTATAATAAATATGA,0
ACTATAATACAAAAGT,0
ACTATACACGCTTACC,0
ACTATACCAAATGTAA,0
ACTATACCGTTTTCGA,0
ACTATACCTGTAAGAA,0
ACTATACTATCAAGTA,0
ACTATACTGTAGTCCA,0
ACTATACTTTAAAACT,0
ACTATAGACTAATATT,0
ACTATAGAGCACCCGT,0
ACTATAGAGTAGCTAC,0
ACTATAGATTGCAAGT,0
ACTATATAAAAGGATA,0
ACTATATATAGAATCT,0
ACTATATCGGTAAGCA,0
ACTATATGATATACCA,0
ACTATATGTTCTTGCA,0
ACTATATTTAGAGAAA,0
ACTATCAAACAATACC,0
ACTATCAACAAAAGGG,0
ACTATCAGTTCGAAAT,0
ACTATCATATCAACGA,0
ACTATCCAAGAATGGA,0
ACTATCCACATGAATC,0
ACTATCCTATGAGCTC,0
ACTATCCTTGTAATCA,0
ACTATCGATGGAACTA,0
ACTATCGGCCCGTATA,0
ACTATCGGTCAGACTT,0
ACTATCGTCAAAAACC,0
ACTATCTACACTTGTA,0
ACTATCTATAATATTG,0
ACTATCTATTTACTCG,0
ACTATCTCGGAACCGG,0
ACTATCTTGATTACTC,0
ACTATGAATTTATGGA,0
ACTATGACCAAAAAGT,0
ACTATGCAGAATTTGA,0
ACTATGCATTTATTTC,0
ACTATGCCATTGACAA,0
ACTATGCTATCGGGCG,0
ACTATGCTGCAATAAA,0
ACTATGGTCCAGATCC,0
ACTATGTAACTTCGAA,0
ACTATGTGATGAATAC,0
ACTATGTTGATACATC,0
ACTATTAAAACTTATG,0
ACTATTAACAATATTA,0
ACTATTAAGGGCAAAT,0
ACTATTAATTAGTCAG,0
ACTATTATGCTTCGAA,0
ACTATTATTGGCCACT,0
ACTATTCCAAACTAAA,0
ACTATTCTCCCCCCCA,0
ACTATTGAAAGTATTC,0
ACTATTGAATTATTGA,0
ACTATTTAAGGAAACA,0
ACTATTTACAGCCGAA,0
ACTATTTAGCAAAGCA,0
ACTATTTCAGTATGAA,0
ACTATTTGAGCCAATC,0
ACTATTTGTACCAATA,0
ACTATTTGTTCCCAAT,0
ACTCAAAAAAAAAACT,0
ACTCAAAACGATAACA,0
ACTCAAACAAATGTTT,0
ACTCAAACCTAAATTA,0
ACTCAAACGACAGCTT,0
ACTCAAATCACATCTC,0
ACTCAAATGCAACCTT,0
ACTCAAATTTCTATTC,0
ACTCAACAAGCGCCAG,0
ACTCAACATATTACTC,0
ACTCAACATTCACGCC,0
ACTCAACCCATTAGAC,0
ACTCAACCCATTATTT,0
ACTCAACCTAAAAAAT,0
ACTCAACCTATCCTCG,0
ACTCAACGGTTTGCGG,0
ACTCAACTTTTGTCCA,0
ACTCAAGAAACCTATC,0
ACTCAAGACAGGGTTT,0
ACTCAAGATGATCAAC,0
ACTCAAGGCCGATTCT,0
ACTCAAGTAGACATAA,0
ACTCAAGTGCCATCCC,0
ACTCAATAGTGACAGT,0
ACTCAATATATATACC,0
ACTCAATGCTTGAAAT,0
ACTCAATGTAATAATA,0
ACTCAATGTTGACTAA,0
ACTCAATTAAAAACAG,0
ACTCAATTTACTATAA,0
ACTCAATTTATTTAGA,0
ACTCACAATTGGCGAG,0
ACTCACACAAATACAA,0
ACTCACACACCAGAAA,0
ACTCACACCTGAAAAA,0
ACTCACAGAAACGGAA,0
ACTCACAGATCCACCG,0
ACTCACATAAAACAAA,0
ACTCACCGATATAAAT,0
ACTCACCTAGGTAAAA,0
ACTCACCTATCTTTTA,0
ACTCACGATTAAAGGA,0
ACTCACGTAGTTCAGA,0
ACTCACTAGCGATATC,0
ACTCAGAAAAACCTAT,0
ACTCAGACACAAATAA,0
ACTCAGAGTAGCAGCT,0
ACTCAGATTATTCTAA,0
ACTCAGATTTGCTTGC,0
ACTCAGCAGAGCCGCT,0
ACTCAGCATCCACTAA,0
ACTCAGCCCAAGAACA,0
ACTCAGCCGGACTGTA,0
ACTCAGCCTGTATTCG,0
ACTCAGGAATAATCTA,0
ACTCAGGCAGGGTACG,0
ACTCAGGGCTATTTTA,0
ACTCAGGGTCTCTACC,0
ACTCAGTATCGTGACA,0
ACTCAGTCAAAGCAGC,0
ACTCAGTCAACATGAC,0
ACTCAGTCTACTGACT,0
ACTCATAAGATTAGAA,0
ACTCATAATTAAGTAA,0
ACTCATACCAAGACAT,0
ACTCATATTGGGCCAA,0
ACTCATCACATGAGTT,0
ACTCATCAGGAAGTAT,0
ACTCATCATAACACCA,0
ACTCATCCTATATAAT,0
ACTCATCGTACAAAAC,0
ACTCATGAACGCCGAA,0
ACTCATGTAGCTTTGT,0
ACTCATGTCGATCCCC,0
ACTCATTAAACCCAAA,0
ACTCATTATCCCAAGA,0
ACTCATTATTACTATA,0
ACTCATTGTAACCGGT,0
ACTCATTTAGTGATTA,0
ACTCCAAACTCTCTAT,0
ACTCCAACAACCGAGA,0
ACTCCAACTAGAACAG,0
ACTCCAACTTCGCACG,0
ACTCCAATTACTTAAA,0
ACTCCACATTTACAGA,0
ACTCCAGAAGAAATGT,0
ACTCCAGATCACTTAA,0
ACTCCAGATGTAATTG,0
ACTCCATCCAACAATA,0
ACTCCATTAGTTTAAA,0
ACTCCATTTTGACAAA,0
ACTCCCAAGAATGGGG,0
ACTCCCATAATGAATA,0
ACTCCCCTACTGACTT,0
ACTCCCCTGGCACAAT,0
ACTCCCCTTTTACCTA,0
ACTCCCGCCCAACATT,0
ACTCCCGGTATTGAAT,0
ACTCCCTAATAGTCAT,0
ACTCCCTAGCAAAACG,0
ACTCCCTCATTGGATC,0
ACTCCCTGACCAATTG,0
ACTCCGAATAGATGGA,0
ACTCCGGCGCTTTGCC,0
ACTCCGTCATCTAGTC,0
ACTCCTAATATAGGAA,0
ACTCCTACCCTAAATA,0
ACTCCTATCAAACCAG,0
ACTCCTATGTGTGCCA,0
ACTCCTCAACTTTAAA,0
ACTCCTCCAGTATTAA,0
ACTCCTCCTTATGCTA,0
ACTCCTGAAGAAAAAA,0
ACTCCTGCTCAACACA,0
ACTCCTTTATATGAGC,0
ACTCCTTTCAAGAGAT,0
ACTCGAAATGAATACT,0
ACTCGAATCTGCTTAT,0
ACTCGACATTACAAAG,0
ACTCGACCGATTAAAC,0
ACTCGACGCAGAAAAA,0
ACTCGACTAACAATAC,0
ACTCGATAGATATTAA,0
ACTCGATCGTAATACG,0
ACTCGCAAATGTCCAT,0
ACTCGCAGTCTAGTTA,0
ACTCGCTACAATTTGG,0
ACTCGCTACACCGCTA,0
ACTCGGATCGAAAATG,0
ACTCGGCGTTAGAAGA,0
ACTCGGCTTTGGGAAT,0
ACTCGGTTGAGGAAAA,0
ACTCGTAATGATGAAA,0
ACTCGTACATAGACAC,0
ACTCGTCGCAAGACAG,0
ACTCGTCTGCACAATC,0
ACTCGTGTTGAAGAGC,0
ACTCGTTACAAACAAA,0
ACTCGTTAGACAAGCC,0
ACTCGTTCGCAAGAAC,0
ACTCGTTCTATCCTAA,0
ACTCGTTTTCACATAC,0
ACTCTAAAGAGCGGAA,0
ACTCTAAAGCTGAGTC,0
ACTCTAAATCAATAAT,0
ACTCTAAATTATAGAT,0
ACTCTAACCAGAGTCA,0
ACTCTAACCTTGATAT,0
ACTCTAAGAGAGGTCA,0
ACTCTAAGCTAAACCA,0
ACTCTAATTTCAACGA,0
ACTCTACACTTAATAA,0
ACTCTACCGAACTTAC,0
ACTCTACCTAATAAAG,0
ACTCTACTTACCCAAT,0
ACTCTAGCAACCGCTT,0
ACTCTATCCTATGAGC,0
ACTCTATCTCTGATTT,0
ACTCTATTAATCCGGA,0
ACTCTCAGCGGTATTT,0
ACTCTCATAGTATCCC,0
ACTCTCATATATAAAG,0
ACTCTCATTAAAACAA,0
ACTCTCCAGCGTACAC,0
ACTCTCCCCATTAGAT,0
ACTCTCCCCTACACGT,0
ACTCTCCGAAAATTGA,0
ACTCTCCTAACCACCG,0
ACTCTCCTGATATAGG,0
ACTCTCGAAACCAGGA,0
ACTCTCTAGAATGTTC,0
ACTCTCTAGACCTTAA,0
ACTCTCTCGGTTGTAA,0
ACTCTGAAGCGCTGCA,0
ACTCTGAGGGTACGTT,0
ACTCTGATCAAGGCAA,0
ACTCTGCAAAATTTCC,0
ACTCTGCACCTACACG,0
ACTCTGCTCTCGTCTA,0
ACTCTGGTCCGCTAGT,0
ACTCTGTTTAAGCGAC,0
ACTCTTAATACGAACG,0
ACTCTTAGTTATCCGC,0
ACTCTTATTCATATTG,0
ACTCTTCAAAAAGACA,0
ACTCTTCACCGTACCA,0
ACTCTTCCACATGGAA,0
ACTCTTCGACATCGCA,0
ACTCTTCGCATTAACA,0
ACTCTTTAGAAGCACG,0
ACTCTTTCAACATAAA,0
ACTCTTTGGCAGATAA,0
ACTGAAAACAAACAAA,0
ACTGAAAACTTCGGAA,0
ACTGAAAATAAGTGGG,0
ACTGAAAATGCCCTTA,0
ACTGAAAATTCAACGC,0
ACTGAAACAGATTATC,0
ACTGAAAGCCATGGAC,0
ACTGAAATAGGAGTCG,0
ACTGAAATCAAATCAT,0
ACTGAAATGGGGATAA,0
ACTGAACAAAACTTGC,0
ACTGAACAAAGTCAGA,0
ACTGAACAACCAATTG,0
ACTGAACACCACAAAT,0
ACTGAACCCTGCTCCA,0
ACTGAACCGACAAGCC,0
ACTGAACGATTCACAT,0
ACTGAACTAAACAACG,0
ACTGAACTCCACTAAA,0
ACTGAACTTATAACAC,0
ACTGAAGCTAGCGTCT,0
ACTGAAGCTTATCTAA,0
ACTGAATACAACTTTT,0
ACTGAATACATTTTCC,0
ACTGAATACTGAGTCA,0
ACTGAATCCGAGCAAC,0
ACTGACAATAGATACA,0
ACTGACAATCTGAAAA,0
ACTGACATATCTACGA,0
ACTGACCACACGTATA,0
ACTGACCCTATAAATT,0
ACTGACCGTCAAAGAC,0
ACTGACGATAGTTCAC,0
ACTGACTTCCATCTCA,0
ACTGAGAATTCCGAGA,0
ACTGAGACCTCACCTA,0
ACTGAGACGTTCCTGT,0
ACTGAGAGAACCTAAC,0
ACTGAGATCTATTTCT,0
ACTGAGCCCCGAATCA,0
ACTGAGCGACTTTCGG,0
ACTGAGCGCGTGCGTC,0
ACTGATAAACAAGTCC,0
ACTGATAAGCGGGGTA,0
ACTGATACATTCAAGC,0
ACTGATACGCATCTAC,0
ACTGATACTCTAGAGC,0
ACTGATAGTTGCCGAG,0
ACTGATCAAGTTAAGC,0
ACTGATCCAAAACTTG,0
ACTGATCGTTCTGACT,0
ACTGATGATCTTACTA,0
ACTGATGCGGGTATTC,0
ACTGATGGATTCTCCC,0
ACTGATGGTACTAACC,0
ACTGATGTACAGTGAC,0
ACTGATTAAGAACAAT,0
ACTGATTGTGGACGTT,0
ACTGATTTCGAGAATG,0
ACTGCAAAAATGATAA,0
ACTGCAAAATTACATA,0
ACTGCAAATGCCCGAC,0
ACTGCAACCGCCTCTC,0
ACTGCAACTCTGCCGA,0
ACTGCAAGATGTCGGA,0
ACTGCAAGATGTTCAA,0
ACTGCAATGACCATTG,0
ACTGCAATGATTTGCT,0
ACTGCACACGTATATT,0
ACTGCACATTCTAAAA,0
ACTGCACTACTAATCC,0
ACTGCACTAGCAAGAG,0
ACTGCACTTCTTAAAC,0
ACTGCATACCCGTAAA,0
ACTGCATGCGTCTTAC,0
ACTGCATTAATCCACG,0
ACTGCCCCAAGACCAA,0
ACTGCCGAATCGATAA,0
ACTGCCTACATACCAA,0
ACTGCCTCATAGACGT,0
ACTGCGACCCCATGCG,0
ACTGCGAGTTGCAAAT,0
ACTGCGATCCACTAAA,0
ACTGCGGACACAACCA,0
ACTGCGGGAATCTAAA,0
ACTGCGGTTTATTACC,0
ACTGCGTTGCCTTGTA,0
ACTGCTAAGTCTAACA,0
ACTGCTAAGTGGTATA,0
ACTGCTCAACAAAGTA,0
ACTGCTCCTATTCTCG,0
ACTGCTGCCCTCAATT,0
ACTGGAACCGGGAGCA,0
ACTGGAACCTTGACAT,0
ACTGGAAGTGTTTAGC,0
ACTGGAATAATGATAC,0
ACTGGACAAACTTTTA,0
ACTGGACCAACATCGA,0
ACTGGACCACAGTACG,0
ACTGGACGGCTAATTA,0
ACTGGACTATATATTT,0
ACTGGACTGTCAACGG,0
ACTGGATCGAGTCTCA,0
ACTGGATGAGACCCGA,0
ACTGGATTTAAACGGC,0
ACTGGCACGGATCGTT,0
ACTGGCATCATTAAAA,0
ACTGGCCGACACGAGG,0
ACTGGCCTCTTATAAC,0
ACTGGCGACAGGTCAG,0
ACTGGCGCATAACCGG,0
ACTGGGACGTCAAATA,0
ACTGGGGAATTATTAT,0
ACTGGGGCAAAAAACC,0
ACTGGGGCCTACCGCG,0
ACTGGGTCGGTGTCAG,0
ACTGGTAATCACCCAT,0
ACTGGTAGACAACTCA,0
ACTGGTAGCTGGAATA,0
ACTGGTATAACAGAGC,0
ACTGGTATAGCGACCG,0
ACTGGTCAAGTCTGGC,0
ACTGGTTAAAATTAAA,0
ACTGGTTATCCCTTCA,0
ACTGGTTATTCACAGC,0
ACTGGTTGCCAAGCAA,0
ACTGGTTTGACATATA,0
ACTGTAAAAACCTAGT,0
ACTGTAAAATACCGCC,0
ACTGTAAAATTATGTA,0
ACTGTAAACTTTCAAA,0
ACTGTAAAGCGAACTC,0
ACTGTAAAGGGGAAAT,0
ACTGTAACAAATGCTC,0
ACTGTAATATTAGAGA,0
ACTGTACATACGGAAA,0
ACTGTACATCATTCCT,0
ACTGTACCCAAGATTT,0
ACTGTACCGGATTATT,0
ACTGTACGTTACTCAC,0
ACTGTATTTAACCGGG,0
ACTGTATTTTTAATCC,0
ACTGTCAAGAGCAAAC,0
ACTGTCAGCGCACCGG,0
ACTGTCATAAATAAGG,0
ACTGTCCATTTATCAA,0
ACTGTCCCCCCTTATG,0
ACTGTCGTCCGATCAC,0
ACTGTCTAACCAAAAA,0
ACTGTCTAACTATAGC,0
ACTGTCTAGTTAGCAG,0
ACTGTCTTGCTATCCA,0
ACTGTGAAGTACTTGC,0
ACTGTGAGAGAAAATG,0
ACTGTGATCCTAATTT,0
ACTGTGATTGACCTAC,0
ACTGTGCATCATAAAA,0
ACTGTGTAACTATGTC,0
ACTGTGTATGACCTCA,0
ACTGTGTCGGTAACAT,0
ACTGTTAGCAAATGCC,0
ACTGTTATAGGAACTA,0
ACTGTTATTTTTAAGA,0
ACTGTTCGAACCTAAT,0
ACTGTTGACCTCAATA,0
ACTGTTTATGATCACA,0
ACTTAAAAAGACACCA,0
ACTTAAACACAATTGA,0
ACTTAAACCATACTAA,0
ACTTAAACCCCAATTG,0
ACTTAAAGAAGGACGC,0
ACTTAAAGACCATAAT,0
ACTTAAAGGTGACTCA,0
ACTTAAAGTTAAATTC,0
ACTTAAATATTGACGC,0
ACTTAAATGTCGCAAC,0
ACTTAACAGATTCCTT,0
ACTTAACAGCGGGCCT,0
ACTTAACCAATTCTTT,0
ACTTAACCGAATTAAA,0
ACTTAACGGTCATTAA,0
ACTTAACTCGACATTA,0
ACTTAAGAACACTAGC,0
ACTTAAGAAGCCTAAG,0
ACTTAAGATCTGGAGG,0
ACTTAAGCAGAACAGC,0
ACTTAAGCGCCTTCGC,0
ACTTAAGCTTCAACAG,0
ACTTAAGGATATAGGA,0
ACTTAAGGTTTTAGAA,0
ACTTAAGTTGAACACC,0
ACTTAATACCTAGGTG,0
ACTTAATATCTTGTTA,0
ACTTAATATGTGGTCT,0
ACTTAATGTACCACCG,0
ACTTAATTAATTGATG,0
ACTTACAAAATTAAGG,0
ACTTACACAACCGTTG,0
ACTTACAGATCAGATA,0
ACTTACAGCTTGTAAC,0
ACTTACATAACCTATA,0
ACTTACCACTAATCCC,0
ACTTACCATATTTCAG,0
ACTTACCATCAAAAAG,0
ACTTACGAAAGTAATT,0
ACTTACGATTCTCCGA,0
ACTTACGCAAAAAATA,0
ACTTACGCCCTTTACT,0
ACTTACGGTATATGAT,0
ACTTACGTAGAATCTA,0
ACTTACTATTTACTGT,0
ACTTACTTAGCGCTTG,0
ACTTACTTTCAGCATC,0
ACTTAGAAACTGTAAC,0
ACTTAGAGTAGACCAT,0
ACTTAGAGTTACATTA,0
ACTTAGATGAGCGACA,0
ACTTAGCCATCACTAT,0
ACTTAGCGACAGACAA,0
ACTTAGCTAGTGAAAT,0
ACTTAGCTCTCAGATA,0
ACTTAGCTTAATATAA,0
ACTTAGGACTTACCTT,0
ACTTAGGCATACAGTA,0
ACTTAGTACAGAAGTA,0
ACTTAGTGGTAAGCGG,0
ACTTAGTTGAGCATAG,0
ACTTATAAACATCCCC,0
ACTTATAATAACTCAA,0
ACTTATACCAGGAAGC,0
ACTTATACTATGTAAC,0
ACTTATAGTCACACAG,0
ACTTATATTGACACTA,0
ACTTATCAAGACGATA,0
ACTTATCAAGCCCAAT,0
ACTTATCACAAAAAAG,0
ACTTATCCACTCGAAC,0
ACTTATCCACTGATCC,0
ACTTATCCATCATCAG,0
ACTTATCGAAAGGAAT,0
ACTTATCGAAGCGGCC,0
ACTTATGACTTATATC,0
ACTTATGAGTGATTCA,0
ACTTATGCTCGTAAAC,0
ACTTATGGATCAATCA,0
ACTTATGGCGTACAAA,0
ACTTATTAAATTAACA,0
ACTTATTAGATCAGTT,0
ACTTATTAGCGTAAAC,0
ACTTATTCACCCGGAC,0
ACTTATTCTAGCTAAG,0
ACTTATTCTTACAATA,0
ACTTATTGACCGCGGA,0
ACTTATTTGAGTAAAA,0
ACTTATTTTACTGAAG,0
ACTTCAAAATGAAAAG,0
ACTTCAAACTATCATC,0
ACTTCAAATAAAACAT,0
ACTTCAAATATACAAT,0
ACTTCAAGTAGACAAC,0
ACTTCACATAACCTGA,0
ACTTCACATACCAAGG,0
ACTTCACATACGGTTT,0
ACTTCACCGTAATAAT,0
ACTTCACTCAATGCGA,0
ACTTCAGCGTTCATTT,0
ACTTCATAATTTAAGG,0
ACTTCATACTACAAGT,0
ACTTCATCAGTACAGA,0
ACTTCATGAATCTGAA,0
ACTTCATGATCCAAGA,0
ACTTCATTGAAAACAG,0
ACTTCCAAAGTGCAAC,0
ACTTCCAAGAACAACA,0
ACTTCCAAGCAGACAT,0
ACTTCCACACAAAACA,0
ACTTCCATAATGTCAG,0
ACTTCCATTCAAGGCT,0
ACTTCCCAAACGCTTA,0
ACTTCCTATTAGATGA,0
ACTTCCTCATACCTAT,0
ACTTCCTCTAGCCGTC,0
ACTTCCTTGACAACCA,0
ACTTCGCATAAGAAGG,0
ACTTCGCCCGGGCTCG,0
ACTTCGCGAAACAACA,0
ACTTCGCTGTGGATGC,0
ACTTCGTTAGGATTCA,0
ACTTCGTTGACTATCC,0
ACTTCTAGGCCCCAAA,0
ACTTCTATAGAGCAGC,0
ACTTCTATTCAATGTG,0
ACTTCTCATGTGTCAC,0
ACTTCTCATTGGATAC,0
ACTTCTCCCAAAGTGA,0
ACTTCTCTCGAGCTCT,0
ACTTCTGCTACCGGCG,0
ACTTCTGGTAGTCAAA,0
ACTTGAAAAAACGTAC,0
ACTTGAAAACTACCCT,0
ACTTGAAACCAAAAGA,0
ACTTGAAAGACGCATC,0
ACTTGAACTTACGTCC,0
ACTTGAAGCTTGACAG,0
ACTTGAAGTTGTAAAG,0
ACTTGAATACGGGAAA,0
ACTTGAATATTAGAGT,0
ACTTGACAATTTGTTG,0
ACTTGACATCTTCACC,0
ACTTGACCCTGAGCAT,0
ACTTGACGTACCTAGC,0
ACTTGAGAGAACTAAA,0
ACTTGAGGCTAAGACT,0
ACTTGATAAGAAAAAA,0
ACTTGATGAACGGCTT,0
ACTTGATTACTTACTC,0
ACTTGATTCTCGAGAA,0
ACTTGCAAGGTCCAAT,0
ACTTGCAATTAGTAGA,0
ACTTGCATCGTCAAAA,0
ACTTGCATTAAACGGT,0
ACTTGCCACGGGAATT,0
ACTTGCCAGGACTCTT,0
ACTTGCCTCAATCTTG,0
ACTTGCTATGGATCGC,0
ACTTGCTGCTATGAGT,0
ACTTGGCAAAACATTT,0
ACTTGGCACATCAAGT,0
ACTTGGCCACTTCAAA,0
ACTTGGCGTAGGATCC,0
ACTTGGCTTTTTTGCC,0
ACTTGGGATAGAATGA,0
ACTTGGGTAACTGTGC,0
ACTTGGTATCCGATAC,0
ACTTGTAACCAAACAA,0
ACTTGTAAGACATCTG,0
ACTTGTAGATAGGACC,0
ACTTGTAGCTGCTTAA,0
ACTTGTAGTTTACGCA,0
ACTTGTGAATAAATTA,0
ACTTGTGGAGATCTAA,0
ACTTGTTAAACCATAT,0
ACTTGTTATATCCCTC,0
ACTTGTTTAAAAAACA,0
ACTTGTTTCGATTTTC,0
ACTTTAAAGGTCCGAA,0
ACTTTAACTAAGCACA,0
ACTTTAACTCAGAAAG,0
ACTTTAATAAGAATAC,0
ACTTTAATTCATCGAA,0
ACTTTAATTGTAGTTC,0
ACTTTACAGACGCCAA,0
ACTTTACATAAACCCT,0
ACTTTACCATAAAGGA,0
ACTTTAGAACGATTAT,0
ACTTTAGACTACGTAA,0
ACTTTAGCCAGGATTA,0
ACTTTAGCCCTACTCG,0
ACTTTATAAGGCGCCA,0
ACTTTATATAAGTACA,0
ACTTTATGTTCAGCGA,0
ACTTTCAATCGGAGCC,0
ACTTTCAATGGAAAAG,0
ACTTTCACCGTAACAC,0
ACTTTCAGAAAGAGGA,0
ACTTTCAGCAGTTCAA,0
ACTTTCCAGCCAGGAA,0
ACTTTCCATGCAAGAG,0
ACTTTCGACAATTACG,0
ACTTTCGTACGCGAAA,0
ACTTTCTCCAGTCATG,0
ACTTTCTGTGACAGAA,0
ACTTTGAAAAAAAGGG,0
ACTTTGAAGCAAATGA,0
ACTTTGAAGCACAGTT,0
ACTTTGAATTGTAAAA,0
ACTTTGAGACAATCGA,0
ACTTTGAGCAACCCTT,0
ACTTTGAGGAGAGTTA,0
ACTTTGCAGCAGAATT,0
ACTTTGCTATACACCA,0
ACTTTGCTTCCAAACA,0
ACTTTGGCAATTTATT,0
ACTTTGGGTAGGTTGA,0
ACTTTGTAAAAGTTAA,0
ACTTTGTAACTCACCC,0
ACTTTTAACAAGCATC,0
ACTTTTAATGAAGCAT,0
ACTTTTACGTTCAATA,0
ACTTTTCCAAAAAAGA,0
ACTTTTCTCGAACACC,0
ACTTTTCTTTAACTTG,0
ACTTTTGCCCGTTCAG,0
ACTTTTGTCTCAATTT,0
ACTTTTTAATACACAT,0
ACTTTTTGAGAAATCA,0
ACTTTTTTGCTAATTT,0
AGAAAAAAAAAGTTGA,0
AGAAAAAAAAATGAGA,0
AGAAAAAAAACTTGCA,0
AGAAAAAAAATAAAAA,0
AGAAAAAAACAAAAAG,0
AGAAAAAAGCGCCGCT,0
AGAAAAAATAGAATTT,0
AGAAAAAATAGAGACA,0
AGAAAAAATTGCGTTG,0
AGAAAAACACAGTTTA,0
AGAAAAACACTGCATA,0
AGAAAAACATTAAGGA,0
AGAAAAACCTCCGATA,0
AGAAAAACGTCACCCA,0
AGAAAAACTGAAAAAT,0
AGAAAAAGAACGAGTA,0
AGAAAAAGCAAGACTA,0
AGAAAAAGCTCGGAGA,0
AGAAAAAGGAAAATGA,0
AGAAAAAGTCATAACC,0
AGAAAAATACGAAAAA,0
AGAAAAATAGACCTTG,0
AGAAAAATCCATCTAC,0
AGAAAAATGCTATCAT,0
AGAAAACAAAGATAAC,0
AGAAAACAACAATGAA,0
AGAAAACAACGATATA,0
AGAAAACACGACCATT,0
AGAAAACACTTCAAGC,0
AGAAAACAGATTATTA,0
AGAAAACATAGAAAAT,0
AGAAAACATGCGCCAG,0
AGAAAACCAACATAAC,0
AGAAAACGAATAGCCC,0
AGAAAACGAATATCTT,0
AGAAAACGCGATATAT,0
AGAAAACTCAAGTTTG,0
AGAAAACTGAATCACC,0
AGAAAACTGGACGCCA,0
AGAAAACTTAACAAAA,0
AGAAAAGAATCGATCG,0
AGAAAAGACCAGTAAC,0
AGAAAAGACGCCGTAG,0
AGAAAAGATACCAGTC,0
AGAAAAGATTTTCACG,0
AGAAAAGTCTATGAAG,0
AGAAAAGTGGTTCAAA,0
AGAAAATAAAAACGCT,0
AGAAAATAAGTCGGAA,0
AGAAAATAATAGGAGC,0
AGAAAATACGAACAAC,0
AGAAAATAGAGTAAAG,0
AGAAAATAGCAAACTA,0
AGAAAATATTTCAATC,0
AGAAAATCCTGTGCGT,0
AGAAAATCGTAGAATC,0
AGAAAATGCCTACGAT,0
AGAAAATGCGCCGAAT,0
AGAAAATGGAAATAGT,0
AGAAAATGGGTTGCCC,0
AGAAAATTATCGGGCG,0
AGAAAATTTGATCATT,0
AGAAACAAAGGCTTGA,0
AGAAACAAATCCTTCT,0
AGAAACAACCATGAGC,0
AGAAACAGCACATAAC,0
AGAAACAGCCCTATTT,0
AGAAACATGCGACTGC,0
AGAAACATTCGTGGCT,0
AGAAACCACATAACTC,0
AGAAACCACCTTGAAA,0
AGAAACCGAAAAGCAT,0
AGAAACCTAATAACCT,0
AGAAACCTTACGATTA,0
AGAAACCTTCAAGATA,0
AGAAACGAATATTGAA,0
AGAAACGTAAATCACG,0
AGAAACTAAAACATAA,0
AGAAACTACCTGGTTA,0
AGAAACTAGAAGAAAG,0
AGAAACTATCATTTTT,0
AGAAACTATGTAGCAA,0
AGAAACTCTCACATAA,0
AGAAAGAAGGCACTCC,0
AGAAAGAAGTCATTGA,0
AGAAAGAATTAACACC,0
AGAAAGACAAGTGAAT,0
AGAAAGACACAAACAT,0
AGAAAGAGTGCTAATC,0
AGAAAGATAAGAGGTG,0
AGAAAGATATAAATCA,0
AGAAAGATGCAAAACG,0
AGAAAGATGGTGAATG,0
AGAAAGCAATGTGTAC,0
AGAAAGCACCGGTTAC,0
AGAAAGCACGAATGTA,0
AGAAAGCCAGTAAACA,0
AGAAAGCCGGAATCGA,0
AGAAAGCGCCAATTAG,0
AGAAAGCTATTATATA,0
AGAAAGCTCCAAAAGG,0
AGAAAGGAGTAGTCAC,0
AGAAAGGGTCAAAATT,0
AGAAAGTAAATAATTG,0
AGAAAGTAATATAATT,0
AGAAAGTATATCGGGA,0
AGAAAGTGAGAGATAC,0
AGAAAGTGTTAAATTT,0
AGAAAGTTAGTAAAAA,0
AGAAAGTTATTAGATG,0
AGAAAGTTCTTTAGTA,0
AGAAAGTTGGAATGAA,0
AGAAATAAAGTCCGCA,0
AGAAATAAGGCGATGA,0
AGAAATACAGCTAAGT,0
AGAAATACATACAAAG,0
AGAAATACGAGTCACA,0
AGAAATACGCTAATTT,0
AGAAATACGCTATCAA,0
AGAAATACTTACAAAT,0
AGAAATATACATGGAG,0
AGAAATATCATGCTAA,0
AGAAATATGAATAGTA,0
AGAAATCACTCAAGCG,0
AGAAATCCATACCTTA,0
AGAAATCCCGTTATAT,0
AGAAATCGGAAGTGAA,0
AGAAATCGGTGCGCTT,0
AGAAATCTCAATTAGT,0
AGAAATGAGAAGAACA,0
AGAAATGAGCGCAATT,0
AGAAATGCAGCGAATC,0
AGAAATGCCTAGTAAG,0
AGAAATGTCCTAGTAA,0
AGAAATTAACTAGACA,0
AGAAATTAAGTAACAT,0
AGAAATTACTAATTGA,0
AGAAATTGCAATTCAA,0
AGAAATTTAGGGGCAA,0
AGAAATTTTATCAAAT,0
AGAACAAACGTGAGTG,0
AGAACAAAGATAGATA,0
AGAACAAAGCTCTGCT,0
AGAACAAAGTATCAAA,0
AGAACAAATCGAAGGC,0
AGAACAAATTATTAAC,0
AGAACAACACTGGATA,0
AGAACAACGGTCATAT,0
AGAACAACGTCCTTGA,0
AGAACAATAATAAAGC,0
AGAACAATGACCAATA,0
AGAACACAATCACTGG,0
AGAACACCTAGTGACA,0
AGAACACTAACTCCAA,0
AGAACACTACGCCACA,0
AGAACACTAGTCATTC,0
AGAACACTTCTGGTAT,0
AGAACAGCCCTGAAAA,0
AGAACAGCGAGAATCT,0
AGAACAGGCATAAAAT,0
AGAACAGGGTAGCATA,0
AGAACAGGTGATACTA,0
AGAACATATAATAAAC,0
AGAACATCATACAGCA,0
AGAACATCCTTGTCAT,0
AGAACATCTATACACG,0
AGAACATCTGGTGCTA,0
AGAACATGCAATCAAC,0
AGAACATGTAATAATA,0
AGAACATTAAAAATTC,0
AGAACATTACGTAAGT,0
AGAACCAACTCTTTGT,0
AGAACCAATGCTCCGC,0
AGAACCACCGAAATAG,0
AGAACCATATGAAACA,0
AGAACCATTCCAAAGT,0
AGAACCCAGACTTTGG,0
AGAACCCATCGGCTAA,0
AGAACCGGTAGCATCA,0
AGAACCGTAAACTGGG,0
AGAACCTAAAAAAACT,0
AGAACCTAATCACTGA,0
AGAACCTCTAAACATA,0
AGAACCTGGCGGTTGA,0
AGAACGAAAAGTGACT,0
AGAACGAATATTCAGT,0
AGAACGCAGCTCCCGT,0
AGAACGCTAAGCTCTA,0
AGAACGCTAATGATAA,0
AGAACGCTCGATCATT,0
AGAACGCTGTAAGCAA,0
AGAACGGGACTCCCGA,0
AGAACGGGATTGCTAA,0
AGAACGGTATAATTGA,0
AGAACGTAAGACATCA,0
AGAACGTCACATTAAA,0
AGAACGTTGTATACCG,0
AGAACTAAAACTCTAT,0
AGAACTAAAGCAGAAA,0
AGAACTAAATTTTGTA,0
AGAACTAATGGCGATT,0
AGAACTACAAAGGAAA,0
AGAACTACTGACTGAT,0
AGAACTAGACCACTAA,0
AGAACTAGAGACGAAC,0
AGAACTAGCATCCTGT,0
AGAACTATAAGCGCAA,0
AGAACTCCCGAACCCA,0
AGAACTCCCTCAGGGG,0
AGAACTCTTAAGAATA,0
AGAACTGAAAACATAA,0
AGAACTGATGACCTGA,0
AGAACTTAAAATAGGT,0
AGAACTTCAAAAAATA,0
AGAACTTCAAAATGAA,0
AGAACTTCAACATTGC,0
AGAACTTTCCAGAACC,0
AGAACTTTGCATAAAC,0
AGAACTTTGGTTTTGC,0
AGAACTTTTAGGTGAA,0
AGAACTTTTGTGTGAC,0
AGAAGAAAACTTGCAC,0
AGAAGAAATGCAAAAA,0
AGAAGAAATTATAACA,0
AGAAGAACAAGATTGG,0
AGAAGAACTACTTGGA,0
AGAAGAAGAAAAGATA,0
AGAAGAAGCAGCTTAC,0
AGAAGAAGTATTCTCC,0
AGAAGAATACAGAATT,0
AGAAGAATGACTACTT,0
AGAAGAATTCATATCA,0
AGAAGAATTCTATTAC,0
AGAAGACAAAAAGGCG,0
AGAAGACAATAGTACA,0
AGAAGACACTTCCGCG,0
AGAAGACCGTTGATAC,0
AGAAGACCTGCTATTA,0
AGAAGACGGTCAATGC,0
AGAAGAGCACAACACA,0
AGAAGAGCGAAAACTC,0
AGAAGAGGCTACTAAC,0
AGAAGATAACGACAGG,0
AGAAGATAAGGCTATA,0
AGAAGATAATACAAGT,0
AGAAGATGAAGCAGAA,0
AGAAGATGATACAACA,0
AGAAGATTTAAGTGCT,0
AGAAGCAAACCAACAA,0
AGAAGCAACGCTATAT,0
AGAAGCACGCTTGCAC,0
AGAAGCATATTATCCT,0
AGAAGCATTACCATTG,0
AGAAGCCCCAGAAGGT,0
AGAAGCCGCATTCACA,0
AGAAGCCTAGCGATAA,0
AGAAGCGAACAGCACA,0
AGAAGCGTAATGTTGG,0
AGAAGCGTCCCTGACC,0
AGAAGCTAGACTACCT,0
AGAAGCTCGCTCACGC,0
AGAAGCTGATAAAGGA,0
AGAAGCTTAAAAACAA,0
AGAAGCTTCTTCTCAA,0
AGAAGGAAGATTACTG,0
AGAAGGAGCAATGAAA,0
AGAAGGAGTCCCCGCA,0
AGAAGGCATCTTTTAA,0
AGAAGGCCAAAAAAAT,0
AGAAGGCCCAAAGAAG,0
AGAAGGCGTACATTCG,0
AGAAGGCTTAATGCTA,0
AGAAGGGAATAACCAA,0
AGAAGGGATATCACGA,0
AGAAGGGCGTCTTTAT,0
AGAAGGGTAACTTTGG,0
AGAAGGGTCAATAAAG,0
AGAAGGGTCACAAAAT,0
AGAAGGTAAAAAATAA,0
AGAAGGTAGGAAGATT,0
AGAAGGTTACGATTTG,0
AGAAGTAAACGAACTA,0
AGAAGTAAGACAATTA,0
AGAAGTAATAATTGGA,0
AGAAGTACCCCCACCT,0
AGAAGTACTCTTAACA,0
AGAAGTAGAAATTAGC,0
AGAAGTAGGAGATCAT,0
AGAAGTATCGGAATTG,0
AGAAGTCAACACCGCG,0
AGAAGTCAACTAATAC,0
AGAAGTCACCTCTTCC,0
AGAAGTCACTAGATCG,0
AGAAGTCATGTCTCGA,0
AGAAGTCCACAAAGAA,0
AGAAGTCCCTTGATGT,0
AGAAGTCGCCGGCAAC,0
AGAAGTCTCCGGTTCT,0
AGAAGTGAAAAAACAC,0
AGAAGTGAAAACATTA,0
AGAAGTGAAGAAGGTT,0
AGAAGTGCGTTAAATC,0
AGAAGTGGGGATACCA,0
AGAAGTGTAGTCAAAA,0
AGAAGTGTTCAGGTAA,0
AGAAGTGTTCAGGTCA,0
AGAAGTTACTTTAACA,0
AGAAGTTCCACAGATA,0
AGAAGTTTGACAAACA,0
AGAATAAAAGAGAGGA,0
AGAATAAAATTTACGT,0
AGAATAAACTAGTTAC,0
AGAATAAAGATCATCA,0
AGAATAAATAAGCATC,0
AGAATAAATTTATTAA,0
AGAATAACAATCATCA,0
AGAATAACTAAGAGAA,0
AGAATAATACCCGAGC,0
AGAATAATACTACGAA,0
AGAATACAAACCAAGA,0
AGAATACACCCCTTCC,0
AGAATACAGAATAAAC,0
AGAATACATAAAAGCA,0
AGAATACCGTAGGCAC,0
AGAATACGAACTATAT,0
AGAATACGATATTAAA,0
AGAATACGGTATCTCC,0
AGAATACTTTGGGATT,0
AGAATAGAATTCCCCC,0
AGAATAGAGAGATCAG,0
AGAATAGATGGTTCAT,0
AGAATAGCGGATTCAC,0
AGAATAGGCATAATAT,0
AGAATAGTCACGAATA,0
AGAATATAAAATACTC,0
AGAATATAATAAATCC,0
AGAATATATTGTCAAA,0
AGAATATATTGTTTAT,0
AGAATATCCCGAAAAA,0
AGAATATCCGTTACAT,0
AGAATATGAAACAAAC,0
AGAATATGGGCAAACA,0
AGAATATTTACGTATT,0
AGAATATTTTATATAC,0
AGAATCAAACTCGTGG,0
AGAATCAACAACTTTT,0
AGAATCAACGAACATA,0
AGAATCAACGCCCAGG,0
AGAATCAATAAAAATA,0
AGAATCAATATCGAAT,0
AGAATCACCCACTTAC,0
AGAATCATAGTGAGGC,0
AGAATCCATCTCCGTG,0
AGAATCCCTAGCGTTA,0
AGAATCCTAAACCCGA,0
AGAATCGAAAAACAGT,0
AGAATCGCATTTGAGT,0
AGAATCTACACAATGC,0
AGAATCTTACCAATCA,0
AGAATGAAAAGCAGAG,0
AGAATGAAACAAAGCA,0
AGAATGACTTAAACAG,0
AGAATGACTTGAACGG,0
AGAATGAGTGCACTCT,0
AGAATGCCAAAATGGA,0
AGAATGCCAAACATTT,0
AGAATGCCATTAAACA,0
AGAATGCGATAGACAA,0
AGAATGCTAAAACAAC,0
AGAATGCTGTCCTTTG,0
AGAATGGCTCACCCCC,0
AGAATGGTTATAATGC,0
AGAATGTACACCTCTG,0
AGAATGTCTAGCTCAA,0
AGAATGTGTAAAATGC,0
AGAATGTGTTCTTTCC,0
AGAATGTTATAAAAAC,0
AGAATGTTGAAGACAG,0
AGAATGTTTTATCTCA,0
AGAATTAAACCAAAGA,0
AGAATTAAATAAATTC,0
AGAATTAACATATAGC,0
AGAATTAACATATGAC,0
AGAATTAACTATTGTT,0
AGAATTAAGCACTATA,0
AGAATTAATGTAAATA,0
AGAATTACTAAGAGAT,0
AGAATTAGGAAGCCAA,0
AGAATTATCAATCACA,0
AGAATTATCCTACGAG,0
AGAATTATGAATTCAG,0
AGAATTATGATATAGC,0
AGAATTCAGTAGCCCT,0
AGAATTCGATTCTTGG,0
AGAATTCTGTGTAAGT,0
AGAATTGAAGTCGGCT,0
AGAATTGAGACGCGAC,0
AGAATTGAGACTGAAG,0
AGAATTGGCAGACGTA,0
AGAATTGTAAGTTAAA,0
AGAATTGTGACTTTAT,0
AGAATTTACCACTAAT,0
AGAATTTATCACAGCC,0
AGAATTTCCATGTGCG,0
AGAATTTGCTGAGTCA,0
AGAATTTTCGTTTATA,0
AGAATTTTTAATCCGA,0
AGAATTTTTGAAGTCC,0
AGACAAAAAAAGACTA,0
AGACAAAACATCTAAT,0
AGACAAAACGACGAAT,0
AGACAAAAGATTGTCA,0
AGACAAAATATCCCTA,0
AGACAAAATCCCCAGA,0
AGACAAAATGTAAATA,0
AGACAAAATGTGATGG,0
AGACAAACTACTTTGA,0
AGACAAACTATCGAGA,0
AGACAAAGACTCTTCC,0
AGACAAAGATGTGTGA,0
AGACAAAGCTTGGTCG,0
AGACAAAGTCATACCA,0
AGACAAATCAATTTTG,0
AGACAAATCTCAGATA,0
AGACAACCGCAGAATA,0
AGACAACGAGGAACCA,0
AGACAACGGTTCATTT,0
AGACAACTCACATGAA,0
AGACAACTCCTAGCAG,0
AGACAAGAGAATGCTA,0
AGACAAGAGTGGAGAT,0
AGACAAGATCGCAAGG,0
AGACAAGCTCTCAATC,0
AGACAAGGAGCGGTTC,0
AGACAATAACCTAAAA,0
AGACAATAAGAACAGT,0
AGACAATACATTATCA,0
AGACAATAGAGTTCGA,0
AGACAATAGTGATCGT,0
AGACAATCGTTAGATC,0
AGACAATCTAAACGAT,0
AGACAATTCACATATG,0
AGACAATTTTAATCTT,0
AGACACAAAATACTGA,0
AGACACAAAGAAAACC,0
AGACACAATAGACTGC,0
AGACACACCAGCCCAG,0
AGACACACCTACATCT,0
AGACACACTCCAAACT,0
AGACACAGCCAGAGAG,0
AGACACAGTGGGAATT,0
AGACACCATAAACCGC,0
AGACACCCAGCCAGAG,0
AGACACCGAGGGATCG,0
AGACACCGTAGTTTCC,0
AGACACCTATAATCCG,0
AGACACCTTACCGAAT,0
AGACACCTTTAGCCAC,0
AGACACGAGACGACAG,0
AGACACGATTTAGATT,0
AGACACGTGAGAGGCC,0
AGACACTAACACCCTT,0
AGACACTAATCCTGCG,0
AGACACTAGTGTCGAG,0
AGACACTCAACTGTGC,0
AGACACTCCCTTGCCT,0
AGACACTTTTAGACGC,0
AGACAGAAGGCTCAGG,0
AGACAGAATGTAATCA,0
AGACAGACTCAAAGTC,0
AGACAGAGCATAAAAA,0
AGACAGATAGACAAAG,0
AGACAGATAGACGCCC,0
AGACAGCAAAAATTGG,0
AGACAGCACTTTCGCA,0
AGACAGCTCTTATATC,0
AGACAGGTCACAACGT,0
AGACAGGTTGTACAAA,0
AGACAGTAGACCATTG,0
AGACAGTAGTTGCCAG,0
AGACATAATATGTTTT,0
AGACATAATGTCAACA,0
AGACATACGAATCACG,0
AGACATAGTGATATTA,0
AGACATCAGGCAATGG,0
AGACATCCGCTAGTTA,0
AGACATCCTGAGACAC,0
AGACATGACCCAAAAG,0
AGACATGACTGAGCCA,0
AGACATGATGATGCAT,0
AGACATGCCCTAGCAG,0
AGACATGCCCTTAACC,0
AGACATGGGAAAATCT,0
AGACATGTAAAATTTT,0
AGACATTAACACCCCA,0
AGACATTCAACCCTTA,0
AGACATTCCACCTACG,0
AGACATTTAAGCGCAG,0
AGACCAAAAGGGATGC,0
AGACCAACACAGTATA,0
AGACCAAGAGACCTAT,0
AGACCAATACCAAAAA,0
AGACCAATACGACCTG,0
AGACCAATGTAGCTTG,0
AGACCAATTAAAGCTA,0
AGACCACATGTACTCG,0
AGACCACGAACGTCGT,0
AGACCAGACAATCGAG,0
AGACCAGCCTTCGAGT,0
AGACCAGTACATCTCC,0
AGACCAGTATATAAGG,0
AGACCATATGATTTAA,0
AGACCATCAAAATGAC,0
AGACCATTAAATGTTC,0
AGACCATTCCACCCTT,0
AGACCATTCTTACACT,0
AGACCCAACAGATTAA,0
AGACCCAAGAAATAGT,0
AGACCCACTCCTACTA,0
AGACCCCACCAGCCTA,0
AGACCCCATGTGATCA,0
AGACCCCGAAAAATCT,0
AGACCCCTAGACCGCG,0
AGACCCCTGTATTCGC,0
AGACCCGAAGAAAGAC,0
AGACCCGAATACGCCC,0
AGACCCGAGGATATTG,0
AGACCCGCACATAATA,0
AGACCCGCTAATGTTT,0
AGACCCTAGTGGCCTG,0
AGACCCTTCTATCCAA,0
AGACCGACAGTACGCA,0
AGACCGAGAACATAAC,0
AGACCGCAAGAACTAA,0
AGACCGCAGCAAATAG,0
AGACCGCTAAAGAGGC,0
AGACCGGATATAAAGG,0
AGACCGGTGATCTACA,0
AGACCGTAATAGAAAG,0
AGACCTAAATGCAAGT,0
AGACCTAACACATAAT,0
AGACCTAAGAAGCTGA,0
AGACCTAATATACACT,0
AGACCTAATCACGGCG,0
AGACCTAGACTTCACT,0
AGACCTAGGATTTCCG,0
AGACCTAGGGTTAATA,0
AGACCTATACAAAGTT,0
AGACCTATTCGAAGTC,0
AGACCTCAATAAACAA,0
AGACCTCAATCCTAAG,0
AGACCTCGATTTAAAC,0
AGACCTCGGATGAAAC,0
AGACCTCTCCCACCAG,0
AGACCTGCAAGCGCAA,0
AGACCTGCACAAAGAA,0
AGACCTGTGATAGATG,0
AGACCTTCAGAGTGTC,0
AGACCTTTATAATAGA,0
AGACCTTTGGCGGAGG,0
AGACGAAAAAATAACT,0
AGACGAAAAGAAATCC,0
AGACGAACGGAGACAA,0
AGACGAATGTCAAAAT,0
AGACGAATTACACCTG,0
AGACGAATTACCATAA,0
AGACGAATTGCCACAT,0
AGACGACACGTGAACT,0
AGACGACAGAAAGAAT,0
AGACGACCAAAAAAGG,0
AGACGACCCAAAAACA,0
AGACGACTGCCTCCTC,0
AGACGACTTACGCAAG,0
AGACGAGCTTTAACGC,0
AGACGAGGTTCTGTTA,0
AGACGAGTAATAACAG,0
AGACGATAAATCTTGC,0
AGACGATACATACTAG,0
AGACGATCCAGAGCTC,0
AGACGATGAGACGTAT,0
AGACGATGTTTTATTC,0
AGACGATTAGCATAAA,0
AGACGCAATAAACAAA,0
AGACGCATTCTAAAAA,0
AGACGCCTCAAATGTG,0
AGACGCGAAATGGAAT,0
AGACGCGTGACTTACC,0
AGACGCTATGCACAAG,0
AGACGCTGACCGGCCT,0
AGACGCTGATATTGGA,0
AGACGCTTACGTAATC,0
AGACGGAACCTTTCAC,0
AGACGGAGGAAGTAAA,0
AGACGGAGTTCAACCA,0
AGACGGATGAAGGAGT,0
AGACGGCACTCCAGAA,0
AGACGGCAGAAATGAT,0
AGACGGCGACTAACAA,0
AGACGGGTGTAATAAA,0
AGACGGGTTCTTAGAA,0
AGACGGTCAATAGCAC,0
AGACGGTCCCAATAAC,0
AGACGGTTACACTACT,0
AGACGTAAGTCCGTAT,0
AGACGTACAGTATCAA,0
AGACGTATCTAGTCCA,0
AGACGTATTAGATCGA,0
AGACGTCGACAACGTG,0
AGACGTGAGACACCCA,0
AGACGTGCACATAGAT,0
AGACGTGGCGATACGT,0
AGACGTGTAAAAACAT,0
AGACGTGTCAAGGCTA,0
AGACGTTAAAGAATAC,0
AGACGTTCAGAAAAAT,0
AGACGTTTAGACCGCG,0
AGACGTTTGTTCAATT,0
AGACTAAACAGGGTCA,0
AGACTAAATCGGATCA,0
AGACTAACACGACTCA,0
AGACTAACGGGTAAAA,0
AGACTAATAACAGGCT,0
AGACTAATCTTGTAAT,0
AGACTACAAAGTGACG,0
AGACTACACCTAACGT,0
AGACTACCCGGTTCAC,0
AGACTACGTATGACCC,0
AGACTAGAATAGCCCG,0
AGACTAGAGCACCTAT,0
AGACTAGATCAACTTA,0
AGACTAGCTCAAACAA,0
AGACTAGGTTACCTCC,0
AGACTATAATACCTAT,0
AGACTATATTTGTTCC,0
AGACTATCCAGTTAAC,0
AGACTATGTTAGGGAC,0
AGACTATTTCAGAGAC,0
AGACTATTTCTACCAC,0
AGACTCAGGGTTTTCC,0
AGACTCATCGAAGAGA,0
AGACTCCAATGAAACT,0
AGACTCCATAAGTCAG,0
AGACTCCGCATGGAGA,0
AGACTCGGACAAGAAT,0
AGACTCTAACAAAGTT,0
AGACTCTATCGATCTG,0
AGACTCTTAACGATAA,0
AGACTGAAGGTAAACG,0
AGACTGACGAAAGCAA,0
AGACTGATATAATGAA,0
AGACTGATGTTAAATA,0
AGACTGCAGACAGTTC,0
AGACTGCCACAAAAAC,0
AGACTGCTATTAAAAA,0
AGACTGCTTGTGCAAC,0
AGACTGGGATCAGATT,0
AGACTGTTGGTAAACG,0
AGACTTAAACAAAAGA,0
AGACTTAATTGCAGAT,0
AGACTTACCGAATCCT,0
AGACTTACTCCCAGAT,0
AGACTTAGTTTCTTCC,0
AGACTTATACATCCAA,0
AGACTTCAAAAAAAGG,0
AGACTTCACAACATCA,0
AGACTTCCGTGCTACG,0
AGACTTCTGAGAACCA,0
AGACTTCTTCATAACA,0
AGACTTGAGCATAACA,0
AGACTTGCCTCCACTA,0
AGACTTGGGGACGAAT,0
AGACTTGTGATTTCCG,0
AGACTTGTTTAACCCG,0
AGACTTTAACGAGGGC,0
AGACTTTATTAATGTT,0
AGACTTTGTGAATAGT,0
AGACTTTTACATGAGA,0
AGAGAAAAAAGAATGT,0
AGAGAAAAATTGCTTC,0
AGAGAAAATTTTGTAT,0
AGAGAAACACCAGGTC,0
AGAGAAACCCGTAACT,0
AGAGAAACTAAACGTA,0
AGAGAAAGAAATCAGT,0
AGAGAAATATTTTGCC,0
AGAGAAATCTGGCAAA,0
AGAGAAATTCGGTTTT,0
AGAGAAATTGTCCGAA,0
AGAGAACCATCCAATA,0
AGAGAACCCAAAGTGC,0
AGAGAACCGTGATTGG,0
AGAGAACCTACAAACA,0
AGAGAACGAACGGTAG,0
AGAGAACGAGATGATA,0
AGAGAACTAGTGCACC,0
AGAGAACTTACTTAAT,0
AGAGAACTTTATGCTC,0
AGAGAAGAAACAAACG,0
AGAGAAGAAATGTAAA,0
AGAGAAGAATCAGTTG,0
AGAGAAGATCCTTATT,0
AGAGAAGCAAAAATCC,0
AGAGAAGCCCTAAGGA,0
AGAGAAGGGGCTACAA,0
AGAGAAGTTGACTAAA,0
AGAGAATAACAATTCA,0
AGAGAATAACTTAATA,0
AGAGAATACCATAAAT,0
AGAGAATCGAACACGC,0
AGAGAATGAATAACAA,0
AGAGAATGTACGTAGG,0
AGAGAATGTTACACTT,0
AGAGAATTAAACGTAA,0
AGAGAATTAAAGGTTG,0
AGAGAATTCACGGACA,0
AGAGACAAAAGGTAAT,0
AGAGACACAATTTCTG,0
AGAGACACGTTATGTG,0
AGAGACAGAACTCAAC,0
AGAGACAGTATCTCGT,0
AGAGACAGTGGCAATT,0
AGAGACAGTTTGGGGA,0
AGAGACATATACATCG,0
AGAGACATATTTTATT,0
AGAGACATCAATACTC,0
AGAGACCCAATGAAAA,0
AGAGACCCATCCAAAA,0
AGAGACCGTAGTTTTG,0
AGAGACGTAGCAAAAC,0
AGAGACTAACTAGTTA,0
AGAGACTGGACAACCC,0
AGAGACTTATTCATTC,0
AGAGACTTTTTTAAAA,0
AGAGAGACGGAAGAAG,0
AGAGAGATCCCTATAC,0
AGAGAGATCTGCAAGA,0
AGAGAGCCCCACAGGA,0
AGAGAGCGCATTAAAT,0
AGAGAGGCACTTCAAT,0
AGAGAGGCATGATAGC,0
AGAGAGGCGGATTAAG,0
AGAGAGGGAAAATCAG,0
AGAGAGTAATATGAAG,0
AGAGAGTACCCATGCG,0
AGAGATAAGATCAAGT,0
AGAGATAAGGAAAAAC,0
AGAGATACAAAAGGAA,0
AGAGATACCTAGGGGT,0
AGAGATATCCCCAATT,0
AGAGATATGGGAAGAT,0
AGAGATCAGGCTTTCA,0
AGAGATGACAATAAAA,0
AGAGATGGAGTCTTAC,0
AGAGATGGTATGACTC,0
AGAGATGTCAATAACT,0
AGAGATGTGTAAACAG,0
AGAGATGTTCTCCATG,0
AGAGATTCAACGACCG,0
AGAGCAAAATAAAGCC,0
AGAGCAAAATTCATCT,0
AGAGCAAAGTGTATGT,0
AGAGCAAATCGCCAGA,0
AGAGCAACCGCCAAGA,0
AGAGCAATAGTCACGC,0
AGAGCAATTAAACTAA,0
AGAGCACAAAACGTAG,0
AGAGCACAGCTAGTAG,0
AGAGCACTCTACTAGC,0
AGAGCAGAGAGGGTAT,0
AGAGCAGCTAGATTTC,0
AGAGCAGGTAGTCAAT,0
AGAGCAGGTCACAACA,0
AGAGCATAAAAGATCA,0
AGAGCATAAAGTTAAC,0
AGAGCATACATGCACA,0
AGAGCATAGCATTTGC,0
AGAGCATATAAAAAAA,0
AGAGCATATTGTCTAA,0
AGAGCCAGTAGAAATC,0
AGAGCCATATAACATC,0
AGAGCCCAACAATTAA,0
AGAGCCCATCTCTTCC,0
AGAGCCCATTTTATCC,0
AGAGCCCCATAAAACA,0
AGAGCCCGTCCGTTAC,0
AGAGCCCTGTAGCACA,0
AGAGCCGTTAAATGTC,0
AGAGCGAACGTCGGAT,0
AGAGCGACTCCTATGT,0
AGAGCGATACAAGACG,0
AGAGCGATGAATAATC,0
AGAGCGCTTATTCGCC,0
AGAGCGGACACCGACC,0
AGAGCGTATATACTAC,0
AGAGCGTCTATTACCA,0
AGAGCGTGGCATATCT,0
AGAGCTAAGAGTCAGA,0
AGAGCTAGACTATGCC,0
AGAGCTGCAGCTACAA,0
AGAGCTGTATACCACC,0
AGAGCTGTGAAGTATG,0
AGAGCTTACATTGAAT,0
AGAGCTTATATATTTA,0
AGAGCTTGAACAGTAG,0
AGAGGAAATTTTTCGG,0
AGAGGAAGACGCGCAA,0
AGAGGAAGAGAACAAG,0
AGAGGAAGGATACTCC,0
AGAGGACAGAACAAAG,0
AGAGGACCCGTAGGCA,0
AGAGGACTCTACACCC,0
AGAGGAGATACGAAAG,0
AGAGGAGATTACCACA,0
AGAGGATTAGATCGAT,0
AGAGGATTCTTGAATA,0
AGAGGCATATTTTAAG,0
AGAGGCATGGACCAAA,0
AGAGGCCTAAGGCCTA,0
AGAGGCGCGAGTTTTT,0
AGAGGCGTTAGGACGT,0
AGAGGCTAAATACCAA,0
AGAGGGAATCATTGTG,0
AGAGGGACATGGTATG,0
AGAGGGCATCAATCAA,0
AGAGGGCATGAGTTTC,0
AGAGGGTGTCCCCACC,0
AGAGGGTTAGAAAAAC,0
AGAGGTAAACCTCCCC,0
AGAGGTAAGTGACGGA,0
AGAGGTACTTCTTTAT,0
AGAGGTATCTTTACTG,0
AGAGGTCGATGGCTAA,0
AGAGGTGAACTTACCG,0
AGAGGTGGGGTTGATT,0
AGAGGTGGTAAAATAG,0
AGAGGTGTCCTTTATT,0
AGAGGTTTTTTAGCAG,0
AGAGTAAAATTGTATA,0
AGAGTAAACCAAACAC,0
AGAGTAAACTAGAGAC,0
AGAGTAACACTATTGG,0
AGAGTAACCAAGCCAA,0
AGAGTAACGAGATAAA,0
AGAGTAACGGACCGTC,0
AGAGTAATTCCGAACT,0
AGAGTAATTGACCACG,0
AGAGTACAATATTACG,0
AGAGTACACATAGAAC,0
AGAGTACGGATAGGAC,0
AGAGTACGTGTCCAAG,0
AGAGTACTGAAAATCC,0
AGAGTACTTACTTGTG,0
AGAGTAGTTCACGCCC,0
AGAGTATACGATTCAT,0
AGAGTATGAACTTTAG,0
AGAGTATGCGATCACG,0
AGAGTCAAGAATAATA,0
AGAGTCACCTCCGATT,0
AGAGTCCAAAAAAAGG,0
AGAGTCCCTTAACCAG,0
AGAGTCGATAATCTAA,0
AGAGTCGCATAGTTGT,0
AGAGTCGCGCACGACG,0
AGAGTCTAAGCTTATA,0
AGAGTCTAAGTCCCAA,0
AGAGTCTGAATGGAAG,0
AGAGTCTGGAGATACC,0
AGAGTCTTCTAATTTA,0
AGAGTGAAATTTTATA,0
AGAGTGACAAACGTGA,0
AGAGTGAGATAATAAT,0
AGAGTGATAATTGATT,0
AGAGTGATTATAGGGG,0
AGAGTGGACAATAACA,0
AGAGTGGCCGAAGTTC,0
AGAGTGTAAAAAGAAT,0
AGAGTGTCGGACGCCA,0
AGAGTGTCTTTTACTA,0
AGAGTTAACATGTTCT,0
AGAGTTAAGCAATCAG,0
AGAGTTACAAAAAATG,0
AGAGTTACACAGCATC,0
AGAGTTAGACCGATTA,0
AGAGTTAGGTTTGATG,0
AGAGTTATGCCCATGG,0
AGAGTTCCACAGACGA,0
AGAGTTCTTAGACATC,0
AGAGTTGTGTCAGAGT,0
AGAGTTTTCTACCTGC,0
AGATAAAAAAAAGCCT,0
AGATAAAAAAGCGTTT,0
AGATAAAAATAGAGGG,0
AGATAAAACAGTCACG,0
AGATAAAACGATTAAC,0
AGATAAACCTAACGCT,0
AGATAAACTCGAGTAA,0
AGATAAAGACAAGCTA,0
AGATAAAGAGAAGGAG,0
AGATAAAGGTAAACAA,0
AGATAAATGAATGGTA,0
AGATAAATGAGGAACT,0
AGATAACAAATCTGTA,0
AGATAACAATAACCCA,0
AGATAACCCATATTTG,0
AGATAACCTGGCACAT,0
AGATAACGATAAGTTT,0
AGATAAGAATAATCTA,0
AGATAAGAATACGTGT,0
AGATAAGCTTTAATGG,0
AGATAAGGAGAGACCA,0
AGATAAGGCTACTACG,0
AGATAAGGGTACTGTT,0
AGATAAGGTAAACCAT,0
AGATAAGTACGAACAC,0
AGATAAGTTATAACTT,0
AGATAATAAAACCACA,0
AGATAATAAGTTCTCA,0
AGATAATAATTAACTG,0
AGATAATAGATTATAA,0
AGATAATATCCATAAG,0
AGATAATCTAACTATA,0
AGATAATCTTAAACAC,0
AGATAATGCATTTAGA,0
AGATACAATAACAAAA,0
AGATACACCACGGAAG,0
AGATACACGAGGTCGC,0
AGATACACTAGTTATA,0
AGATACAGAAATAGAA,0
AGATACATATATATAA,0
AGATACCACGTAAAGC,0
AGATACCATGTGGCTC,0
AGATACCCTTATATTA,0
AGATACCGCAAACGTA,0
AGATACCGTAATAGAC,0
AGATACCTAAAGAATC,0
AGATACCTATCTATTC,0
AGATACCTCAGGGATA,0
AGATACCTGAACTTAC,0
AGATACGAAACCCAGC,0
AGATACGACTCTTAGC,0
AGATACGCCCTGATGA,0
AGATACGGTTAACCAT,0
AGATACTAACAAATAA,0
AGATACTGATGTAAGG,0
AGATACTTACTACTTA,0
AGATACTTCTCAACCA,0
AGATAGAACTACTAAG,0
AGATAGAATAATCACC,0
AGATAGACAAACCTGC,0
AGATAGACAAGTTCGA,0
AGATAGAGCCTCATCA,0
AGATAGATAATAATGC,0
AGATAGATCGAGACTG,0
AGATAGATTGGTAAAG,0
AGATAGCACACTAGAC,0
AGATAGCATTGTTAAT,0
AGATAGCTTGTCAATA,0
AGATAGGAATAGCAAA,0
AGATAGGAGACTACGT,0
AGATAGGATGCAAGAT,0
AGATAGTAAAAGGCAA,0
AGATAGTAAATATGAA,0
AGATAGTGAAACCCCG,0
AGATAGTGAATGACCG,0
AGATAGTGCATAAAGT,0
AGATAGTTACCGGAAG,0
AGATATAAAGATTTGG,0
AGATATAAATAGAAAA,0
AGATATACAACTTCCA,0
AGATATACACCTTCAC,0
AGATATACTTAGAGTG,0
AGATATAGACACTGCA,0
AGATATAGATCTTAGA,0
AGATATAGCAAAACGA,0
AGATATATAATAGCAA,0
AGATATATAGGTGATC,0
AGATATATCCTTTCTG,0
AGATATATCGAGTTAC,0
AGATATCAACCGATTT,0
AGATATCCAACGTACC,0
AGATATCCCCATGATC,0
AGATATCTAAACTCTA,0
AGATATCTAGTACTCA,0
AGATATGACGCGTCAA,0
AGATATGATATCTTGT,0
AGATATGATCATGTTT,0
AGATATGATGGCCTTT,0
AGATATGATGTTTCCA,0
AGATATGCCTGTGGGA,0
AGATATGCTGTAAATA,0
AGATATGTTGAACTAA,0
AGATATTAAAATTACG,0
AGATATTGAGACTAAC,0
AGATATTTCAACCAGT,0
AGATATTTCAATACGC,0
AGATATTTGTCAGACG,0
AGATCAAAAATTAATA,0
AGATCAAAATACACGT,0
AGATCAAACGATCGCA,0
AGATCAAATGAGCCAG,0
AGATCAAGCGTATTGC,0
AGATCAATTTATCCGG,0
AGATCAATTTTTAATA,0
AGATCACATTACCAGG,0
AGATCACCCTTAACTG,0
AGATCAGAAGCTCCAT,0
AGATCAGCAGCTACGA,0
AGATCAGGATTCACCT,0
AGATCAGTACGATGTT,0
AGATCATAAAAAATAG,0
AGATCATATAAAAATA,0
AGATCATGGACACGCA,0
AGATCATGGGTAGAAT,0
AGATCATTAGAGGCGC,0
AGATCATTCGAGATAA,0
AGATCCAAGGATCCTG,0
AGATCCAATAGATCCC,0
AGATCCACAACACCCG,0
AGATCCACCGAGTACA,0
AGATCCACTTGTGATA,0
AGATCCATAATTGAAG,0
AGATCCCGACAAGGCA,0
AGATCCCGTGTTGTAC,0
AGATCCGGAAGTGGGA,0
AGATCCGTACCCCTCT,0
AGATCCTAAAAGCGGA,0
AGATCCTACATCAGCA,0
AGATCCTGAAAGACGT,0
AGATCCTTAATTAGTA,0
AGATCGAAATATTGAT,0
AGATCGAGTGAGAGTA,0
AGATCGATACAAAAGA,0
AGATCGATCCAGCATA,0
AGATCGATCTGGCGAA,0
AGATCGCAGAGCCAGC,0
AGATCGGCAAGTATTT,0
AGATCGGGCCAACATT,0
AGATCGGTCCAGTAGA,0
AGATCGTATCACTCGA,0
AGATCGTCATATACGA,0
AGATCGTCGGGCCAAT,0
AGATCGTGTCCTCGAG,0
AGATCTAAAAAATGCA,0
AGATCTAAATATCACC,0
AGATCTAAGAAGCCAT,0
AGATCTACACGACGCT,0
AGATCTACATATGCTA,0
AGATCTACGTAATCGA,0
AGATCTCAGTGCTTAC,0
AGATCTCCTGAGGGGT,0
AGATCTGAAAAGAGAA,0
AGATCTGACTACGAGG,0
AGATCTGACTATATTA,0
AGATCTGATGCTATCA,0
AGATCTGTTAGACCAC,0
AGATCTTCTGTTATGA,0
AGATGAAAATACCTAG,0
AGATGAAAATCGGGGC,0
AGATGAAAGGATTGTT,0
AGATGAAATTTAATCA,0
AGATGAAATTTTACCC,0
AGATGAACTCAATAAA,0
AGATGAAGGTCGATAA,0
AGATGAATAACAACGA,0
AGATGAATAACTACCA,0
AGATGAATGAAAAGTT,0
AGATGACAAATAAAAA,0
AGATGACCAAGCATAA,0
AGATGACCAATTAACA,0
AGATGACGACATAAGT,0
AGATGACGTGAGCAAG,0
AGATGACTCACGAAAG,0
AGATGACTTCCCTTAA,0
AGATGAGAAAAAAGCA,0
AGATGAGACCCCCCCT,0
AGATGATAAAATATCA,0
AGATGATACAATAGGA,0
AGATGATAGAATTATA,0
AGATGATCAACTACGG,0
AGATGCAAAACCATAT,0
AGATGCAAATCTGCAG,0
AGATGCAAGACGAACG,0
AGATGCACAAGCTGGA,0
AGATGCAGATCGTAAA,0
AGATGCCAATTCCATA,0
AGATGCCGTACCCATA,0
AGATGCGCCATTCAAA,0
AGATGCGGAGGGTATT,0
AGATGCTAGATGCCTA,0
AGATGCTCGATGTATA,0
AGATGCTGGAGATCCA,0
AGATGGAGGCATTAAA,0
AGATGGATAAAACACA,0
AGATGGATAAAGAAAA,0
AGATGGATTAGTCGCA,0
AGATGGCAATGGAATA,0
AGATGGCAGCCTTACC,0
AGATGGGACCCCATCG,0
AGATGGGCATTCCTAA,0
AGATGGTAAATTAAAC,0
AGATGGTCTGACGCCA,0
AGATGGTGATCACATA,0
AGATGGTTGTAACATA,0
AGATGGTTTGAAACTA,0
AGATGTAATTTTAGTG,0
AGATGTAGCGGAGCAA,0
AGATGTCCACATGATA,0
AGATGTCCCAGGAGCA,0
AGATGTCCCTGTGTCC,0
AGATGTCTATTCTGAC,0
AGATGTGCCACAACAC,0
AGATGTTGAATAAATA,0
AGATGTTGCATGACCC,0
AGATGTTTCCTCTGAG,0
AGATTAAAAGAAAGGC,0
AGATTAAAATAGGTCT,0
AGATTAAACGTAGACC,0
AGATTAACAACACCAC,0
AGATTAACTTAGCGTC,0
AGATTAAGAAGACAAC,0
AGATTAAGGTTCGGTT,0
AGATTAAGTCAAAGCA,0
AGATTAATGGATAAAT,0
AGATTACACTTAAATT,0
AGATTACGTAAGACAC,0
AGATTACTATGAATGA,0
AGATTACTGAACGAAA,0
AGATTAGAATAACTTA,0
AGATTAGCTATGCAAG,0
AGATTATAAGTTAACC,0
AGATTATAGTTGTCGA,0
AGATTATCAAAGAAAT,0
AGATTATTAGGAACTA,0
AGATTATTCGGAGTGT,0
AGATTATTGACCGGCA,0
AGATTCAACATGAATG,0
AGATTCAACGCTCCAA,0
AGATTCAGAGAATAAG,0
AGATTCAGCGTAGAAG,0
AGATTCAGGCCCAATC,0
AGATTCAGTGACACTA,0
AGATTCCGACTATAAA,0
AGATTCCGCACCACGA,0
AGATTCGAACGCTATA,0
AGATTCGAGGCAAGAC,0
AGATTCGAGGCAAGAG,0
AGATTCGCAACTTACA,0
AGATTCGCCGAACTAA,0
AGATTCGTATACAATA,0
AGATTCGTATACCTAC,0
AGATTCTAACAACAGA,0
AGATTCTAGGGCGTAC,0
AGATTCTATAACCTAC,0
AGATTCTCGCTGATTT,0
AGATTCTGCATAATGT,0
AGATTCTTACAAAAGC,0
AGATTCTTTATTAGGA,0
AGATTGAAAAGCATGA,0
AGATTGAAATCAGAAA,0
AGATTGAGTCTTTCCG,0
AGATTGATTCCAAGGT,0
AGATTGCAACTTGTAT,0
AGATTGCTGCAGTCAG,0
AGATTGGAAAGTGGAG,0
AGATTGGACCAGAAAT,0
AGATTGGCTAGCACGG,0
AGATTGGTTTCCTCGA,0
AGATTGTAATTCATCA,0
AGATTGTACTCGAGGC,0
AGATTGTCGATAAAGT,0
AGATTTAAAAACAAAA,0
AGATTTAAACTGATGG,0
AGATTTAAAGGCCTGA,0
AGATTTAATGCGTGTA,0
AGATTTAATTTTTTTT,0
AGATTTACACAATTAA,0
AGATTTACTTAATAAG,0
AGATTTAGTATCATAT,0
AGATTTATAAAGGCGG,0
AGATTTATATGTGGAC,0
AGATTTATTAGCTGAG,0
AGATTTCAATGCGATA,0
AGATTTCAGACACATA,0
AGATTTCCAAAATACA,0
AGATTTCCCATACAGC,0
AGATTTCGTAAACTAA,0
AGATTTCGTCGCTTAT,0
AGATTTCGTTGAATTC,0
AGATTTCTAGTGCAGA,0
AGATTTGATTAGCATA,0
AGATTTGCGAGTGTTC,0
AGATTTGGCTGAAAGG,0
AGATTTGTACATACTG,0
AGATTTGTTAACCGTG,0
AGATTTTGTTGCCGTT,0
AGATTTTTAATCCATG,0
AGATTTTTCAAGAAAC,0
AGCAAAAACAACAAAA,0
AGCAAAAATAGCGTAT,0
AGCAAAACCGACCATA,0
AGCAAAACGGATAAAA,0
AGCAAAACTCCAATAG,0
AGCAAAAGATAACTCA,0
AGCAAAAGGAAATTCT,0
AGCAAAATATACAGAT,0
AGCAAAATCGTTAGTT,0
AGCAAAATCTCTAACT,0
AGCAAAATTCCCAATC,0
AGCAAACAACGTTAAG,0
AGCAAACAATCATGTC,0
AGCAAACACATGTGAT,0
AGCAAACCATTGAACT,0
AGCAAACCTACCATCC,0
AGCAAACGACCTATTA,0
AGCAAACGTCCTAATG,0
AGCAAAGAACTGTACC,0
AGCAAAGGATGGTACA,0
AGCAAAGTAAACGTGT,0
AGCAAAGTAAAGAAAT,0
AGCAAAGTAATACGGG,0
AGCAAAGTGCACTAAC,0
AGCAAAGTGTCAAAAC,0
AGCAAATAACAGAGCC,0
AGCAAATAAGAAGTAC,0
AGCAAATATAATATAA,0
AGCAAATCCAGAAACA,0
AGCAAATCGGCTTGAA,0
AGCAAATGAAACTGAA,0
AGCAAATGTGAACTGA,0
AGCAAATTGGAAGTAA,0
AGCAAATTGTAACTGA,0
AGCAACAAACCAGCCC,0
AGCAACAAGACCTTGG,0
AGCAACACAGATACGG,0
AGCAACACTGGTGATT,0
AGCAACCAAACAGAAA,0
AGCAACCACACGATGT,0
AGCAACCCATAGGTTG,0
AGCAACCCGTGGTAAT,0
AGCAACCCTCTTCTCC,0
AGCAACCGACAATAAA,0
AGCAACCGTACTCAAC,0
AGCAACCTCGTTATGA,0
AGCAACTTACGCACAA,0
AGCAAGAACAGCAGAT,0
AGCAAGCACACAATTA,0
AGCAAGCGGTCGCATT,0
AGCAAGCGTACCATCA,0
AGCAAGCTACAGATAC,0
AGCAAGCTCTACCAAT,0
AGCAAGCTGTTATCCC,0
AGCAAGGAAAGTAGGC,0
AGCAAGGAAATTCGGA,0
AGCAAGGTTTACTCCA,0
AGCAAGTCGTCAGCAT,0
AGCAAGTGTTATGAGC,0
AGCAATAAAATAGAGA,0
AGCAATAATGATGTCA,0
AGCAATACAAGAAAAA,0
AGCAATACGTTCAGGT,0
AGCAATAGCTAAAACA,0
AGCAATAGGATACGTA,0
AGCAATATCATATGAA,0
AGCAATATGAATTATG,0
AGCAATATGCCTGGAA,0
AGCAATCAAATCATCT,0
AGCAATCAATTGACCA,0
AGCAATCACGCAAAAG,0
AGCAATCATTCTGTTA,0
AGCAATCCAACGTAAA,0
AGCAATCCATCACTCA,0
AGCAATCCTACTGTTA,0
AGCAATCGTTGGAGCT,0
AGCAATCTATTTGAAT,0
AGCAATGTCGTTACAT,0
AGCAATTCAGCGACGG,0
AGCAATTCTCAATTTG,0
AGCAATTGTTCCTTGC,0
AGCACAAAAAATGCAT,0
AGCACAAAACAATATA,0
AGCACAAAAGGGAATA,0
AGCACAAACTGTACAC,0
AGCACAAAGTTGGCTT,0
AGCACAACATACCAGA,0
AGCACAACCTTCCAAA,0
AGCACAACCTTCTACT,0
AGCACAAGTCTTTATC,0
AGCACAATTAAAGCAA,0
AGCACACAGACCACAC,0
AGCACACATCGGCTTC,0
AGCACACCGGCATGCT,0
AGCACACTTGTCTCCT,0
AGCACAGAACAAGTGA,0
AGCACAGTATAAGGAC,0
AGCACATAAGGATCGT,0
AGCACATATCTATGGC,0
AGCACATGACAATCGG,0
AGCACATGCCATGGCT,0
AGCACATGTAAAAATA,0
AGCACCACCAAACTCC,0
AGCACCAGGAAATCCT,0
AGCACCCAAAGGGAAG,0
AGCACCCAACCCATCA,0
AGCACCCAATTGAATT,0
AGCACCGAATCGAGAA,0
AGCACCGTTCAGAAGA,0
AGCACCTAAAGTCCAA,0
AGCACCTAGAAATTCC,0
AGCACCTTCCAGATAG,0
AGCACGAATACATAAC,0
AGCACGACACAAATAC,0
AGCACGCTCTTAATGT,0
AGCACGGACGTCATAA,0
AGCACGTACTTGTCAG,0
AGCACGTCATGCCGTG,0
AGCACGTTGCTTGAAC,0
AGCACTAACCATAGCT,0
AGCACTAAGTTAACAT,0
AGCACTACACCCAAAA,0
AGCACTAGTATATATC,0
AGCACTCACACAACAT,0
AGCACTCTAGCGAAAA,0
AGCACTGAGCCTTACG,0
AGCACTGCACGCTAAA,0
AGCACTTAGCCACGTC,0
AGCACTTCAGAAATTA,0
AGCACTTCTAACCCAC,0
AGCACTTTAAGAACGT,0
AGCAGAAAATTTCCTC,0
AGCAGAAATGGTTTAT,0
AGCAGAAATTTCAATC,0
AGCAGAACGGAGACCC,0
AGCAGAACTACCATAA,0
AGCAGACAACGGGAAT,0
AGCAGACAATCACTAA,0
AGCAGACAGAAGTAAT,0
AGCAGACAGACTCGCA,0
AGCAGACATGAATTTC,0
AGCAGACCGCACCCCG,0
AGCAGAGAATAAATTC,0
AGCAGAGCACTTTCAG,0
AGCAGATACCAATATA,0
AGCAGATTACAAAGAT,0
AGCAGATTGAAAGTAC,0
AGCAGCAAACCTGGTG,0
AGCAGCAAAGACACAA,0
AGCAGCACAACAATCA,0
AGCAGCAGCACGAGAA,0
AGCAGCCCCTTAGCTG,0
AGCAGCCCTCTGTAGA,0
AGCAGCGAGAAATTAT,0
AGCAGCGTTACATAAA,0
AGCAGCGTTGATATCA,0
AGCAGCGTTTTACTAC,0
AGCAGCTAGTGTCTGC,0
AGCAGGAACTGGATAC,0
AGCAGGACTTCTACAA,0
AGCAGGCTCCAATATG,0
AGCAGGGATTCATCGT,0
AGCAGGGTTCCAAGTA,0
AGCAGGTCAAAAAGAA,0
AGCAGGTCCAAAAAAA,0
AGCAGGTTGCTCAGAT,0
AGCAGGTTTCTAATCG,0
AGCAGTCAAAAAAGTA,0
AGCAGTCGAGTCTGTC,0
AGCAGTCGATTTAACA,0
AGCAGTCTTAACAGCT,0
AGCAGTGCTCCTCAAA,0
AGCAGTGTAGCTAGCC,0
AGCAGTTAATTGATCT,0
AGCAGTTGAATGCCGT,0
AGCATAAAATACCGTT,0
AGCATAACAATATTGG,0
AGCATAACAGAGAATA,0
AGCATAACAGGACTCA,0
AGCATAACCATCTAGC,0
AGCATAATAATCTTTA,0
AGCATAATGCCAAAGT,0
AGCATACAATAACCAC,0
AGCATACAATGGGATA,0
AGCATACCCTCGAGCA,0
AGCATACCGACAAACT,0
AGCATACCTTCCATGA,0
AGCATACGACCCTATG,0
AGCATACTCTTAAGTT,0
AGCATACTTTGATTAT,0
AGCATAGAATAGACTT,0
AGCATAGAGCGCATAT,0
AGCATAGAGCTCTTCC,0
AGCATAGATACAACTC,0
AGCATAGGAGCGAACC,0
AGCATAGTTACCAACG,0
AGCATATAAGATTAAG,0
AGCATATCAACATCCA,0
AGCATATTAACAAAAA,0
AGCATCAAAAGATCCT,0
AGCATCAATCAAGCCA,0
AGCATCAATGAACTAT,0
AGCATCACATTCATAC,0
AGCATCACCCATCACC,0
AGCATCACGGATCTCG,0
AGCATCACTAATCCAA,0
AGCATCACTCCTTGCA,0
AGCATCATGAAGCAGA,0
AGCATCATGACTCAGA,0
AGCATCATTACCGTAG,0
AGCATCCGGAAGAAAT,0
AGCATCTATGTAACAG,0
AGCATGACAAACACTA,0
AGCATGACGAATGAAC,0
AGCATGACTTTAGATT,0
AGCATGAGATCTTAAA,0
AGCATGCAATACAAAC,0
AGCATGCATGAGCATC,0
AGCATGCTTTGGCGAC,0
AGCATGTATATAAACA,0
AGCATGTATCCATCTA,0
AGCATTCGAGAGTAAG,0
AGCATTCTAACCCGAG,0
AGCATTCTAACTCGGA,0
AGCATTCTTTAATACC,0
AGCATTGATCGACCGG,0
AGCATTGATGTCACTG,0
AGCATTTAAATGAAAG,0
AGCATTTATTATTGGT,0
AGCATTTCATTGTAAC,0
AGCATTTGCATGTGCA,0
AGCATTTTTCAAGTAC,0
AGCCAAAAACATAACC,0
AGCCAAAAAGACAATA,0
AGCCAAACGTAAACGA,0
AGCCAAAGACATACGA,0
AGCCAAAGCTTATGAA,0
AGCCAAATAAACGCAT,0
AGCCAAATGCGTTCCC,0
AGCCAACAACTGTTTC,0
AGCCAACCGACCTTCA,0
AGCCAACGTCTTAAGG,0
AGCCAAGATCGGCACA,0
AGCCAAGCCACCTATG,0
AGCCAAGTAAAAAAAC,0
AGCCAATAACCCTGTG,0
AGCCAATAATACGTTA,0
AGCCAATATATCGCGG,0
AGCCAATATCAAAATA,0
AGCCAATCCCAAATTC,0
AGCCAATCTCTAACGC,0
AGCCAATTAAATATTG,0
AGCCAATTAATGTCTA,0
AGCCAATTCGGTGTCT,0
AGCCACAACGTGATCC,0
AGCCACAGAATTAAAA,0
AGCCACAGATAGGATT,0
AGCCACATACTAAATC,0
AGCCACATTTCCATCC,0
AGCCACCAAAGTGCGG,0
AGCCACCCATAACTAG,0
AGCCACCCTGTGACAA,0
AGCCACCTCACCTCTA,0
AGCCACTAATTGATCA,0
AGCCAGAAAAGCATGT,0
AGCCAGAACCACATGA,0
AGCCAGAACTTCACAT,0
AGCCAGACTACATAAT,0
AGCCAGAGAGAACCTC,0
AGCCAGATAAAGCGCG,0
AGCCAGATATATCGAG,0
AGCCAGCACAAGTCGA,0
AGCCAGCGAAATAAAG,0
AGCCAGGTTGTTAAAG,0
AGCCAGTCCGTAAAGG,0
AGCCATAATCATAGGA,0
AGCCATACAAAGAAGA,0
AGCCATAGAGAACCCA,0
AGCCATAGATAAAATC,0
AGCCATATATATACAA,0
AGCCATATCATCACCT,0
AGCCATCAAGGCAAAA,0
AGCCATCATGGGAATC,0
AGCCATCGGCCCCCAA,0
AGCCATCTCCCTCATA,0
AGCCATGCAAAACATA,0
AGCCATGGAGAATTTG,0
AGCCATTAAAATCAAT,0
AGCCATTCTGAAAAAC,0
AGCCCAAAGCAAGAAG,0
AGCCCAAATAGGATAA,0
AGCCCAAATCCACATT,0
AGCCCAAGACTTCGTA,0
AGCCCAAGCCAGCCGC,0
AGCCCAATAGAACTGA,0
AGCCCACAATTCATCT,0
AGCCCAGAACAAACGA,0
AGCCCAGACCTCCTAG,0
AGCCCAGATATTAAAA,0
AGCCCAGCGCCTATAT,0
AGCCCAGGGGACAACA,0
AGCCCATAGCCCATCC,0
AGCCCATCTCAAATTT,0
AGCCCCAAAGTTCAAC,0
AGCCCCCATTAAATCT,0
AGCCCCGACCCCACTT,0
AGCCCCTGGTTCCAAC,0
AGCCCGAAACTCGTAT,0
AGCCCGAACAGCGGGA,0
AGCCCGAAGCACCCAT,0
AGCCCTAACACTGCAT,0
AGCCCTATTCGTACAC,0
AGCCCTCGCACACATC,0
AGCCCTCTAAAAAATA,0
AGCCCTGTAGTTTATG,0
AGCCCTTCCTTGCCTA,0
AGCCCTTCGCCAAAAG,0
AGCCCTTCTGAAGTTA,0
AGCCCTTGCTAATGTA,0
AGCCCTTGTAACAACA,0
AGCCCTTTCTAAAGTC,0
AGCCGAACATGCTCAC,0
AGCCGAACCCGTTCCC,0
AGCCGAACTACGTTGT,0
AGCCGAAGAACAATCG,0
AGCCGAAGAACAGAAT,0
AGCCGAAGTGCCCCTA,0
AGCCGAATCACACTCT,0
AGCCGAATGAAAAACT,0
AGCCGATCTCTTCCTT,0
AGCCGCATTCGAAGTC,0
AGCCGCCTACAGAAGG,0
AGCCGCTACTAATTTT,0
AGCCGCTATATCAACC,0
AGCCGCTCATCACCTA,0
AGCCGGAATCGCAAGG,0
AGCCGGACATATCTAA,0
AGCCGGCGAACAAAAC,0
AGCCGGCGGCGCCCTC,0
AGCCGGCGTATGGAAC,0
AGCCGGGATACAGGTG,0
AGCCGGGGGGACACAT,0
AGCCGGTTTATTAATG,0
AGCCGGTTTGTAACAT,0
AGCCGTAGGTTGTCTC,0
AGCCGTAGTCCAAAGA,0
AGCCGTATAGCACACA,0
AGCCGTCATAAAAAGA,0
AGCCGTCGCGGATACT,0
AGCCGTTCATAATTTG,0
AGCCGTTCATTCTCAA,0
AGCCGTTCGACGATAG,0
AGCCTAAAAAGACAAA,0
AGCCTAAAGGCAAAGC,0
AGCCTAACGAAGTGAT,0
AGCCTAGACTGGGTAA,0
AGCCTAGATGGTTACA,0
AGCCTAGCAAAACCTT,0
AGCCTAGCAAGGCGCA,0
AGCCTATAATGATAAC,0
AGCCTATTAGCTCGAC,0
AGCCTATTTGACAAGA,0
AGCCTCAAAACCAGGA,0
AGCCTCAAAGCAAAGA,0
AGCCTCAATACTCCAG,0
AGCCTCATAGAGCATC,0
AGCCTCCAATTAACAG,0
AGCCTCCCTGAAAAAC,0
AGCCTCTCCTAAATAA,0
AGCCTGAAAACAGCTC,0
AGCCTGACGACAGATT,0
AGCCTGCAAGATTTAA,0
AGCCTGGTACGTGAAG,0
AGCCTGTCAAAATAAG,0
AGCCTTAAAAACTCCC,0
AGCCTTAACACTCACA,0
AGCCTTAACGAAAACA,0
AGCCTTAGCTACTTCA,0
AGCCTTAGGTATGCAG,0
AGCCTTCAAACAATGC,0
AGCCTTCACCCTAAAG,0
AGCCTTCCATAAAAAT,0
AGCCTTCCTATTTCGA,0
AGCCTTGAAGGTTTTA,0
AGCCTTTACAATCGGC,0
AGCCTTTACATCCTGA,0
AGCCTTTACTTAAAAT,0
AGCCTTTAGATGGTAA,0
AGCCTTTCCACAATAA,0
AGCGAAAAAACTATAT,0
AGCGAAAAGAATTGCA,0
AGCGAAACCAGCTACA,0
AGCGAAACCTAATGGC,0
AGCGAAACCTGCTCAG,0
AGCGAAAGTCTGGACT,0
AGCGAAATTAGTACCG,0
AGCGAACAACACAAAT,0
AGCGAACACCGATCTC,0
AGCGAACAGGTCTGAA,0
AGCGAACCCAAAGGTC,0
AGCGAACCTTAGCTAA,0
AGCGAAGCATACAAAA,0
AGCGAAGTACGCCCAA,0
AGCGAATAGCATTCAA,0
AGCGAATATCGAAACT,0
AGCGAATATGCAGACG,0
AGCGAATGCGTTACGG,0
AGCGAATTCTAAGCGC,0
AGCGACAACCCAGAGC,0
AGCGACACTAAACTGG,0
AGCGACAGAGTTAGAA,0
AGCGACCCAATAGTCA,0
AGCGACGGTGTTGACT,0
AGCGACTACCTAAGCC,0
AGCGAGACCGAGGTTA,0
AGCGAGACTTAAGATA,0
AGCGAGATCTAATCAT,0
AGCGAGCATCCTTAAA,0
AGCGAGCATTATACCG,0
AGCGAGTTTTTTTTCG,0
AGCGATAAACTTCAAA,0
AGCGATAAAGGGGAGA,0
AGCGATACAAATTCAT,0
AGCGATAGCTAACTAA,0
AGCGATATTTGAAAGT,0
AGCGATCCAGACAACA,0
AGCGATCTGAGGGGCA,0
AGCGATGATAACTTCT,0
AGCGATGCTCAGAGTG,0
AGCGCAAAAAACTAAA,0
AGCGCAAATATTGGCA,0
AGCGCAAATTCATGCA,0
AGCGCAAGAGGATAAA,0
AGCGCAAGGACATAAC,0
AGCGCAAGTCGTTAAC,0
AGCGCACAATACAGTT,0
AGCGCACAATGTCCAA,0
AGCGCACCTCAAGCGA,0
AGCGCACGGAATTTCA,0
AGCGCATGTGGGTTAC,0
AGCGCCACTTGGAATA,0
AGCGCCGATAAAAGCC,0
AGCGCCGTGGAATCAT,0
AGCGCGACGAAAGCGT,0
AGCGCGCTTGAATCAC,0
AGCGCGGATACGCCTC,0
AGCGCGGCAGTTGTAA,0
AGCGCGGGTTATAAAG,0
AGCGCTAACGTGCCTT,0
AGCGCTATAATCCTAT,0
AGCGCTATTAGTAGCT,0
AGCGCTGAAATACATC,0
AGCGCTGAGAATCCGA,0
AGCGCTGGTTATAAGT,0
AGCGCTTAGGAGGCGA,0
AGCGCTTCGTCCAGTC,0
AGCGGAAATGGACCAA,0
AGCGGAAATGGCAAAA,0
AGCGGACAAATCGGAG,0
AGCGGCCCGCTTTTGA,0
AGCGGCGTTGCCACAA,0
AGCGGCTATTGTCTGT,0
AGCGGCTGAATTCGAA,0
AGCGGGATCAATTCAC,0
AGCGGGCATCAATCAT,0
AGCGGGCCCAATTAGA,0
AGCGGTAGACTCCTAT,0
AGCGGTTCTGGGTATA,0
AGCGGTTGCAGAATTA,0
AGCGGTTGGAAAAAAG,0
AGCGTAAAAAAAAGTC,0
AGCGTAAACACGTACA,0
AGCGTAAAGAATCTGC,0
AGCGTAAAGTGAAATC,0
AGCGTAACGGGCCCTT,0
AGCGTAATAATTAACA,0
AGCGTAATACCCAATT,0
AGCGTACAATAATTAG,0
AGCGTACCCTCAGACC,0
AGCGTAGTCCCCAATC,0
AGCGTATAACATTACG,0
AGCGTCAAAATTAAAA,0
AGCGTCACCAATGATG,0
AGCGTCACTGGCGTTA,0
AGCGTCCCATATTTAG,0
AGCGTCCTTCAACTGA,0
AGCGTCGCTTTATCTG,0
AGCGTCTAAAGCTAGC,0
AGCGTCTATAATCAAT,0
AGCGTGAATTGAGAGA,0
AGCGTGCAAATGAACA,0
AGCGTGCCGGATTCAA,0
AGCGTGCGACTGGTAA,0
AGCGTTATTTCAGTAT,0
AGCGTTCACATAATTT,0
AGCGTTCAGTTGAATT,0
AGCGTTCTATCAAGAA,0
AGCGTTGACCCACCCC,0
AGCGTTTAAACCAGAT,0
AGCGTTTAAGCTGATT,0
AGCGTTTACTACGATC,0
AGCGTTTAGTCAAAAG,0
AGCGTTTCCTACACAT,0
AGCGTTTGCCGACATA,0
AGCGTTTGCTGAATTC,0
AGCGTTTGTAAGTAAA,0
AGCTAAAAAACGTGGC,0
AGCTAAAAATAACCAA,0
AGCTAAAAGAAGAATA,0
AGCTAAAATCTTCCAG,0
AGCTAAAATTAAAAAC,0
AGCTAAACGTCGACTA,0
AGCTAAACTAACTGTA,0
AGCTAAACTACAGTTC,0
AGCTAAAGAAACATAG,0
AGCTAAAGCGATAAAA,0
AGCTAAAGGACAGGTT,0
AGCTAAAGGATTCACA,0
AGCTAAAGTACATGGA,0
AGCTAAAGTAGCCTGT,0
AGCTAAAGTGGTCGAC,0
AGCTAAATCGTAGATT,0
AGCTAACAAAACGGGA,0
AGCTAACAATATGTCC,0
AGCTAACACATAACAA,0
AGCTAACATATCAAAA,0
AGCTAACATTTAACTG,0
AGCTAACCCAAGAGCT,0
AGCTAACGGTATGGCA,0
AGCTAACTACGATACG,0
AGCTAACTATCAATGT,0
AGCTAAGATAATAGCT,0
AGCTAAGGATAAATAG,0
AGCTAATAAATCAGTA,0
AGCTAATACATACTCC,0
AGCTAATATTAGAGTG,0
AGCTAATCTCAGACTA,0
AGCTACAAACTTCCCT,0
AGCTACAATAATTAGA,0
AGCTACACTCAATGAG,0
AGCTACAGTCATATAT,0
AGCTACAGTCGAAGTG,0
AGCTACATACACCTGA,0
AGCTACCAGATGAAGG,0
AGCTACCTCCCGCGTT,0
AGCTACTAGTTATACA,0
AGCTAGAAGTATGCCA,0
AGCTAGAGATTCCACA,0
AGCTAGCCTCCTGATA,0
AGCTAGGACCCTAACT,0
AGCTAGTAGTAGATCG,0
AGCTAGTCTTGCAAGA,0
AGCTAGTGTCCGGAAT,0
AGCTAGTTATCGGCAA,0
AGCTATAACAAGAAGG,0
AGCTATAAGAAATAAC,0
AGCTATACATTGAAAA,0
AGCTATAGATACAAGA,0
AGCTATATGCGTTTTA,0
AGCTATCAGACTCACA,0
AGCTATCCGACCGGGT,0
AGCTATCCTTACAACG,0
AGCTATGAAAAGCTTA,0
AGCTATGGATGTAAAG,0
AGCTATTACAGACATT,0
AGCTCAAAAACTGGAA,0
AGCTCAAACAATCTCC,0
AGCTCAAACTTAAGAC,0
AGCTCAAAGTCCGATC,0
AGCTCACGATACCGTT,0
AGCTCAGACATGAATA,0
AGCTCAGCTCCCTAAA,0
AGCTCAGGAGCCAGTA,0
AGCTCAGGCCTTTCTT,0
AGCTCATACAACCGAA,0
AGCTCATATCTAACGA,0
AGCTCATCGACGCTCA,0
AGCTCATTAACTTTAA,0
AGCTCCAAAACAACAA,0
AGCTCCAAAGACGGGA,0
AGCTCCCAATAACCTC,0
AGCTCCCTAAGTAAGA,0
AGCTCCCTTTCGTAAT,0
AGCTCCGAGGTAAAGA,0
AGCTCCTAACGCGTAC,0
AGCTCCTAGTAACTCA,0
AGCTCCTGTCCAACTT,0
AGCTCGACACTAAAAC,0
AGCTCGAGCCACTCAT,0
AGCTCGCTCCAATTTA,0
AGCTCGTAAAATCACG,0
AGCTCGTATTCAAACC,0
AGCTCTACAATAATTG,0
AGCTCTAGAGTAAATC,0
AGCTCTATGCGAGTAC,0
AGCTCTCCGCCCAAAG,0
AGCTCTCTTATGAATA,0
AGCTCTGATCAAACTT,0
AGCTCTGTTACAACAC,0
AGCTCTTTACTAATTT,0
AGCTCTTTATTTGAAT,0
AGCTCTTTCGAATTAA,0
AGCTCTTTTATATAAG,0
AGCTGAAGGCAACCAA,0
AGCTGAAGTAATGACC,0
AGCTGACAAGCAGCAC,0
AGCTGACAGCACCGCC,0
AGCTGACAGGGGCGTC,0
AGCTGACCTCACTAAC,0
AGCTGAGAAGGGCCAT,0
AGCTGAGCTTGATCAC,0
AGCTGAGTATGAAAAA,0
AGCTGAGTCCCCATGG,0
AGCTGATAATATTACC,0
AGCTGATATCATACAA,0
AGCTGATCGTTGGCGA,0
AGCTGATCTGGTTAGC,0
AGCTGCAAAAACGTGA,0
AGCTGCATCTGTCTAA,0
AGCTGCATTGAGAAAG,0
AGCTGCCATGGACTGA,0
AGCTGCTCAAATTGGA,0
AGCTGCTCATGAGCAC,0
AGCTGCTCCTCTGTTT,0
AGCTGCTCTAAATATA,0
AGCTGCTGAACGGTAA,0
AGCTGGAAAGGCCAAT,0
AGCTGGAACAGATCCA,0
AGCTGGATCCGTTATC,0
AGCTGGCGAGTCGTAC,0
AGCTGGGCAGAAAATC,0
AGCTGGGCGGAAATGG,0
AGCTGGTCAGATGCAA,0
AGCTGTATCATGATTA,0
AGCTGTCATAGAGTCC,0
AGCTGTGAACATTTTA,0
AGCTGTGGCAATTAGA,0
AGCTGTTGTATTCCGT,0
AGCTTAAGTAGACTAA,0
AGCTTAATGTGAGAAG,0
AGCTTAATGTTAGTCG,0
AGCTTACAAACGCCGT,0
AGCTTACGACCACCGA,0
AGCTTACGTAACTCAA,0
AGCTTACTATGAGAGC,0
AGCTTAGAAATGGACG,0
AGCTTAGGAACGTAAC,0
AGCTTAGGTACAATTC,0
AGCTTAGTGCATCCTA,0
AGCTTATAAATTAATT,0
AGCTTCAACTGTTATA,0
AGCTTCACACAACATC,0
AGCTTCACTTTTACAC,0
AGCTTCCACCTTTGAC,0
AGCTTCCCACTATAGT,0
AGCTTCCTAGAACATA,0
AGCTTCCTATGTTGCC,0
AGCTTGAAGTGTAAAC,0
AGCTTGACTGGATTGA,0
AGCTTGAGGCAATAAT,0
AGCTTGAGGTGGCATT,0
AGCTTGGCAACATCGA,0
AGCTTGTTGTAACATA,0
AGCTTTAAAGGGGGAA,0
AGCTTTAAGGAAACTA,0
AGCTTTACTACCCTTG,0
AGCTTTAGAACAATCT,0
AGCTTTATAGACAACC,0
AGCTTTCTAATAAACC,0
AGCTTTTTTACAATCA,0
AGGAAAAAAACAATCC,0
AGGAAAAAAAGTGAAA,0
AGGAAAAACTTCACAC,0
AGGAAAAAGACAACTC,0
AGGAAAACAGCTAACT,0
AGGAAAAGTGAAAAAT,0
AGGAAAATAAGGACAA,0
AGGAAAATTTGGCCAT,0
AGGAAACACATGATTG,0
AGGAAACAGGACTACA,0
AGGAAACGGAACGCCT,0
AGGAAACGGTGGGCAA,0
AGGAAACTATTATTGC,0
AGGAAAGAAATTTGGG,0
AGGAAAGCACGAGGGC,0
AGGAAAGGACTCACGA,0
AGGAAAGTAAAAGACA,0
AGGAAATAAGGCATAG,0
AGGAAATAAGTCTCAA,0
AGGAAATAATACTCGT,0
AGGAAATACAATTATG,0
AGGAAATATAAATCAA,0
AGGAAATATACTTGAT,0
AGGAAATATCTAGGCA,0
AGGAAATCATGACGCC,0
AGGAAATGGGCTCTGT,0
AGGAAATGTAACTACG,0
AGGAAATTCCAACACT,0
AGGAAATTTCATACAC,0
AGGAACAAATGTAAAG,0
AGGAACAAGAAGCAGC,0
AGGAACATCAATACTG,0
AGGAACCAAACACGTA,0
AGGAACCCTCTCACTT,0
AGGAACCTATCCTCTA,0
AGGAACGACAACACCG,0
AGGAACGGGATTTAAC,0
AGGAACGTCTTAAATC,0
AGGAACTGTTGATAAA,0
AGGAACTTTTAACGAC,0
AGGAAGAAACAGCGAT,0
AGGAAGACAATATATG,0
AGGAAGCATTCACCTT,0
AGGAAGCCGTACGCCT,0
AGGAAGGACTATTCAC,0
AGGAAGGGCAGTAGCA,0
AGGAAGTAAGACGAAC,0
AGGAAGTCCTATCACA,0
AGGAATAAGACCAACT,0
AGGAATACCATTAGCG,0
AGGAATACCGCACATA,0
AGGAATAGATAGATTC,0
AGGAATAGCAAACAGT,0
AGGAATATACCTAGTC,0
AGGAATCATACAAATA,0
AGGAATCCAAAATAAC,0
AGGAATCCGATGGATT,0
AGGAATCCGGTAGTAA,0
AGGAATGCAATGAAAT,0
AGGAATGCGAGTGAAC,0
AGGAATGCGTAAACGC,0
AGGAATGCTTGCCAAT,0
AGGAATGGAAATTATT,0
AGGAATGTTGTAGGTA,0
AGGAATTATGAGCCTA,0
AGGAATTATTCCGAAA,0
AGGAATTTAAGCTGTC,0
AGGACAAAACATAAGA,0
AGGACAAATTGAAACA,0
AGGACAACCAGCTTCG,0
AGGACAACGAAAATAA,0
AGGACAAGACATACAT,0
AGGACAAGATTTTAAA,0
AGGACAAGTCACCGTC,0
AGGACAATGGAGTTCT,0
AGGACAATTCATTGAT,0
AGGACACAAGCTGTAG,0
AGGACACTTATTAGAA,0
AGGACAGTTTAAACAG,0
AGGACATAGGACAATA,0
AGGACATATTAAAGAC,0
AGGACATCAGCTCCAG,0
AGGACCAAATACACGA,0
AGGACCAATAGAACAA,0
AGGACCACGTATTAGA,0
AGGACCAGAGATCCCC,0
AGGACCCAATGCACGA,0
AGGACCCCGTAAGTTA,0
AGGACCGAGAATCTCA,0
AGGACCGCGGCTTAAG,0
AGGACCTATGTCACTA,0
AGGACCTCCAACACAC,0
AGGACCTTAATTTCCC,0
AGGACCTTGTATTTGA,0
AGGACGAAATTACTCC,0
AGGACGAATTGACAAT,0
AGGACGACAACAAAAG,0
AGGACGCCTACTAGCT,0
AGGACGCGCCCACCCG,0
AGGACGGTATAAAATG,0
AGGACGTCTAAGAACG,0
AGGACGTGAACTACAT,0
AGGACGTGGACAGGGG,0
AGGACGTTCATCGGCT,0
AGGACTAAAACCATAA,0
AGGACTAAAATAGACG,0
AGGACTAAATTGATTC,0
AGGACTAATCATAGTT,0
AGGACTACATGCTAAT,0
AGGACTATCAAAGCGT,0
AGGACTCACCGCCTTA,0
AGGACTCTTGAAAAAG,0
AGGACTGAACCAACAT,0
AGGACTGCAAGCCTTT,0
AGGACTGCAATACATG,0
AGGACTGTTTCCAAGA,0
AGGAGAAAAAGAACAC,0
AGGAGAAAATCACTAG,0
AGGAGAAACTAACTAA,0
AGGAGAAAGCTCTTAG,0
AGGAGAACCCAATCGT,0
AGGAGAATAGATCTTA,0
AGGAGACATAGTACAA,0
AGGAGACATCCAAACA,0
AGGAGACTCGTAACTA,0
AGGAGAGCCGTATGCG,0
AGGAGATAAACTCCTA,0
AGGAGATCCTGGTAGA,0
AGGAGATGTTCTGTAA,0
AGGAGATTAAATGTTC,0
AGGAGATTTAGTAATG,0
AGGAGCAAAAACATAA,0
AGGAGCAAACAAAATT,0
AGGAGCACAAAAATAA,0
AGGAGCACATGTCCAA,0
AGGAGCAGCATCGTCT,0
AGGAGCAGGCGTAATA,0
AGGAGCATATTGCGAA,0
AGGAGCCAATTTACCA,0
AGGAGCCCTCTGTTGT,0
AGGAGCTCAACCCTCC,0
AGGAGGAAAATGGATA,0
AGGAGGCAGCCCAGTG,0
AGGAGGCCAGGTTAAC,0
AGGAGGGCAAAAGATA,0
AGGAGGTATCTGCGTT,0
AGGAGGTCGTCGACGT,0
AGGAGGTCTAAATGAA,0
AGGAGGTGATATCTAT,0
AGGAGTAATATTTTGA,0
AGGAGTACATAGTCCT,0
AGGAGTACGGAACCAA,0
AGGAGTACTTATAGGT,0
AGGAGTATGCCATAAG,0
AGGAGTCTGAAGTTGC,0
AGGAGTCTTCTTTGCG,0
AGGAGTTAAAATAGTA,0
AGGAGTTTGATATTAT,0
AGGATAAAACTAGGAA,0
AGGATAAAAGATCACC,0
AGGATAAAGTTCAATG,0
AGGATAACTCTCACAA,0
AGGATAATAATCTCAC,0
AGGATAATATAATTTA,0
AGGATAATTATTTAAG,0
AGGATAATTCCGAGTA,0
AGGATACAAAATTTAA,0
AGGATACACACAAATC,0
AGGATACAGATACTTT,0
AGGATACATGTACTTG,0
AGGATACCTAGGATTG,0
AGGATACTTTAAGGGA,0
AGGATAGGAGACACAA,0
AGGATATACTATACCT,0
AGGATATAGTAGATAA,0
AGGATATCAAAGACGG,0
AGGATATCAACCGTTG,0
AGGATATGCTATATTA,0
AGGATATGGAAGTCAT,0
AGGATCACCGAGAGAC,0
AGGATCACGTGTCTCT,0
AGGATCAGATTCAATA,0
AGGATCCAAAGGAAAC,0
AGGATCCACCCCCCAC,0
AGGATCCTTGAAGTTT,0
AGGATCGAAAAATTCA,0
AGGATCGACAACATAT,0
AGGATCGGGTAGAAAC,0
AGGATCTAAGCACGAT,0
AGGATCTTACGTTCAT,0
AGGATCTTTGAAATTT,0
AGGATGAATCAACGGA,0
AGGATGACGTCATAAA,0
AGGATGAGCAGTACAA,0
AGGATGATCCCAGATC,0
AGGATGATCTCGAAAC,0
AGGATGATGCGCCCTA,0
AGGATGCTCTTGCATT,0
AGGATGGACCTGCATC,0
AGGATGTACTAAGTAA,0
AGGATGTTAACGTGGG,0
AGGATTAAAATTATGA,0
AGGATTAACTATCGCC,0
AGGATTAAGAATTAAG,0
AGGATTAGGATAGATC,0
AGGATTCGCCCTGACC,0
AGGATTGAGCAGGATA,0
AGGATTTTTCTATTTT,0
AGGCAAAAAGCAAATT,0
AGGCAAAACCGAAATA,0
AGGCAAAAGACATAAG,0
AGGCAAAAGGAGAATA,0
AGGCAAAAGTCTCCGT,0
AGGCAAAATTTGAGAA,0
AGGCAAACCAAGCTGT,0
AGGCAAACTGCTAACA,0
AGGCAAATATAAATGA,0
AGGCAAATCGCGCTCG,0
AGGCAAATGATAGAAC,0
AGGCAACGCATTAAGT,0
AGGCAACGGATGTGCG,0
AGGCAAGCCATTTGCT,0
AGGCAAGCGCACCAAG,0
AGGCAATATAATTGGA,0
AGGCAATCAAAAACGA,0
AGGCAATCCGAACAAA,0
AGGCAATTAGGCCGAA,0
AGGCACAACAAAGGCC,0
AGGCACATGGCAGTAA,0
AGGCACATTTTGATCA,0
AGGCACCACACCCAGA,0
AGGCACGCGACAAGTA,0
AGGCACGGACGGAAAA,0
AGGCACGTAGCATACT,0
AGGCACGTGCTCAATC,0
AGGCACTGAGCCCATC,0
AGGCAGCCGATGCACA,0
AGGCAGCTCAGATGTC,0
AGGCAGGCACGTGATG,0
AGGCAGGCACTCTCAC,0
AGGCATAAAAATCGGT,0
AGGCATAAACGTCATT,0
AGGCATAAGTCAGAAC,0
AGGCATACTGCCCTAA,0
AGGCATAGAGCTTACT,0
AGGCATATACCATGTC,0
AGGCATATACTACTAT,0
AGGCATGAAGGTAAAA,0
AGGCATGTAAAAGTGC,0
AGGCATTACTCGAGCC,0
AGGCATTAGGACTATA,0
AGGCATTATGACGCCA,0
AGGCATTTTCATAGTT,0
AGGCCAAAACACGAAT,0
AGGCCAAACATACAAC,0
AGGCCAAAGCCAATTT,0
AGGCCAAATCAATCTG,0
AGGCCAATGATGCTAA,0
AGGCCACACGTTTACA,0
AGGCCATAAACATTAC,0
AGGCCATAAATTACGA,0
AGGCCATATTCAATCG,0
AGGCCATCTCAAATAA,0
AGGCCATGAACTGTTA,0
AGGCCATTTGCCTCCG,0
AGGCCCAGTACGGAAC,0
AGGCCCCCAATTTAGT,0
AGGCCCGATCCCGAGA,0
AGGCCCGCCCATTATT,0
AGGCCGAGACCCTGTG,0
AGGCCTAAGGGTTCGT,0
AGGCCTAGAACTGAAA,0
AGGCCTCAAAACCCCA,0
AGGCCTCGTGCTATCG,0
AGGCCTGACCCTATGA,0
AGGCCTTAGGGTAAAA,0
AGGCCTTCGGCAACAA,0
AGGCCTTGAAAAATAG,0
AGGCCTTTGTGTCCGG,0
AGGCGACAATAGGTGA,0
AGGCGACATGGCTTTT,0
AGGCGACGTCCACGTA,0
AGGCGACTAAAATAGC,0
AGGCGACTCTCTTGAA,0
AGGCGACTGCAGTTAA,0
AGGCGAGGATAACACA,0
AGGCGATCTTTGAAAC,0
AGGCGCCGAAGTGAGC,0
AGGCGCCTAGAAACGT,0
AGGCGCGAGAATACGG,0
AGGCGCTAGGCTCTTG,0
AGGCGGATTAATATGT,0
AGGCGGCAATCAGTGT,0
AGGCGGGGGAACAGAA,0
AGGCGGGGTAGTCCAT,0
AGGCGGTATAATATAG,0
AGGCGGTCGTTGGCAC,0
AGGCGGTGACTACCAG,0
AGGCGTAGCACACTGT,0
AGGCGTATCGTGCTTG,0
AGGCGTATTAATAATG,0
AGGCGTGAGCACAGCA,0
AGGCGTGCCTAATCAG,0
AGGCGTTTTTCGTCAC,0
AGGCTAAAGCGATCGT,0
AGGCTAACGAAGTTGC,0
AGGCTAACGTTTAAAA,0
AGGCTAACTTTTGCCA,0
AGGCTAAGTGCCTATA,0
AGGCTACCAACTCAGG,0
AGGCTACGTAGCATTT,0
AGGCTACTAGTGAACG,0
AGGCTACTATGAACAT,0
AGGCTACTTAATGCGC,0
AGGCTACTTTATATTT,0
AGGCTCATATCAAAAA,0
AGGCTCATATTTGACC,0
AGGCTCCGAAAACAAC,0
AGGCTCCGGACCCCTC,0
AGGCTCGGTTATGATA,0
AGGCTGAGCCAATAGA,0
AGGCTGCTGTCTACCA,0
AGGCTGGCGATAACCT,0
AGGCTGGGCAGTGATT,0
AGGCTGTGACACTTGG,0
AGGCTTAACAGAAGCA,0
AGGCTTATCGACCTCA,0
AGGCTTGCGGAATCCG,0
AGGCTTGTAACACAAA,0
AGGCTTTACTCCGTTG,0
AGGCTTTCGACCTGGA,0
AGGGAACTATCGCTGT,0
AGGGAATGCAAGCAGG,0
AGGGAATTGTTGACCT,0
AGGGACAAATATATCA,0
AGGGACACCTTAGGTG,0
AGGGACCCCAGATCAT,0
AGGGACCGGCTAACCA,0
AGGGACCGGGTATATA,0
AGGGACCTCTTCGGAG,0
AGGGACTAATTATCTA,0
AGGGACTATAGGCTAG,0
AGGGACTCGCCTCATA,0
AGGGACTGTCTACGGC,0
AGGGAGAAATGAAACT,0
AGGGAGCAAAGATTTC,0
AGGGAGCAATGTTTAT,0
AGGGAGCGGCCCCAGT,0
AGGGAGGTAACCGAAA,0
AGGGATAAGAAGCTAC,0
AGGGATAATAGCATCT,0
AGGGATACAGCTCCCC,0
AGGGATACCAGATGGA,0
AGGGATATAGCATAAA,0
AGGGATATAGTTAATC,0
AGGGATCAGAGAAAGA,0
AGGGATCGATCTTGTC,0
AGGGATGGCAGATTGA,0
AGGGATGTAAACGTAG,0
AGGGATTAGCCAAACC,0
AGGGATTATGAGTCTA,0
AGGGATTCAAGAATAG,0
AGGGATTTACCCTATA,0
AGGGATTTTAACGGCC,0
AGGGCAAGATCATTAA,0
AGGGCACCGTATTCGC,0
AGGGCACCTCAAAAAA,0
AGGGCAGAGACACATC,0
AGGGCATATACCCCGA,0
AGGGCCAAGCCGTCCT,0
AGGGCCCACGTAAGCA,0
AGGGCCCATTAAGAAA,0
AGGGCCCGAGAACCGA,0
AGGGCCGGATAGGTAA,0
AGGGCCTCCGTCGTCC,0
AGGGCGAAAATCTTGT,0
AGGGCGCAAATTTAAG,0
AGGGCGGTTGACATTA,0
AGGGCTACTAACTATG,0
AGGGCTATAACTTCAG,0
AGGGCTTATGCGAGAA,0
AGGGCTTCAATATCTT,0
AGGGCTTGGGATATAA,0
AGGGCTTTACGCAATC,0
AGGGGAAATGTAGCTT,0
AGGGGATTTACATGAC,0
AGGGGCAATTACCAAT,0
AGGGGCACACAGTGGA,0
AGGGGCACGAAAGCGC,0
AGGGGCCATATTTTCA,0
AGGGGCGTAGATACAG,0
AGGGGCGTGGCGATAC,0
AGGGGCTAGCTACTTC,0
AGGGGCTTTGTAGAAA,0
AGGGGGCAAAGTGGAA,0
AGGGGGCCCTAAAATG,0
AGGGGGTAAGGTCGAG,0
AGGGGGTGTCAGTAAA,0
AGGGGTGAGACTGGTA,0
AGGGGTGTCTCCTTTG,0
AGGGGTTATTATTACT,0
AGGGTAAAAAACTAAC,0
AGGGTAACAAATTATA,0
AGGGTACACTAACATA,0
AGGGTACAGACGCAAA,0
AGGGTACTAGCAGCTG,0
AGGGTACTCTGAACGT,0
AGGGTACTTCTTTAAA,0
AGGGTAGCCCGAATAT,0
AGGGTAGTCATAAATA,0
AGGGTAGTCGGACGGA,0
AGGGTATGTGCTACCA,0
AGGGTCACACCTTGCG,0
AGGGTCCTATGAAGAC,0
AGGGTCGCTACCAAAA,0
AGGGTCGTAGGATTAA,0
AGGGTCTGAAATGATA,0
AGGGTGAACAGAATAA,0
AGGGTGAATACCCTGC,0
AGGGTGAGACTGAATG,0
AGGGTGAGCCTTCCGT,0
AGGGTGATCCAATGTT,0
AGGGTGCCACTATAGA,0
AGGGTGTGGTGAGCAA,0
AGGGTGTTAGTAAAAT,0
AGGGTTCAGCTGCTTC,0
AGGGTTGAGACCAAAT,0
AGGTAAAAACAATCGC,0
AGGTAAAACGAAACCT,0
AGGTAAACCAGTATCA,0
AGGTAAATATCAAAGA,0
AGGTAAATCCCCCTTA,0
AGGTAAATCTAGATGT,0
AGGTAAATCTCTCTAC,0
AGGTAAATTTCAAACC,0
AGGTAACCACCGACAA,0
AGGTAACCTAATTCTT,0
AGGTAACGCAGGGGTT,0
AGGTAACTCAAATTCC,0
AGGTAACTGAGAGCAT,0
AGGTAACTGCGATTAA,0
AGGTAAGACTATCCCA,0
AGGTAATACCCCAGCA,0
AGGTAATCCCTTAGTC,0
AGGTACATATTAAAAT,0
AGGTACCACATATAGC,0
AGGTACCAGCAAGATA,0
AGGTACCATTAACGAC,0
AGGTAGAGATGCAAAG,0
AGGTAGCCAAGATTTA,0
AGGTAGGTTCCCTCAA,0
AGGTAGTGGAAGTACC,0
AGGTATAGAATTAAAG,0
AGGTATAGTTTGTGAA,0
AGGTATCAACTAAATA,0
AGGTATCAATATGTAT,0
AGGTATCACGAAGTCC,0
AGGTATCCATCAGCAG,0
AGGTATCCGACGATTC,0
AGGTATGGGTACTTGA,0
AGGTATTAACACAAAA,0
AGGTATTAACGGAAAA,0
AGGTATTCCTTAGAAG,0
AGGTATTGGAAAAGGC,0
AGGTATTTAATATTAT,0
AGGTATTTTACACTAC,0
AGGTCAAGATTAAATT,0
AGGTCAGCCAAACTGC,0
AGGTCAGCCCGATCCA,0
AGGTCAGTGAAGAATG,0
AGGTCAGTGTCGGCTC,0
AGGTCATACAAGCAAA,0
AGGTCATGCCGTTTAG,0
AGGTCCAAGAAAAACG,0
AGGTCCATTGAAGACA,0
AGGTCCCGGCGCTATT,0
AGGTCCGATAGGAAAT,0
AGGTCCGGTCCAGATA,0
AGGTCCTAAACAACTT,0
AGGTCCTAACCACCTT,0
AGGTCGATGACTGGAT,0
AGGTCGGAGTCAGTTA,0
AGGTCGTCCCATGCAG,0
AGGTCGTCTCAAGAGG,0
AGGTCTAGAGGCATAC,0
AGGTCTATTCTCGAGA,0
AGGTCTCTGAAATTAT,0
AGGTCTGATCGTTTAA,0
AGGTCTTATTTGTGTC,0
AGGTGAAAATTAGTTT,0
AGGTGAAAGAACGAGT,0
AGGTGAACTCAGAACA,0
AGGTGAGAAATACCAA,0
AGGTGAGATGCACAAA,0
AGGTGAGCTGCAGAAA,0
AGGTGAGTTGCTCAAT,0
AGGTGATAAATGAATA,0
AGGTGATAAGCGTAAA,0
AGGTGATATACTGGAA,0
AGGTGATTAGAATTAT,0
AGGTGCACAAACCATA,0
AGGTGCTCGAGTATTA,0
AGGTGGACAAGTAAAA,0
AGGTGGCACGAACCCA,0
AGGTGGGATGGAGATC,0
AGGTGGTATCTACCCT,0
AGGTGTATAGTTGCCT,0
AGGTGTTATCTAAAGA,0
AGGTGTTGAGGCTAAA,0
AGGTGTTGCTTTCATG,0
AGGTGTTTTATAGTAG,0
AGGTTAAATAACATTA,0
AGGTTAATAACCACAA,0
AGGTTACAGACAGTTT,0
AGGTTACCAGAATCTA,0
AGGTTACCGAGGATAC,0
AGGTTACTACTTTGAA,0
AGGTTACTTATCACAT,0
AGGTTACTTTTTAAAG,0
AGGTTAGAAAATTGAA,0
AGGTTAGGTAACAATT,0
AGGTTAGGTCTTATCG,0
AGGTTATAAGACCCAA,0
AGGTTATTAAGCAAAT,0
AGGTTATTTGGGCTAT,0
AGGTTCACCACATAAA,0
AGGTTCATTATAGCAT,0
AGGTTCCAGGCCACTA,0
AGGTTCGCAAGGCATC,0
AGGTTCTAATCTGCTT,0
AGGTTGATCCTCGTAG,0
AGGTTGATTAACCATC,0
AGGTTGGAATACAAGC,0
AGGTTGGAATTAAAGG,0
AGGTTTAAATTGGTTC,0
AGGTTTAGAAGGACTA,0
AGGTTTCAATAAAAAA,0
AGGTTTCTATTAAAGG,0
AGGTTTGAATAAGGGG,0
AGGTTTGTACCCTGTG,0
AGGTTTTAACTACTAA,0
AGGTTTTTTAACCAAT,0
AGTAAAAAAAAATTGA,0
AGTAAAAAAATCGTTT,0
AGTAAAAAATAAGCCA,0
AGTAAAAAATCTACAT,0
AGTAAAAACCGACAAT,0
AGTAAAAATAACCAAA,0
AGTAAAAATGGAATGC,0
AGTAAAACCAAGTAAA,0
AGTAAAACTAAGGAAA,0
AGTAAAACTTATCTGA,0
AGTAAAAGAATCTATT,0
AGTAAAATGAAACTGA,0
AGTAAAATTAATCTGC,0
AGTAAACAGACCTGAT,0
AGTAAACAGACTCTCA,0
AGTAAACATCAAGTGA,0
AGTAAACCAATGGCCC,0
AGTAAACCGACACGCC,0
AGTAAACCGACATCAA,0
AGTAAACCTGTGTCTC,0
AGTAAACTCACATGAT,0
AGTAAAGACCCCAAGT,0
AGTAAAGATCCCTCAA,0
AGTAAAGCCCACTACA,0
AGTAAAGTAATTAATA,0
AGTAAAGTTATAAATG,0
AGTAAATAATGCACAT,0
AGTAAATAATGCATTA,0
AGTAAATACCCTCACT,0
AGTAAATAGGACAATC,0
AGTAAATAGTCAGCTT,0
AGTAAATATAAATATC,0
AGTAAATCCTATTACC,0
AGTAAATCTACATACC,0
AGTAAATTAGGTCCAA,0
AGTAACAAGAACATAT,0
AGTAACAAGAACCCCA,0
AGTAACACACAAAATT,0
AGTAACACTGTTACCC,0
AGTAACAGAAGAATCG,0
AGTAACAGATAAAGAA,0
AGTAACAGCCCCACGA,0
AGTAACAGCCTTTGTC,0
AGTAACATATATTACG,0
AGTAACATCCCATATA,0
AGTAACATGAACAAAC,0
AGTAACATGCCAAGCT,0
AGTAACCACAGACAAG,0
AGTAACCAGATTAAGT,0
AGTAACCCATCGTTGA,0
AGTAACCCCCAGCTCT,0
AGTAACCCCCCTCTCT,0
AGTAACCGAAAAAAAT,0
AGTAACCGACTACAAA,0
AGTAACCTCAAATCTA,0
AGTAACCTTATCCCCG,0
AGTAACCTTCCCCTAC,0
AGTAACGATAGATTAG,0
AGTAACGCCGTACATG,0
AGTAACTAAGGAAATA,0
AGTAACTAGAACGAAA,0
AGTAACTCGAGGCCTT,0
AGTAACTGCTACACCC,0
AGTAACTGTGACCTGG,0
AGTAACTGTTGGTAAA,0
AGTAACTTACCAGGAA,0
AGTAACTTAGAGTTTA,0
AGTAAGAAAAACAGTA,0
AGTAAGAAACATACGA,0
AGTAAGAAAGTCGCCT,0
AGTAAGAGCCATATCA,0
AGTAAGAGGATAGTAG,0
AGTAAGCAACTTGTTA,0
AGTAAGCAATCAACAA,0
AGTAAGCGCCCAGCGC,0
AGTAAGCTCGATTGAG,0
AGTAAGCTTAGATGGA,0
AGTAAGGCAGTCCCGC,0
AGTAAGTATATACCAG,0
AGTAAGTCAAGTGTCA,0
AGTAAGTCGGGAGCTG,0
AGTAATAATAAACTAT,0
AGTAATAATTTCTGGG,0
AGTAATACATGCCCAA,0
AGTAATACGACCAAAC,0
AGTAATACTGGTATTC,0
AGTAATAGAATAATCT,0
AGTAATATCGGTTGAT,0
AGTAATATTAATCGAA,0
AGTAATATTGTAAGAT,0
AGTAATCAAGAAAAGT,0
AGTAATCAGCTGCTAC,0
AGTAATCATCATACTA,0
AGTAATCATTAGACTA,0
AGTAATCATTGCCCGG,0
AGTAATCATTTCAGGT,0
AGTAATCCGCATCAAG,0
AGTAATGCTACCGGGA,0
AGTAATGGGTAGGGAT,0
AGTAATGTAACCCACC,0
AGTAATGTGCACCAGG,0
AGTAATTACAGAAAAA,0
AGTAATTACCAACGCC,0
AGTAATTATGCCGACG,0
AGTAATTTGGAATAAG,0
AGTACAAAAGAATGAC,0
AGTACAAACTAAAGAA,0
AGTACAAATGCATTCT,0
AGTACAACGGTCAGAA,0
AGTACAAGTCCACTTG,0
AGTACAATAGTTACGG,0
AGTACAATCCCTTTTG,0
AGTACAATGAACATTG,0
AGTACACAATGATTCA,0
AGTACACACATTCGTG,0
AGTACACAGGTCAATT,0
AGTACACATTTAACAA,0
AGTACACCAATATATC,0
AGTACACCTTAGCAGA,0
AGTACACGAAGGACGG,0
AGTACACGGCTTTAGC,0
AGTACACTAACCAAAG,0
AGTACACTTATGGACA,0
AGTACAGATACAAACA,0
AGTACAGATACAGAAA,0
AGTACAGGAATGGAAC,0
AGTACAGGCTTTATGA,0
AGTACAGGTGAGTCAT,0
AGTACATAACGAACTT,0
AGTACATCCAGAGTAA,0
AGTACATTAAACATGA,0
AGTACATTATGTACTC,0
AGTACATTTATAGGCT,0
AGTACATTTTGTATGA,0
AGTACCAAGAAATCAC,0
AGTACCAATCAACGGT,0
AGTACCAGAAACCCTA,0
AGTACCAGCTATTATG,0
AGTACCATAACAGAAA,0
AGTACCATATCCGGAA,0
AGTACCATCCATAATT,0
AGTACCCAGATTCTTC,0
AGTACCCCTAATTCCA,0
AGTACCCTCCAGAACG,0
AGTACCCTTGACAAAA,0
AGTACCGGACATATCA,0
AGTACCGTCGCCTAAT,0
AGTACCGTTAATCACC,0
AGTACCTAGACTAGCA,0
AGTACCTCCTATCGAA,0
AGTACCTGAATGCCCT,0
AGTACCTGCTAGTATA,0
AGTACCTGTCTGGGAG,0
AGTACGAAATAGTACC,0
AGTACGAATACACCGT,0
AGTACGAATCCTACAT,0
AGTACGACGACAATCT,0
AGTACGATACGAAATG,0
AGTACGATCATTCCTG,0
AGTACGATGAGAAGAC,0
AGTACGCAATGTCATC,0
AGTACGCGATAATTCA,0
AGTACGCTTGATGTGC,0
AGTACGTAGGAAGCTA,0
AGTACGTCCAGTTTCG,0
AGTACGTCCCTTGAAC,0
AGTACGTGCTCAAATT,0
AGTACTACATATCAAT,0
AGTACTACGATTACTT,0
AGTACTAGTGACATTA,0
AGTACTATGCAGAGTA,0
AGTACTCATCTATAAT,0
AGTACTCCAATAGAAA,0
AGTACTCCTCCTTGTA,0
AGTACTCTTATACTAG,0
AGTACTTCAAGTAACT,0
AGTACTTCCCACAATA,0
AGTAGAAATCAACAGA,0
AGTAGAAATCGATAAC,0
AGTAGAAGCAGCACAA,0
AGTAGACCACAAGCAA,0
AGTAGACCATAGCCCT,0
AGTAGACCGTTTCTAA,0
AGTAGACTGTATGAAC,0
AGTAGAGAACTCAACG,0
AGTAGAGGGAGTGTTC,0
AGTAGAGTTGAATTTG,0
AGTAGATACCCGCCCC,0
AGTAGATAGTAAGCGT,0
AGTAGATCACATTAAA,0
AGTAGCAGATTATATA,0
AGTAGCATCCATCTAG,0
AGTAGCATGAAGTTAT,0
AGTAGCATTACATGGT,0
AGTAGCCAGAGCAACA,0
AGTAGCCGACCAACAC,0
AGTAGCCGCCCTGACG,0
AGTAGCGGAGAGCAAA,0
AGTAGCGTGGAGAACA,0
AGTAGCTAGTATATCG,0
AGTAGCTTATTACGTT,0
AGTAGGAGTATTAGTA,0
AGTAGGTAATCCGCAA,0
AGTAGGTCCAGCTGAT,0
AGTAGGTTCCCATCTA,0
AGTAGTAAACTGATTA,0
AGTAGTAAATACAAAT,0
AGTAGTAATAGAATAT,0
AGTAGTAATCAATCTT,0
AGTAGTATCATCTCGG,0
AGTAGTCAGGATTGCT,0
AGTAGTGATAGATACG,0
AGTAGTTAAATTAAGA,0
AGTAGTTAGTTGCGGC,0
AGTAGTTTCCGGATAA,0
AGTATAAAGGACAATA,0
AGTATAAATATGAACT,0
AGTATAACAAACACAT,0
AGTATAACAAGATCTA,0
AGTATAACTGTATCTG,0
AGTATAATCCATGCAC,0
AGTATAATCTGACATA,0
AGTATACACGAACCAA,0
AGTATACAGCTACGTA,0
AGTATACAGTAGACAT,0
AGTATACGGCTCTCTA,0
AGTATACGTTAAGCGT,0
AGTATACTACATCAAA,0
AGTATACTTGCCCCAT,0
AGTATAGAAGATACAG,0
AGTATAGAAGGACTGA,0
AGTATAGAGGATTATC,0
AGTATAGAGTGCCTAG,0
AGTATAGATAAAAAAT,0
AGTATAGTATCGAGTT,0
AGTATAGTGTGTTAGA,0
AGTATATAATCAAAAG,0
AGTATATAGACCGGGA,0
AGTATATCAACCATTG,0
AGTATATCAGCTGCAG,0
AGTATATCTCCAAAAT,0
AGTATATGACAGAGTT,0
AGTATATTACAGGAAA,0
AGTATATTAGCTAAGC,0
AGTATATTCGTGGATC,0
AGTATCAAAAAAAGCC,0
AGTATCAATACGAAAA,0
AGTATCACGTATGTAG,0
AGTATCAGAGCGATTT,0
AGTATCCCAGACCTGT,0
AGTATCCCAGTCTACC,0
AGTATCCGTTAAAAGA,0
AGTATCCTCGCGAATG,0
AGTATCCTTCTCACTG,0
AGTATCGCCATAATTG,0
AGTATCGCTTTCACAT,0
AGTATCTGCTCTTCGA,0
AGTATCTGCTGTCGAT,0
AGTATCTTCCTTCTAT,0
AGTATCTTCGAGATGA,0
AGTATGAACACGATTG,0
AGTATGAACGTGTGCG,0
AGTATGAATAGAATAA,0
AGTATGCATTTCAGGC,0
AGTATGCTAGGGGGAA,0
AGTATGGAAATGAGAC,0
AGTATGGTCAAAGCTA,0
AGTATGTTGCCCTCAA,0
AGTATTACAGAATATT,0
AGTATTACATACGACA,0
AGTATTAGGCAGTTTC,0
AGTATTAGTCTTGGAG,0
AGTATTATATTACCGT,0
AGTATTATCGATTAAA,0
AGTATTCCAGTCTGCA,0
AGTATTCTGCAAACTA,0
AGTATTGCTAAGTAAA,0
AGTATTGGAAAAGACT,0
AGTATTGGAAAATAAT,0
AGTATTGGCATCGAGC,0
AGTATTGTATACGCAA,0
AGTATTGTTACTTTAT,0
AGTATTTAAGTAGGAA,0
AGTATTTGAAAGGTAG,0
AGTATTTGCCAACTAA,0
AGTATTTTTAAGGGCA,0
AGTCAAAAAGAACTCA,0
AGTCAAAATACTCCGA,0
AGTCAAAATTATCCAA,0
AGTCAAACAACCATAA,0
AGTCAAAGAAAGACAG,0
AGTCAAATTAAAAACC,0
AGTCAAATTATAAGAG,0
AGTCAAATTCAACAAA,0
AGTCAACAACACTTCA,0
AGTCAACCCAGGAGAT,0
AGTCAACCTTTTCCGC,0
AGTCAAGAAGCAAAGA,0
AGTCAAGAGAATTTGA,0
AGTCAATAAGAGGTGT,0
AGTCAATAAGTTAACA,0
AGTCAATCCATGACGT,0
AGTCAATGAGCGGGTC,0
AGTCAATGTCTATCCA,0
AGTCAATTAACGACCA,0
AGTCAATTGGAACGGT,0
AGTCAATTTTAGTGAA,0
AGTCACAAAAAGAACT,0
AGTCACAGAGCTATAC,0
AGTCACAGATAGAGCC,0
AGTCACAGTTAATAAG,0
AGTCACCAAACAGTAG,0
AGTCACCACGTACTGA,0
AGTCACCGACAATCAC,0
AGTCACCGACCTACAT,0
AGTCACCTGAGGGTTT,0
AGTCACCTTGATACAC,0
AGTCACGAAGATAAAA,0
AGTCACGCCAGTGGTG,0
AGTCACTAATTTTCGA,0
AGTCACTCCCGAAAAG,0
AGTCACTCGCCAAACG,0
AGTCACTGCTCCTCCA,0
AGTCACTTCACAACAA,0
AGTCACTTGCAAGTTA,0
AGTCACTTTAACATAA,0
AGTCAGAGGTTTTGAA,0
AGTCAGCAGTTACAAG,0
AGTCAGCTCCACACTC,0
AGTCAGGACGAAGGTC,0
AGTCAGGAGAACACCA,0
AGTCAGTATAAGTTAC,0
AGTCAGTTACAACGAG,0
AGTCAGTTGCCCACTA,0
AGTCATAACAAAAATA,0
AGTCATAACTAACAAA,0
AGTCATACACTATGTC,0
AGTCATATAAACCGCT,0
AGTCATATAAGCCAAT,0
AGTCATATAATTAAAC,0
AGTCATCAAGTAACCT,0
AGTCATGGAGAACATA,0
AGTCATTAAGACTATT,0
AGTCATTATACTAATT,0
AGTCATTGTAGACAGC,0
AGTCATTTAAGAGAGC,0
AGTCCAAATTCAAAAA,0
AGTCCAACAGCCGTTA,0
AGTCCACAAATGCAAT,0
AGTCCACATCGTTTTA,0
AGTCCACCGTAGCCAG,0
AGTCCACGAAACGGGC,0
AGTCCACTAAAGACAA,0
AGTCCACTGTTCGTGA,0
AGTCCACTGTTGCCCA,0
AGTCCACTTTTATTTA,0
AGTCCAGAAGTCAGTA,0
AGTCCAGACCACAACA,0
AGTCCAGCACCGATTG,0
AGTCCAGCCATGAGCA,0
AGTCCAGCCTGTGTAG,0
AGTCCATAGTGATATC,0
AGTCCATCAACAGCGT,0
AGTCCATCAACTAAAA,0
AGTCCCATCTAAGAAG,0
AGTCCCATTTATCCCC,0
AGTCCCCAAATAATAG,0
AGTCCCCACGAAAGCC,0
AGTCCCGCACCGATGG,0
AGTCCCGCCTTTATGA,0
AGTCCCTAAGAAACAT,0
AGTCCCTAATGCCACT,0
AGTCCCTGAAATTCGT,0
AGTCCGAATATTAAGG,0
AGTCCGAGTGATCCAA,0
AGTCCGCACGCGGCTA,0
AGTCCGCATGCTCTAC,0
AGTCCGCCGAGGATCG,0
AGTCCGCGAACGCGGT,0
AGTCCGCTCAAGAATC,0
AGTCCGCTTAGGGTCA,0
AGTCCGTACACACCTT,0
AGTCCGTTTTAACGAA,0
AGTCCTAAATAAAGGA,0
AGTCCTAACCAAAAAT,0
AGTCCTACTCAATAGT,0
AGTCCTGTACCCGAGG,0
AGTCCTTATGCATAAT,0
AGTCCTTCAAGGTCTA,0
AGTCGAAAACATGATA,0
AGTCGAAAATTCGAAG,0
AGTCGAAAGACACCAC,0
AGTCGAAATTTCTCCA,0
AGTCGAAGGTGAAACA,0
AGTCGAATCAATCCTA,0
AGTCGAATGTGTAGGC,0
AGTCGACGAACAAATT,0
AGTCGATATGTCCCCA,0
AGTCGATCAATGTCTT,0
AGTCGATTAGAAGGGA,0
AGTCGCAAATATAGAT,0
AGTCGCAACTAACCAC,0
AGTCGCATCTCTGCAA,0
AGTCGCCATTAGAAAA,0
AGTCGGAAAAGCAATA,0
AGTCGGAACAAAAAGA,0
AGTCGGAACCGCACAT,0
AGTCGGGACAAGCCTG,0
AGTCGGTAACAGATCG,0
AGTCGTATGAGGAAGA,0
AGTCGTCAAAACTTTC,0
AGTCGTCATTGCCACA,0
AGTCGTTAAAGGTCGT,0
AGTCGTTGTGAAACGA,0
AGTCTAAACAGTAATC,0
AGTCTAAGATAGCCAA,0
AGTCTAAGGGATACCT,0
AGTCTAATATGTAACA,0
AGTCTACACACAGACT,0
AGTCTACTGAACCCAA,0
AGTCTACTTAGGACCC,0
AGTCTAGTTCACCCAT,0
AGTCTATAAACATCCA,0
AGTCTATAACTTACTA,0
AGTCTATAGCTCTGCA,0
AGTCTATCAACACCCT,0
AGTCTCAACATCTAAT,0
AGTCTCAGCGGACGAA,0
AGTCTCCTGTTTCATC,0
AGTCTCGCCTCCCCAC,0
AGTCTGATAATGCGTA,0
AGTCTGCATACTTCCT,0
AGTCTGTAGCATAATC,0
AGTCTGTATCCCTAGG,0
AGTCTTAAAACAAATT,0
AGTCTTAATGAATGCC,0
AGTCTTATTTCAAGCC,0
AGTCTTCATAAAACTG,0
AGTCTTCCTTCGGTAT,0
AGTCTTGCTAATGATT,0
AGTCTTTCGCTAATCA,0
AGTCTTTGATAATTAA,0
AGTCTTTGTACGAGGC,0
AGTGAAAAATTCCACT,0
AGTGAAAAGGTAACAC,0
AGTGAAAAGTACCCTT,0
AGTGAAAATATGCATG,0
AGTGAAATAATAAGCG,0
AGTGAAATGTGGTAAT,0
AGTGAAATTGACCGTA,0
AGTGAACAGGGTTTGT,0
AGTGAACATCTGAGAC,0
AGTGAACCGCACCAAA,0
AGTGAACCTAGGCCCC,0
AGTGAACTAGATACGG,0
AGTGAACTGCGAACTA,0
AGTGAAGAACATACCC,0
AGTGAAGATAACGGCT,0
AGTGAAGCCGAAGCCG,0
AGTGAAGTGGAACTAT,0
AGTGAATCAATTATAA,0
AGTGAATCTTAGACCG,0
AGTGAATGAGCAGCGT,0
AGTGAATGCGTCGCAG,0
AGTGAATGTGCCATTT,0
AGTGAATTAGACACCT,0
AGTGAATTCGTTCTTC,0
AGTGACAAAACCAGTG,0
AGTGACAAAGGATAAG,0
AGTGACAACACGGCGA,0
AGTGACATCAGCACAA,0
AGTGACCAAACATGCT,0
AGTGACCACTAAACAA,0
AGTGACCGATTTAAAG,0
AGTGACCTGCTAGAAA,0
AGTGACGTATCGAACC,0
AGTGAGAAGATACAAT,0
AGTGAGACTAATTTCG,0
AGTGAGAGAGACACAT,0
AGTGAGATAAAAGTAT,0
AGTGAGATTCTCAGAG,0
AGTGAGCACCACTGTG,0
AGTGAGCGACATACAT,0
AGTGAGGGTCCCGATA,0
AGTGAGTGATCTATTC,0
AGTGATAAAGTCCATC,0
AGTGATAAATCCCACG,0
AGTGATAAGGTCAATG,0
AGTGATAATCATACAT,0
AGTGATAGGTCCTGTT,0
AGTGATTAACGGGTAA,0
AGTGATTAATGGCCCA,0
AGTGATTAGAATCATA,0
AGTGATTGACGCCTTT,0
AGTGATTTCTCGGATC,0
AGTGCAAAGAAACGAG,0
AGTGCAACATATGACC,0
AGTGCAATCAGAACAT,0
AGTGCAATGAGGGCAG,0
AGTGCACGAGTCATTA,0
AGTGCACGTACACTAG,0
AGTGCATAAAGAAAAC,0
AGTGCATAAAGAAGAC,0
AGTGCCACATATACTA,0
AGTGCCAGAGAGCACA,0
AGTGCCAGTTGCATAG,0
AGTGCCCTGGTTAGAA,0
AGTGCCGAAGAATGAG,0
AGTGCCTAGTATAGGC,0
AGTGCGACAACCCTGC,0
AGTGCGCATTGCGGTT,0
AGTGCGCGGCCGCTTT,0
AGTGCGTATAAAAAAA,0
AGTGCGTCCAGGGCAC,0
AGTGCTACTCGCCATA,0
AGTGCTAGAGCAACAT,0
AGTGCTAGTGAAGCAT,0
AGTGCTATTCGCATGT,0
AGTGCTCAATACCTTA,0
AGTGCTCGATAAGACC,0
AGTGCTGAACAGTCTC,0
AGTGCTGACACATTCT,0
AGTGCTGAGGAAAACT,0
AGTGCTGTATTCAGTC,0
AGTGCTTAAATTAACC,0
AGTGCTTACGCTCGCA,0
AGTGCTTTTACAAAAT,0
AGTGGAAAATTGATCT,0
AGTGGAAATCCATTAT,0
AGTGGAACCACGATTC,0
AGTGGACGAAAAAAGC,0
AGTGGACTACAACGTA,0
AGTGGATAAATGAGAT,0
AGTGGATCGCAAGCAA,0
AGTGGATTATATCTTT,0
AGTGGATTATTCCATG,0
AGTGGCAATGTTCGAT,0
AGTGGCAGTAGCCAAA,0
AGTGGCCCTAACGGTA,0
AGTGGCCTCACTAAGA,0
AGTGGCGAGGTATTTG,0
AGTGGCTAACAACCAC,0
AGTGGCTTCACATAAC,0
AGTGGGGATGAAATGA,0
AGTGGGTAAAACACAG,0
AGTGGTAAAGTTCAAA,0
AGTGGTCTCATAAAAA,0
AGTGTAAAATTTTTAG,0
AGTGTAAACGTGGTAC,0
AGTGTAAAGATGCGGA,0
AGTGTAACCGTCATCC,0
AGTGTAACTTCATGGT,0
AGTGTAAGATTAGATC,0
AGTGTAATAAATAGGA,0
AGTGTAATGTAAGCCA,0
AGTGTAATTTGAAGCG,0
AGTGTACATTTACTCC,0
AGTGTATACAAGTCAC,0
AGTGTATATAGTATGT,0
AGTGTATTAAAACCAG,0
AGTGTCACCGTAAAAT,0
AGTGTCATAAAGGTAA,0
AGTGTCCTGGAAGCAA,0
AGTGTCGAAACTAAGA,0
AGTGTCGCTTCAATCG,0
AGTGTCGTAATGCAGA,0
AGTGTCGTCTTGAGTT,0
AGTGTCTAAGATAATT,0
AGTGTCTACCTTGTAA,0
AGTGTCTAGTAATAAA,0
AGTGTCTCGCTAGCGG,0
AGTGTGAATAGTTAAT,0
AGTGTGATGCAATAGT,0
AGTGTGCCCGGTAAGT,0
AGTGTGGAAAATGTAA,0
AGTGTGGAATTCTTTC,0
AGTGTGGACGGCGCGA,0
AGTGTGGGCTATAAGA,0
AGTGTGGTTATCAATG,0
AGTGTGTAAAATAATG,0
AGTGTGTAAGATCACA,0
AGTGTTACATTGAACA,0
AGTGTTCAGAAATCTT,0
AGTGTTCAGACACGAC,0
AGTGTTCATAGAGATC,0
AGTGTTCCTGCTAAGA,0
AGTGTTGTAAAAGTTA,0
AGTGTTGTTCTCGAAT,0
AGTTAAAAAATACGTA,0
AGTTAAAACATCACGA,0
AGTTAAAACGTTACTA,0
AGTTAAAATAACCACT,0
AGTTAAACATAAGCCT,0
AGTTAAACATCAAGGC,0
AGTTAAACCAAAATTT,0
AGTTAAACCAACCAAT,0
AGTTAAACTAACAAAT,0
AGTTAAACTACATATC,0
AGTTAAACTGATAATA,0
AGTTAAAGAACCACGA,0
AGTTAAATAATAGTAA,0
AGTTAAATAGCTTATG,0
AGTTAAATCTACTAAT,0
AGTTAACAAAAAAATA,0
AGTTAACCAACCATTC,0
AGTTAACCCACAGTCT,0
AGTTAAGTCCATATTA,0
AGTTAATAAAAATTTT,0
AGTTAATACAGAACCC,0
AGTTAATAGAGTATTG,0
AGTTAATCGTTTTAGA,0
AGTTAATGATGACTAA,0
AGTTAATTCACAGGGA,0
AGTTAATTCTGCAAGC,0
AGTTACATACTGGGAC,0
AGTTACATTAAAGTTT,0
AGTTACCAACTTTAAC,0
AGTTACCACTAAGTCA,0
AGTTACCTTTCTTAAC,0
AGTTACGAACGTGGTA,0
AGTTACGCAGAATGTT,0
AGTTACTAAATATTTC,0
AGTTACTACGTATACT,0
AGTTACTATCGAAACT,0
AGTTACTTAGACCGCA,0
AGTTACTTTTCTCGAG,0
AGTTAGAAGGCAGTCA,0
AGTTAGACAAGGCGTG,0
AGTTAGACGGATCTCA,0
AGTTAGACTATGCTAA,0
AGTTAGAGTCGACATA,0
AGTTAGATAATCGGAG,0
AGTTAGCACGTAAGGG,0
AGTTAGCATTCTAAAG,0
AGTTAGCGTGCTATCA,0
AGTTAGCGTTCCGCCA,0
AGTTAGCTAAGTGAGA,0
AGTTAGCTGAATGTAC,0
AGTTAGCTTAAAAAAA,0
AGTTAGCTTACATACC,0
AGTTAGGCCTTGACAC,0
AGTTAGGGGATCACGG,0
AGTTAGTACTCCTTTC,0
AGTTAGTAGATGCTTT,0
AGTTAGTCCGTAGACG,0
AGTTAGTTTTAGTCTT,0
AGTTATAACAATAGGA,0
AGTTATAAGAAAATGA,0
AGTTATAATCCCAACC,0
AGTTATACAAATTAAC,0
AGTTATACACGCCGAT,0
AGTTATAGATCGCCGA,0
AGTTATATAAGCAAAT,0
AGTTATATCCCTAAAG,0
AGTTATATTAAATTTA,0
AGTTATATTCCGATGA,0
AGTTATCAAAGCGAGA,0
AGTTATCTCTAAAACT,0
AGTTATCTGAAAGAAA,0
AGTTATGAGGCGACAA,0
AGTTATGCTGCACAAA,0
AGTTATGTACTCGAAA,0
AGTTATGTCATGACAG,0
AGTTATTAATGACAAC,0
AGTTATTAGTAAATAT,0
AGTTATTGAAGAGCGA,0
AGTTATTGCACGCTAT,0
AGTTATTTATGGCATA,0
AGTTATTTCAAGAACA,0
AGTTCAAAACCCACCG,0
AGTTCAAATAATGACA,0
AGTTCAACAGCGTTAC,0
AGTTCAACATTTGCGC,0
AGTTCAACGTCTGTAC,0
AGTTCACAAACTCAGA,0
AGTTCACAAAGTACTA,0
AGTTCACATGCTTCAA,0
AGTTCACTACCAAGCC,0
AGTTCACTGCTTGCAC,0
AGTTCAGCCAGTTATT,0
AGTTCATCGGCCAAAG,0
AGTTCATTTAGGTATT,0
AGTTCCAAACAACACA,0
AGTTCCAAATCGGTTG,0
AGTTCCAACAGACATT,0
AGTTCCACTCTTCAGT,0
AGTTCCATAAAAGAAC,0
AGTTCCCCTAATAGTG,0
AGTTCCGACAGTATAG,0
AGTTCCGATCATTTTC,0
AGTTCCGATCTCAAGT,0
AGTTCCGGACAACTGC,0
AGTTCCTCGCGGTCCA,0
AGTTCGAAAAGATTTC,0
AGTTCGAATTCAACAG,0
AGTTCGACGGCAAATT,0
AGTTCGAGTGATGCGA,0
AGTTCGCATTCCCCCA,0
AGTTCGCTTATCTAAA,0
AGTTCGTATGAAAAAA,0
AGTTCGTGACACAAAC,0
AGTTCTAAAAAGCAGT,0
AGTTCTAAACACTAGA,0
AGTTCTACTACATGCA,0
AGTTCTCGAAGCCTAA,0
AGTTCTGCGCAAGCAT,0
AGTTCTGGGATTAATC,0
AGTTCTTAGGCCCTAG,0
AGTTCTTTGTTGATTT,0
AGTTGAAAGTCCCTAG,0
AGTTGAACATGAAATA,0
AGTTGAACCCCGACAA,0
AGTTGAACCTGCAAAC,0
AGTTGACATTAACCCC,0
AGTTGACCGTGTGGAA,0
AGTTGAGATAGAATGC,0
AGTTGAGCCCAATGAG,0
AGTTGAGCTATGACTG,0
AGTTGAGGGTTTTAAG,0
AGTTGATACGAGCACC,0
AGTTGCAACTTTACTG,0
AGTTGCACGAGTCTAA,0
AGTTGCAGACATAATG,0
AGTTGCAGCTATATCT,0
AGTTGCAGTGAAACGT,0
AGTTGCCGACTAGCCC,0
AGTTGCTTCTCAAAAA,0
AGTTGGAAGGAAGGTG,0
AGTTGGGCACTCGGTA,0
AGTTGGGGACAGCTTC,0
AGTTGTAACAGTTAAT,0
AGTTGTAACTGTAACG,0
AGTTGTAGAACCAAGG,0
AGTTGTATCCATCGAT,0
AGTTGTATTGGATGAT,0
AGTTGTCAAAAGGAAA,0
AGTTGTCGCCAACCAC,0
AGTTGTTAGACCGTAC,0
AGTTTAAAAATGAGCC,0
AGTTTAAAACCGAAAC,0
AGTTTAACCCTTTGTA,0
AGTTTAACCGTCGCTT,0
AGTTTACACAACACGA,0
AGTTTACCACGAAAAT,0
AGTTTAGAAAATGGCC,0
AGTTTAGTTAATTCGA,0
AGTTTATATTATCAAG,0
AGTTTATCGTCGAGAC,0
AGTTTATTTGGATAAT,0
AGTTTCAAAAAAAAAA,0
AGTTTCAGGTTAGGAC,0
AGTTTCATACGAAATG,0
AGTTTCCTTTATCTTC,0
AGTTTCGCGACTTGAA,0
AGTTTCGTAATGGGTA,0
AGTTTCTGAGACTTAT,0
AGTTTGATTGCCGCTA,0
AGTTTGCCAGCGTCTA,0
AGTTTGGCGACCAGGA,0
AGTTTGGGTTGTGATA,0
AGTTTTAAAACTCGGA,0
AGTTTTAAAATAATAC,0
AGTTTTAACAAGCCAG,0
AGTTTTACTAGCCCAT,0
AGTTTTACTCACAGCT,0
AGTTTTAGAAAAGACG,0
AGTTTTCAACTGACCA,0
AGTTTTGCAAATTTAA,0
AGTTTTGTATGAACGG,0
AGTTTTGTCCAAAGAT,0
AGTTTTTAAATTATAC,0
AGTTTTTCACATTTCG,0
AGTTTTTCTAAAAGTG,0
AGTTTTTTCCGCTCAA,0
ATAAAAAAAATACTAG,0
ATAAAAAAAGCTCAAT,0
ATAAAAAACATTCTAT,0
ATAAAAAATCTTATAC,0
ATAAAAAATTTATCCA,0
ATAAAAACAAACCGGC,0
ATAAAAACAAGTTATC,0
ATAAAAACACAGGGAC,0
ATAAAAACACCCTCCT,0
ATAAAAACATATATTG,0
ATAAAAACATCATACG,0
ATAAAAACATGGCAAA,0
ATAAAAACGCTGTCGA,0
ATAAAAACGTTATTAC,0
ATAAAAACTCTAGAGT,0
ATAAAAAGAATCTATA,0
ATAAAAAGAGGTATTT,0
ATAAAAAGATAGCCAT,0
ATAAAAAGGTCGTATT,0
ATAAAAATATCGACTG,0
ATAAAAATCACACCAC,0
ATAAAAATCGGCGACG,0
ATAAAACAAAGTTTCC,0
ATAAAACAACACACTT,0
ATAAAACAATATCGCT,0
ATAAAACAGAAATAAT,0
ATAAAACCACCTCCTC,0
ATAAAACCTCAGACCA,0
ATAAAACGATTTCGAG,0
ATAAAACGTCAATGTT,0
ATAAAACGTGAAGTAC,0
ATAAAACTAAATGTGA,0
ATAAAACTACATTAAA,0
ATAAAACTATCGTTAT,0
ATAAAACTCCAGACCA,0
ATAAAACTGAACCATA,0
ATAAAAGAAACATGAC,0
ATAAAAGAACCAAACA,0
ATAAAAGACCTCTAAA,0
ATAAAAGAGCAAATAC,0
ATAAAAGCAAAAAACT,0
ATAAAAGCCATACAGG,0
ATAAAAGGATAAAAAC,0
ATAAAAGGTCAAGTCT,0
ATAAAAGGTCCTAATA,0
ATAAAAGTAAGCGGTC,0
ATAAAATAAAACGCTT,0
ATAAAATAAAATGCTT,0
ATAAAATAACCATAAG,0
ATAAAATAAGCGTCTA,0
ATAAAATAGGCATACT,0
ATAAAATATGACAAAC,0
ATAAAATATTACCCCC,0
ATAAAATCGGATGCAA,0
ATAAAATCGGTTAATC,0
ATAAAATCTAATACAA,0
ATAAAATCTGTGGTAT,0
ATAAAATCTTATGTTA,0
ATAAAATGATGTACGA,0
ATAAAATGATTCAAAA,0
ATAAAATGTTGACCTC,0
ATAAAATTAAAGGCCT,0
ATAAAATTAACCGAGA,0
ATAAAATTACTTTTAA,0
ATAAAATTCGATTGAA,0
ATAAAATTTAGCCTCT,0
ATAAACAAAAAATAAA,0
ATAAACAAATCTTTAC,0
ATAAACAACAGTTCAT,0
ATAAACAACCCCTTAT,0
ATAAACAAGAATAAAA,0
ATAAACAATATCTACA,0
ATAAACAATCAGTAGC,0
ATAAACAATTACTGTG,0
ATAAACACAAGGTTGG,0
ATAAACACATTAAAAA,0
ATAAACACCATACAAT,0
ATAAACAGCGAAGGAT,0
ATAAACAGTCAGATAC,0
ATAAACATAGCCGAAC,0
ATAAACATCCATTCAA,0
ATAAACATGACAAGCT,0
ATAAACATGCGGTGAA,0
ATAAACATTACTACAA,0
ATAAACCAAACAGTAA,0
ATAAACCAACATGCCT,0
ATAAACCACACTATTA,0
ATAAACCACGCATTTC,0
ATAAACCATGCAGGAC,0
ATAAACCCAAAGAAGA,0
ATAAACCCAACCCAAC,0
ATAAACCCACAACGAT,0
ATAAACCGGACTTAAT,0
ATAAACCGGGGACTAA,0
ATAAACCTCAATATCT,0
ATAAACCTCTATCCAA,0
ATAAACCTGGAGAGAG,0
ATAAACGAAACTTACG,0
ATAAACGAGATAATGA,0
ATAAACGAGGAGACTC,0
ATAAACGATGGTGTTA,0
ATAAACGGAGGAAAAT,0
ATAAACGTAGCCTATC,0
ATAAACGTTGATAATA,0
ATAAACTAACCTTGGA,0
ATAAACTAATACCTAG,0
ATAAACTAATGGTTGC,0
ATAAACTACACATGAG,0
ATAAACTACTAAAGTG,0
ATAAACTAGGAATAAA,0
ATAAACTATGAGCAGG,0
ATAAACTCTGAATATG,0
ATAAACTCTGCACGAT,0
ATAAACTGAGTGCCTA,0
ATAAACTGCTGCCAAC,0
ATAAACTGGTGCTAAA,0
ATAAACTGTGAACACT,0
ATAAACTGTTCTTCCG,0
ATAAAGAAAGACATCT,0
ATAAAGAAATGTTTTC,0
ATAAAGAAGACTATCT,0
ATAAAGAAGCGGTAGA,0
ATAAAGAATCATAACA,0
ATAAAGAGACGTAAAG,0
ATAAAGAGCGTTCGAC,0
ATAAAGATAAAATCCT,0
ATAAAGATACGTCCGA,0
ATAAAGATCGCAGAAG,0
ATAAAGATTTATTTAC,0
ATAAAGCAAACAGAAT,0
ATAAAGCAAGACAAGC,0
ATAAAGCAATCTAGTT,0
ATAAAGCACGCACATA,0
ATAAAGCACTAAATCA,0
ATAAAGCAGAAGTAAC,0
ATAAAGCAGACCTTCT,0
ATAAAGCAGTGCATAA,0
ATAAAGCTAATTGACA,0
ATAAAGCTCCGTCCGG,0
ATAAAGCTGAAGGCAA,0
ATAAAGGAAGAATGCC,0
ATAAAGGACGTGCCGA,0
ATAAAGGCAAAACAGT,0
ATAAAGGCGAGATTGA,0
ATAAAGGGATTTAAAA,0
ATAAAGGTCCCCAATT,0
ATAAAGTAAAACCCCA,0
ATAAAGTAAAGTACAA,0
ATAAAGTAAATAATCC,0
ATAAAGTAACTAAAAA,0
ATAAAGTCATCAGCCA,0
ATAAAGTCCATGATTA,0
ATAAAGTGCACAATAG,0
ATAAAGTGTATAAAAA,0
ATAAAGTGTTGACCTG,0
ATAAAGTTATGCAACG,0
ATAAAGTTTTTTGAAG,0
ATAAATAAAAAATCAA,0
ATAAATAAACCCGACC,0
ATAAATAAATGCACCT,0
ATAAATAACATATAAT,0
ATAAATAACGCTTAGA,0
ATAAATACACATAATG,0
ATAAATACCCCTGCGC,0
ATAAATACCTAATCAA,0
ATAAATACCTCATATC,0
ATAAATACTGAGCTGA,0
ATAAATAGCTATAACG,0
ATAAATAGTAAAAGTA,0
ATAAATATAGGTATTA,0
ATAAATATCCGCACGG,0
ATAAATATTAAATATT,0
ATAAATCAGAATGAAA,0
ATAAATCATGTTAAAA,0
ATAAATCCAGACATCT,0
ATAAATCCGAAACATC,0
ATAAATCGTAGAACAG,0
ATAAATCGTTAAAGAA,0
ATAAATCTCCTGTTAA,0
ATAAATCTGACGAAAA,0
ATAAATGAACAGACTG,0
ATAAATGACAAATCCA,0
ATAAATGCATTTACAT,0
ATAAATGGGAAAAACA,0
ATAAATGGGATAACCA,0
ATAAATGGTGAAATTC,0
ATAAATGTATTAGACT,0
ATAAATTAAACATTTA,0
ATAAATTAGGCTCCTT,0
ATAAATTAGGGGCCAC,0
ATAAATTATTGCACAT,0
ATAAATTCACAAATCT,0
ATAAATTCCACTTAAA,0
ATAAATTGAAATCAAT,0
ATAAATTGCAACACTA,0
ATAAATTGGCCGAAAA,0
ATAAATTGGGACATTT,0
ATAAATTGTCCATGAG,0
ATAAATTGTCGGAAGA,0
ATAAATTTACTTCCAT,0
ATAACAAAAAACCATA,0
ATAACAAAAAGCCGAG,0
ATAACAAAAATGGCCC,0
ATAACAAAACAAGACT,0
ATAACAAACAACCGCA,0
ATAACAAACCGTGGCT,0
ATAACAAAGAAAAACA,0
ATAACAACAGATAATT,0
ATAACAACATTGTGAA,0
ATAACAACCCGGCGAC,0
ATAACAAGAAAAATCA,0
ATAACAAGATCCGTCC,0
ATAACAAGCTACGGCT,0
ATAACAAGTCAACGCC,0
ATAACAAGTCTCCATC,0
ATAACAATGTTCATAG,0
ATAACACAAAACACAC,0
ATAACACACGCTCAAC,0
ATAACACACTAGGTGT,0
ATAACACAGATAGGGA,0
ATAACACCAGGGTTAG,0
ATAACACCCATAGCAA,0
ATAACACGATTCCTTC,0
ATAACACTAACCCAAG,0
ATAACACTAACTGTAA,0
ATAACACTCCTCCAAG,0
ATAACACTGGGACAAT,0
ATAACAGACCCGCGAA,0
ATAACAGAGAGCCAAC,0
ATAACAGATTAAGTAC,0
ATAACAGCAAAGTTGA,0
ATAACAGCATAGATAC,0
ATAACAGCGCTTCGGT,0
ATAACAGTAAAACGAA,0
ATAACATACAAACATC,0
ATAACATACGGCCACC,0
ATAACATAGCCCTGTC,0
ATAACATATAACTGAA,0
ATAACATATCTAACGA,0
ATAACATATGTTTTTA,0
ATAACATCAAACGGGG,0
ATAACATCACCCTCCA,0
ATAACATCCTCATTGA,0
ATAACATGAAGTGAGC,0
ATAACATGGACCAAAT,0
ATAACATGTCATTACC,0
ATAACATTACCTTTCG,0
ATAACATTCTCGCAGC,0
ATAACATTTATGGTGT,0
ATAACCAAAAGTTAAT,0
ATAACCAAACAAATCA,0
ATAACCAAACGCAGCA,0
ATAACCAAACTTACAA,0
ATAACCAATAACATAA,0
ATAACCACTCAAACAA,0
ATAACCAGAAAAAATC,0
ATAACCAGCTAGTCAC,0
ATAACCAGGACCGAAG,0
ATAACCAGGGCGTATC,0
ATAACCAGTAGTTATT,0
ATAACCATCACAAAGA,0
ATAACCATCGCTCGAT,0
ATAACCATTGTAGCAA,0
ATAACCCACATGAAAA,0
ATAACCCCGATATCAT,0
ATAACCCGCGGATCCC,0
ATAACCCTCAAACCTC,0
ATAACCCTGTAACTAA,0
ATAACCCTTAACAAGT,0
ATAACCCTTCAACCAG,0
ATAACCGAGAGAAAAG,0
ATAACCGGCGCTCCCC,0
ATAACCGGTTTAATGC,0
ATAACCGTAACCATAA,0
ATAACCGTCCGGTCTC,0
ATAACCGTTCTTACGC,0
ATAACCTAGTCAAGAT,0
ATAACCTCAAATAGCG,0
ATAACCTCGAAACACG,0
ATAACCTCTGTAAACT,0
ATAACCTGCGGAAGAT,0
ATAACCTTTCTAGGCA,0
ATAACGAAGGAGCAAC,0
ATAACGACATCCGCTC,0
ATAACGACTCGAAAAC,0
ATAACGAGACACCAGC,0
ATAACGAGACCGAACC,0
ATAACGAGCCGTATTC,0
ATAACGAGTTAGTACG,0
ATAACGATACTGCTTT,0
ATAACGCAAAAGTGTC,0
ATAACGCACCAGGTCA,0
ATAACGCCACACTTTA,0
ATAACGCCTCTTATTG,0
ATAACGCGGCTCAATC,0
ATAACGCTTCACTGTC,0
ATAACGGAAGCCGAAT,0
ATAACGGATGCTATCT,0
ATAACGGCACACAGGG,0
ATAACGGCGTATCTTA,0
ATAACGGCTAACCAAG,0
ATAACGTAAGCAGGTT,0
ATAACGTGCACGCCTT,0
ATAACGTGGATGATCC,0
ATAACGTTATGTGATT,0
ATAACTAACGATCTGA,0
ATAACTAATGAAGAGA,0
ATAACTACATCCGCCG,0
ATAACTACCCTACCCA,0
ATAACTACTAAAAAGC,0
ATAACTACTGAGCATG,0
ATAACTAGAGACTCCG,0
ATAACTAGATGGTCAC,0
ATAACTAGCAGTCTTA,0
ATAACTAGGGGGCGAC,0
ATAACTATAACAGACC,0
ATAACTATCTAGGCAA,0
ATAACTCATAATACGG,0
ATAACTCCGACATAAC,0
ATAACTCCTCAAAAAA,0
ATAACTCGATCCAAAA,0
ATAACTCTAAATTTTA,0
ATAACTCTACTGCCCT,0
ATAACTCTGCGAAGAG,0
ATAACTCTTCCAATCT,0
ATAACTGAAGACTAGG,0
ATAACTGAGGGACAAA,0
ATAACTGATTTGAGAT,0
ATAACTGCCAAAAAAT,0
ATAACTGCTAAATCAG,0
ATAACTGGAAATACCA,0
ATAACTGGAGTGTATG,0
ATAACTGGTAGCGTAT,0
ATAACTGTCGCTACAA,0
ATAACTTCACTTCCAT,0
ATAACTTGCCGTTAAG,0
ATAACTTTAATGATCA,0
ATAACTTTACAATTAA,0
ATAAGAAAAAAATAAA,0
ATAAGAAAAATATAGA,0
ATAAGAAATAGCAAAC,0
ATAAGAACATTTAAAC,0
ATAAGAACCCCTACAT,0
ATAAGAACTGACTGTG,0
ATAAGAAGACAATAGA,0
ATAAGAAGGTTGACGA,0
ATAAGAAGTAAAGCAG,0
ATAAGAATAGCAAATG,0
ATAAGAATGTCGGGCA,0
ATAAGACAATACCGAA,0
ATAAGACACAAAAAAC,0
ATAAGACACTACATAA,0
ATAAGACATGTGGGAA,0
ATAAGACCACATTATA,0
ATAAGACCATAAAACA,0
ATAAGACCATAAGCAG,0
ATAAGACCCAATAACA,0
ATAAGACCCTCACCCA,0
ATAAGACCTGCGAGTT,0
ATAAGACTAAAATCCA,0
ATAAGACTACAAACAC,0
ATAAGACTATCCTATC,0
ATAAGACTATTCATGT,0
ATAAGACTCACTATTT,0
ATAAGACTGCATAATC,0
ATAAGACTTTAACTAT,0
ATAAGAGAAGCTGCAA,0
ATAAGAGATAGAGCTA,0
ATAAGAGATGAACACA,0
ATAAGAGCAGACCACA,0
ATAAGAGCGTGACGTA,0
ATAAGAGGTTGCATCA,0
ATAAGAGTTGACATTC,0
ATAAGATAAAATTGTA,0
ATAAGATAAAGAAGGA,0
ATAAGATACACAGTAC,0
ATAAGATACCCTATTG,0
ATAAGATACCGCACCC,0
ATAAGATCCATAGCAT,0
ATAAGATCTTTGTCCG,0
ATAAGATGAAAGGACG,0
ATAAGATTAATTACCC,0
ATAAGATTATCTCCTG,0
ATAAGATTCGCGCAAC,0
ATAAGATTTACTCTGA,0
ATAAGATTTCCCCAAG,0
ATAAGCAGTCGTTAAC,0
ATAAGCCCAAAAATAC,0
ATAAGCCCCCAAGTTC,0
ATAAGCCCTATCATAT,0
ATAAGCCTTCGACGGA,0
ATAAGCGAAAAAAGCA,0
ATAAGCGCAAATCAAC,0
ATAAGCGCAATGAGGG,0
ATAAGCGCTCGAGACA,0
ATAAGCTAATTGAAAA,0
ATAAGCTCGAATCATA,0
ATAAGCTCTGCTACCC,0
ATAAGCTTATTACCAT,0
ATAAGGAAAAAAATGT,0
ATAAGGAAGTTCAATA,0
ATAAGGAATGTTCCAG,0
ATAAGGACCACGCGTC,0
ATAAGGACGAACTACA,0
ATAAGGAGTAGTAATT,0
ATAAGGAGTCGATGCG,0
ATAAGGATATACATAC,0
ATAAGGATCGATAAAT,0
ATAAGGCCGCTATCAA,0
ATAAGGGGTTAACGCT,0
ATAAGGTACCGTTACT,0
ATAAGGTCACATGATA,0
ATAAGGTCGGATCAGC,0
ATAAGGTCTTAAACAC,0
ATAAGGTTTAAAACGG,0
ATAAGTAAACAATAGT,0
ATAAGTAAACGATCAA,0
ATAAGTAAGTTGATAC,0
ATAAGTACACTTTTGA,0
ATAAGTACAGCCCTCA,0
ATAAGTACGCTAAAGC,0
ATAAGTACGGATAACC,0
ATAAGTATACACGATG,0
ATAAGTATCGAGTGAC,0
ATAAGTATGGTCTTCG,0
ATAAGTATGTCCCAAC,0
ATAAGTCAACCTAGAG,0
ATAAGTCAGGAAAAAC,0
ATAAGTCCTCTACGTC,0
ATAAGTCTCGTAGTGA,0
ATAAGTGAACCCACAA,0
ATAAGTGACCAGCACA,0
ATAAGTGCACCCATAG,0
ATAAGTGTCTTCATTC,0
ATAAGTTAAAAAAAGG,0
ATAAGTTAAAACTTGG,0
ATAAGTTATAATTTAT,0
ATAAGTTATATAGAAT,0
ATAAGTTATTCAATTC,0
ATAAGTTCACCACGTC,0
ATAAGTTCTGCTTAAG,0
ATAAGTTTAACGTAAT,0
ATAATAAAAACGTCTA,0
ATAATAAAATACCCTT,0
ATAATAAAATCGAACG,0
ATAATAAACAAATATG,0
ATAATAAAGATAGATC,0
ATAATAAAGGTGTGTC,0
ATAATAAAGTCGGGAC,0
ATAATAAATCCATACA,0
ATAATAAATGAAAAGA,0
ATAATAAATGAAGAGT,0
ATAATAAATGCAGACG,0
ATAATAACAACGGTAA,0
ATAATAACATCCGCGA,0
ATAATAACGCGAATTA,0
ATAATAACTCGAGAAA,0
ATAATAAGAAAAAAGG,0
ATAATAAGAATAGAGT,0
ATAATAAGAATCGGCC,0
ATAATAAGACCCAATC,0
ATAATAAGAGGCTAAA,0
ATAATAAGTACAGATC,0
ATAATAAGTACGTAAA,0
ATAATAAGTTCCCATA,0
ATAATAAGTTTTTACA,0
ATAATAATGCCATAAA,0
ATAATAATTGATATAC,0
ATAATACAAAGTAGGA,0
ATAATACATGTATTAT,0
ATAATACCCGAAAACA,0
ATAATACCGACGCACC,0
ATAATACGACAATATT,0
ATAATACGGCCACCTA,0
ATAATACGGTTGGCGA,0
ATAATACGTTTAAAAA,0
ATAATACTGAACTTAG,0
ATAATAGACCTAGGCT,0
ATAATAGAGAGAATAT,0
ATAATAGAGCTTAAGG,0
ATAATAGAGGTCTAAC,0
ATAATAGATAAGCGCA,0
ATAATAGATATAAGCT,0
ATAATAGCAATCCGTT,0
ATAATAGCCCCTCCGG,0
ATAATAGGACTTTCAC,0
ATAATAGGATACACAT,0
ATAATAGGGTAACAAC,0
ATAATAGTCTCGGCAC,0
ATAATAGTTTGATACA,0
ATAATATAAAAACCCT,0
ATAATATAAGAGTCCT,0
ATAATATATGATTTCA,0
ATAATATCAAATCCCC,0
ATAATATCCAAAAACT,0
ATAATATCGTGCGTAT,0
ATAATATGACGGTCGT,0
ATAATATGATGCTAGA,0
ATAATATGGGATCGTT,0
ATAATATGTAAAAAAC,0
ATAATATTATCTTATC,0
ATAATATTATGCTCGA,0
ATAATATTGCTCGGCA,0
ATAATATTGCTGAAAG,0
ATAATATTTACGACTT,0
ATAATATTTGGTAATA,0
ATAATATTTTAACAAC,0
ATAATCAACTAGAGGA,0
ATAATCAATCATACCT,0
ATAATCAATCGTAACA,0
ATAATCACACTTGATA,0
ATAATCACAGGTTAAC,0
ATAATCACATCCAGTT,0
ATAATCACCGCGTATC,0
ATAATCAGATTATAGA,0
ATAATCATGGGGTATT,0
ATAATCCACCGAGAAA,0
ATAATCCTATGAACAG,0
ATAATCCTCTTTTATC,0
ATAATCCTGGACCATT,0
ATAATCGAGCCAATAC,0
ATAATCGCACCGAGCA,0
ATAATCGCTTATTCAG,0
ATAATCGGCCTACTAA,0
ATAATCGGTAACAAGC,0
ATAATCGTAACAGAAT,0
ATAATCGTGAAATAAT,0
ATAATCTAAGAAATGT,0
ATAATCTACAATATCG,0
ATAATCTACCCATGGC,0
ATAATCTATACATATT,0
ATAATCTATTCAGAAA,0
ATAATCTCCCCAAGAA,0
ATAATCTCGCAGATCA,0
ATAATCTCTCACCAGA,0
ATAATCTCTTCGAACA,0
ATAATCTGAAATATCC,0
ATAATCTGCCGAAGCG,0
ATAATCTGGGATCAAA,0
ATAATCTTAAAACCTT,0
ATAATCTTAATCGCGA,0
ATAATCTTACTCCGAG,0
ATAATCTTGCAAATGA,0
ATAATGAAAATCTAAT,0
ATAATGAACACAACGA,0
ATAATGAAGAACCTGA,0
ATAATGACGTGAACCT,0
ATAATGATACTTGTGG,0
ATAATGATGAGTCATG,0
ATAATGCAAACAACTA,0
ATAATGCAGTACATGA,0
ATAATGCCAAATTACG,0
ATAATGCGAAATAACA,0
ATAATGCGCTTCTATG,0
ATAATGGAACATGTAT,0
ATAATGGACAGTACAG,0
ATAATGGATTTGAAGT,0
ATAATGGCACGGGCAA,0
ATAATGGCATTGTTAT,0
ATAATGGCCCTGCACA,0
ATAATGGCTGCCATGT,0
ATAATGGGTGACTATC,0
ATAATGGTAAGGAGGT,0
ATAATGTAATTAATCT,0
ATAATGTAGATATTAA,0
ATAATGTAGATCGCTA,0
ATAATGTAGCTAAAAT,0
ATAATGTATAACAGAA,0
ATAATGTCCAGCATAT,0
ATAATGTCCCAGAATA,0
ATAATGTGAGAAAAAA,0
ATAATGTGCTATCCTA,0
ATAATGTGTACCTATG,0
ATAATGTTTGGTGCGG,0
ATAATTAAAATCAACT,0
ATAATTAAAGTACAGG,0
ATAATTAAGTACCATC,0
ATAATTAATACCGGCA,0
ATAATTACAATGATAA,0
ATAATTACATACATGA,0
ATAATTACTTTATACC,0
ATAATTAGCAGAATGA,0
ATAATTAGTAAGCTAA,0
ATAATTATATATTAAC,0
ATAATTATCGTCAAAT,0
ATAATTATCTTTTCAA,0
ATAATTATTAATACCT,0
ATAATTATTTGTTTGT,0
ATAATTCAAACAATGA,0
ATAATTCAAACCATAT,0
ATAATTCCGATTAACT,0
ATAATTCTACACTATA,0
ATAATTCTAGAATCCT,0
ATAATTCTATCCATCT,0
ATAATTCTTGAAAGAG,0
ATAATTCTTTACAGTT,0
ATAATTGACATACACT,0
ATAATTGAGTTAATGG,0
ATAATTGCGATTTTAA,0
ATAATTGGGCGAAATA,0
ATAATTGTAAATCCGA,0
ATAATTGTCATTTGAT,0
ATAATTGTTAGAACAA,0
ATAATTGTTCAAAAAC,0
ATAATTTCAAAACCAC,0
ATAATTTCGTCCAATT,0
ATAATTTCTTATCACA,0
ATAATTTGAACGAAAT,0
ATAATTTGGCTCAGCC,0
ATAATTTGGGAGTCAC,0
ATAATTTGTCAAACTT,0
ATAATTTTACGGACCA,0
ATAATTTTATATGATT,0
ATAATTTTGCTGAGTT,0
ATACAAAAAGTTGATA,0
ATACAAAAATCACGTA,0
ATACAAAACATCGTCC,0
ATACAAAACCAGGTTA,0
ATACAAAATAGAGATC,0
ATACAAAATTAGAGTC,0
ATACAAACATCATTAA,0
ATACAAACGCACTGGC,0
ATACAAACGTTGCTGG,0
ATACAAACGTTTGCTT,0
ATACAAACTAAATTAA,0
ATACAAAGAAGATGCT,0
ATACAAAGCCATACCA,0
ATACAAAGTGAGCATA,0
ATACAAATAACCTGTG,0
ATACAAATATTATTCT,0
ATACAAATTAATAAAT,0
ATACAAATTATTCATT,0
ATACAACAAATACAAC,0
ATACAACAAGTGAATT,0
ATACAACACATAAACA,0
ATACAACCGCATTCAT,0
ATACAACCTCAGTAAA,0
ATACAACCTCATATTT,0
ATACAACCTGATAAAA,0
ATACAACCTTAAAAGG,0
ATACAACGACAACAGA,0
ATACAACGACTTTCTC,0
ATACAACGAGAGTCGT,0
ATACAACTAAATCAAC,0
ATACAACTAGCCAGTT,0
ATACAAGAGACATCTC,0
ATACAAGAGTAAGAAT,0
ATACAAGATTTCGTGC,0
ATACAAGGACACCCAG,0
ATACAAGTACAATTCA,0
ATACAAGTATAATACC,0
ATACAAGTTATGCTAA,0
ATACAAGTTGAGCCCA,0
ATACAAGTTTCTTTAC,0
ATACAATAACGGAATA,0
ATACAATATAAACCTC,0
ATACAATATAACATGG,0
ATACAATATGTTTAAG,0
ATACAATATTTCAATT,0
ATACAATGATTTTACA,0
ATACAATGCAAAAAAC,0
ATACAATGCCGAAAAA,0
ATACAATGTACTTTGA,0
ATACACAACAACTAAA,0
ATACACAAGAGACAGG,0
ATACACAATCTGGTGA,0
ATACACACACGTACGC,0
ATACACACTTTCATAC,0
ATACACAGAACACGAG,0
ATACACAGACAACGTT,0
ATACACATAATTAACG,0
ATACACATACACAAGA,0
ATACACATACCTTATC,0
ATACACATCGATCGGC,0
ATACACCAATCAAAAA,0
ATACACCATTCCCTTT,0
ATACACCCAGTTATCA,0
ATACACCCTAATAGGA,0
ATACACCGAAGACCTC,0
ATACACCGACAGTTAG,0
ATACACCGTCAGCAGA,0
ATACACCGTGAGTCAA,0
ATACACCTTATCACGG,0
ATACACCTTTGGAAAA,0
ATACACGACATCTAAA,0
ATACACGTTCATTACA,0
ATACACTAATTTTTCG,0
ATACACTAGCTCAACT,0
ATACACTCATGTTGGG,0
ATACACTCTTGTAGAC,0
ATACACTGATTAGCAA,0
ATACACTTGGAAGTAT,0
ATACAGAAACGGATGA,0
ATACAGAAATGCTTAA,0
ATACAGAAGAAATTTG,0
ATACAGACGTGACAGT,0
ATACAGAGACAACAAC,0
ATACAGAGAGGATGAT,0
ATACAGAGGTCCAGGT,0
ATACAGATAGGAATCT,0
ATACAGATTTCAATCG,0
ATACAGCAACTCTGCT,0
ATACAGCTCTAAGTAA,0
ATACAGCTTCTGAGTG,0
ATACAGGGATAAGCAC,0
ATACAGGTGCCTTCGA,0
ATACAGTACACTAACG,0
ATACAGTATGCATATA,0
ATACAGTATGCGATAT,0
ATACAGTCAACGTCAA,0
ATACAGTCACCCACCT,0
ATACAGTCGCAACGTA,0
ATACAGTGGTCAATGA,0
ATACAGTTAATCACCA,0
ATACATAAAAAATAAC,0
ATACATAAACCTGATC,0
ATACATAACAAATGCC,0
ATACATAATCCAGGCA,0
ATACATACATATTATC,0
ATACATACTAAAGGTT,0
ATACATAGAATAACCC,0
ATACATAGATTGCTTA,0
ATACATATTGAGCCGT,0
ATACATCAAACTATAG,0
ATACATCCTCTGGCCA,0
ATACATCGAGACACAC,0
ATACATCTCAATGTGT,0
ATACATGCGTGGAATC,0
ATACATGCTTTAAGAT,0
ATACATGCTTTAGATA,0
ATACATGGGACACTTA,0
ATACATGTAGCATCGC,0
ATACATGTGAGACTTG,0
ATACATGTTAGATCCT,0
ATACATTAAATACAAG,0
ATACATTAGAAGCCCA,0
ATACATTAGTAAATCA,0
ATACATTCCCTAAAAG,0
ATACATTCCTCCAAAG,0
ATACATTCTACATCCC,0
ATACATTTATATAACC,0
ATACCAAAAATAACGA,0
ATACCAAAACGAAATG,0
ATACCAAAATGAAGAA,0
ATACCAAAGCTTGACT,0
ATACCAAATAAGGCGG,0
ATACCAACACGAAAAA,0
ATACCAACATGCAAGG,0
ATACCAACGCGCGTAA,0
ATACCAAGAAGTAATC,0
ATACCAAGGACGTACA,0
ATACCAAGTCAAATAA,0
ATACCAATCTAAGCAT,0
ATACCAATTCTTTGAA,0
ATACCACAGAACCTTA,0
ATACCACAGCATGCCG,0
ATACCACCAAAATAAC,0
ATACCACCGAAGTTAC,0
ATACCACCTTACAACC,0
ATACCACGAAAGGGAG,0
ATACCAGACACAGGCA,0
ATACCAGCAACGCCTC,0
ATACCAGCCATTATCA,0
ATACCAGTGCACTAAG,0
ATACCAGTGTTCGAGC,0
ATACCATAATGGTAAT,0
ATACCATCCGCTGTCA,0
ATACCATGCCTATAGT,0
ATACCATGTTACCTTC,0
ATACCATTCCCTCAGG,0
ATACCATTCGAACAGA,0
ATACCATTTCAAAGCA,0
ATACCCAAAAATAACC,0
ATACCCAAAGCAATTC,0
ATACCCAACCTCTCGA,0
ATACCCAACTGTAAGA,0
ATACCCACATAGGCGA,0
ATACCCACGACACGTT,0
ATACCCACTTACAGAC,0
ATACCCAGATTTAAAA,0
ATACCCAGTCACCCGG,0
ATACCCATCAACTGGT,0
ATACCCATCCTTATGT,0
ATACCCATTAAAATGA,0
ATACCCCAAATCACAC,0
ATACCCCAAATGAAGT,0
ATACCCCAGAAAACCA,0
ATACCCCAGTAGCTCG,0
ATACCCCCTAGAATTA,0
ATACCCTATTCAACTT,0
ATACCCTCACGGGCAA,0
ATACCCTCATAGTTCA,0
ATACCCTCATGCCCGG,0
ATACCCTGACAAAGAC,0
ATACCCTGCATCTATT,0
ATACCCTTACCAAACA,0
ATACCCTTATAATACA,0
ATACCGACTCCTCATT,0
ATACCGATAGAATATA,0
ATACCGCAAGAACGTA,0
ATACCGCAAGGTCTTA,0
ATACCGCCCTAATGAG,0
ATACCGGAGCCAAAGT,0
ATACCGGTACATAGAA,0
ATACCGTACCTAATCA,0
ATACCGTATTGGAGTT,0
ATACCTAAAATACTAC,0
ATACCTAACTTCATCA,0
ATACCTACATATTTGT,0
ATACCTAGGTTGGCCT,0
ATACCTATCACTTATC,0
ATACCTATCATATAAA,0
ATACCTATTAAGAGTG,0
ATACCTCAAAGTCGAT,0
ATACCTCAACAGAAGC,0
ATACCTCCACCTGGCA,0
ATACCTCCCAAGTAAC,0
ATACCTCGCAGATGAT,0
ATACCTGAACTGTAAA,0
ATACCTGATTATCACA,0
ATACCTTACCACTCGG,0
ATACCTTATATGAATA,0
ATACGAAAACAAGCCC,0
ATACGAAAAGAAAACG,0
ATACGAAATGACGTCC,0
ATACGAATAAGCCAAC,0
ATACGAATGGCTACGT,0
ATACGACACAATACAG,0
ATACGACACGCTCTCG,0
ATACGACAGACGACTA,0
ATACGACATTAGACAT,0
ATACGACTTCGGGTGT,0
ATACGAGAATTGAGCC,0
ATACGAGACACCCGCC,0
ATACGAGACTCATCCG,0
ATACGAGCCAAGATAA,0
ATACGAGCTAGTCAAT,0
ATACGAGCTTAGGGGG,0
ATACGAGTGCCCCGTA,0
ATACGAGTTAAACAAA,0
ATACGATATGGGAAAT,0
ATACGATCAAACATAC,0
ATACGATCACCTACCA,0
ATACGATCATCAATTT,0
ATACGATCGATCGTCC,0
ATACGATCTTTAAGAA,0
ATACGATGTCCCACTT,0
ATACGATTCATCCTAA,0
ATACGCAAATCCAGTT,0
ATACGCAAATTCATTG,0
ATACGCAATCGAAGGG,0
ATACGCATAATTCATT,0
ATACGCATTTGCAGAT,0
ATACGCCTAGAGGTAC,0
ATACGCCTATAGACTT,0
ATACGCCTTATATAAA,0
ATACGCGAACTTTATA,0
ATACGCGATTGACATC,0
ATACGCGCGGGTCTAC,0
ATACGCGGCACCCAAA,0
ATACGCTAAAGCTACG,0
ATACGCTCGAAGTCGA,0
ATACGCTCTTATTTCC,0
ATACGCTGAGAAAAGG,0
ATACGCTGCCAGATAC,0
ATACGCTGGTTCAACA,0
ATACGCTTTGAACGTA,0
ATACGGAATCATGTCA,0
ATACGGACATGCGCAA,0
ATACGGAGAGAACTAG,0
ATACGGAGTTCCAATC,0
ATACGGAGTTCTAACA,0
ATACGGATATGTATAC,0
ATACGGATGTAACGTC,0
ATACGGCAAAAGGCGT,0
ATACGGCGAATCATAC,0
ATACGGCTTGACTTTA,0
ATACGGGCCCGACCCA,0
ATACGGGTGGCACGGT,0
ATACGGTAACGAATCA,0
ATACGGTGAACCGTCC,0
ATACGTAAAATTACCT,0
ATACGTAAATATCATA,0
ATACGTAACACTTACT,0
ATACGTAAGAACAAGG,0
ATACGTAAGACACTTC,0
ATACGTACCGTTTTAA,0
ATACGTATAAGATATA,0
ATACGTCAAATCTGCT,0
ATACGTCATAAATGAC,0
ATACGTCCCAGACAAA,0
ATACGTCTAACAATGA,0
ATACGTCTTTGGACAA,0
ATACGTGAGACCCCGA,0
ATACGTGATGGTATAT,0
ATACGTGTATATAAGG,0
ATACGTGTCACAAAAA,0
ATACGTGTGAAAACCG,0
ATACGTTAGATTTAGC,0
ATACGTTATATACACT,0
ATACGTTTGCGTGGCA,0
ATACTAAAACCCATAC,0
ATACTAAACACTTTTA,0
ATACTAAACATAGATC,0
ATACTAAAGCATAACC,0
ATACTAAAGCTACGCC,0
ATACTAAATACAGACA,0
ATACTAAATATCTAAC,0
ATACTAACAACTTAGA,0
ATACTAACCATAATAA,0
ATACTAAGCATGAAGG,0
ATACTAATTAACATGA,0
ATACTACATGAACAGA,0
ATACTACATTCCCCAG,0
ATACTACCGTAACTAA,0
ATACTACCTCACAACA,0
ATACTACGCAGGAATG,0
ATACTAGAACAGGGCT,0
ATACTAGAACTTTTGA,0
ATACTAGATACGCTAG,0
ATACTAGCGGAAGACA,0
ATACTAGGGATACACA,0
ATACTATAAATGAAAC,0
ATACTATAACACAGGT,0
ATACTATAATAAAAAT,0
ATACTATACAGGAACA,0
ATACTATAGTACATAT,0
ATACTATATTTTCTAG,0
ATACTATGAATCATTG,0
ATACTATGTGAACAGC,0
ATACTCAATTCTGAAA,0
ATACTCAATTGTGATT,0
ATACTCACCTATTAAA,0
ATACTCAGGCCTAGCT,0
ATACTCATATAGCTGG,0
ATACTCATCTAAAGTC,0
ATACTCATGGCTCGAG,0
ATACTCATGGGTCATC,0
ATACTCCAAAAAAAAC,0
ATACTCCAGTAAACAA,0
ATACTCCAGTTAATGT,0
ATACTCCGGCCATCTT,0
ATACTCCTATCACTTA,0
ATACTCGATATAACTG,0
ATACTCGGTGCAGCCG,0
ATACTCGTCGGAGCAT,0
ATACTCTAAGCCCACA,0
ATACTCTACAATAAAA,0
ATACTCTATTCTTTTT,0
ATACTCTGACGGTGTT,0
ATACTCTGCAAAACTT,0
ATACTCTTGCAACTTC,0
ATACTGAAAAAACAGG,0
ATACTGACAAACGTTT,0
ATACTGACGAATTTTC,0
ATACTGATAACAACCA,0
ATACTGATCAGCACCC,0
ATACTGCCAGCAGTAA,0
ATACTGCCTATGTGCG,0
ATACTGGAACCAAAAC,0
ATACTGGAGAAACGCG,0
ATACTGGCAAACAGTT,0
ATACTGGGTGAGTACT,0
ATACTGTCCATTGGGA,0
ATACTGTTAAAATAAA,0
ATACTTACATGCACTA,0
ATACTTAGTGCACCAA,0
ATACTTAGTTAAATGG,0
ATACTTAGTTTTTTTT,0
ATACTTCCTTGGACGG,0
ATACTTCGAGAATGTG,0
ATACTTGACGATTAGA,0
ATACTTGAGAGACACA,0
ATACTTGCCCTCAACA,0
ATACTTGTGGACATAA,0
ATACTTGTTATTAGAT,0
ATACTTTCCACTGTGC,0
ATACTTTCTCACAGCT,0
ATACTTTCTTAAGGTT,0
ATACTTTGTTGCGATT,0
ATACTTTTATATTAAC,0
ATACTTTTTGTCAAGT,0
ATAGAAAACGATCAAA,0
ATAGAAAATTCCTAAA,0
ATAGAAAATTGAAAGC,0
ATAGAAACCGATAGAG,0
ATAGAAACTAGGGCAC,0
ATAGAAAGAACCATTA,0
ATAGAAAGGTGAACGA,0
ATAGAAAGGTGCCTAT,0
ATAGAAAGTTTACGCG,0
ATAGAAATAAACCCGC,0
ATAGAACAATAATGGG,0
ATAGAACACCAAACTT,0
ATAGAACAGAGCCCTG,0
ATAGAACATGAAAAGT,0
ATAGAACCAAATTTAT,0
ATAGAACCAAGGATAT,0
ATAGAACCAGCTAATA,0
ATAGAACCTCAAAAAT,0
ATAGAACTAACTTAAC,0
ATAGAACTAGCCGTTT,0
ATAGAACTCAAATGGA,0
ATAGAACTCAACAATT,0
ATAGAACTCTTTTTTA,0
ATAGAAGACGGACCTT,0
ATAGAAGCACGAAACC,0
ATAGAAGCAGTTCAAT,0
ATAGAAGCGAGCAAAA,0
ATAGAAGCGGTGTATG,0
ATAGAAGCGTATCATA,0
ATAGAAGGCGCACCGT,0
ATAGAAGGGCCCCAGT,0
ATAGAATAATTTCAAC,0
ATAGAATACCCCGAAT,0
ATAGAATAGGGACCCA,0
ATAGAATATAAAAACA,0
ATAGAATATTAATTGC,0
ATAGAATATTCACGAT,0
ATAGAATCAATTAACA,0
ATAGAATCATTCCAGT,0
ATAGAATTAAATATGA,0
ATAGAATTGTAATTAT,0
ATAGACAAACAACTTA,0
ATAGACAAACATCACC,0
ATAGACAAGGGAGGAA,0
ATAGACAATGCCTACC,0
ATAGACACTAAGGTCA,0
ATAGACAGATCTATCT,0
ATAGACATACAAAAAA,0
ATAGACATGTCTAAAT,0
ATAGACATGTTAGAAA,0
ATAGACATTCGAATCA,0
ATAGACATTGTTAGAA,0
ATAGACCATCACACCA,0
ATAGACCATCCGAAGT,0
ATAGACCCAAACACTA,0
ATAGACCCGTCGACCC,0
ATAGACCCTACCACAT,0
ATAGACCCTTTCAAGG,0
ATAGACCTGTTCAAGA,0
ATAGACGACATCATGC,0
ATAGACGATTGTACAG,0
ATAGACGGACCCACAC,0
ATAGACGGTCGCGAAC,0
ATAGACTCACAAAGTT,0
ATAGACTCACATTACC,0
ATAGACTCATACCATA,0
ATAGACTCTGATTATT,0
ATAGACTGACCCAGAA,0
ATAGACTGAGAATATA,0
ATAGAGAGAAGCAAAG,0
ATAGAGCAAATTTAGG,0
ATAGAGCACAGAAATT,0
ATAGAGCAGCAATCCA,0
ATAGAGCTTTTTTCCT,0
ATAGAGGAATGGAACC,0
ATAGAGGATGACGCAT,0
ATAGAGGATTGGCCAA,0
ATAGAGGTAAGACAGT,0
ATAGAGTACATTATGT,0
ATAGAGTACCCATACA,0
ATAGAGTACTAGGACC,0
ATAGAGTCGCCACAAC,0
ATAGAGTCTCAATAGG,0
ATAGAGTGACCGATGG,0
ATAGAGTGAGAAACAG,0
ATAGATAAAACATGGA,0
ATAGATAAAATTAACT,0
ATAGATAATAATTTGC,0
ATAGATAGCCGTCTTA,0
ATAGATAGGATAATAA,0
ATAGATATAAAGCCTC,0
ATAGATATGAGCATTT,0
ATAGATATGCGTAAGC,0
ATAGATATGGAATGCA,0
ATAGATATGTGCAACA,0
ATAGATCAAGATGACC,0
ATAGATCGAAACTCGA,0
ATAGATGAAACAAAAC,0
ATAGATGCAAAACACA,0
ATAGATGCCTACGACG,0
ATAGATGGATTAAACC,0
ATAGATGGTGAATAGG,0
ATAGATGTCATACAGA,0
ATAGATTAACATCAAT,0
ATAGATTATAAGGAGT,0
ATAGATTATCAGAAAA,0
ATAGATTGAGCCCTGG,0
ATAGATTTACTATCAA,0
ATAGATTTGAAGAACG,0
ATAGCAAAAGTCTACA,0
ATAGCAAAGAACTTCC,0
ATAGCAAAGGAATTGG,0
ATAGCAAATTACATAT,0
ATAGCAACTGGAATTT,0
ATAGCAAGATGGATGG,0
ATAGCAATAAAGGCCG,0
ATAGCAATACACTGTA,0
ATAGCACATGCACGTC,0
ATAGCACCGTTTCATA,0
ATAGCACGAAACCGCA,0
ATAGCACGATTAGTGT,0
ATAGCACTAATGGTAT,0
ATAGCAGTACAAAGCC,0
ATAGCAGTCCTGCATC,0
ATAGCAGTCTAATTAT,0
ATAGCAGTGCCGGTAC,0
ATAGCATAGTTATCGT,0
ATAGCATCACCCGTAC,0
ATAGCATCTCTCGCTA,0
ATAGCATGTATTAGCC,0
ATAGCATGTGAACTTT,0
ATAGCATTTCGTTTCC,0
ATAGCCAAAACTTCAT,0
ATAGCCAAGGCAATGG,0
ATAGCCAAGTGAGGAA,0
ATAGCCATGATCTGGA,0
ATAGCCCGAGCGCTAA,0
ATAGCCGATTAAAGAG,0
ATAGCCGTTATTATCA,0
ATAGCCTAGGAGGACA,0
ATAGCCTATATTCACG,0
ATAGCCTCAACAAATA,0
ATAGCCTGATATACTA,0
ATAGCCTTAAACTTCT,0
ATAGCCTTTTAGCCAA,0
ATAGCGACTTAAGTAC,0
ATAGCGAGCATTGACC,0
ATAGCGAGTTCAAATT,0
ATAGCGATCAATTCAG,0
ATAGCGATGGAGGGTC,0
ATAGCGCACGGGACTG,0
ATAGCGGAAGACGGGT,0
ATAGCGGCATCCCCCT,0
ATAGCGTATAGCCTAT,0
ATAGCGTATCTAGATA,0
ATAGCGTTAGTACGGC,0
ATAGCGTTGACCCAGT,0
ATAGCTAAAAGGCAGA,0
ATAGCTACCCCTAGGA,0
ATAGCTATCAGAATTC,0
ATAGCTGTATTTAAAC,0
ATAGCTTAAACAAATT,0
ATAGCTTCCCGCTTTC,0
ATAGCTTGGCCTCACA,0
ATAGGAAATAAAGCAC,0
ATAGGAACGATCCTTG,0
ATAGGAACGCACTGGC,0
ATAGGAAGATAAAAAC,0
ATAGGAAGTAAAGACT,0
ATAGGAATAGTATAAC,0
ATAGGAATATGACATG,0
ATAGGACAGTAAATTT,0
ATAGGACATGAACACA,0
ATAGGACCAAGATAGC,0
ATAGGACGACAGAAGC,0
ATAGGACGCCCGAAGT,0
ATAGGACGTCGTTCAA,0
ATAGGACTACACATCC,0
ATAGGAGAAGTATTCC,0
ATAGGAGGATAATGCC,0
ATAGGAGGTGCCTTAA,0
ATAGGATAAAATAAGA,0
ATAGGATAAATCCCCA,0
ATAGGATCTAGGGGCA,0
ATAGGATGATATCAGG,0
ATAGGATTGTAAGACA,0
ATAGGCAACTTAAAAT,0
ATAGGCAAGCAAAGCT,0
ATAGGCAGAATGGTGA,0
ATAGGCATACGGTGAT,0
ATAGGCATCCACACCA,0
ATAGGCCCAGACAGGC,0
ATAGGCGTAAATGCAT,0
ATAGGCTATCATGCCC,0
ATAGGGATGGGAAATT,0
ATAGGGATTCTGTCCA,0
ATAGGGCTCGAAGGAG,0
ATAGGGCTTACAACAA,0
ATAGGGGACAGATGAT,0
ATAGGGGTATAGAAGT,0
ATAGGGGTGTCCTTCG,0
ATAGGGTCAGACGCCC,0
ATAGGTACGTTCTACG,0
ATAGGTCTCCTAAAAT,0
ATAGGTGATGGTCGCA,0
ATAGGTGCTAAGACAA,0
ATAGGTGGTAGAACTG,0
ATAGGTTACATCACCT,0
ATAGGTTGTGCCTAGG,0
ATAGGTTTGAATGCCG,0
ATAGTAAAACAAGGTT,0
ATAGTAAAACCAAATA,0
ATAGTAAAAGGAATAT,0
ATAGTAAATGATACTG,0
ATAGTAAATGGTCCTA,0
ATAGTAACAAACGGCC,0
ATAGTAACAAGCCACA,0
ATAGTAACCATTAAAA,0
ATAGTAACTGCTGGCG,0
ATAGTAAGAAGCGAGT,0
ATAGTAAGTAAAAGCC,0
ATAGTAATCTCGAGTG,0
ATAGTAATTAAACGTT,0
ATAGTACAACTATTAG,0
ATAGTACACTAAGTAC,0
ATAGTACAGAAAATGC,0
ATAGTACATGATATTT,0
ATAGTACGCGAGAATA,0
ATAGTACTATTCTTTT,0
ATAGTACTTACCCGTA,0
ATAGTAGGGTAGGTGC,0
ATAGTAGGTAACAATT,0
ATAGTATAAAAAGAAA,0
ATAGTATAACGCAAAG,0
ATAGTATACTTTTCAG,0
ATAGTATCCAAGGAAA,0
ATAGTATTAAACTACA,0
ATAGTCAAATAGCCCT,0
ATAGTCAATACAGCGA,0
ATAGTCACAACCATAT,0
ATAGTCACCTACGCTA,0
ATAGTCACGATCACAC,0
ATAGTCACGCGTAAAA,0
ATAGTCACTGAATCTG,0
ATAGTCCAGAGCATAC,0
ATAGTCCCCGTCTAGG,0
ATAGTCCGATCGAAGA,0
ATAGTCCTTTCACCAA,0
ATAGTCGACGACAAAC,0
ATAGTCGAGAGCGTAG,0
ATAGTCGATAATCCAA,0
ATAGTCGCCACTTGGG,0
ATAGTCGGAATACGGT,0
ATAGTCGTGCTTTAAT,0
ATAGTCTACGTCAGTG,0
ATAGTCTGTACTAAAA,0
ATAGTGAACATCGATT,0
ATAGTGAATTAAAAAA,0
ATAGTGACAAAACACA,0
ATAGTGACCCTCTAAC,0
ATAGTGATGCAGAGAA,0
ATAGTGCAAAAAAAAT,0
ATAGTGCACCCTAACC,0
ATAGTGCACTCATCCC,0
ATAGTGCATACCTAAT,0
ATAGTGCCACATGGCG,0
ATAGTGGAGATGGCGG,0
ATAGTGGCACCAGAGC,0
ATAGTGGGTTGTAATA,0
ATAGTGGTAAACCTCC,0
ATAGTGTAAAAAACTT,0
ATAGTGTAAACCATCC,0
ATAGTGTAATACAATT,0
ATAGTTAAAGCAGAAT,0
ATAGTTAAATTGAAGA,0
ATAGTTACCAACCACA,0
ATAGTTATCTAAATAA,0
ATAGTTATCTTAATTG,0
ATAGTTCAAGGAATAT,0
ATAGTTCAGATAAGGG,0
ATAGTTCCAACCAACT,0
ATAGTTCTACAGCGAA,0
ATAGTTCTGCTATGAT,0
ATAGTTGAAGAAATTA,0
ATAGTTGTAGCCCGCA,0
ATAGTTGTCTAAAGAA,0
ATAGTTGTTTCATCTC,0
ATAGTTTACTCCCAAT,0
ATAGTTTCTGTATTTG,0
ATAGTTTTCAGAAAGC,0
ATATAAAAAAAACACA,0
ATATAAAAAATCAGTA,0
ATATAAAAAGAGGAAT,0
ATATAAAAATGATGAG,0
ATATAAAACCAAAACT,0
ATATAAAACTTGACGG,0
ATATAAAATAGATGAC,0
ATATAAAATCGCAGAA,0
ATATAAAATGTATGCA,0
ATATAAAATTGAGAAA,0
ATATAAAGAAATCAGA,0
ATATAAAGACCCGTAT,0
ATATAAAGTAAGACAT,0
ATATAAATAATTCCTA,0
ATATAAATCATGGCGA,0
ATATAAATCCGGCAGC,0
ATATAAATGTAACCCC,0
ATATAAATTCATAAAG,0
ATATAACAAAAAACTA,0
ATATAACAACATCAAG,0
ATATAACAGTACGAGT,0
ATATAACATTCAGGGA,0
ATATAACCAATGAAAC,0
ATATAACCACAATACG,0
ATATAACCATTAATAA,0
ATATAACCCGCTACGC,0
ATATAACGAATCCTCC,0
ATATAACGGGAAAACA,0
ATATAACGTATATTAA,0
ATATAACGTTACGGAG,0
ATATAACTATTAAAGG,0
ATATAACTTACCAAAC,0
ATATAAGAAAGATACC,0
ATATAAGAATGCCAAC,0
ATATAAGACCACGAGC,0
ATATAAGATGTCATAC,0
ATATAAGCCAAAGGCG,0
ATATAAGGATTACACA,0
ATATAAGGCAGAAATG,0
ATATAAGGCCCGATGT,0
ATATAAGTAACGGGCC,0
ATATAAGTAAGTGTGT,0
ATATAATACCACGACC,0
ATATAATAGATTGGAC,0
ATATAATAGCATGATC,0
ATATAATATTAACCTA,0
ATATAATCCCAAGAAA,0
ATATAATGAACATATA,0
ATATAATGAGGAACAC,0
ATATAATGATATCGGA,0
ATATAATGCAAACATT,0
ATATAATGCATGACAC,0
ATATAATGTAGGCTTC,0
ATATAATTAAACGCAC,0
ATATAATTTATCCAGA,0
ATATACAACCTATCGC,0
ATATACAAGAGCCCCA,0
ATATACAATCTGGAAC,0
ATATACAATGAGCAGA,0
ATATACACGATTTATA,0
ATATACATGCACCCTA,0
ATATACCAATCCGCCA,0
ATATACCAGTAATAAA,0
ATATACCATAGAGACC,0
ATATACCCATCGAAAT,0
ATATACCCCATAGCCT,0
ATATACCGAAAACAGC,0
ATATACCGTAGGAACT,0
ATATACGCACAAAAGA,0
ATATACGCCACTACAA,0
ATATACGCTGCTGGGG,0
ATATACGGCGCCATCG,0
ATATACGTCCATCTCC,0
ATATACGTGAATTAAG,0
ATATACTCACGAAATG,0
ATATACTCGCTAAAGA,0
ATATACTGAAATGCAA,0
ATATACTTAAACCACA,0
ATATACTTATAAACTA,0
ATATACTTCACCTCGA,0
ATATACTTCGTCACAC,0
ATATAGAAGCATATAA,0
ATATAGAAGGTGTTTA,0
ATATAGAGAACTAAAA,0
ATATAGAGATCAATCT,0
ATATAGAGTAACCATA,0
ATATAGATCAACGAAT,0
ATATAGATCAGACCTG,0
ATATAGATCCTCCTTA,0
ATATAGATGGACAATC,0
ATATAGCAAAAATATT,0
ATATAGCAAACGTACC,0
ATATAGCCAAAGTACA,0
ATATAGCTAACCCAAG,0
ATATAGGAAACACTAC,0
ATATAGGAAGCTGGAG,0
ATATAGGAATGATAAC,0
ATATAGGACATATCAG,0
ATATAGGAGTAGCGAG,0
ATATAGTAAAAAGGTC,0
ATATAGTACGCTCTAA,0
ATATAGTCAAACCACA,0
ATATAGTCTGGCATGG,0
ATATAGTTATTAAATA,0
ATATATAAAAATAGAT,0
ATATATAAAACTGTCA,0
ATATATAAAATAAACG,0
ATATATAACGCAAGCG,0
ATATATAACGTACAGA,0
ATATATAATTGATAAT,0
ATATATACACCACCAC,0
ATATATACTCTCCAAT,0
ATATATAGAATTCGGC,0
ATATATAGACCAGGTT,0
ATATATAGTATAACAT,0
ATATATATAGGTACTC,0
ATATATCAACAGTGAG,0
ATATATCATCATCCGA,0
ATATATCATTAAAGTT,0
ATATATCCAAGGCAGT,0
ATATATCCTAGAATCT,0
ATATATCTACTTATGT,0
ATATATGAACTATATA,0
ATATATGACGGTACCC,0
ATATATGAGAACCCCG,0
ATATATGAGCACCCTA,0
ATATATGGAACAAATA,0
ATATATGGCGATATCT,0
ATATATGTTCAACCTC,0
ATATATTAAAGGGAAT,0
ATATATTAAATACTAG,0
ATATATTAACCAACAA,0
ATATATTAACTTAGGA,0
ATATATTAAGATTGCA,0
ATATATTACTTTCGAA,0
ATATATTATCCTTAGC,0
ATATATTATGAAACAT,0
ATATATTCCACCACAA,0
ATATATTGAACCATTA,0
ATATATTGACAAAAAA,0
ATATATTGCAATCTTT,0
ATATATTGGAAACATG,0
ATATATTGGTGCAACT,0
ATATCAAAAACCAAGT,0
ATATCAAAATAATGTG,0
ATATCAAACGCAATAA,0
ATATCAAAGCACGCGC,0
ATATCAAAGTTAGTAC,0
ATATCAAATTTCGACT,0
ATATCAACAAAACGCA,0
ATATCAACCTATTTCT,0
ATATCAACGAAATTGA,0
ATATCAACTAAAATCA,0
ATATCAAGCCATGGTT,0
ATATCAAGGGTTAGAA,0
ATATCAAGTGAATTAT,0
ATATCAATAATAGTTG,0
ATATCACAATGAGATT,0
ATATCACCTATCCTAA,0
ATATCACTAAAAGGAA,0
ATATCACTACCCATAC,0
ATATCACTCGTGCAAC,0
ATATCACTTAGCCCAA,0
ATATCAGACTCCGACA,0
ATATCAGATCTTAAAA,0
ATATCAGCTCTTCTTT,0
ATATCAGTAATCATCA,0
ATATCATAAAGAGCTA,0
ATATCATAACATCCCA,0
ATATCATAAGACTAAT,0
ATATCATACAACAAAT,0
ATATCATATCCTGAAT,0
ATATCATCTGACTGAT,0
ATATCATCTGGTCCTT,0
ATATCATGAAAATACA,0
ATATCATGGTCATGGG,0
ATATCATTAATTTGTA,0
ATATCATTCAAATGAC,0
ATATCCAACAATTAAC,0
ATATCCAAGAGTCAAA,0
ATATCCAATAAGATAC,0
ATATCCACTGTCTATC,0
ATATCCACTTAAATTT,0
ATATCCAGGAGACATG,0
ATATCCAGGCAAAATC,0
ATATCCATATCTTCAA,0
ATATCCATTGATAATA,0
ATATCCATTTCACAAA,0
ATATCCCCAAATAATA,0
ATATCCCCAGACTATT,0
ATATCCGATCGCCCTC,0
ATATCCGCTCGGCGGC,0
ATATCCGTTTTAGAAA,0
ATATCCTATCCTCAGA,0
ATATCCTTATTGCCCC,0
ATATCCTTGAGATTTG,0
ATATCGACCAAGTCAG,0
ATATCGAGCCCGCAAT,0
ATATCGATATCAACTG,0
ATATCGATGAATTTAG,0
ATATCGCACACTGACT,0
ATATCGCATCGTCAGT,0
ATATCGCTCGTACGCA,0
ATATCGCTCTACTCAT,0
ATATCGCTTAATAAAT,0
ATATCGGAACGATCGG,0
ATATCGGAGGTATACA,0
ATATCGGATAACCAAC,0
ATATCGGGGCTAAATA,0
ATATCGGGTGCCGTCA,0
ATATCGGTAAACTATG,0
ATATCGGTAGATTCCC,0
ATATCGTAGCAAAACA,0
ATATCGTTGACCAATC,0
ATATCGTTGTAATTAA,0
ATATCTAATGAGTACA,0
ATATCTACAAGGTATT,0
ATATCTACGATACATC,0
ATATCTACTTATAGGA,0
ATATCTAGAAATAGGC,0
ATATCTAGACAAGTTG,0
ATATCTATAACCGGCA,0
ATATCTCAAGCAACAT,0
ATATCTCCAATATACG,0
ATATCTCCATCAGCTA,0
ATATCTCCGCAAACTT,0
ATATCTCGAGTATAGA,0
ATATCTCTCAAGGATC,0
ATATCTGCAGATGCAA,0
ATATCTGTGCAGTGCC,0
ATATCTTAACACTTAA,0
ATATCTTAGCTAGGGT,0
ATATCTTGTTGACCAT,0
ATATCTTTCGAAATCC,0
ATATCTTTTGAACCCG,0
ATATGAAAAAAATGCG,0
ATATGAAAAAATAGCA,0
ATATGAAAAAATGGAG,0
ATATGAAAAGCATCCC,0
ATATGAAAATCCTAAA,0
ATATGAAAATCGGAAA,0
ATATGAAACCTCAGAG,0
ATATGAAAGATTGGAA,0
ATATGAAAGCTTAAAA,0
ATATGAAAGGACCAAA,0
ATATGAACCATATTTC,0
ATATGAACGCTCACTC,0
ATATGAACTGATTAGA,0
ATATGAATCCGAGGCT,0
ATATGAATCTCCATTA,0
ATATGACAAATTTTAA,0
ATATGACAACCTACCG,0
ATATGACACAAACTGT,0
ATATGACAGTCGAAAC,0
ATATGACATGTACAGT,0
ATATGACGTCTACTTA,0
ATATGACTAAAAAAGT,0
ATATGAGCAAGCAAAA,0
ATATGAGCAAGTGCTG,0
ATATGAGCACCAGTTA,0
ATATGAGGCGTTGAAA,0
ATATGATAGCCCCCTG,0
ATATGATCAAAGACTG,0
ATATGATGAGCGTAGA,0
ATATGATGCTGATAAA,0
ATATGATGGGTAACGA,0
ATATGATTCGCAAAGC,0
ATATGCAAAATTAGAC,0
ATATGCAACATACGCC,0
ATATGCACAAGCAGTC,0
ATATGCATCGCGACCC,0
ATATGCCAATAGCTCT,0
ATATGCCAGCCTCCTC,0
ATATGCCAGCGTATCA,0
ATATGCCCCACCATAG,0
ATATGCCCTAGCCCTA,0
ATATGCGAACCAAATC,0
ATATGCGACTAGAAGG,0
ATATGCGGCACCGCCT,0
ATATGCGTACCTATTA,0
ATATGCTAAGAAAGAT,0
ATATGCTAGAAAACAC,0
ATATGCTATGTCCAAA,0
ATATGCTCAAAGTCTT,0
ATATGCTGTGAGCCCA,0
ATATGCTTAAGGATAC,0
ATATGCTTACAAAATG,0
ATATGCTTCGAGTGGA,0
ATATGCTTTGGAATCG,0
ATATGGAACTGCCCAG,0
ATATGGAGTAACAGCT,0
ATATGGATCAACTAAC,0
ATATGGCTGCTCACCA,0
ATATGGGAAACTACAA,0
ATATGGGATCACCATA,0
ATATGGTGACGAAGAG,0
ATATGGTGCATCAGTA,0
ATATGTAAAAAATGTT,0
ATATGTAAATACAAGA,0
ATATGTAAGATAGCAT,0
ATATGTAAGCCTCCTG,0
ATATGTCCAAAGATAA,0
ATATGTCCAGAATGAA,0
ATATGTGAAAAAATAC,0
ATATGTGGAGTGATTA,0
ATATGTTAAGCACCGA,0
ATATGTTGAGTGCCGT,0
ATATGTTTACCCATCA,0
ATATTAAAAAATTCAA,0
ATATTAAAAACTCGCT,0
ATATTAAAATCATGTT,0
ATATTAAACACTTCGA,0
ATATTAAACATAGTTA,0
ATATTAAAGACCTGCA,0
ATATTAACTAACAATC,0
ATATTAACTCCCTTTA,0
ATATTAAGATTATAAA,0
ATATTAAGTAGAAGAA,0
ATATTAATCAGAGATA,0
ATATTAATTAAAACCA,0
ATATTACACAGTGCGA,0
ATATTACACTACGATA,0
ATATTACATAAATTAA,0
ATATTACCTGTGTATT,0
ATATTACGTAAAACAC,0
ATATTACGTTTGGAAT,0
ATATTACTCTCATCAC,0
ATATTAGAAAAAAATC,0
ATATTAGAAACTAACT,0
ATATTAGACACAGCAA,0
ATATTAGACCGTCTCT,0
ATATTAGACTTTTACA,0
ATATTAGAGATCCTGC,0
ATATTAGATAATAATG,0
ATATTAGATTACAAGA,0
ATATTAGCCTAATCCG,0
ATATTAGCGCTACAAC,0
ATATTATAATCCCCTA,0
ATATTATAATGGTTAA,0
ATATTATAATTCATAG,0
ATATTATAGCTGTTTT,0
ATATTATATTGACCCC,0
ATATTATCCAACTGAG,0
ATATTATCTGTGCGAG,0
ATATTATGAACGTACA,0
ATATTATGCCTTTAAG,0
ATATTATGTAACCCTC,0
ATATTCAAAGAGCTTG,0
ATATTCAAGACTTTCT,0
ATATTCAATCAGAGAC,0
ATATTCACCATAAGCC,0
ATATTCACCTACAATT,0
ATATTCACGAGACATA,0
ATATTCATAGCAAGGA,0
ATATTCATGTTTCAAC,0
ATATTCATTAGCTTGA,0
ATATTCCAATGTTCAG,0
ATATTCCATTCACAAC,0
ATATTCCCGTATCTAA,0
ATATTCCCTTGGATGC,0
ATATTCCTAGCAGCCT,0
ATATTCGCACCACTAG,0
ATATTCTGCTTAATTC,0
ATATTGAAGCGTTTCA,0
ATATTGACCAGACATG,0
ATATTGACGTTAAGAT,0
ATATTGAGGCTATAAT,0
ATATTGATCGAAAAAA,0
ATATTGCAAACCGACG,0
ATATTGCAACCAATGA,0
ATATTGCAAGGATACT,0
ATATTGCATACGATAT,0
ATATTGCCAAACCACG,0
ATATTGCCAGAGCTTG,0
ATATTGCCCATGCCTA,0
ATATTGCGATCCTGTC,0
ATATTGCTGAAATCAA,0
ATATTGGATAAAGAAC,0
ATATTGGCAGCCGACA,0
ATATTGGGAGAACACA,0
ATATTGGGTGATCCAG,0
ATATTGGTATATGCCT,0
ATATTGTACCGCAAGC,0
ATATTGTATGGTACCC,0
ATATTGTATTATCGTA,0
ATATTGTCGATGAAAA,0
ATATTTAAACTCAATT,0
ATATTTAAGATATAGA,0
ATATTTAATAAAGTCC,0
ATATTTAATATACAAT,0
ATATTTACCTATGAAG,0
ATATTTACTCAGCAAC,0
ATATTTAGCTTCACTA,0
ATATTTAGGCGTATTC,0
ATATTTAGGCTAAATT,0
ATATTTATAGCAAAAC,0
ATATTTCACCCAATGA,0
ATATTTCCAAATGATT,0
ATATTTCCAGTCTCCT,0
ATATTTCGACTCACAA,0
ATATTTGAAAATGTAT,0
ATATTTGAAACAGTGG,0
ATATTTGGCCATTAGA,0
ATATTTGTCAATCACA,0
ATATTTGTCTTGTAAC,0
ATATTTTGCACTAACA,0
ATATTTTGCCATGCTT,0
ATATTTTTATGCTTCT,0
ATATTTTTGCTGGCCC,0
ATATTTTTTTGAGCCT,0
ATCAAAAAAAACCATA,0
ATCAAAAAATATAATA,0
ATCAAAAACCGGACTG,0
ATCAAAAATATCATTA,0
ATCAAAAATTAGACAC,0
ATCAAAACAGCGCCTA,0
ATCAAAACAGGATTTA,0
ATCAAAACCATTCGTT,0
ATCAAAACTAAATCTA,0
ATCAAAACTCGCCAGT,0
ATCAAAAGATTGCACC,0
ATCAAAAGCTCGCAGA,0
ATCAAAAGTAAGGTGT,0
ATCAAAAGTATCACAC,0
ATCAAAATGAGCTCCA,0
ATCAAAATGTGGTATT,0
ATCAAACAACTGAACT,0
ATCAAACACGTACCCT,0
ATCAAACCGAAGAGGA,0
ATCAAACTAAACAATC,0
ATCAAACTACCAATAC,0
ATCAAACTATTCCGAA,0
ATCAAACTCTCACAAC,0
ATCAAACTTTACAGCT,0
ATCAAAGAAGTCGGTC,0
ATCAAAGAAGTGCTCA,0
ATCAAAGACTCGATAT,0
ATCAAAGATTAAGACT,0
ATCAAAGCAAAATATG,0
ATCAAAGCTCCAAATT,0
ATCAAAGTGTATACAA,0
ATCAAATACAGCAGGG,0
ATCAAATACCTACCAA,0
ATCAAATAGCCATCCC,0
ATCAAATCCTAAATTA,0
ATCAAATGATTGCCAA,0
ATCAAATGTCGACACT,0
ATCAAATGTGATAATA,0
ATCAAATGTTCAGCAA,0
ATCAAATTACTTCACA,0
ATCAACAAACTGATAA,0
ATCAACATCAAAAACC,0
ATCAACATCCAATAGG,0
ATCAACCAAAAAACTT,0
ATCAACCAAAAGCATG,0
ATCAACCCAACAGTAG,0
ATCAACCCAGAAATCC,0
ATCAACCCGAGGAAAT,0
ATCAACCGTAACATTC,0
ATCAACCTACCGTAGT,0
ATCAACGACACGAGAA,0
ATCAACGTACATTTAA,0
ATCAACGTTCACTAGT,0
ATCAACTAACTCTTCT,0
ATCAACTACATTCAGC,0
ATCAACTAGACATCAC,0
ATCAACTCGAATATTG,0
ATCAACTGACTAATTC,0
ATCAACTTGAATTGTT,0
ATCAACTTTATGACAT,0
ATCAACTTTTAGACGA,0
ATCAAGAAACATTAAG,0
ATCAAGAAATAACTGT,0
ATCAAGAATTCTATTG,0
ATCAAGAGCAAAACAT,0
ATCAAGAGCAAAGTAG,0
ATCAAGATCAACACGT,0
ATCAAGATGCGCCACC,0
ATCAAGATTCTCTGGA,0
ATCAAGATTGTGCGCA,0
ATCAAGCAAAAGAAGG,0
ATCAAGCAATACTAGC,0
ATCAAGCAGTGATTAA,0
ATCAAGCCAGAAAGAT,0
ATCAAGCCGTACGCGA,0
ATCAAGCCTTATGAGC,0
ATCAAGCTTGTTAAAA,0
ATCAAGGACAGACCGC,0
ATCAAGTAACCAATCC,0
ATCAAGTAGAACAAAG,0
ATCAAGTAGTGTGGTC,0
ATCAAGTGCCGCAACT,0
ATCAAGTGTCTAGATA,0
ATCAAGTTATGGACAA,0
ATCAAGTTCTATAATG,0
ATCAAGTTTCAACAGA,0
ATCAATAAAACCAAGA,0
ATCAATAAAGCAATGG,0
ATCAATAAATAATAGA,0
ATCAATAATTGTGCAC,0
ATCAATACAGAGTTAG,0
ATCAATAGTTAATATC,0
ATCAATATCTCTAGTG,0
ATCAATATCTTTCATC,0
ATCAATATGAATCTAT,0
ATCAATCAATGAATCA,0
ATCAATCAGAGTGCTT,0
ATCAATCATAAATGGG,0
ATCAATCCAATGCCTC,0
ATCAATCTAAGAATTA,0
ATCAATGAAAACAACA,0
ATCAATGAATTAAGAG,0
ATCAATGGAATTTTCT,0
ATCAATGTTTCAGCCG,0
ATCAATTAATAAAAGA,0
ATCAATTAGGCTGGTG,0
ATCAATTATCCAAGCA,0
ATCAATTATCTTCATA,0
ATCAATTCGAAGAAAA,0
ATCAATTCGAAGTTAA,0
ATCAATTTATCAGCGG,0
ATCAATTTGCTATAGT,0
ATCACAAAAAAATTGA,0
ATCACAAAACTCCTAA,0
ATCACAAAGAAAACGA,0
ATCACAAATAAAAGGG,0
ATCACAAATTCACAAA,0
ATCACAACTATCATTA,0
ATCACAAGACTCGTGC,0
ATCACAATATAAAACT,0
ATCACACACGACATCC,0
ATCACACATATGGAGA,0
ATCACACATCAATGCA,0
ATCACACATCCAACAG,0
ATCACACCCATCACAC,0
ATCACACCTGAATCAG,0
ATCACACGAATGATAC,0
ATCACACGACCCTTAT,0
ATCACACGCCATCATC,0
ATCACATACAGTCTTG,0
ATCACATTAATCGCCG,0
ATCACATTCCTACAAA,0
ATCACATTCTTTAAAT,0
ATCACCACGCCATCTG,0
ATCACCATACCTAGTC,0
ATCACCCTATTTAATA,0
ATCACCGGAACGTCAT,0
ATCACCGTTCTGAACG,0
ATCACCTATCCGATCT,0
ATCACCTTATTTAAAA,0
ATCACCTTTTCAAGTG,0
ATCACGAATACCTGCA,0
ATCACGACAGGTAGGC,0
ATCACGAGCACCATAC,0
ATCACGAGTAGATAAG,0
ATCACGATATTCAGTT,0
ATCACGCAGACCGACA,0
ATCACGCATAATCTTG,0
ATCACGCCGTTGCTGT,0
ATCACGCCTGACGAGA,0
ATCACGTAGAAACTGT,0
ATCACGTATGAGTACA,0
ATCACGTGAAAATGAA,0
ATCACGTGACTTTGAG,0
ATCACGTGGCCTAGAC,0
ATCACGTTAAACTCGA,0
ATCACTAAAATAGATG,0
ATCACTACATTACATG,0
ATCACTAGACAGACTG,0
ATCACTAGAGAAAACA,0
ATCACTATAATATTCG,0
ATCACTATCATGTTGT,0
ATCACTATCATTATTA,0
ATCACTCAAGAAGGTA,0
ATCACTCACCCAAGGT,0
ATCACTCATTCGATCC,0
ATCACTCGTACTTCAC,0
ATCACTCTATATTATT,0
ATCACTGATGTAAGGG,0
ATCACTGGCCGTCATA,0
ATCACTGTAAGAATAG,0
ATCACTGTCAAACCCG,0
ATCACTTAAGAGGTAA,0
ATCACTTAAGGAGCTA,0
ATCACTTTCTTCGCTA,0
ATCACTTTGCCAGACG,0
ATCAGAAACACGTTTA,0
ATCAGAAAGCTCCCAA,0
ATCAGAAATCCTTAAA,0
ATCAGAACAATACATA,0
ATCAGAACACTTTTGA,0
ATCAGAACAGATGCTG,0
ATCAGAACTGAGACTT,0
ATCAGAAGACAACTAA,0
ATCAGAAGGACACTGG,0
ATCAGAATGTCAAGAC,0
ATCAGACACTGTGTTT,0
ATCAGACAGCCTTACA,0
ATCAGACCTTGAGGTT,0
ATCAGACGGGCGGCAG,0
ATCAGACTAAACTGCC,0
ATCAGACTGATAGACA,0
ATCAGAGAACAATTGA,0
ATCAGAGTGGCTAGTA,0
ATCAGAGTGTGTACGA,0
ATCAGATAACATCATG,0
ATCAGATCCGAACGAA,0
ATCAGCAACACGTATA,0
ATCAGCAAGTAAATGT,0
ATCAGCACGAAACAAG,0
ATCAGCACTATAAACA,0
ATCAGCATAAAACGGC,0
ATCAGCATGCTAGCTG,0
ATCAGCCCCTCAGATT,0
ATCAGCCCTAAGTGTA,0
ATCAGCGATCTACACG,0
ATCAGCGCGTACAGGG,0
ATCAGCGTGCAATAAT,0
ATCAGGAAATCCAAAA,0
ATCAGGAAGTGCTTGG,0
ATCAGGCTATCTATGC,0
ATCAGGGAGCTGACTT,0
ATCAGGGATCAAAAAA,0
ATCAGGTCTTTATACA,0
ATCAGGTGATGACGAT,0
ATCAGGTTTAAGTCCT,0
ATCAGTAAAGATTCCA,0
ATCAGTAAAGTAGACT,0
ATCAGTAACTTTGCCT,0
ATCAGTAAGACTTTAT,0
ATCAGTAATATTGGAC,0
ATCAGTCAGTCATTAC,0
ATCAGTCGCGTACCAA,0
ATCAGTGATATAGGAA,0
ATCAGTGATATCTATA,0
ATCAGTGCACACCTTT,0
ATCAGTGCATACACCG,0
ATCAGTGTATTTCCAT,0
ATCAGTTAATATTTGG,0
ATCAGTTACACCCCCA,0
ATCAGTTCAGAAGTAG,0
ATCAGTTTTTCCATTT,0
ATCATAAACAGGACGC,0
ATCATAAACCAAGTAC,0
ATCATAAACTAAAACC,0
ATCATAAAGATACCAC,0
ATCATAAATAAGGAAG,0
ATCATAACAAGAGGTA,0
ATCATAACTCTAAAAC,0
ATCATAACTCTTCACT,0
ATCATAACTTATCAAT,0
ATCATAAGAACTAAAA,0
ATCATAAGCATGAGCC,0
ATCATACATAAGTGAG,0
ATCATACCTATAAGGC,0
ATCATACGCAACAACA,0
ATCATACGCACGAGCG,0
ATCATACGGTTCTAGT,0
ATCATACTAACGTCCG,0
ATCATACTAGACACGT,0
ATCATACTGGTTGAAC,0
ATCATAGAACTTTCGT,0
ATCATAGACTATCAGT,0
ATCATAGAGATCCCTA,0
ATCATAGCCTTTACTC,0
ATCATAGCGTATGAAC,0
ATCATAGGTATTCGTA,0
ATCATAGTCTTGGAAG,0
ATCATATACATTGCGC,0
ATCATATCACTCAATC,0
ATCATATCCAGGGATT,0
ATCATATCGCTTGACA,0
ATCATATTGTGAAACA,0
ATCATATTTTTACCTT,0
ATCATCAAGATACCCC,0
ATCATCAAGATTAAAG,0
ATCATCAATCTCCACC,0
ATCATCACAACTATGC,0
ATCATCAGTTTTAAGC,0
ATCATCCACCGGACAA,0
ATCATCCGACCGTTAA,0
ATCATCGGTCACTGGA,0
ATCATCTAAAGTTAGC,0
ATCATCTTACATTCAA,0
ATCATCTTATTCATCA,0
ATCATGAAAACGAGGG,0
ATCATGAAGTCCCAAG,0
ATCATGAGCATGATCA,0
ATCATGAGGGACGTTG,0
ATCATGATCATAAACT,0
ATCATGATGAGACATA,0
ATCATGATTACAGATG,0
ATCATGCTGTGAATAT,0
ATCATGCTGTTACACA,0
ATCATGGCCCACCCAA,0
ATCATGGTGTGGATCA,0
ATCATGTATCACAAGA,0
ATCATTAAAAGGGGGC,0
ATCATTAAAGAACATT,0
ATCATTAACCCTAAAA,0
ATCATTAAGATCTCAA,0
ATCATTAAGATTCCTG,0
ATCATTACAAAAAAGT,0
ATCATTACAATTGGCG,0
ATCATTACTCTTCAAT,0
ATCATTAGAGGAGAAT,0
ATCATTCATCAGTAAT,0
ATCATTCCTTTGCAGA,0
ATCATTCGAAGGTGGA,0
ATCATTCTTAACCACA,0
ATCATTGAAAGTTATA,0
ATCATTGAATTTCCGG,0
ATCATTGAGATACACA,0
ATCATTGGAATAGTAT,0
ATCATTGGGGGGTACG,0
ATCATTTAACATTTTT,0
ATCATTTACGTCCATA,0
ATCCAAAAAAGTTAAT,0
ATCCAAAAACCAAATA,0
ATCCAAAACCCCAAAA,0
ATCCAAAATATAGGCA,0
ATCCAAAATGTGCCTG,0
ATCCAAACAGGATCCG,0
ATCCAAAGATTGGGCA,0
ATCCAAAGCTGAAAGA,0
ATCCAAAGGAACCTCC,0
ATCCAAATAAACTATA,0
ATCCAAATAACTCCTA,0
ATCCAACAACTCTGGA,0
ATCCAACAGCGTACAT,0
ATCCAACATAGAATTA,0
ATCCAACCGTTGGACA,0
ATCCAACTAAAACAAT,0
ATCCAACTAACCATTA,0
ATCCAACTACCCGGTT,0
ATCCAAGACAAGGATA,0
ATCCAAGACCGCATTA,0
ATCCAAGATGCGAAAG,0
ATCCAAGATGGCCATC,0
ATCCAAGCCGCATACC,0
ATCCAAGGATCATCTA,0
ATCCAATAAAGAAAGT,0
ATCCAATATACAAAAA,0
ATCCAATCGAAACTAA,0
ATCCAATCGTTATACA,0
ATCCAATGCAAGTGTA,0
ATCCAATGCACCACGA,0
ATCCAATGTAAACTCT,0
ATCCAATGTATCTGTG,0
ATCCAATGTGCCGAAA,0
ATCCAATTATTAGAGT,0
ATCCAATTTGTGGAAC,0
ATCCACAAAAGTGATA,0
ATCCACAAACAACCTC,0
ATCCACAAGAGGAGAA,0
ATCCACAAGCTCATGT,0
ATCCACACAAATCCAT,0
ATCCACCACGTCCTTA,0
ATCCACCAGATCTACC,0
ATCCACCAGTTAGTTA,0
ATCCACCCATTTAGCG,0
ATCCACGAACCTTTAC,0
ATCCACGCATCGGAAG,0
ATCCACGCGCAAAGTA,0
ATCCACGGAAGAAGCG,0
ATCCACGGGACACATT,0
ATCCACGTCCGCCGTA,0
ATCCACTGACAGTCGA,0
ATCCACTGTCTGAATA,0
ATCCACTTAACGGTCA,0
ATCCACTTTAATAGCA,0
ATCCAGACTTGAGCAC,0
ATCCAGAGACAAAACA,0
ATCCAGATAATCATCA,0
ATCCAGCAACTCTTAA,0
ATCCAGCCAGCCGCAT,0
ATCCAGCGACTATCAG,0
ATCCAGCGATTAACTT,0
ATCCAGCTACACCAAA,0
ATCCAGCTATGAGAAA,0
ATCCAGCTGACGTAGC,0
ATCCAGTAACGTCAGC,0
ATCCAGTAGACTTAGG,0
ATCCAGTATTGCCACC,0
ATCCAGTCTTAATTCA,0
ATCCAGTGAGTATGTC,0
ATCCAGTGCACATAAG,0
ATCCAGTTCATAGGCC,0
ATCCATAAAATGAACA,0
ATCCATAAGAAAACTT,0
ATCCATAAGGCAGTAC,0
ATCCATAATCAACTTC,0
ATCCATACACCACATA,0
ATCCATAGCTTGGACT,0
ATCCATATAATTTTCG,0
ATCCATATAGCAAAAC,0
ATCCATATTATCTTAA,0
ATCCATCAATGAGGAA,0
ATCCATCACTCAACGG,0
ATCCATCCCATTAACC,0
ATCCATGAAATGTTTG,0
ATCCATGAGGCTAAGC,0
ATCCATGCAAAAGAGT,0
ATCCATTAAAAAAAAA,0
ATCCATTGAGCATATA,0
ATCCATTTAAACGCGG,0
ATCCATTTTATCATGT,0
ATCCCAAAACATGTGG,0
ATCCCAAAATTCACAG,0
ATCCCAAATCTGCCGA,0
ATCCCAACGTCACGAC,0
ATCCCAAGATTAGGGA,0
ATCCCAAGGCGGACTT,0
ATCCCAAGTAAACATT,0
ATCCCAATTCCAACCA,0
ATCCCACAGACGTTAC,0
ATCCCACGATTGCGGA,0
ATCCCACGCAACAGAC,0
ATCCCACGGCAGAGTA,0
ATCCCAGACTAAGTAA,0
ATCCCAGACTAAGTAT,0
ATCCCAGGTTATCAGC,0
ATCCCATAATGAAATT,0
ATCCCATGAGGTGACC,0
ATCCCATGCAGTATAG,0
ATCCCATTAACACTAA,0
ATCCCATTCCACATAT,0
ATCCCATTTTGATGAT,0
ATCCCCAAACACGGAA,0
ATCCCCAAGGTATCAA,0
ATCCCCAGGGACCATA,0
ATCCCCATGAAAAATA,0
ATCCCCCAGAATATGA,0
ATCCCCCCAAAGCTAG,0
ATCCCCCTGCAGTACT,0
ATCCCCGTATGCTAAA,0
ATCCCCTTGATATGTG,0
ATCCCGACACACGAAA,0
ATCCCGACCTAAGCTG,0
ATCCCGATTTTAGAAA,0
ATCCCGCATACCGGGA,0
ATCCCGCCTATGATCG,0
ATCCCGCTAGGAGCCC,0
ATCCCGGAACTGTAAT,0
ATCCCGGAGTATCTCG,0
ATCCCGGCTGCACGGG,0
ATCCCGTAAATCCATG,0
ATCCCGTCAACAAAAC,0
ATCCCGTGCACACAAA,0
ATCCCGTGCGTATGCG,0
ATCCCTAAACATTATT,0
ATCCCTAACGGGTGTC,0
ATCCCTACTCCAGCCG,0
ATCCCTACTTCACCGT,0
ATCCCTATAAACCAAC,0
ATCCCTATTTTAGCCA,0
ATCCCTCGCGATGCTA,0
ATCCCTCTTCAGGAAA,0
ATCCCTGATTAGTCAA,0
ATCCCTTAAAGCACGG,0
ATCCCTTAATAGAAGA,0
ATCCCTTATAGGGATA,0
ATCCCTTCCCCCACAG,0
ATCCCTTTAAAACGAG,0
ATCCGAAACGATTGGT,0
ATCCGAAAGAAGGCCC,0
ATCCGAAAGTGTAAAC,0
ATCCGAACAACATTAG,0
ATCCGAAGCAACAACC,0
ATCCGAATCAGCATGG,0
ATCCGACCCAGTGAAA,0
ATCCGACCGGAGTGAC,0
ATCCGACCTATCACCT,0
ATCCGACGCAACAATA,0
ATCCGAGAACACATTA,0
ATCCGAGACAGCGATG,0
ATCCGAGCACCAACCC,0
ATCCGAGCATACAACC,0
ATCCGAGCTCGGTCTA,0
ATCCGAGTGATGGGGC,0
ATCCGCATAATGACCC,0
ATCCGCATACCGGACC,0
ATCCGCATTTAGGCTA,0
ATCCGCCCCAAATCAA,0
ATCCGCCTGCCAAAGT,0
ATCCGCGAGACGACTA,0
ATCCGCGCCACCATCA,0
ATCCGCGTACAACACC,0
ATCCGGCCTTATCGCA,0
ATCCGGGATTCACTAG,0
ATCCGGTCCCCCGTAG,0
ATCCGGTCTAGGTCAA,0
ATCCGTAAGAAATAAA,0
ATCCGTAGACCACCTG,0
ATCCGTAGTCATAACA,0
ATCCGTCCGAATAAAA,0
ATCCGTCGAAATCAAC,0
ATCCGTGAACTAAATT,0
ATCCGTGTCAAAAGAC,0
ATCCGTTGAGTCGCAG,0
ATCCTAAAAATTAGAG,0
ATCCTAAAACACAAAA,0
ATCCTAAATACAAAAC,0
ATCCTAAATTCAAGTT,0
ATCCTAAGAGGAATAA,0
ATCCTAATTTATATAT,0
ATCCTACAAATTAATC,0
ATCCTACAATTTGACG,0
ATCCTACACAGTCGTC,0
ATCCTACAGCTTCACA,0
ATCCTAGCCATAGAGG,0
ATCCTAGGAACTCAGT,0
ATCCTAGGGATAAACC,0
ATCCTATACCTGAAGA,0
ATCCTATCAATAGTAT,0
ATCCTATTACGCACTA,0
ATCCTATTCAAAAATA,0
ATCCTATTGGTGGGCA,0
ATCCTCACGACACAGA,0
ATCCTCACTCAAAACC,0
ATCCTCCAACTTCACA,0
ATCCTCGAAAATCCAC,0
ATCCTCGAGACTTATA,0
ATCCTCGCTATAAGGT,0
ATCCTCGGACAAATGC,0
ATCCTCGTTAGACACT,0
ATCCTCTACGACGAAT,0
ATCCTCTTATATAGTA,0
ATCCTGAATATCTGGA,0
ATCCTGAATTAGTAAA,0
ATCCTGAGACATTGAC,0
ATCCTGAGCAGAGCGG,0
ATCCTGAGTTCTTAAA,0
ATCCTGATAACTTTCC,0
ATCCTGATTAAGGTAT,0
ATCCTGCAACGTGATG,0
ATCCTGCCATTGTACT,0
ATCCTGCCCGTGGACG,0
ATCCTGCTAAAGCAAA,0
ATCCTGGAAATAGAGC,0
ATCCTGGACATTTCCG,0
ATCCTGGATAAAATAA,0
ATCCTGGATAGAACAG,0
ATCCTGGCGCAAAAGC,0
ATCCTGTCAGATCATT,0
ATCCTGTGTATGAATC,0
ATCCTTAAGCCAGACA,0
ATCCTTATCCTAGGTC,0
ATCCTTATGGCTCTAA,0
ATCCTTCGAACAATAG,0
ATCCTTGAATGAGATA,0
ATCCTTGATAAGTGGG,0
ATCCTTGCTCAGATCC,0
ATCCTTTAATGGCCTT,0
ATCCTTTGGATAGAAA,0
ATCCTTTTTCATGCAC,0
ATCGAAAAAATAAACA,0
ATCGAAAAAATCACAA,0
ATCGAAAAAGGTAAAT,0
ATCGAAAACGCCACAA,0
ATCGAAAACTTAAATG,0
ATCGAAAATAGTATGC,0
ATCGAAACAAACGTGG,0
ATCGAAAGAACGTTTA,0
ATCGAAAGACGAGATA,0
ATCGAAAGCCATCCCC,0
ATCGAACAAATTATCG,0
ATCGAACAATAGTACT,0
ATCGAACAGTCAAAAC,0
ATCGAACGATCATATT,0
ATCGAACGCCTATGAA,0
ATCGAACTGGAAACGT,0
ATCGAAGAAGCAATAT,0
ATCGAAGAGGTCAAGA,0
ATCGAAGAGTCACCTT,0
ATCGAAGGTTAGACAT,0
ATCGAAGTATAACCCA,0
ATCGAAGTCACACGTT,0
ATCGAATAACTCAACT,0
ATCGAATACGTACTTG,0
ATCGAATACTGGGTGT,0
ATCGAATCCGCTAAAG,0
ATCGAATTAGGACAGT,0
ATCGACAAACTCAAGC,0
ATCGACAATGACAAAG,0
ATCGACACAATGCGTT,0
ATCGACACCTTATACT,0
ATCGACATACGTTCCC,0
ATCGACCACCTACAGC,0
ATCGACCCCAGAATAC,0
ATCGACCCCAGGTGTT,0
ATCGACCTAGAAAATG,0
ATCGACCTGGCGGATT,0
ATCGACGACACTAACG,0
ATCGACGATATATCAA,0
ATCGACGATCCAGACT,0
ATCGACTAGCCAAAAT,0
ATCGACTCACCCCGAT,0
ATCGACTTAATTATCC,0
ATCGACTTTGCGCTGC,0
ATCGAGAACTATAGAC,0
ATCGAGACACCAAATT,0
ATCGAGACGATAAGTT,0
ATCGAGAGCTCGCTGA,0
ATCGAGATAGACAAAC,0
ATCGAGCAAGGAATAT,0
ATCGAGCTGCCGTGTC,0
ATCGAGGCCAGGATTT,0
ATCGAGGGCGTCTCAG,0
ATCGAGTGAGCCCACA,0
ATCGATAAGGTTTTAA,0
ATCGATACCGACACAG,0
ATCGATACGTGGCCGT,0
ATCGATATACCGCGAT,0
ATCGATCAGCTGTAGA,0
ATCGATCTGTGGGAGC,0
ATCGATGAAACGAAGC,0
ATCGATGAAATTCCTA,0
ATCGATGAAATTGACC,0
ATCGATGAATTTATTA,0
ATCGATGCAGAGGAAA,0
ATCGATGGCAGGTTAC,0
ATCGATTACAAAAAAT,0
ATCGCAAAACCCAGAG,0
ATCGCAAAACCGTTGG,0
ATCGCAAATGCGTCAT,0
ATCGCAAGACCATTCA,0
ATCGCAAGCGATTGCC,0
ATCGCAATTAATATGT,0
ATCGCACGCCACAGTA,0
ATCGCACGGAAACGGC,0
ATCGCACGTGGCGCAG,0
ATCGCACTTTAAGTCG,0
ATCGCAGAACAAGCAA,0
ATCGCAGCTACAATCA,0
ATCGCAGGTTTCGTAC,0
ATCGCATATCTTTTGA,0
ATCGCATATTTAAAGG,0
ATCGCATCTTATTCTA,0
ATCGCATGCCAACAGT,0
ATCGCCACGACTAAAG,0
ATCGCCATCAAAAATC,0
ATCGCCGCCAAGTAAA,0
ATCGCGAAACTACACT,0
ATCGCGAAGATTCAAT,0
ATCGCGAATACTACTT,0
ATCGCGACATACTCGA,0
ATCGCGACTACAACCT,0
ATCGCGATTTCACCCA,0
ATCGCGGTTTCTATAC,0
ATCGCGTGTTCCACAA,0
ATCGCGTTCGCGAGGA,0
ATCGCTAAGGGTTTCT,0
ATCGCTACCTTCTGAT,0
ATCGCTATATTTTTGT,0
ATCGCTGCATCAGGAA,0
ATCGCTTTCAACAGAA,0
ATCGCTTTCAACCGAC,0
ATCGGAAGTTACAAAG,0
ATCGGACATGATAAAC,0
ATCGGACATTCCAATT,0
ATCGGACCCCCTTAGA,0
ATCGGAGCAATGATTC,0
ATCGGAGCGACTGGTC,0
ATCGGAGTTCTAAAAA,0
ATCGGATAAGAGTCCA,0
ATCGGATGAAGAGTCA,0
ATCGGATGACACCGGT,0
ATCGGATTTAAAAGGG,0
ATCGGCAAACGATATA,0
ATCGGCAAAGTACATT,0
ATCGGCAACCAAAAAA,0
ATCGGCATTGTATATT,0
ATCGGCCAAAAATTAC,0
ATCGGCCTGATGAGTT,0
ATCGGCGAATGCAGAT,0
ATCGGCTCGGGATTTT,0
ATCGGGAACCAATTAC,0
ATCGGGAATCTATATC,0
ATCGGGACAACTCTGA,0
ATCGGGAGAAATTATA,0
ATCGGGATAATATTCA,0
ATCGGGCGTTATATTT,0
ATCGGGGAAATAGACA,0
ATCGGGGACCCTTGCA,0
ATCGGGTTGGTCGTTG,0
ATCGGGTTTCGCTTTA,0
ATCGGTAAATAAACTA,0
ATCGGTAGACGGCATA,0
ATCGGTATGAATCGTG,0
ATCGGTCATCATAAAC,0
ATCGGTCCAGGTGATG,0
ATCGGTGAATCCATGT,0
ATCGGTTGACCGAAAA,0
ATCGTAAACATATTAG,0
ATCGTAACCACCGCAC,0
ATCGTACAATAATGCT,0
ATCGTACCTTTAGTTA,0
ATCGTACTTCAACTGC,0
ATCGTACTTTCCCAAA,0
ATCGTAGCGACACAGC,0
ATCGTAGTGCGCGAAT,0
ATCGTATAATTGAGTC,0
ATCGTATAATTTCTCA,0
ATCGTATATCTGTCAA,0
ATCGTATGACATTGGC,0
ATCGTCAAAACCAACT,0
ATCGTCCGATTGTTAG,0
ATCGTCCGCCACCTCG,0
ATCGTCGATTGCTATA,0
ATCGTCGCTTTCAACC,0
ATCGTCGGAAAGTATT,0
ATCGTCTAATGTAGCA,0
ATCGTCTGGCTAAGAT,0
ATCGTCTGGTAATTAT,0
ATCGTGAAACAACATC,0
ATCGTGAACTTTACCC,0
ATCGTGCGATACGCAT,0
ATCGTGCTTGACTTAG,0
ATCGTTAAAAATCAGA,0
ATCGTTCCACACATTC,0
ATCGTTCCGGAAGCGT,0
ATCGTTCGCAACATTC,0
ATCGTTGAAAAGTCTA,0
ATCGTTGGACTCGAAT,0
ATCGTTTACAGTTACC,0
ATCGTTTCATAAGTAC,0
ATCGTTTGAGCGACGA,0
ATCTAAAAAACTCCAA,0
ATCTAAAAAGAGCGAC,0
ATCTAAAATACATATA,0
ATCTAAACAGAATTAT,0
ATCTAAACAGCTCGAT,0
ATCTAAACATCAAGGG,0
ATCTAAACATCACATA,0
ATCTAAACTATACTAT,0
ATCTAAAGACAATAAG,0
ATCTAAATAAAAGTAT,0
ATCTAAATATAACAGA,0
ATCTAAATCGAACCCT,0
ATCTAAATCGAAGATC,0
ATCTAACATATCCCTC,0
ATCTAACCTAATATCA,0
ATCTAACGATAACGTA,0
ATCTAACGCTACAACA,0
ATCTAACGGACACAAA,0
ATCTAACGTTTGTATA,0
ATCTAAGAACGTAATT,0
ATCTAAGAAGGGTCAA,0
ATCTAAGACGAGGAGA,0
ATCTAAGAGATTGAAG,0
ATCTAAGTACTACCAC,0
ATCTAAGTCAAAAACG,0
ATCTAAGTTAAATTTA,0
ATCTAATACTAGAAAT,0
ATCTAATAGTTAACAT,0
ATCTAATATAACCAGT,0
ATCTAATATGAAGGTG,0
ATCTAATCCAGGATGG,0
ATCTAATCTACAAAAT,0
ATCTAATTGAAATTAT,0
ATCTAATTGACCTAAT,0
ATCTACAACTGCTGAT,0
ATCTACAATTTAAAAG,0
ATCTACACCGGTACCG,0
ATCTACATAACATTCA,0
ATCTACCAAAAAATCT,0
ATCTACCGAACTCCAC,0
ATCTACGAGCCCCAGA,0
ATCTACGCTTTGAATT,0
ATCTACTCCACTCCGA,0
ATCTACTCCCAGTTCA,0
ATCTACTCTTCGTAGA,0
ATCTACTGCTTACCGT,0
ATCTACTTTAATAGAC,0
ATCTAGAACAACAAAA,0
ATCTAGAACGTATGCA,0
ATCTAGACCTATCGCA,0
ATCTAGAGAGACGTAA,0
ATCTAGCAGCTCTGCA,0
ATCTAGCTAATTAATA,0
ATCTAGGAATATACAA,0
ATCTAGGAGTCAGACC,0
ATCTAGTAACATCCTA,0
ATCTAGTAATACAAAT,0
ATCTAGTCTGTGAGCT,0
ATCTAGTGAGGTAGCA,0
ATCTAGTGGGAACAGG,0
ATCTAGTGTCGACCCT,0
ATCTAGTTAATGATAT,0
ATCTAGTTAGTCTTAT,0
ATCTATAAATACACTC,0
ATCTATAACAGAAATG,0
ATCTATAACTGAATAT,0
ATCTATAAGACCAATG,0
ATCTATACTGGAAAGA,0
ATCTATAGCTCGTTAC,0
ATCTATATAATAAATA,0
ATCTATCAAATGAACA,0
ATCTATCAATACTTGT,0
ATCTATGCATCGAAAC,0
ATCTATGGACCATGCA,0
ATCTATGTTATAACAC,0
ATCTATTAAAAAATCC,0
ATCTATTAAAGAGATA,0
ATCTATTACCGAAAAA,0
ATCTATTTTGGTATCT,0
ATCTCAAAAAAAACTT,0
ATCTCAAATAATCCAT,0
ATCTCAACAATAAACA,0
ATCTCAACCGCCACAC,0
ATCTCAACTTATAAAC,0
ATCTCAAGCCGCCACT,0
ATCTCACAATGTCGAG,0
ATCTCACACAGAGAGT,0
ATCTCACCATGCCCAT,0
ATCTCAGAAACGAAAT,0
ATCTCAGATCCGTGCG,0
ATCTCAGGGACCACAT,0
ATCTCATAAAATACAT,0
ATCTCATAGATCCATA,0
ATCTCATATGGAAAAA,0
ATCTCATGCAGAATAC,0
ATCTCATTACCTAAAA,0
ATCTCCAACGCCATGG,0
ATCTCCAGAAACATTG,0
ATCTCCAGACCCGCAT,0
ATCTCCAGATCTAAAT,0
ATCTCCAGCTAAACGT,0
ATCTCCAGTGCCTGAC,0
ATCTCCATTACGTTGG,0
ATCTCCATTTAAAGCC,0
ATCTCCCCCTTAAAGA,0
ATCTCCGAATTACATC,0
ATCTCCGCAAACGGAA,0
ATCTCCGGTGCAACTC,0
ATCTCCTACGAATAAT,0
ATCTCGAAATCATAGA,0
ATCTCGCTTCAAACCT,0
ATCTCGTACAGTATAT,0
ATCTCGTAGCTAAGTA,0
ATCTCGTATTCTCCAA,0
ATCTCGTCCAGCATTT,0
ATCTCTAAATTCATGT,0
ATCTCTAACAATCGAA,0
ATCTCTAAGCAACCGC,0
ATCTCTAATGAATGAA,0
ATCTCTACAGGGGTCC,0
ATCTCTACGACACTGA,0
ATCTCTACTCAAAAGA,0
ATCTCTACTCTAAAAC,0
ATCTCTACTGAAGAAG,0
ATCTCTATACAAGTAA,0
ATCTCTCCGAGAATAA,0
ATCTCTCTACTTCAGC,0
ATCTCTGACGCCTCGA,0
ATCTCTGGTTTCTGAA,0
ATCTCTTAGATTACCG,0
ATCTCTTTTAGAAATC,0
ATCTGAAAAATATTTG,0
ATCTGAAAACTTCAAA,0
ATCTGAAATATCCAAA,0
ATCTGAAATTGTAGAA,0
ATCTGAACCTCTGCCA,0
ATCTGAACTGGAACAG,0
ATCTGAATTAATACAA,0
ATCTGACAGCACAATA,0
ATCTGACTTAAAAGAA,0
ATCTGATACACCATCA,0
ATCTGATAGATCCAGA,0
ATCTGATCCAAAATCG,0
ATCTGCAAGGAGATTG,0
ATCTGCAATAATTACA,0
ATCTGCCAAAAATCTC,0
ATCTGCCCACCTAGGA,0
ATCTGCCCGTGTGATT,0
ATCTGCCGAAATGTGG,0
ATCTGCCTAGTTTACT,0
ATCTGCTAAAACGAAT,0
ATCTGCTAACTTTCAG,0
ATCTGCTGACAAAAAG,0
ATCTGCTGCTTAACGC,0
ATCTGCTGGTGTTTCG,0
ATCTGGATGCAAGAGT,0
ATCTGGCACGAAGGTA,0
ATCTGGCCTCTATACA,0
ATCTGGGAAAGAAAAT,0
ATCTGGGAATCATAAC,0
ATCTGGGCATATGCCG,0
ATCTGGTAACCCAGCA,0
ATCTGGTCTAAGTAGA,0
ATCTGTACTATATGTT,0
ATCTGTAGATAAGGAA,0
ATCTGTCACGTTGACA,0
ATCTGTCAGATTAAAA,0
ATCTGTCATAATTCAC,0
ATCTGTCGACAAAGCC,0
ATCTGTGATCATACCT,0
ATCTGTGGCTGCAGTA,0
ATCTGTTAACACCAAG,0
ATCTGTTCAAGGGGTT,0
ATCTTAAAACATTGCA,0
ATCTTAAACAGAGTTC,0
ATCTTAAACATGGGGA,0
ATCTTAAACATTATAC,0
ATCTTAAAGCAGTGAG,0
ATCTTAACCCAGATGA,0
ATCTTAACGCTGTCAG,0
ATCTTAACTCCGTGGG,0
ATCTTACAAGCGGTCT,0
ATCTTACAATTAGTGT,0
ATCTTACCTCCATCTT,0
ATCTTACTCAAATAGT,0
ATCTTAGACACTATTA,0
ATCTTAGATGCCAAAA,0
ATCTTAGCGCCCCATC,0
ATCTTAGCTAGTATAT,0
ATCTTAGTACATGCCT,0
ATCTTAGTATTGTAGT,0
ATCTTATAACTAGCCA,0
ATCTTATAAGAAGGAG,0
ATCTTATACATAAATA,0
ATCTTATCCTCAGGCT,0
ATCTTATGACAAGTGA,0
ATCTTATGCTAAACGA,0
ATCTTCAACTTTTCAG,0
ATCTTCACTACAATCG,0
ATCTTCCAAGCCGCTC,0
ATCTTCCGGAATTTCT,0
ATCTTCGAAAACATAT,0
ATCTTCGGCTTACGAT,0
ATCTTCTATCATACAA,0
ATCTTCTTATAATTTA,0
ATCTTGAAAGCCTATT,0
ATCTTGAACTAATACA,0
ATCTTGAAGTATCCGA,0
ATCTTGAGTGTCAAGA,0
ATCTTGCCTCCTCCCT,0
ATCTTGCTAAGCGCTA,0
ATCTTGCTGAGTAAAT,0
ATCTTGGCACAATCAT,0
ATCTTGGTAATAAATT,0
ATCTTGTTAACCTAGG,0
ATCTTTAAATAAATCA,0
ATCTTTAATATACCAT,0
ATCTTTACCATGAAGT,0
ATCTTTACTATGAACA,0
ATCTTTACTTCCCACA,0
ATCTTTAGAATAACAG,0
ATCTTTAGTTACCTTT,0
ATCTTTATATATAAAA,0
ATCTTTCACATAGGCG,0
ATCTTTCACTGAGCTA,0
ATCTTTCCAGTCTAGG,0
ATCTTTGAATGCATCA,0
ATCTTTGATCTCTATT,0
ATCTTTGGATCACGAA,0
ATCTTTTAATGATCAA,0
ATCTTTTATAACGAAA,0
ATCTTTTCAAATTTGT,0
ATGAAAAAAATGATGG,0
ATGAAAAAATAAGATA,0
ATGAAAAACCTGATTT,0
ATGAAAAGATGTTGAA,0
ATGAAAAGCGTACTAC,0
ATGAAAAGTAAAGTAC,0
ATGAAAATAAGGACAC,0
ATGAAAATCTATCATT,0
ATGAAAATGATTCACA,0
ATGAAAATTAATGCAT,0
ATGAAAATTCTTACAC,0
ATGAAACAAGTATAGA,0
ATGAAACACAAAATCA,0
ATGAAACAGAACTGTT,0
ATGAAACCAAGACTGA,0
ATGAAACGAGGGGTAA,0
ATGAAACGGGTTCGAT,0
ATGAAACGTACATACC,0
ATGAAACTTCTTCAAG,0
ATGAAAGACACAAGTA,0
ATGAAAGCAACTCTAA,0
ATGAAAGCTGTTAGCT,0
ATGAAAGGAATTTTAT,0
ATGAAAGGTATATACC,0
ATGAAAGTCGCAAGCT,0
ATGAAATAGTTAGAAC,0
ATGAAATATTCAGACA,0
ATGAAATCACAAGAAT,0
ATGAAATCTAAGCACA,0
ATGAAATCTCGACAAA,0
ATGAAATGATCTTGAG,0
ATGAAATGGATTATCG,0
ATGAAATTCTACCATT,0
ATGAAATTTATAATCT,0
ATGAAATTTCCAATGA,0
ATGAACAACGCACCCC,0
ATGAACAAGGAATTAT,0
ATGAACACAAAAAACT,0
ATGAACACAGGCACCG,0
ATGAACACCAAAGCCA,0
ATGAACAGACCTTCCA,0
ATGAACAGGTTTAGTG,0
ATGAACATCAGACAAA,0
ATGAACATCCAACGTC,0
ATGAACATTGAATTCG,0
ATGAACCATAAGTTCC,0
ATGAACCCTAAGCGAT,0
ATGAACGAATAAGTCA,0
ATGAACGATGAATGGA,0
ATGAACGCAAAGAATC,0
ATGAACGGCCTCCGGA,0
ATGAACGTTATCCCCG,0
ATGAACTAGCAACCGA,0
ATGAACTCGCACATCC,0
ATGAACTGGGTTAGCC,0
ATGAAGAAACGAAGTA,0
ATGAAGAAGATTCCTC,0
ATGAAGAATAACAGAT,0
ATGAAGAATTTGTCCA,0
ATGAAGAGAAGTGCAA,0
ATGAAGAGGTCATGAA,0
ATGAAGAGTATAAACT,0
ATGAAGATAAACATAC,0
ATGAAGATCGGAATGC,0
ATGAAGCAAACAGGAT,0
ATGAAGCATAGAAGGC,0
ATGAAGCTATTTTGTA,0
ATGAAGCTGATTTACA,0
ATGAAGCTTACACACC,0
ATGAAGCTTCGGAGAC,0
ATGAAGGAAGACCATT,0
ATGAAGGACATGGAAA,0
ATGAAGGATTCGATGC,0
ATGAAGGCTTAAGAAC,0
ATGAAGGTGACCTTTT,0
ATGAAGGTTGTAGACA,0
ATGAAGTACCAGATAA,0
ATGAAGTACGTTTATC,0
ATGAAGTAGATGTCCA,0
ATGAAGTCATATATAC,0
ATGAAGTCTTTTACTG,0
ATGAAGTTTATAAACC,0
ATGAATAAACCTGGCC,0
ATGAATAAAGACGCGC,0
ATGAATAACATCCAAT,0
ATGAATAAGACTACAA,0
ATGAATAATATGATTA,0
ATGAATACCCTACAGA,0
ATGAATACCTACACAT,0
ATGAATACGAACTCTG,0
ATGAATACGTGCACTC,0
ATGAATACTGATTAAC,0
ATGAATAGGTAGGGGA,0
ATGAATATCCAATAAC,0
ATGAATATGTGGCACT,0
ATGAATCAAATCCTAT,0
ATGAATCAATATAGCT,0
ATGAATCACGGAGTGA,0
ATGAATCAGTGTTTTA,0
ATGAATCATAGCCTAG,0
ATGAATCATTCATGAT,0
ATGAATCCAATGGAGC,0
ATGAATCTACTATAAG,0
ATGAATGAAGCAGCTT,0
ATGAATTAGATCTAAC,0
ATGAATTTTCCTTTAA,0
ATGACAAAAGTCTGCA,0
ATGACAAAATCTAGCC,0
ATGACAAACCGATAGA,0
ATGACAAACCTGCTGA,0
ATGACAAAGAATCATG,0
ATGACAAGAATTAAAC,0
ATGACAAGATAAAACA,0
ATGACAATGTGGATTG,0
ATGACACAAGCTATAT,0
ATGACACACCAAGACG,0
ATGACACACTGGATCT,0
ATGACACAGGAGTTAG,0
ATGACACATAGACACT,0
ATGACACTATGTTATG,0
ATGACACTTCCAGACG,0
ATGACACTTGACGTTG,0
ATGACATAGAATTTAG,0
ATGACATGACCCTGAT,0
ATGACATGAGTCTAAT,0
ATGACATGCGTATTCG,0
ATGACATGTAATCACC,0
ATGACCAAGCTTATTA,0
ATGACCACAGGGTTTA,0
ATGACCACGGACCAGA,0
ATGACCAGCTGATATC,0
ATGACCAGTCAGTAAA,0
ATGACCATAACTAGCT,0
ATGACCATTATGCCGA,0
ATGACCATTATTGGGC,0
ATGACCATTTCCCAAT,0
ATGACCCAAGCGCCTA,0
ATGACCCCGTTCAGCA,0
ATGACCGAATACTTAG,0
ATGACCTGAATTAACG,0
ATGACCTGCTATTAAA,0
ATGACCTTATTGCAAA,0
ATGACCTTCAAGCCTT,0
ATGACCTTTTGTAACA,0
ATGACGATTGAATAAT,0
ATGACGCAAAAGTTTA,0
ATGACGCATCTATGTC,0
ATGACGCTTAATAAAA,0
ATGACGGACCGCCACA,0
ATGACGGCGTATAATA,0
ATGACTAAACACCAAA,0
ATGACTAAAGACATAA,0
ATGACTAACTAGTAAT,0
ATGACTACCATGTCCC,0
ATGACTACTATATAAT,0
ATGACTAGATGGAAAG,0
ATGACTAGCTGTTAAA,0
ATGACTATATACCCGC,0
ATGACTCAAACCAGAG,0
ATGACTCAAGGGACAT,0
ATGACTCGTAAGAAAA,0
ATGACTCGTAGTCTTA,0
ATGACTCTAACAGGTA,0
ATGACTCTCTGAAGAG,0
ATGACTGAATCATTGA,0
ATGACTGTAATCGCTA,0
ATGACTTACCCTTCGT,0
ATGACTTCCATCGAGG,0
ATGACTTCGTGATTAG,0
ATGACTTGATCGGCTC,0
ATGAGAAAAAGACCTA,0
ATGAGAACAAGAACAG,0
ATGAGAACTTCCAGAT,0
ATGAGAATTCCACGAA,0
ATGAGACATTTTCACC,0
ATGAGACCAAGTTTAA,0
ATGAGACCTACGAAAA,0
ATGAGACCTCCAGGGC,0
ATGAGACGGAAACCTT,0
ATGAGACTCAGTATGT,0
ATGAGAGAGAATAACA,0
ATGAGAGCCCAACTAG,0
ATGAGAGCTGATAGTC,0
ATGAGAGCTTCTGGAA,0
ATGAGAGCTTTTTAAG,0
ATGAGAGTTAAACCAA,0
ATGAGATAAATCGATG,0
ATGAGATAATAAATGC,0
ATGAGATACACACCGC,0
ATGAGATACTTCAGGC,0
ATGAGATCATTTGTAT,0
ATGAGATCGGTCCGTT,0
ATGAGATGTGGTCCTA,0
ATGAGATTATACCATC,0
ATGAGATTGGCGTCCA,0
ATGAGATTGTCCTCAA,0
ATGAGCACACCTATAT,0
ATGAGCAGCTTCCTCC,0
ATGAGCAGTTAAGCTA,0
ATGAGCATCAGTTCCG,0
ATGAGCGAAAATTGGA,0
ATGAGCTACAAATAAC,0
ATGAGCTCGTTTCAGA,0
ATGAGCTTTACACAGA,0
ATGAGGAAACTCACCA,0
ATGAGGAGAGTAATGG,0
ATGAGGATGATCCACT,0
ATGAGGCACCGAGAGC,0
ATGAGGCCAGGATTAC,0
ATGAGGCGCGTAACTT,0
ATGAGGCTAATTAAAT,0
ATGAGGCTTAAAGAAA,0
ATGAGGGCGAAGAAAC,0
ATGAGTAAGGCAACGA,0
ATGAGTAAGTCTTATG,0
ATGAGTACAAGTGTCC,0
ATGAGTACCACTCTAA,0
ATGAGTACCTTAAATC,0
ATGAGTACTTTCGCGA,0
ATGAGTCCGGAGCACT,0
ATGAGTCCTAACAGGC,0
ATGAGTCTGTAAGTAA,0
ATGAGTTATTAAAATT,0
ATGAGTTCGAATGACT,0
ATGAGTTCTACAAAAA,0
ATGAGTTCTAGCAGCA,0
ATGAGTTTGTCACATA,0
ATGATAAAGACTATAC,0
ATGATAAAGTATCTTA,0
ATGATAAAGTGCATAT,0
ATGATAAATGCAGAAT,0
ATGATAAATGCGTTAT,0
ATGATAAATTCGTAGA,0
ATGATAACCCCACATA,0
ATGATAATGAAGTACA,0
ATGATAATTCCGTGAA,0
ATGATACAGTGGATTA,0
ATGATACCCCTAGAAA,0
ATGATACCTATTTAAA,0
ATGATAGACAGCCGTT,0
ATGATATAACAAATCA,0
ATGATATACGAAGCAC,0
ATGATATAGACAAATA,0
ATGATATATAATCTCA,0
ATGATATCACAATTAA,0
ATGATATCAGCAGCAA,0
ATGATATGAATTGGTA,0
ATGATATGTTTAGGCA,0
ATGATATTAGTCGTCC,0
ATGATATTGTCTAATT,0
ATGATATTTTGTCCCC,0
ATGATCAAGAGTTCTG,0
ATGATCAGATACGATC,0
ATGATCAGTGTTGAGT,0
ATGATCATAACAGCCG,0
ATGATCCCCAAGATGA,0
ATGATCCGTCTTCTAT,0
ATGATCCGTTTAATGA,0
ATGATCGCGTAAATCA,0
ATGATCGGAAAGAATC,0
ATGATCGGCCCAAGTA,0
ATGATCTAACATTCTA,0
ATGATCTCGAAAAGGC,0
ATGATCTGTTAAGAAG,0
ATGATCTGTTGCTTCA,0
ATGATGAACTCACCAA,0
ATGATGACAACAAAAA,0
ATGATGATAACAAACA,0
ATGATGATAGGATCCC,0
ATGATGATGACATGAC,0
ATGATGATTTACAAGT,0
ATGATGATTTCACACA,0
ATGATGCATGAAAGCC,0
ATGATGCGATCTTAGA,0
ATGATGGCTAAAAACC,0
ATGATGTAAACATCGT,0
ATGATGTATAGGTCTT,0
ATGATGTGACTCCAAA,0
ATGATGTTCTCCAGAG,0
ATGATTAAAACTCAAC,0
ATGATTAAAATGTGGC,0
ATGATTAATAAACTAG,0
ATGATTAATCTCTATG,0
ATGATTAATGGGAAGA,0
ATGATTAGAACGAACT,0
ATGATTCAAAAAATAT,0
ATGATTCAAACAAACA,0
ATGATTCACGCGATTG,0
ATGATTCATCTCTGAG,0
ATGATTCATTGATTTG,0
ATGATTCTATTGCTAA,0
ATGATTCTCTGCTGCA,0
ATGATTGAAATAATAA,0
ATGATTGAGGTACCTC,0
ATGATTTAAAAATTAA,0
ATGATTTAAATGTGAA,0
ATGATTTAAGTACTAT,0
ATGATTTAATTATTAT,0
ATGATTTAGGCCATAT,0
ATGATTTGTTTAGATG,0
ATGCAAAAAACTAATT,0
ATGCAAAAACACACAT,0
ATGCAAAAACGCTAGC,0
ATGCAAACAACAAAGA,0
ATGCAAAGACAGCACA,0
ATGCAAAGATAGGATC,0
ATGCAAAGCATAAAGT,0
ATGCAAAGTTTGGAAA,0
ATGCAAATGGTCTCAC,0
ATGCAACAATCGTTAC,0
ATGCAACACCGTCAAA,0
ATGCAACAGACTATAG,0
ATGCAACCAAATGATC,0
ATGCAACCCACGCGAT,0
ATGCAACCTAATCCCG,0
ATGCAACGCGGACGAT,0
ATGCAACGCGTAAAAC,0
ATGCAACTAACAGACC,0
ATGCAACTTGTGATAA,0
ATGCAAGACTAGAAAC,0
ATGCAAGCACTAGAAT,0
ATGCAAGGCACATATC,0
ATGCAAGTGGATACGA,0
ATGCAATAAAAGTGCT,0
ATGCAATAAAATGTAA,0
ATGCAATAAACTGGTT,0
ATGCAATAAGCCAGAA,0
ATGCAATCAAAATTAT,0
ATGCAATTCTAGTGTA,0
ATGCAATTCTCGATTT,0
ATGCAATTTCTCACAA,0
ATGCACAAGAAACATC,0
ATGCACAGGAGGAAAT,0
ATGCACAGTATCCCGA,0
ATGCACATTAAAGAGG,0
ATGCACATTTTGAATA,0
ATGCACCAACCTCTCT,0
ATGCACCGTAACTAGA,0
ATGCACCTGAGGAAAA,0
ATGCACGAATTGACTC,0
ATGCACGATCCCGGGA,0
ATGCACGCGGAAAATG,0
ATGCACGGATAAAAAA,0
ATGCACTGCTCGTTGA,0
ATGCAGAATTATTACA,0
ATGCAGACTTCATTTG,0
ATGCAGAGGTTTAGTT,0
ATGCAGAGGTTTGGAA,0
ATGCAGATCGATCAAT,0
ATGCAGCCTGCGGACA,0
ATGCAGGTCACGTTAC,0
ATGCAGGTGGTGAACA,0
ATGCAGTAGATCAAAT,0
ATGCAGTGGATCAAGT,0
ATGCAGTTGGGATCTT,0
ATGCAGTTTCCATAAT,0
ATGCATAACCTTGCAG,0
ATGCATAAGACAAATG,0
ATGCATAATTAATGGT,0
ATGCATACAAGCATAG,0
ATGCATACAGAAAGGT,0
ATGCATACATTAGCAG,0
ATGCATAGAAGGCAAC,0
ATGCATAGACCCGCCA,0
ATGCATAGATTGAAAA,0
ATGCATATAAAGAACT,0
ATGCATATTGAAACAC,0
ATGCATCAGCGCGACT,0
ATGCATCCCCACCCGC,0
ATGCATCCCTCAGCAA,0
ATGCATGAACTGCCAC,0
ATGCATGGCAGGACTT,0
ATGCATGGCCCATCCC,0
ATGCATTAAAAAAAAA,0
ATGCATTGGAGCCGAG,0
ATGCATTTCCCCCTTA,0
ATGCCAAAAACTTAAG,0
ATGCCAAAACGCATTA,0
ATGCCAAACCTTAATC,0
ATGCCAATACATATAG,0
ATGCCAATACCAAAGA,0
ATGCCACACGAGATGT,0
ATGCCACTAACAACTA,0
ATGCCAGATAAGGAAT,0
ATGCCAGTAGAATTTA,0
ATGCCAGTCACCCTTC,0
ATGCCATAGAAAAAAA,0
ATGCCATCAAAAAGCT,0
ATGCCATTTAAGCCAG,0
ATGCCCAAAACCCGCA,0
ATGCCCAACCGAAAAC,0
ATGCCCAAGTATAACG,0
ATGCCCATAATTCGAC,0
ATGCCCCACCTGAACG,0
ATGCCCGAAGATGGAG,0
ATGCCCGTGCACCACC,0
ATGCCCTGAAACCCCG,0
ATGCCCTGATAGTCAC,0
ATGCCGAATTAAGCTC,0
ATGCCGCAAAAATAAT,0
ATGCCGCATGCCAAAC,0
ATGCCGGTTGCACTGT,0
ATGCCTAACGAATTAC,0
ATGCCTAGTACAGAAA,0
ATGCCTCATATGTTAC,0
ATGCCTGACACAAATC,0
ATGCCTGCCTCACTAC,0
ATGCCTGGCTATCATT,0
ATGCCTGGGATCATTC,0
ATGCCTGTACGCGCGT,0
ATGCCTTAAAAAAACT,0
ATGCCTTACAAAAAGA,0
ATGCCTTATACATCTG,0
ATGCGAACAACCAAGT,0
ATGCGAACCTCTAAAT,0
ATGCGAACGTCACCAT,0
ATGCGAAGATTCGAAA,0
ATGCGAAGCAACATAT,0
ATGCGAATCCAATAGA,0
ATGCGAATTCAGTACC,0
ATGCGACGAATGGTAA,0
ATGCGAGACCGGGGAA,0
ATGCGAGAGGCTTGAT,0
ATGCGAGATACGCAGT,0
ATGCGAGATCCCTCCT,0
ATGCGAGGATTAGACA,0
ATGCGAGGCGGATTAA,0
ATGCGAGTGCCGACTA,0
ATGCGATAGATGAATC,0
ATGCGATTGAGTACCT,0
ATGCGATTTACACACT,0
ATGCGATTTGGAACGG,0
ATGCGCACCCCCACAA,0
ATGCGCATTAAATGAA,0
ATGCGCATTTGAGAGA,0
ATGCGCCCGATATCCT,0
ATGCGCGAACGACTTC,0
ATGCGCGACGAATCAC,0
ATGCGCGCAGACACTC,0
ATGCGCGCCACCCCGT,0
ATGCGCGGATAATAAG,0
ATGCGCTCGTCTCAAT,0
ATGCGGATTTATAGAG,0
ATGCGGCCCCAATTAC,0
ATGCGGGAAATCAAAC,0
ATGCGGTGTTAAGGAA,0
ATGCGGTTGGCGATAC,0
ATGCGTAAGAGCCTAC,0
ATGCGTATGATATGAA,0
ATGCGTTTGCCCAAGA,0
ATGCTAAACAATTAAC,0
ATGCTAAATCAGTATT,0
ATGCTAACACACTTAA,0
ATGCTAAGGTTCATAC,0
ATGCTAAGTGCTCAAA,0
ATGCTACAAATAAAAA,0
ATGCTACAACAAGGAC,0
ATGCTACATCACTAGC,0
ATGCTACATGCCCTCA,0
ATGCTAGTATATAACC,0
ATGCTATAAAACCTGT,0
ATGCTATAGTATTGAT,0
ATGCTATCAAACAATC,0
ATGCTATTTCATTCTA,0
ATGCTCAGTCCAGCTA,0
ATGCTCATCAACACAA,0
ATGCTCCAAACAAAGA,0
ATGCTCCACTCTTCGT,0
ATGCTCCACTGAGTAA,0
ATGCTCGAAATCACAC,0
ATGCTCGAATACAGCG,0
ATGCTCGGAACGTGAA,0
ATGCTCGGTCTGATTC,0
ATGCTCGTAAATATAC,0
ATGCTCGTTAGATCGA,0
ATGCTCTACCGCCACC,0
ATGCTCTACGAAACAC,0
ATGCTCTGATAGTCAC,0
ATGCTGAACAAGTGCG,0
ATGCTGAAGTAAGGTG,0
ATGCTGACACTACGAT,0
ATGCTGACCAGTCTTC,0
ATGCTGAGCTGGAACT,0
ATGCTGATAGCACACC,0
ATGCTGCAATCATTTT,0
ATGCTGCAGCCATAAA,0
ATGCTGCATGCGATAA,0
ATGCTGCCAATCTCTG,0
ATGCTGGCTGGGCTAG,0
ATGCTGGGCCACCCTT,0
ATGCTGTAATTGGAGC,0
ATGCTGTTATAAATAG,0
ATGCTTAACCGATATG,0
ATGCTTAATAAATACA,0
ATGCTTCATACTAACC,0
ATGCTTCTCAGCTCCG,0
ATGCTTGCAACATCCA,0
ATGCTTGGACTTGAGT,0
ATGCTTTAAGTGAAAC,0
ATGCTTTAATAAGGGC,0
ATGCTTTGACGAGGGA,0
ATGCTTTGTGTAATGC,0
ATGCTTTTAAAGCACA,0
ATGCTTTTGTCGCCAC,0
ATGGAAAACCTCAACC,0
ATGGAAAATCAACAAT,0
ATGGAAAATGGGGCCT,0
ATGGAAACACTAGAGA,0
ATGGAAAGGGGACAAA,0
ATGGAACAAGCCTCCC,0
ATGGAACATGGGGCCG,0
ATGGAACATTTTGGTT,0
ATGGAACGCTAGTGCG,0
ATGGAACTGCCAAAAA,0
ATGGAATACATTTCTT,0
ATGGAATTAGATATAT,0
ATGGACAAACGAGGTC,0
ATGGACAAGATTGCTA,0
ATGGACAATAAGGCTC,0
ATGGACAATTAAGTTG,0
ATGGACACTATTAGCC,0
ATGGACAGTCTTGCCA,0
ATGGACCCAATAAAGG,0
ATGGACCCGAGCTAAT,0
ATGGACCGACTTTGAT,0
ATGGACCTTCGTATTA,0
ATGGACCTTTTAGATA,0
ATGGACGACTAAGGCG,0
ATGGACGAGCCCTGGA,0
ATGGACGGCGACCCCA,0
ATGGACGGTTTCAGAA,0
ATGGACTTAAAGCAAC,0
ATGGAGAAAAAGTCGA,0
ATGGAGAAGTACAACA,0
ATGGAGACACATAAGA,0
ATGGAGAGATATACCA,0
ATGGAGATCGGTATCC,0
ATGGAGCAAAAAAAAC,0
ATGGAGCTATTAAAAT,0
ATGGAGGGATTCGTAG,0
ATGGAGTCAAACCCAA,0
ATGGAGTCAGTATCTC,0
ATGGAGTTGTGTCGAT,0
ATGGAGTTTTATAGGG,0
ATGGATAACCCAGGCC,0
ATGGATAATCCTTCAT,0
ATGGATACGTTTACCC,0
ATGGATCAACCTAGCA,0
ATGGATCATATCAGAC,0
ATGGATCCCCAATATA,0
ATGGATCGTACACGTA,0
ATGGATCTATCATTCA,0
ATGGATGTACAGGGTA,0
ATGGATTACATGAAGT,0
ATGGATTACGCATCCT,0
ATGGATTTATGCTCTC,0
ATGGCAACAAAATGAA,0
ATGGCAACATCCAGAC,0
ATGGCAACCTTGACTA,0
ATGGCAATATTTGTTT,0
ATGGCAATCACCTGGT,0
ATGGCACACAGGACAA,0
ATGGCACATATACGAA,0
ATGGCAGATAACAGCT,0
ATGGCATACACGTGTA,0
ATGGCATATACTCAAT,0
ATGGCATATATATGGA,0
ATGGCATCATGATACA,0
ATGGCATTAGCAGGCG,0
ATGGCATTAGCTCTGC,0
ATGGCATTAGGAGTCA,0
ATGGCCAACCTCAGCA,0
ATGGCCAGTATGTTTA,0
ATGGCCATCGATCTTA,0
ATGGCCCCCACTCACC,0
ATGGCCCTATATGATT,0
ATGGCCGCAAAAGAAA,0
ATGGCCGGCGTAGAAT,0
ATGGCCTCTAGGCTTA,0
ATGGCCTTATAGTGGA,0
ATGGCCTTGTGGGATA,0
ATGGCGAGAATACGAA,0
ATGGCGATCTCAAGCC,0
ATGGCGCAGTTCTCTC,0
ATGGCGTAACGATCAG,0
ATGGCGTATGAAATTA,0
ATGGCGTCAACGCCCC,0
ATGGCTAACGTCCGCA,0
ATGGCTATCGCGAAGG,0
ATGGCTATGATCACGT,0
ATGGCTATGTAGTATT,0
ATGGCTGCTCAATTCC,0
ATGGCTGTAATGATAG,0
ATGGCTTATTAACGTA,0
ATGGGAAAACAAAGAA,0
ATGGGAAACAACTTGT,0
ATGGGAATTGCCTTTA,0
ATGGGAATTTGCCGAA,0
ATGGGACGTTGCAGCC,0
ATGGGAGCTATTTAGA,0
ATGGGATCGATATTAG,0
ATGGGCAAGCGAGTAT,0
ATGGGCAATGCCAGCC,0
ATGGGCGAATACTCAT,0
ATGGGCGCTTGAAAAG,0
ATGGGCTTGGCCACGA,0
ATGGGGAAACTAATTT,0
ATGGGGAGAATCCCCC,0
ATGGGGCCAATGCCCA,0
ATGGGGCGGATAGAGC,0
ATGGGGGGAGAGAATC,0
ATGGGGGGCCTGAGCT,0
ATGGGGGGTTGTACCT,0
ATGGGGTTACCGCGCT,0
ATGGGTAAATCATGAA,0
ATGGGTAACCTGGAGG,0
ATGGGTCAAAATAGAT,0
ATGGGTGATAAAACCC,0
ATGGGTGGCCCCTAAA,0
ATGGGTTAATGACCCA,0
ATGGGTTATAGAGAAG,0
ATGGGTTCTTTGAACC,0
ATGGGTTGCAAGGTCA,0
ATGGGTTGCCTTCCTG,0
ATGGGTTTGCAGTAAC,0
ATGGTAAATAGTTAAT,0
ATGGTAAGAACACACC,0
ATGGTAAGCATATATA,0
ATGGTAATAATATACG,0
ATGGTAATGGACGTCG,0
ATGGTACCAGCTAACG,0
ATGGTACTTCATACAC,0
ATGGTAGAACTATATC,0
ATGGTAGACAGTACCC,0
ATGGTAGAGTTGGTAC,0
ATGGTAGCGTCGAATA,0
ATGGTATAACATTTTT,0
ATGGTATGTAATCGTA,0
ATGGTATTTCACACTA,0
ATGGTCAAATGTGGCA,0
ATGGTCCAGCAGACTT,0
ATGGTCGACGGTAACG,0
ATGGTCTCAAAGACAC,0
ATGGTGAGCGACGGGC,0
ATGGTGCAAGACCCAA,0
ATGGTGCATAACATAA,0
ATGGTGTAAAAAACAC,0
ATGGTGTCACGAGATT,0
ATGGTGTGAACTCCGT,0
ATGGTTAACACAGGTT,0
ATGGTTAACTGTGCGT,0
ATGGTTAAGTAGACCG,0
ATGGTTAGCTTAAGTT,0
ATGGTTATCCTGCAAA,0
ATGGTTCCACAAATTG,0
ATGGTTCGATGTTATT,0
ATGGTTGCACACCAAT,0
ATGGTTTCAATTAGAT,0
ATGGTTTCCAAAGGAT,0
ATGGTTTCTGCAACAT,0
ATGTAAAAAAAAAATA,0
ATGTAAAAAGATCCAT,0
ATGTAAAACCAATTCC,0
ATGTAAAAGACAAAAA,0
ATGTAAAATTTCACCT,0
ATGTAAACCATAGTAA,0
ATGTAAACCCTGTATT,0
ATGTAAACTACCCAGA,0
ATGTAAATAACCGGGA,0
ATGTAAATAATGATTG,0
ATGTAAATCCAAACAA,0
ATGTAAATGCGTAAAA,0
ATGTAACAAACAAACT,0
ATGTAACCACTGGTAA,0
ATGTAACGACATTACA,0
ATGTAACGAGAACGAT,0
ATGTAACTCACATGCT,0
ATGTAACTGCAAAACA,0
ATGTAAGACCCAACGA,0
ATGTAAGCCAACAAGA,0
ATGTAAGTCAAGGTAG,0
ATGTAATATGCCTACC,0
ATGTAATGAAAATCAA,0
ATGTAATTAGTATCTT,0
ATGTAATTCCATCACG,0
ATGTAATTTAGGATAC,0
ATGTAATTTAGTTGTA,0
ATGTAATTTTAAATGG,0
ATGTACAACACCAGCC,0
ATGTACAAGCATACAG,0
ATGTACAAGGCAAACC,0
ATGTACAAGTGGCCGT,0
ATGTACCACACTCGAA,0
ATGTACCCCTATGGGA,0
ATGTACCTGAGTTAAT,0
ATGTACCTTAACAGAG,0
ATGTACGACAGTGTAA,0
ATGTACGAGTAACACC,0
ATGTACTACATGCTCT,0
ATGTACTCTAGGTATA,0
ATGTACTGAGTATACA,0
ATGTACTTGTTGCTCA,0
ATGTAGAAGCTTCACA,0
ATGTAGATAAAAGGAG,0
ATGTAGATCAGAAGAC,0
ATGTAGCAAGCGATAG,0
ATGTAGCTTTCGAACG,0
ATGTAGGTATGGATCA,0
ATGTAGTTAGCTCAAC,0
ATGTATACCATAAAAA,0
ATGTATACTTACCGTG,0
ATGTATAGAATAACTT,0
ATGTATAGACATCTAT,0
ATGTATATAAAATCTA,0
ATGTATATTTTACAGC,0
ATGTATCAACGAAGAT,0
ATGTATCATGCACTAA,0
ATGTATCTGCTATATA,0
ATGTATGAAGCGTCAA,0
ATGTATGAAGCTTAGA,0
ATGTATGACAGCCATT,0
ATGTATGCAGGAGCAC,0
ATGTATGCCAACACTC,0
ATGTATGGACCCCCAA,0
ATGTATTAGCCTGCGG,0
ATGTATTAGGATAAAT,0
ATGTATTGCGAAGCTA,0
ATGTATTTGATAAGCC,0
ATGTCAAAAGATTATG,0
ATGTCAAACAGTAATA,0
ATGTCAAATCCGTAGT,0
ATGTCAACTCCCGTGC,0
ATGTCAAGAATCTACT,0
ATGTCAATACTTTTAG,0
ATGTCACAATACATTT,0
ATGTCACATAACGACA,0
ATGTCACATGGTTCAA,0
ATGTCACCCGACTAGA,0
ATGTCACGCGGACGTT,0
ATGTCACTAATACGAA,0
ATGTCACTGGCAGATG,0
ATGTCATCCTAATGGG,0
ATGTCATCTATGACCA,0
ATGTCATCTCAGGTGC,0
ATGTCATGAAACACTG,0
ATGTCCAAACGCGAAG,0
ATGTCCAATGATCTAA,0
ATGTCCATGAACTACT,0
ATGTCCCCGATGGCAC,0
ATGTCCGCAACAAATC,0
ATGTCCTACAAACCGC,0
ATGTCCTCAGAACGTT,0
ATGTCGAAGAATTACT,0
ATGTCGACTCGGCTGC,0
ATGTCGGCGCAGTATT,0
ATGTCGTACTTTGATT,0
ATGTCGTAGTTATTCA,0
ATGTCGTCCCTAGGTG,0
ATGTCGTGAGCCTACG,0
ATGTCGTTGACATTAA,0
ATGTCGTTTTGCACCG,0
ATGTCTAACTAGATGC,0
ATGTCTAAGTCCTCAG,0
ATGTCTACGTGCCACT,0
ATGTCTATCAAGCAGA,0
ATGTCTCAACCCCCAC,0
ATGTCTCACTAGTCCA,0
ATGTCTCCACGTTACC,0
ATGTCTCCTACGCGTA,0
ATGTCTCTCGATAGAC,0
ATGTCTGAGTCCGGCT,0
ATGTCTGTAAAGTGAT,0
ATGTCTTCCTTCTTCT,0
ATGTCTTGACAAATAG,0
ATGTGAAAGAAACGAC,0
ATGTGAACGTCTAAGA,0
ATGTGAAGTCAGAATA,0
ATGTGACAAAAAGAAA,0
ATGTGACAAGGAAGAG,0
ATGTGAGCTTATTACC,0
ATGTGATAACAATCTT,0
ATGTGATCCATCAACA,0
ATGTGATCTGACATAC,0
ATGTGCCGTATAAGAA,0
ATGTGCCTATAATAAA,0
ATGTGCGAGAGGTTGT,0
ATGTGCGTAATGATTT,0
ATGTGCTACACACCAT,0
ATGTGCTTCGTTCGAA,0
ATGTGCTTTGTATCGA,0
ATGTGGAACCACGTCA,0
ATGTGGACTCAGTCTA,0
ATGTGGAGTTCACTTA,0
ATGTGGCAAGAAATAA,0
ATGTGGCACACTCATA,0
ATGTGGCACCCGGCTT,0
ATGTGGCTAATTTCTT,0
ATGTGGGACTTAACTT,0
ATGTGGGTGAGAGAAA,0
ATGTGGTAAAGACCCA,0
ATGTGGTGAAACAAAA,0
ATGTGGTGAGACCCGT,0
ATGTGTAAAGCTGTAG,0
ATGTGTATCAAAGTCT,0
ATGTGTCAATGCCACA,0
ATGTGTCACTGTTGAA,0
ATGTGTCCATCATATC,0
ATGTGTCTGAAAGCTA,0
ATGTGTTACCGAAGCA,0
ATGTGTTTAATCCATA,0
ATGTGTTTGATATAGA,0
ATGTGTTTGCGGTATC,0
ATGTTAAATACACGAA,0
ATGTTAACATGGATGA,0
ATGTTAAGCCTAAAAA,0
ATGTTAAGCGATTGCT,0
ATGTTAATGTCCGGCT,0
ATGTTACATTTAAAGT,0
ATGTTACCAGTGCAAA,0
ATGTTACCTATACTAA,0
ATGTTACGACCTGTAG,0
ATGTTACTCTTTAAAA,0
ATGTTACTGGACTGAG,0
ATGTTACTTAAAACGT,0
ATGTTAGAAAACCACT,0
ATGTTAGATCCGCATG,0
ATGTTAGATGGATACA,0
ATGTTATAAAAGCTGA,0
ATGTTATATTCTTAAT,0
ATGTTATCCAAAACAT,0
ATGTTATCGTTTTAAA,0
ATGTTATGTTACACAT,0
ATGTTATTACAAAACT,0
ATGTTATTACAATTAG,0
ATGTTCAACGATATAG,0
ATGTTCAGAATCCCGA,0
ATGTTCAGCAAAAGCA,0
ATGTTCATAAATAAAA,0
ATGTTCATTAATAGCA,0
ATGTTCATTGACCCAA,0
ATGTTCGGACACATAT,0
ATGTTCGTATTCCTAT,0
ATGTTCTGCACTTGGT,0
ATGTTGAACATCCAGA,0
ATGTTGAAGCCCAGGT,0
ATGTTGAAGGGAAGTC,0
ATGTTGAAGTACTCAG,0
ATGTTGACATGCAACG,0
ATGTTGACCTTTCTAC,0
ATGTTGGAGCTCAGCC,0
ATGTTGGCCTAGACAG,0
ATGTTGTCTATAATCC,0
ATGTTTAAAAACATTA,0
ATGTTTAAAAATCAAA,0
ATGTTTAAAAATGCTT,0
ATGTTTAATCAATTCA,0
ATGTTTACATGCAGAG,0
ATGTTTATCATATTGC,0
ATGTTTCCACATTCGA,0
ATGTTTCCACTGATTA,0
ATGTTTGAATAGATTG,0
ATGTTTGTGGAGACAT,0
ATGTTTTACGCGAACA,0
ATGTTTTAGGCGTATC,0
ATGTTTTGACAGAGGC,0
ATGTTTTGGCCGTTCT,0
ATTAAAAAAAAAACTC,0
ATTAAAAACAAAAAAT,0
ATTAAAAACAAATTTC,0
ATTAAAAACTATCGGC,0
ATTAAAAATACCTAGC,0
ATTAAAACAATGTAAC,0
ATTAAAACATTTGCCC,0
ATTAAAACCTCGACCG,0
ATTAAAACTTGAGTCT,0
ATTAAAAGACACTTAC,0
ATTAAAAGCCGCTTGA,0
ATTAAAAGGACAATCG,0
ATTAAAAGGTTAAAAT,0
ATTAAAATAAAGGCCT,0
ATTAAAATAAATCACC,0
ATTAAAATATAGCGGA,0
ATTAAAATATGAAAAT,0
ATTAAAATGTTAGTGA,0
ATTAAAATTTTAGTAT,0
ATTAAACAACCGGGCC,0
ATTAAACACCAGCCCT,0
ATTAAACAGAGCAGGA,0
ATTAAACCACTTACCC,0
ATTAAACCTCTAACAA,0
ATTAAACGCGGTACAA,0
ATTAAACTAATCCCAA,0
ATTAAACTCAGAAGTC,0
ATTAAACTCCAATTCC,0
ATTAAACTTAAACAAA,0
ATTAAACTTCAGATAA,0
ATTAAACTTTCTAAAT,0
ATTAAAGAAACCACTG,0
ATTAAAGATTAAGACG,0
ATTAAAGGAACCCTTT,0
ATTAAAGTGTAAACAG,0
ATTAAATAACATAACA,0
ATTAAATAATACTTAA,0
ATTAAATAATTTTAGT,0
ATTAAATATAAGAAGA,0
ATTAAATATGTCAGAT,0
ATTAAATCACGTAAGG,0
ATTAAATCAGTGTTAA,0
ATTAAATCGATTAACG,0
ATTAAATGATTCACTA,0
ATTAAATGTTCGTAAA,0
ATTAAATTATGCTTAT,0
ATTAAATTCATGATAC,0
ATTAAATTTAACTGGT,0
ATTAAATTTCAAAGCA,0
ATTAACAACATCATAC,0
ATTAACAAGTGGTTAA,0
ATTAACAATTCGAGGC,0
ATTAACACGCAACAAT,0
ATTAACACTGACATTG,0
ATTAACAGAATACAAT,0
ATTAACAGATTCTTCG,0
ATTAACAGTTTGTTTT,0
ATTAACATAATCTTAT,0
ATTAACATCAACGCAC,0
ATTAACCCAGTACAGT,0
ATTAACCGAACATCAC,0
ATTAACCTACACCCAA,0
ATTAACCTCATGACGG,0
ATTAACCTCGCGACCC,0
ATTAACGAAATGTCTT,0
ATTAACGACATTTATA,0
ATTAACGAGCCCAAAC,0
ATTAACGCACGTTACC,0
ATTAACGGACAAAATT,0
ATTAACGTCTGCACAC,0
ATTAACGTTTTAACAC,0
ATTAACTCACAAACTT,0
ATTAACTCGACCGTAC,0
ATTAACTCTCTGAGGA,0
ATTAACTGAAACACTC,0
ATTAACTTTATACTTA,0
ATTAAGAAAACTTTAA,0
ATTAAGAAATCCTGAA,0
ATTAAGAAGAACAGTA,0
ATTAAGAAGACAGTAA,0
ATTAAGACTATTTTCT,0
ATTAAGAGCACCTTAA,0
ATTAAGAGCTTCTAAT,0
ATTAAGAGCTTTCCAT,0
ATTAAGAGTTACAAGT,0
ATTAAGATGTGACTTT,0
ATTAAGATTTCAATGT,0
ATTAAGCAGAATAAAA,0
ATTAAGCCAATAACTC,0
ATTAAGCCTTACTGGA,0
ATTAAGCTTCATAAAG,0
ATTAAGGAATCACATG,0
ATTAAGGCTAACCCCA,0
ATTAAGGTGAGAACCA,0
ATTAAGTAGTAGGCTT,0
ATTAAGTCAAAAAGTG,0
ATTAAGTCTACCTTTT,0
ATTAAGTTTTTGAGCC,0
ATTAATAAGCAGGTCA,0
ATTAATAAGCATGTCC,0
ATTAATAAGGAGCTGT,0
ATTAATAAGTGTGACT,0
ATTAATAATGAAGCAA,0
ATTAATAATTAAGAAA,0
ATTAATAATTACAGGC,0
ATTAATACACCAAAGT,0
ATTAATACAGCATTCA,0
ATTAATACAGTTATCG,0
ATTAATACTTACCCCA,0
ATTAATAGTGCCGATC,0
ATTAATATCACCAAAC,0
ATTAATATCGAAGGTT,0
ATTAATATTACGAAGG,0
ATTAATCAAACCTGTT,0
ATTAATCACAGCACAA,0
ATTAATCACGAGCTAA,0
ATTAATCCAATATAGG,0
ATTAATCCTAACAGCA,0
ATTAATCCTTCAATAA,0
ATTAATCGAATGTTCG,0
ATTAATCGGGCTAATG,0
ATTAATCGTAAACGCC,0
ATTAATGCACCTGGGC,0
ATTAATGGACAAGACT,0
ATTAATGGACTTGATA,0
ATTAATGTAAACAAGA,0
ATTAATGTAGTGCTGA,0
ATTAATTAAATTAGTT,0
ATTAATTATGCAATCA,0
ATTAATTTAGAGAAAA,0
ATTACAAAAAAGGTTC,0
ATTACAAAAGGCAGTT,0
ATTACAAAAGGTACAT,0
ATTACAAAATCAAGAA,0
ATTACAAAATTTATAG,0
ATTACAAAGGTTAATA,0
ATTACAACACAACTCG,0
ATTACAACACGAGCAG,0
ATTACAACTCGCTACA,0
ATTACAAGAAACCTCC,0
ATTACAAGCATAAAGA,0
ATTACAAGTACCACTC,0
ATTACAAGTTTTAAAT,0
ATTACAATCTTCCAAT,0
ATTACAATTCCATAAA,0
ATTACACAAGCAAATG,0
ATTACACACAAAACTT,0
ATTACACACAGCAAAT,0
ATTACACAGAGACGTC,0
ATTACACCACACCGAC,0
ATTACACCGAAATATC,0
ATTACACGACAGCACA,0
ATTACACGAGTTACTT,0
ATTACACGTCATGAAA,0
ATTACACGTTAGTATG,0
ATTACACTTATTAAGA,0
ATTACACTTTAAGAGA,0
ATTACAGAAAAATGCA,0
ATTACAGAATCAAAAA,0
ATTACAGACTACGCGT,0
ATTACAGAGCCGGCCG,0
ATTACAGATGCAAATG,0
ATTACATAATGGTTTT,0
ATTACATACACAGACT,0
ATTACATAGCGCCACA,0
ATTACATAGGTTCAAG,0
ATTACATATAGTAAGA,0
ATTACATGTAGCGCCC,0
ATTACCAAAATGCGTA,0
ATTACCAAGAACGGAA,0
ATTACCAATATGCCAA,0
ATTACCACATCCAGTA,0
ATTACCACTAACGTAG,0
ATTACCATAGGTTCGG,0
ATTACCATATAAGAGA,0
ATTACCATCGGTCTAT,0
ATTACCATCTAAGAGA,0
ATTACCATTTAGAACT,0
ATTACCCACTACATTT,0
ATTACCCTGCATAGAG,0
ATTACCGAAATGTCAG,0
ATTACCGAATCCTGAG,0
ATTACCGTGCCGCCAC,0
ATTACCTAATAACATA,0
ATTACCTACTTCAAAG,0
ATTACCTATGAACAAG,0
ATTACCTCAACCGATG,0
ATTACCTCGTGACAGA,0
ATTACCTTATACCGAC,0
ATTACCTTGGAACCAA,0
ATTACGAATTGCTTTC,0
ATTACGACCTCTAACA,0
ATTACGAGACTTAACA,0
ATTACGAGTGAAGCAG,0
ATTACGATTATACACA,0
ATTACGCAATATTAGC,0
ATTACGGCAAGCGAAA,0
ATTACGGGCTAATTTG,0
ATTACGGTCCATCCAC,0
ATTACGTAATCCATAA,0
ATTACGTCATGAGAAG,0
ATTACGTTAATCAAAA,0
ATTACGTTCTGTGTGA,0
ATTACTAAAATCCTAG,0
ATTACTAAACTCAACA,0
ATTACTAAATCAACTT,0
ATTACTAAGAAAGAAA,0
ATTACTAATACGGACC,0
ATTACTAATATGCCAG,0
ATTACTAATTTCGATT,0
ATTACTATGAACATAT,0
ATTACTCAACAAGGAC,0
ATTACTCCGACGAAGC,0
ATTACTCTAAATTAAA,0
ATTACTCTATTAATGA,0
ATTACTCTCGTGTACT,0
ATTACTGCAAACGGCT,0
ATTACTGGAAACGGAT,0
ATTACTGTAAACTGCG,0
ATTACTTACTTATTGT,0
ATTACTTGAATAAAAT,0
ATTAGAAAAAAGTTTA,0
ATTAGAACGACCAGAT,0
ATTAGAACTTCCATGA,0
ATTAGAAGGATATTGT,0
ATTAGAATACTCCTTA,0
ATTAGAATCAACCTTT,0
ATTAGAATTAAAAAAT,0
ATTAGACACCATCCAG,0
ATTAGACGGTTAAGGC,0
ATTAGACGTCTGAGAA,0
ATTAGACGTTGACAGA,0
ATTAGACTTAAGCATT,0
ATTAGAGAAAAACAAT,0
ATTAGAGAACCTACAA,0
ATTAGAGAGATCATAC,0
ATTAGAGGGGTAGTCA,0
ATTAGAGTAAAATTTA,0
ATTAGATACTGAATAA,0
ATTAGATATAGCAAGT,0
ATTAGATCCAATACCT,0
ATTAGATCGATGACAT,0
ATTAGATCGGAATAAA,0
ATTAGATGCATAACTC,0
ATTAGATTAAAATGAT,0
ATTAGATTATGTTGCA,0
ATTAGCAAACTACATC,0
ATTAGCAACTACCAGG,0
ATTAGCAACTCTAGGC,0
ATTAGCAATAAAGTGC,0
ATTAGCAATAAGAGTA,0
ATTAGCACAGACATGT,0
ATTAGCCAACCACATA,0
ATTAGCCAACTATTGT,0
ATTAGCCCTTAATATT,0
ATTAGCCGGGAGTCAT,0
ATTAGCCGTGCCATTC,0
ATTAGCCTATACTGTA,0
ATTAGCTAAGGCCGTG,0
ATTAGCTTACCAACAG,0
ATTAGGAACCTGGCCT,0
ATTAGGAATACTGAGC,0
ATTAGGAATATTCAAC,0
ATTAGGATACGCATTC,0
ATTAGGCAAATAAAGG,0
ATTAGGCAAGGTAAGT,0
ATTAGGCAATTTCTCT,0
ATTAGGCATGGACACG,0
ATTAGGCCAAGCGCCT,0
ATTAGGGGCTAGGGGG,0
ATTAGGGTGAAATCTA,0
ATTAGGTTAAATGATA,0
ATTAGGTTCAGCACAA,0
ATTAGTAATCAAAAAA,0
ATTAGTACGCCGGATG,0
ATTAGTACTGACAAAA,0
ATTAGTACTTGTATAA,0
ATTAGTATACATATGG,0
ATTAGTATACTCTGAC,0
ATTAGTCACTGTGACC,0
ATTAGTCATAGTCCCG,0
ATTAGTTACATAAACA,0
ATTAGTTATAGAACGA,0
ATTAGTTGCTTGCATT,0
ATTAGTTGTCACAGAA,0
ATTAGTTTCAATCCAA,0
ATTATAAAAAAGGTTA,0
ATTATAAAAATCTATG,0
ATTATAAACTATGGCT,0
ATTATAAAGCTCCGAT,0
ATTATAAATAACCACT,0
ATTATAACAAACAATA,0
ATTATAACATAACTTG,0
ATTATAACCAGTGAAT,0
ATTATAAGAATACATG,0
ATTATAAGACACGACA,0
ATTATAAGGGTAGTAC,0
ATTATAAGGTAAATGA,0
ATTATAATATACAATC,0
ATTATACAAAGAATCC,0
ATTATACAACTTCGTA,0
ATTATACAGTTAGTTT,0
ATTATACCGTTCTGTT,0
ATTATACTACGTAACA,0
ATTATAGAGACAGTCG,0
ATTATAGAGTGATAAT,0
ATTATAGCCAAGGGAA,0
ATTATAGGCACACTTA,0
ATTATAGTTATCTAGT,0
ATTATATCCCCATATC,0
ATTATATTGGGATAAG,0
ATTATATTGTTGTACG,0
ATTATCAACTTAGGAA,0
ATTATCAACTTTGACT,0
ATTATCACATTAACTG,0
ATTATCCAGCATGTAC,0
ATTATCCATGGATATG,0
ATTATCCCACAAGTTA,0
ATTATCCCAGCTGAAG,0
ATTATCCTAAGAGAAA,0
ATTATCGACGCGGAAA,0
ATTATCGAGATGAGTA,0
ATTATCGCACCTCGGT,0
ATTATCGCGAGATACA,0
ATTATCGGTTGGAAGC,0
ATTATCTAACGTCCCT,0
ATTATCTAATTTCCCA,0
ATTATCTACATCAGAG,0
ATTATCTCGATAATCA,0
ATTATCTGATCTTTAC,0
ATTATCTTCTCTTAAT,0
ATTATGAAAAGCTGGG,0
ATTATGAAACAAATGG,0
ATTATGAAAGGTCCTA,0
ATTATGAACGAACTTA,0
ATTATGACATACTACA,0
ATTATGAGAACGTAGA,0
ATTATGAGACGAATCA,0
ATTATGAGCAAGACTT,0
ATTATGAGCCAATTAA,0
ATTATGAGTCCCCCTC,0
ATTATGATGATCGCAA,0
ATTATGATTAATAATG,0
ATTATGATTGGTCGAT,0
ATTATGCATGCATTAT,0
ATTATGCATTATCCAA,0
ATTATGCCACACTCCA,0
ATTATGCCATTAATGG,0
ATTATGCCTTAGTGAT,0
ATTATGCTGCGTAAAA,0
ATTATGGAAACCGAAC,0
ATTATGGACTAATGGG,0
ATTATGGAGATGTATC,0
ATTATGGATTCCTACG,0
ATTATGGGCCTAAGTG,0
ATTATGGGTATGACTG,0
ATTATGTAACCCATAC,0
ATTATGTAGGCTGCAC,0
ATTATTAAATAACTTT,0
ATTATTAAATCCTCAG,0
ATTATTACACTAAAAG,0
ATTATTAGGCACACTA,0
ATTATTATCCCTAACG,0
ATTATTATGTCCGTCC,0
ATTATTCAAGAAATTT,0
ATTATTCACGATGGCG,0
ATTATTCGAATGGGAA,0
ATTATTCTCATTAACA,0
ATTATTCTGACAGAGA,0
ATTATTCTTCATTGAA,0
ATTATTGCACCACACT,0
ATTATTGCTACAGACC,0
ATTATTGTAAGTCTAA,0
ATTATTTAACCAACTG,0
ATTATTTATATATAAT,0
ATTATTTATGGATCCT,0
ATTATTTCACAAACCA,0
ATTATTTCTACGCTCA,0
ATTATTTTACACCATC,0
ATTCAAAAAGCGACGC,0
ATTCAAAAATCTGATA,0
ATTCAAAAATTAGGAA,0
ATTCAAAAGTACGTCT,0
ATTCAAACACCCATAT,0
ATTCAAACACCCCTAG,0
ATTCAAACTATAGAGA,0
ATTCAAACTGCCAATT,0
ATTCAAAGCTACGATT,0
ATTCAAAGTAACAACT,0
ATTCAAATCGGTGTTT,0
ATTCAAATCTAACCAG,0
ATTCAAATGCTAATAA,0
ATTCAACACCCAAAGA,0
ATTCAACATACACCAA,0
ATTCAACGGAAGAACT,0
ATTCAACGTCTAGCCT,0
ATTCAACTCCAGTGTT,0
ATTCAAGATTGCGAAT,0
ATTCAAGATTTGAAAT,0
ATTCAAGGATAGGTTG,0
ATTCAAGGGGTAAATC,0
ATTCAAGGTATATCCA,0
ATTCAAGTCAAATAGA,0
ATTCAATAAATAGGCT,0
ATTCAATAATGCAAAA,0
ATTCAATACTACAAAG,0
ATTCAATATAATGACA,0
ATTCAATCCAAATAAT,0
ATTCAATCGATGTCTT,0
ATTCAATCTAAATATC,0
ATTCAATGAAAGATAA,0
ATTCAATGCATCTAGC,0
ATTCAATTGGAGTGTC,0
ATTCACAAATGACCGC,0
ATTCACAAATTCTGTC,0
ATTCACACAGAATAAG,0
ATTCACATCTTATGTA,0
ATTCACATTTTCCACA,0
ATTCACCATTGTTTCT,0
ATTCACCCAAATGAAG,0
ATTCACCTAATCGGAA,0
ATTCACCTATACATAA,0
ATTCACCTGAGATATA,0
ATTCACGGACTAGTTA,0
ATTCACGGCATTAAAG,0
ATTCACGGGAGCACAG,0
ATTCACTAACTAGGAC,0
ATTCACTAATACCTTT,0
ATTCACTTGATATAGT,0
ATTCAGAAAAGGATCA,0
ATTCAGAAAATGATAT,0
ATTCAGAAATTCTTTC,0
ATTCAGAACACAAGAA,0
ATTCAGACAATACCAC,0
ATTCAGATACATAAAA,0
ATTCAGATCTACACTT,0
ATTCAGATTACTGCCT,0
ATTCAGCCCGTAAACC,0
ATTCAGCGCTCTTGAA,0
ATTCAGCTATAAAGCT,0
ATTCAGGAATAAAATA,0
ATTCAGGCGACGCATG,0
ATTCAGTAAGAACTCA,0
ATTCAGTATATCTATC,0
ATTCAGTTTGAGTCGA,0
ATTCATAAGTTATTGC,0
ATTCATACAATACGGC,0
ATTCATACGAAAGTCT,0
ATTCATACGACAGATA,0
ATTCATACTAATACAA,0
ATTCATAGCCCAAGAC,0
ATTCATATGATAACTC,0
ATTCATCAATATCTCC,0
ATTCATCCAACAGCCG,0
ATTCATCCGGTTTTTA,0
ATTCATCGCAACCTGG,0
ATTCATCGTTACTGAT,0
ATTCATGAGTACTTAA,0
ATTCATGCTATGTCCT,0
ATTCATGCTGTATGCC,0
ATTCATGGCGAATAAA,0
ATTCATGTACAACAAG,0
ATTCATTGAGAGATAT,0
ATTCCAAACGACCAAA,0
ATTCCAAATAATTGAA,0
ATTCCAACACGGTTAT,0
ATTCCAAGAAATATTC,0
ATTCCAAGGTGCCATC,0
ATTCCACAACAAAATT,0
ATTCCACAAGAATGCT,0
ATTCCACACCTTTACG,0
ATTCCACAGGAATGCC,0
ATTCCACCTCAGTACC,0
ATTCCAGAGCCGAGAC,0
ATTCCAGAGTCAGTTA,0
ATTCCAGGACAGGAAA,0
ATTCCAGGGGAACCTA,0
ATTCCAGGTGTGCTCT,0
ATTCCAGTAATACTTT,0
ATTCCAGTACACACTA,0
ATTCCATGCCAACGAT,0
ATTCCATTAATGTGCG,0
ATTCCATTACAACCTC,0
ATTCCATTCCTGGAAA,0
ATTCCCAAAATGTATC,0
ATTCCCACATGACAAG,0
ATTCCCAGTCGGCAGG,0
ATTCCCATATGAAAAT,0
ATTCCCGCCGGCTTAC,0
ATTCCCGTAAAAGTTT,0
ATTCCGACGCTAATGA,0
ATTCCGCTGTGCCATT,0
ATTCCGGAGGTGAACT,0
ATTCCGGTCAGACCCG,0
ATTCCGTACCCGATCA,0
ATTCCGTTTAAAGAGA,0
ATTCCTACAATGCAAG,0
ATTCCTAGATTCATGT,0
ATTCCTAGCGACACTA,0
ATTCCTATAAGATGTC,0
ATTCCTATCTTGCCAG,0
ATTCCTCAATAAAAAA,0
ATTCCTCAATTAATAC,0
ATTCCTCCAACTCATC,0
ATTCCTGAGAAGAATA,0
ATTCCTGATTGACCAG,0
ATTCCTGCCTTGCAGA,0
ATTCCTTACAAACAAC,0
ATTCCTTACCGAACAG,0
ATTCCTTTTTAGGAAT,0
ATTCGAAAATCGCAAC,0
ATTCGAAATGAAATAT,0
ATTCGAAATGTCGATC,0
ATTCGAACATTTAAGT,0
ATTCGAAGACCGAAAC,0
ATTCGAATACCAAAGA,0
ATTCGACAATCTTCCC,0
ATTCGACACAAAAGCC,0
ATTCGACGAAATAAGA,0
ATTCGACTTACTTATA,0
ATTCGAGGGAATTAAC,0
ATTCGATATCGCTCGT,0
ATTCGCAAAAAATAAT,0
ATTCGCAAACCAGGAA,0
ATTCGCAATTCTTTAA,0
ATTCGCACGCACGCCC,0
ATTCGCATTATTTAAA,0
ATTCGCCAAACCATAT,0
ATTCGCTAAATCCATA,0
ATTCGCTATAACTAAG,0
ATTCGCTGTCGAAATT,0
ATTCGCTTCAAAGTTA,0
ATTCGCTTTTTAACAT,0
ATTCGGCATAAAGAAA,0
ATTCGGCCATAACTTA,0
ATTCGGCGCTTAATAG,0
ATTCGGGGTGAAACAG,0
ATTCGGTACTTGCTCT,0
ATTCGGTCATACCCCG,0
ATTCGGTTACTCCTTG,0
ATTCGGTTCGAATTTA,0
ATTCGGTTCGGCCCGA,0
ATTCGTAACATAAATT,0
ATTCGTAACCAAATGT,0
ATTCGTAAGATACACC,0
ATTCGTAGGCACCAAG,0
ATTCGTCTAAAACCCT,0
ATTCGTGTGTCGGTTC,0
ATTCGTTATTATAAAC,0
ATTCGTTGTTAAGCTA,0
ATTCGTTGTTGCCAGA,0
ATTCTAAGAACAATAA,0
ATTCTAAGGTAATATC,0
ATTCTAATAATGATCA,0
ATTCTAATGCAACAAA,0
ATTCTACAAATTTAGC,0
ATTCTACAGATTATCG,0
ATTCTACATTTTATTA,0
ATTCTACCCCGATCCG,0
ATTCTACTACTAAATA,0
ATTCTAGAAATGACAG,0
ATTCTAGACATCACGC,0
ATTCTAGTATACTTCA,0
ATTCTATAAAAATGAA,0
ATTCTATATTTACGAC,0
ATTCTATCATGCTTAA,0
ATTCTATGCCCACCGT,0
ATTCTATGTACTTGGT,0
ATTCTCAAAAACGTGT,0
ATTCTCAAGCTTCTTG,0
ATTCTCAATAAATACT,0
ATTCTCAATACTAAAG,0
ATTCTCAATCTTCCCA,0
ATTCTCACACTAGAAC,0
ATTCTCACCCTGATGC,0
ATTCTCCAACGACTCG,0
ATTCTCGCAGTTCCCG,0
ATTCTCTAACTTTTAT,0
ATTCTCTTAAGGGGTG,0
ATTCTGAAATCTATAC,0
ATTCTGAACTAAGTAT,0
ATTCTGAGTATCACCA,0
ATTCTGCAACAGAATT,0
ATTCTGCACAAACACA,0
ATTCTGCAGCTCAACC,0
ATTCTGCTAGGGGAAC,0
ATTCTGGCAAGGGACA,0
ATTCTGGGATAGTAAA,0
ATTCTGTCAATCCTCA,0
ATTCTGTCGATCCGCA,0
ATTCTGTTATAATAGA,0
ATTCTGTTTAGAGACC,0
ATTCTTAAAAAGCTAT,0
ATTCTTAGTACTCCGG,0
ATTCTTATGCTAAACA,0
ATTCTTCGGAGAAAGA,0
ATTCTTGTAGTAATGT,0
ATTCTTTCATATACCT,0
ATTCTTTGTGCAAATT,0
ATTGAAAAACAGAAAA,0
ATTGAAAAACTCGAAG,0
ATTGAAAAATTGTAAA,0
ATTGAAAACAAGCTAC,0
ATTGAAAAGCCGCCGG,0
ATTGAAAATTTTTCAA,0
ATTGAAACCAGAAAGC,0
ATTGAAAGCACTCACC,0
ATTGAAAGCTTCGCAG,0
ATTGAAAGGTTTCTGT,0
ATTGAAATACACTCTA,0
ATTGAAATTCCCGTTC,0
ATTGAACAGGTGTCAT,0
ATTGAACGAACGCACG,0
ATTGAACGAAGGTCAT,0
ATTGAAGACGATTCTA,0
ATTGAAGCAAACTCGA,0
ATTGAAGGCTCATTAG,0
ATTGAAGTATCAAATT,0
ATTGAAGTCTTTAGCA,0
ATTGAAGTTTCTCAAC,0
ATTGAATACACATTAT,0
ATTGAATACTGTACTT,0
ATTGAATAGCCCCATA,0
ATTGAATAGGAGGGGC,0
ATTGAATATATGGTAA,0
ATTGAATCTATACAAA,0
ATTGAATGCATTAATG,0
ATTGAATTAGGCTTAG,0
ATTGACACCGCGCCGA,0
ATTGACACGAGAGTGA,0
ATTGACAGCTGACATA,0
ATTGACAGCTTCCGCG,0
ATTGACATCATAACCG,0
ATTGACATTTAACCCT,0
ATTGACCCAGCCCGAG,0
ATTGACCCCCATTCAT,0
ATTGACCCCGAATACG,0
ATTGACCCGGGTAAAC,0
ATTGACCTGAAGAATA,0
ATTGACGAATTTTAAG,0
ATTGACGAGCAAAGGT,0
ATTGACGTACAAAATT,0
ATTGACTCATAAATCT,0
ATTGACTCGCATAATT,0
ATTGACTGGAAGCTGA,0
ATTGACTGTTCGGTAA,0
ATTGAGACATAAGATC,0
ATTGAGATCACAAAGG,0
ATTGAGCAGAGCTCAG,0
ATTGAGCCTATTTCGC,0
ATTGAGCTAAATAATA,0
ATTGAGCTTTAGACAC,0
ATTGAGGAATTAGTAT,0
ATTGAGGAGCCGGACT,0
ATTGAGGAGTGATTTG,0
ATTGAGGCATGCCACT,0
ATTGAGGCTAGCAGCC,0
ATTGAGGGAATGATAT,0
ATTGAGGGATATAACC,0
ATTGAGGTCTTACAAC,0
ATTGAGTAACAATTAA,0
ATTGAGTACCTCTTGT,0
ATTGAGTAGAAACAGT,0
ATTGAGTAGTTATTCT,0
ATTGATAAAGCCAGCA,0
ATTGATAATTCAAAAC,0
ATTGATAATTGATGAC,0
ATTGATACATAGACAG,0
ATTGATACCATACGTT,0
ATTGATACCTATAGGT,0
ATTGATAGAAGAATTA,0
ATTGATAGGCTGATAG,0
ATTGATATCTGAAATT,0
ATTGATCAGACACGCA,0
ATTGATCCACCATGGC,0
ATTGATCCCACTCTCC,0
ATTGATCTCATAAAGA,0
ATTGATCTCTAGCAAC,0
ATTGATCTGAGGAGAG,0
ATTGATGAGAATCATG,0
ATTGATGATTTTAAAA,0
ATTGATGTTACCATTG,0
ATTGATTAGAATAACA,0
ATTGATTCACACTCAA,0
ATTGATTGTGGCCTAG,0
ATTGATTTTCAGCAAG,0
ATTGCAAAACATTATG,0
ATTGCAAAAGAAACCA,0
ATTGCAAATAGCTATC,0
ATTGCAAATTTCACTG,0
ATTGCAACGTATAGAC,0
ATTGCAACTGATTACA,0
ATTGCAAGCACCCAAT,0
ATTGCAATAAGCGAGT,0
ATTGCAATACCTACAA,0
ATTGCAATATACCTGA,0
ATTGCAATTTCAAACG,0
ATTGCACAAAAGACAA,0
ATTGCACAAATCAAAA,0
ATTGCACATGAGGTAA,0
ATTGCAGAACATCATG,0
ATTGCAGAAGTAAAAA,0
ATTGCAGATGCCGCAA,0
ATTGCAGCCCTTTGTA,0
ATTGCAGCTTTACTAA,0
ATTGCAGTACATTTGC,0
ATTGCAGTATAGAACT,0
ATTGCATAACAAATAC,0
ATTGCATAACAGTACC,0
ATTGCATCAAGGGTAT,0
ATTGCATGTATTCATA,0
ATTGCATTGTCAAGCC,0
ATTGCCACAGTCATAA,0
ATTGCCCCCGATATAA,0
ATTGCCCGTAATGAAT,0
ATTGCCGGTCCCGTAA,0
ATTGCCGTGAATAACC,0
ATTGCCTACCGTTTTG,0
ATTGCCTATAAAGCGA,0
ATTGCGAAAGCGAATC,0
ATTGCGACATATGCAT,0
ATTGCGATAATACCTA,0
ATTGCGTATGAAAAAA,0
ATTGCTAAATTTACAT,0
ATTGCTACCCCAAGGT,0
ATTGCTATTAGCCTTT,0
ATTGCTCTTATCGAAT,0
ATTGCTTAAAATACTT,0
ATTGCTTTATCCCTAG,0
ATTGCTTTATTGCAAA,0
ATTGGAAGCCCTGCAC,0
ATTGGAATACTATTGA,0
ATTGGAATAGATATGC,0
ATTGGAATGCCTTGAA,0
ATTGGACCCCAATCAG,0
ATTGGACGAAACTGTA,0
ATTGGACTGGCACCTT,0
ATTGGATAAAAGCATT,0
ATTGGATATTCAGATA,0
ATTGGATGAAAGAGCT,0
ATTGGATTTCAATGTA,0
ATTGGCAAATTTGGCT,0
ATTGGCAATTATAGCA,0
ATTGGCACTTTCCAGG,0
ATTGGCCTACTCTCAG,0
ATTGGCCTGTAGTAAC,0
ATTGGCTAGCGTGCGA,0
ATTGGCTCACGAATTG,0
ATTGGCTCGGATGACA,0
ATTGGGACATGCACCA,0
ATTGGGATTCCCTGAG,0
ATTGGGCAGAGCCCTA,0
ATTGGGCGGCCCTACG,0
ATTGGGCTGCCATTAA,0
ATTGGGGGGCTTCGAT,0
ATTGGGGTCTAGTGAT,0
ATTGGGTGTGCTGGCA,0
ATTGGGTTCAGAACCT,0
ATTGGTACTATGAACC,0
ATTGGTAGGCAGTTCA,0
ATTGGTCAATATAAGT,0
ATTGGTGACAAATAGT,0
ATTGGTGGGAGCGTTG,0
ATTGGTTACGCTACGA,0
ATTGGTTCAGCGCGGA,0
ATTGGTTTCGAACAAT,0
ATTGGTTTGTATACAT,0
ATTGTACAAAATCGCA,0
ATTGTACATCTCAAGT,0
ATTGTACCCAAATAAA,0
ATTGTAGAAGATAGAT,0
ATTGTAGACGCCTTTG,0
ATTGTATAAAACAATT,0
ATTGTATAAGAAGTTA,0
ATTGTATCACGAGTCA,0
ATTGTATTGCTACCGA,0
ATTGTATTTAAATAAA,0
ATTGTCACTGCTAAAG,0
ATTGTCAGGGTGCAAG,0
ATTGTCATATAACCGG,0
ATTGTCATTCCAAAAA,0
ATTGTCATTGAGCTGA,0
ATTGTCCATTGGAGAT,0
ATTGTCCCTATCAACG,0
ATTGTGACGACGCCGG,0
ATTGTGAGAAGCGTAT,0
ATTGTGAGGCAGTTGA,0
ATTGTGATATGTACCC,0
ATTGTGCATGTTGGCG,0
ATTGTGCGAATATTGA,0
ATTGTGGGGGCGCAAT,0
ATTGTGGTACAATTAT,0
ATTGTGGTCAATTACA,0
ATTGTGTATAGTCCGC,0
ATTGTGTCCTAATAGC,0
ATTGTTAAAGGTTAGT,0
ATTGTTACGACTCTAA,0
ATTGTTATTTGGCGTA,0
ATTGTTCAAGGTACCG,0
ATTGTTCCCATCCTGA,0
ATTGTTCTAATCGTTA,0
ATTGTTTAAAACCAAA,0
ATTGTTTAAACAAACA,0
ATTGTTTCCCCAAACG,0
ATTGTTTCCGAGCCTA,0
ATTGTTTCTCACCACT,0
ATTGTTTGACTCTTTC,0
ATTGTTTTAACACATG,0
ATTTAAAACAATCATG,0
ATTTAAAACGAGGACA,0
ATTTAAAACTTAAGCG,0
ATTTAAAAGAACATTC,0
ATTTAAAATAACAGCA,0
ATTTAAAATAAGAAAA,0
ATTTAAACAAAAAATG,0
ATTTAAACCATAAAAA,0
ATTTAAACGACCCAAT,0
ATTTAAACTATTCATT,0
ATTTAAATGCCAAGGC,0
ATTTAAATTATCAGCT,0
ATTTAAATTCGCACTT,0
ATTTAAATTGAGAGGA,0
ATTTAACAAGTGTATT,0
ATTTAACACAACAAAC,0
ATTTAACATATACCGA,0
ATTTAACGCAAAGAAG,0
ATTTAACGGCAAATAA,0
ATTTAACGTTTGGTGA,0
ATTTAACTACATGCGC,0
ATTTAACTAGACCGAT,0
ATTTAACTATAAACGT,0
ATTTAACTCTCCGTGT,0
ATTTAACTTGAAAACA,0
ATTTAACTTGCGAAAT,0
ATTTAAGAACACGCAA,0
ATTTAAGAGAACTGAC,0
ATTTAAGTATCACAAT,0
ATTTAATAACTTCATG,0
ATTTAATAAGACTCAG,0
ATTTAATACAATAATT,0
ATTTAATCAGGTTGTT,0
ATTTAATCTGTCAAAC,0
ATTTAATGGAACAAAT,0
ATTTAATGTAACTTCA,0
ATTTAATTAGATGCCC,0
ATTTAATTTTAGGAGA,0
ATTTACAACGCCGACA,0
ATTTACAAGCTGGGAG,0
ATTTACAATCCCAGTA,0
ATTTACACCCACAGAG,0
ATTTACAGAAATAATT,0
ATTTACAGTACAGTTT,0
ATTTACATACAGAATG,0
ATTTACATCTAAATAG,0
ATTTACATTTACATAC,0
ATTTACCAAGTTACCA,0
ATTTACCAATACCTAC,0
ATTTACCACGACCCGC,0
ATTTACCAGTAAACTC,0
ATTTACCATAAGCAAA,0
ATTTACCCAATTGATT,0
ATTTACCTCTGTAGAG,0
ATTTACGAAAACTAAA,0
ATTTACGCAACTATCA,0
ATTTACGCCTGCCTGT,0
ATTTACGGTTGTCCGG,0
ATTTACTACTCTCGAC,0
ATTTACTTGAAGTCCC,0
ATTTAGAACGAGACAG,0
ATTTAGAATGCTCTAG,0
ATTTAGACTATACTTG,0
ATTTAGCAAGTACTCA,0
ATTTAGCACCAACCTA,0
ATTTAGCATACTTATT,0
ATTTAGCGGTTAACGA,0
ATTTAGGACACAACAT,0
ATTTAGGTAAATACAG,0
ATTTAGTAGAAAATCC,0
ATTTAGTCAACAAATA,0
ATTTAGTCAAGTAATA,0
ATTTATAAAGTTAAAT,0
ATTTATAATACCTTCT,0
ATTTATACACCAATAT,0
ATTTATACGCAGATGG,0
ATTTATAGCTGACTAT,0
ATTTATATATAGCTCT,0
ATTTATCACTTTTGTC,0
ATTTATCCAAATTAAC,0
ATTTATCTATAAGCCG,0
ATTTATGAATATAGGC,0
ATTTATGAGATGTAAA,0
ATTTATGATAACAGAC,0
ATTTATGCGCAACAAA,0
ATTTATGCTCAATAAC,0
ATTTATTAAAGATTAT,0
ATTTATTCAGCAAGTA,0
ATTTATTTAAACCTGG,0
ATTTATTTCCAGTATA,0
ATTTCAAAACATACGA,0
ATTTCAAACCAATCTA,0
ATTTCAAACTCCAAGC,0
ATTTCAAATAATCCCA,0
ATTTCAACCCAATACA,0
ATTTCAACCGAATAGT,0
ATTTCAACGGACAAAA,0
ATTTCAAGAAATATAA,0
ATTTCAAGTCAATACT,0
ATTTCAATATGAATCC,0
ATTTCACATAAAACGT,0
ATTTCACCACTATCAC,0
ATTTCACCCCTACACG,0
ATTTCACTAAGCGCCA,0
ATTTCAGTACAATCAG,0
ATTTCATGTACCCTAA,0
ATTTCATGTATGTTAC,0
ATTTCATTAAAAAATA,0
ATTTCCAAACCAGCAG,0
ATTTCCAACACAGAGT,0
ATTTCCAACTGCAAAA,0
ATTTCCAATCAGTTAC,0
ATTTCCAATCCTCTTC,0
ATTTCCACACAATCTA,0
ATTTCCAGACAGTTAA,0
ATTTCCATGATACGAT,0
ATTTCCCAGGGAAAAA,0
ATTTCCCGAATAATCA,0
ATTTCCGGCTAACATC,0
ATTTCCTCGTCTCACA,0
ATTTCCTTTAAACGTG,0
ATTTCGACTATATCTA,0
ATTTCGATAAAAGGAT,0
ATTTCGATGAAATGGT,0
ATTTCGATTCTGCCAT,0
ATTTCGCAACAATTGT,0
ATTTCGCACACGCCGA,0
ATTTCGCCACTTGCCC,0
ATTTCGCTGACTTATA,0
ATTTCGTCTGTTGTCG,0
ATTTCTAAAGCGCCAC,0
ATTTCTAACTAGATCA,0
ATTTCTAAGGATGAAA,0
ATTTCTATAGAGATCT,0
ATTTCTATCAATTCCT,0
ATTTCTATTCAGAGTA,0
ATTTCTCAACAAAGAC,0
ATTTCTCAATCGTTTG,0
ATTTCTCTCGCTTAAC,0
ATTTCTTAAGATACCA,0
ATTTCTTACAGATCAA,0
ATTTCTTGCAAAGGGA,0
ATTTCTTGGGCATTGA,0
ATTTCTTTAAAGGTCC,0
ATTTGAAAAGCTTTAC,0
ATTTGAACAATAATAA,0
ATTTGAATTAAAGCCC,0
ATTTGAATTAAAGCTA,0
ATTTGAATTGATCTAG,0
ATTTGACACCAGCTTA,0
ATTTGACCCCTGCAAC,0
ATTTGACTACACCCAG,0
ATTTGAGAGACACCTT,0
ATTTGAGATTAAAATG,0
ATTTGATATATTGTAT,0
ATTTGATATGCTAAAT,0
ATTTGATCGGTGTGTC,0
ATTTGATTTTCTAGCC,0
ATTTGCACATAAACTA,0
ATTTGCATATGTAAAA,0
ATTTGCATATTATAAT,0
ATTTGCCAACCGGCCG,0
ATTTGCCAGGAATTAC,0
ATTTGCCTGAATTCTC,0
ATTTGGAAGACAACGA,0
ATTTGGATCGCAAGAC,0
ATTTGGATGTTCCACA,0
ATTTGGCAATGAGCTC,0
ATTTGGCATAAGACTA,0
ATTTGGCTAGTACCGC,0
ATTTGGGACAACAAAT,0
ATTTGGGTAAGCCATT,0
ATTTGGTAACATCTAG,0
ATTTGGTAATTGCGAT,0
ATTTGGTACCTTTTTT,0
ATTTGGTCCTACCCCC,0
ATTTGGTTGAATGAGC,0
ATTTGTAAACAATACA,0
ATTTGTAAGATAAGCA,0
ATTTGTACACTTAAAT,0
ATTTGTACATCCGAAT,0
ATTTGTAGAAATTACT,0
ATTTGTATAAAGAACA,0
ATTTGTATGTCCAAAT,0
ATTTGTCAAATCTATC,0
ATTTGTCCGACGATGA,0
ATTTGTCTGAAAATAC,0
ATTTGTGTATGGTGTA,0
ATTTGTTCATATTAGT,0
ATTTTAAAACCTCAAA,0
ATTTTAAAGATACGCA,0
ATTTTAAAGGCAATCA,0
ATTTTAAAGTGATAAA,0
ATTTTAATCACATCAC,0
ATTTTAATCGCTAAAC,0
ATTTTAATGATAAACT,0
ATTTTACAACTAGAAT,0
ATTTTACACGAACCCA,0
ATTTTACAGCAGATTT,0
ATTTTACCACACATTG,0
ATTTTACGGATTGTGA,0
ATTTTACTAACTGGTT,0
ATTTTACTGCTAGAGT,0
ATTTTACTTAAAAGCG,0
ATTTTAGACCAAACTG,0
ATTTTAGGAAACACCG,0
ATTTTAGGAACAACCT,0
ATTTTAGGCACATCCT,0
ATTTTAGTGAATGGCA,0
ATTTTAGTTACCATTT,0
ATTTTAGTTTAAACTC,0
ATTTTATACAAAATAT,0
ATTTTATCACGGACCA,0
ATTTTATCCTGCAGTA,0
ATTTTATCGGAGCATG,0
ATTTTATGAGATACCA,0
ATTTTATGTACACAGA,0
ATTTTATGTACTTGAA,0
ATTTTATTCCCATATA,0
ATTTTATTGTCCATTA,0
ATTTTCAAAGAGCATT,0
ATTTTCAACTATCTAG,0
ATTTTCAAGCAGTTGG,0
ATTTTCAATTTATCTC,0
ATTTTCACACTTGATT,0
ATTTTCACAGGTAAAG,0
ATTTTCATGCCCTTGA,0
ATTTTCCATGGTATGA,0
ATTTTCCCGCCTGTCC,0
ATTTTCCTAATACAAT,0
ATTTTCCTTGGTACCG,0
ATTTTCGACCAAAGCT,0
ATTTTCTACATTACAA,0
ATTTTCTCCAAGTAAA,0
ATTTTGACCTTAGATA,0
ATTTTGACTAAAGACA,0
ATTTTGACTTCACCAT,0
ATTTTGAGATTGTAGC,0
ATTTTGATATAAAAAT,0
ATTTTGATTTATTGAT,0
ATTTTGGCAGTGATAA,0
ATTTTGGCTGGCCATT,0
ATTTTGGGACCTAATG,0
ATTTTGGGGTGCTTCG,0
ATTTTGGGTATATTTA,0
ATTTTGTCAAAACACG,0
ATTTTGTTAGACACAT,0
ATTTTTAAATCGATCG,0
ATTTTTACTTTAATAG,0
ATTTTTATTGCGTACG,0
ATTTTTCAACCAGCCC,0
ATTTTTCACAAATGCG,0
ATTTTTCATGCTAGTA,0
ATTTTTGAAGAAGACA,0
ATTTTTGATTTTAGTT,0
ATTTTTGCCCAAAAGA,0
ATTTTTGTATGCATGC,0
ATTTTTTACCCATACA,0
ATTTTTTCACCAAGGT,0
ATTTTTTGACCGGAAA,0
CAAAAAAAAAAATCTT,0
CAAAAAAAAATAGTTA,0
CAAAAAAAAATCGGAT,0
CAAAAAAACAAACGCC,0
CAAAAAAACAATAGTA,0
CAAAAAAACCTCGTGG,0
CAAAAAAAGGATTTTC,0
CAAAAAAAGTATATTA,0
CAAAAAAATAAACTCC,0
CAAAAAAATACAAAAA,0
CAAAAAAATATTAGTA,0
CAAAAAAATTAATTAA,0
CAAAAAACAAAGACAC,0
CAAAAAACCACCGGTC,0
CAAAAAACGAATATGC,0
CAAAAAACGCCACATT,0
CAAAAAACGCTAACTC,0
CAAAAAACGCTAAGTG,0
CAAAAAACTCTAGTAA,0
CAAAAAAGAATCCTTA,0
CAAAAAAGACAAAATC,0
CAAAAAAGATATAGCT,0
CAAAAAAGATTACTAA,0
CAAAAAAGGAATACCA,0
CAAAAAAGTTGATTAA,0
CAAAAAAGTTTCACCC,0
CAAAAAATAACAACAA,0
CAAAAAATACGTTGAA,0
CAAAAAATACTTCGCA,0
CAAAAAATAGAATCTT,0
CAAAAAATATTCCTAA,0
CAAAAAATCTAACACA,0
CAAAAAATGAAGTACC,0
CAAAAAATGCAACGGC,0
CAAAAAATGCCTTTCA,0
CAAAAACAAATACACA,0
CAAAAACAACAATTGC,0
CAAAAACAAGATAAAG,0
CAAAAACAGAAAACAA,0
CAAAAACAGCAAACAT,0
CAAAAACAGTATGTCC,0
CAAAAACATACGCATT,0
CAAAAACATACGCTCA,0
CAAAAACATATGAAAC,0
CAAAAACATCTGACAA,0
CAAAAACCATCACACT,0
CAAAAACCCATAATAT,0
CAAAAACCGTCAGCAA,0
CAAAAACCTACATGTA,0
CAAAAACCTGCAAGTA,0
CAAAAACGATCTACAA,0
CAAAAACGCAATATAT,0
CAAAAACGTATGGCCA,0
CAAAAACTATGATATC,0
CAAAAACTGAAACAGA,0
CAAAAACTTAAACACT,0
CAAAAACTTAACAATG,0
CAAAAACTTCGGCAGT,0
CAAAAAGAACTGCTGA,0
CAAAAAGAAGCTATAT,0
CAAAAAGAGGTACAGG,0
CAAAAAGAGTACACAT,0
CAAAAAGAGTTACAAA,0
CAAAAAGGCAAGTTTT,0
CAAAAAGGCACGTAGG,0
CAAAAAGTAACATAGA,0
CAAAAAGTACATAGAA,0
CAAAAAGTTCAAATGA,0
CAAAAAGTTGCATCGA,0
CAAAAATAACCAATAC,0
CAAAAATAATAGTTCC,0
CAAAAATAATTAGCCT,0
CAAAAATACCAAATCA,0
CAAAAATACCTTCAAT,0
CAAAAATAGATTAAAA,0
CAAAAATATAAACAAG,0
CAAAAATATCCCTAGC,0
CAAAAATATGAGACTA,0
CAAAAATCACCTTTCT,0
CAAAAATCCCTACTAT,0
CAAAAATGATACAGAC,0
CAAAAATGTACTCATG,0
CAAAAATGTTGATTAT,0
CAAAAATTACTATCAT,0
CAAAAATTGAATGTTG,0
CAAAAATTGACGCCCT,0
CAAAACAAAAGTTATC,0
CAAAACAAATAAATAA,0
CAAAACAACAAACAGT,0
CAAAACAACCTTCATA,0
CAAAACAACGTCACTA,0
CAAAACAAGTCTCGGG,0
CAAAACAATACCAAAA,0
CAAAACAATCAATAAA,0
CAAAACACGCTTAAGA,0
CAAAACACTGCACTAT,0
CAAAACAGAAGCAGTA,0
CAAAACAGAGTGATCC,0
CAAAACATGAGCCGCA,0
CAAAACCAGATTGCAT,0
CAAAACCCAAAGGTAA,0
CAAAACCCAAATTCGG,0
CAAAACCCCATGGACG,0
CAAAACCCGTCATCCC,0
CAAAACCGAAAAAATA,0
CAAAACCGTCCACTTC,0
CAAAACCGTGGATTGT,0
CAAAACCTTTTAAGGT,0
CAAAACGAACAGCCAC,0
CAAAACGAATGGAAGG,0
CAAAACGACCCTACTC,0
CAAAACGACCCTAGGT,0
CAAAACGCATATGATA,0
CAAAACGCTGTATCCG,0
CAAAACGGACCTGCGA,0
CAAAACGGATTAATGG,0
CAAAACGTGGTAAGCC,0
CAAAACTACATGAGAA,0
CAAAACTAGACCATCC,0
CAAAACTAGCCTAATA,0
CAAAACTCACCCGCAA,0
CAAAACTCGATTCGAT,0
CAAAACTGAAACTTGA,0
CAAAACTGGAGCTCTC,0
CAAAACTTAATCTGGA,0
CAAAACTTACATTATT,0
CAAAACTTACTAAGTA,0
CAAAAGAAACACAAAA,0
CAAAAGAAACGTTAGG,0
CAAAAGAACCACCCAA,0
CAAAAGAACCGAAACC,0
CAAAAGAACCTATCTT,0
CAAAAGAATTAATCCA,0
CAAAAGACAGCAGAGA,0
CAAAAGATAATTGAGC,0
CAAAAGATACAGAACT,0
CAAAAGATATGAAATA,0
CAAAAGATGATTAACA,0
CAAAAGATGCAAAGCG,0
CAAAAGCAAAGGGTAT,0
CAAAAGCAGAATAGAT,0
CAAAAGCATAAAACCA,0
CAAAAGCATGCTAATA,0
CAAAAGCCAGCCTAAC,0
CAAAAGCCGACCTAAC,0
CAAAAGCGGAGGACAT,0
CAAAAGCTGTGGACCT,0
CAAAAGGAACAGGTAC,0
CAAAAGGAATCACGAA,0
CAAAAGGACGAGTAAT,0
CAAAAGGACGTGATCA,0
CAAAAGGCAATAGCCT,0
CAAAAGGCATTTAAAT,0
CAAAAGGCGTTTATTA,0
CAAAAGGTCGTAAGCT,0
CAAAAGTAAATCGCAA,0
CAAAAGTAACTAACCC,0
CAAAAGTACCAAGACC,0
CAAAAGTATCGGATAG,0
CAAAAGTGCACATGTT,0
CAAAAGTGGATTGCAA,0
CAAAAGTGGCTTGAGA,0
CAAAAGTGTCTTAATA,0
CAAAAGTTCCAACAAA,0
CAAAAGTTGATAGTGA,0
CAAAATAAGGACGGCT,0
CAAAATAAGGCTGGAA,0
CAAAATAATAGGCGCT,0
CAAAATACCCTACAAA,0
CAAAATACGTGTAAAA,0
CAAAATACTAACCATG,0
CAAAATACTCACAGTT,0
CAAAATAGATCCATCA,0
CAAAATAGATCGAGGT,0
CAAAATAGCCAAAACT,0
CAAAATAGCGGTTAAA,0
CAAAATATAAAAATAG,0
CAAAATATATTAACAC,0
CAAAATATCACAAAAG,0
CAAAATATCATAAAAT,0
CAAAATATGGCTTTGA,0
CAAAATATTTAGGCTA,0
CAAAATCAAAAACAGG,0
CAAAATCAACAAATTA,0
CAAAATCAATAATCTA,0
CAAAATCAATCCATAG,0
CAAAATCAATTAACAC,0
CAAAATCACCTGGATA,0
CAAAATCAGGTATGAG,0
CAAAATCATTAAAAAA,0
CAAAATCATTCATATG,0
CAAAATCCCTGTAACT,0
CAAAATCCTGGGTAAT,0
CAAAATCGATCCCATC,0
CAAAATCGGGTAATCC,0
CAAAATCGTCTTAACC,0
CAAAATCTACTTCCTC,0
CAAAATCTGAAGTATC,0
CAAAATCTTTGTTGTT,0
CAAAATGAAATAATTA,0
CAAAATGAGCCATTAG,0
CAAAATGATAAATAGA,0
CAAAATGATAATACAC,0
CAAAATGCAAGGATAG,0
CAAAATGCATATTCCA,0
CAAAATGCGCACAAAC,0
CAAAATGCGGGGAGGA,0
CAAAATGCTGAAGCAA,0
CAAAATGGCATATAAG,0
CAAAATGTACCAGAGT,0
CAAAATTAGAGTTTAG,0
CAAAATTATCAATCCT,0
CAAAATTCATCTAAGT,0
CAAAATTCTAGAGTTT,0
CAAAATTCTTAAAAAC,0
CAAAATTGCTTGTAAA,0
CAAAATTTTCAGAACT,0
CAAAATTTTCGCCGGT,0
CAAACAAAATTTAAGA,0
CAAACAAACACATGCA,0
CAAACAAAGAAGGGAC,0
CAAACAAATAGTTACT,0
CAAACAAATATTCCAT,0
CAAACAAATCCAAGTG,0
CAAACAAATGGGAACT,0
CAAACAAATTGGTATA,0
CAAACAACAGACAAAC,0
CAAACAACAGGATTCG,0
CAAACAACATTCGAAC,0
CAAACAACTAAAGCAT,0
CAAACAACTACATTGG,0
CAAACAAGATTCACCC,0
CAAACAAGGGATTTAA,0
CAAACAATAACTCTGA,0
CAAACAATATGCACGC,0
CAAACAATCTCCAAAA,0
CAAACAATCTGCGATA,0
CAAACAATGAAAGTAC,0
CAAACACAAAAAGGAG,0
CAAACACAACGTTAGT,0
CAAACACAAGTATAAA,0
CAAACACAGACCCAAA,0
CAAACACAGATGTTAT,0
CAAACACATAGTAATA,0
CAAACACCCAAACCGC,0
CAAACACCTCTTTTAA,0
CAAACACTAAAGATGC,0
CAAACACTAATAGCGT,0
CAAACAGACACGTAAC,0
CAAACAGACCGCCATG,0
CAAACAGATGATGGCA,0
CAAACAGATGTCCACC,0
CAAACAGGCTATCTCA,0
CAAACAGTAAAATGAG,0
CAAACAGTGATCTGAA,0
CAAACAGTTTAGAGTA,0
CAAACATAAAAATGCG,0
CAAACATAACGCATAG,0
CAAACATAAGCTTCCC,0
CAAACATAATCCAACA,0
CAAACATACTAATAAC,0
CAAACATGGGCTAGCT,0
CAAACATTAAATGAGA,0
CAAACATTGAAGCATT,0
CAAACATTTGTTAGAT,0
CAAACCAACATCTAAG,0
CAAACCAAGATTTCAA,0
CAAACCAATGATGGTT,0
CAAACCAATTCAATAC,0
CAAACCACCACTAAAA,0
CAAACCACGTTCTTTA,0
CAAACCAGAGAATCAA,0
CAAACCAGCTAATCAT,0
CAAACCCAACATATAC,0
CAAACCCACGACAAAA,0
CAAACCCAGTTGGACG,0
CAAACCCATAGTAGAA,0
CAAACCCATATCAAAC,0
CAAACCCATTAGATGC,0
CAAACCCCTGAACCTG,0
CAAACCCGAACTTTAA,0
CAAACCCGAGAAAATT,0
CAAACCCGGAAGTTCT,0
CAAACCCTATGTTAAA,0
CAAACCCTGCCCTACA,0
CAAACCCTGTAGGGGA,0
CAAACCCTTGAGACTT,0
CAAACCGAAGATTGCG,0
CAAACCGAAGGCAAAA,0
CAAACCGAATGTCCGA,0
CAAACCGATGACTGTA,0
CAAACCGCAAACTCCA,0
CAAACCGCAGCAAGGC,0
CAAACCGCAGTGCTAA,0
CAAACCGGTTTGAACA,0
CAAACCGTAGAGTTCC,0
CAAACCGTCGCGGTGA,0
CAAACCGTTAATTAGG,0
CAAACCTAATTGACAG,0
CAAACCTATAGAATGT,0
CAAACCTCCGAATCAT,0
CAAACCTCTTCACTCA,0
CAAACCTGCAAAGAAG,0
CAAACCTGGCACATAT,0
CAAACCTTCATAGCAT,0
CAAACCTTGAACTTTG,0
CAAACCTTGTTTGAGA,0
CAAACGAAAAAACTCT,0
CAAACGAAACCGTCCA,0
CAAACGAAATGCACCT,0
CAAACGAATCGCAAAC,0
CAAACGAATGTTCTTA,0
CAAACGAGAGAAGCAA,0
CAAACGAGCGCAAGTG,0
CAAACGAGTAGTGCCA,0
CAAACGAGTTGAGATC,0
CAAACGCAGCCATAGA,0
CAAACGCCAACAATGA,0
CAAACGCCAAGTAGCT,0
CAAACGCCTACAGCCC,0
CAAACGCGATACACAC,0
CAAACGCGCTCGTAAC,0
CAAACGCGTCCATTTA,0
CAAACGCTCCCATAGA,0
CAAACGGAAAAACGAG,0
CAAACGGATATCCAAG,0
CAAACGGGTAAATTAT,0
CAAACGGGTTACTCTA,0
CAAACGTAACGTTTCA,0
CAAACGTCATATTCTC,0
CAAACGTCCAAACTGA,0
CAAACGTGCGACAGTG,0
CAAACGTGTGGCCGAT,0
CAAACTAAAGCCAGTT,0
CAAACTAACAGAATAA,0
CAAACTAAGCCTAGTA,0
CAAACTACAGTTTTAG,0
CAAACTACGCAACATT,0
CAAACTAGTTCTATCA,0
CAAACTATAATTGGCA,0
CAAACTATATACAACT,0
CAAACTATATGAATGC,0
CAAACTATATTATTGC,0
CAAACTATGCCCCAGT,0
CAAACTCACAATACCA,0
CAAACTCACATAGCAG,0
CAAACTCCAAAGTACC,0
CAAACTCCATGGCATT,0
CAAACTCGAACAGCAA,0
CAAACTCTGAGAAGCT,0
CAAACTGAAAAAACCG,0
CAAACTGAGAAAGAGT,0
CAAACTGAGTGCAGAT,0
CAAACTGATGATAACT,0
CAAACTGATGGGCCAG,0
CAAACTGCATACCACA,0
CAAACTGCCGTCAACT,0
CAAACTGCGAGGGTAA,0
CAAACTGGATAAATAT,0
CAAACTGGTGAAGGTA,0
CAAACTTACATATACT,0
CAAACTTAGAAGTGGA,0
CAAACTTATTACGTCT,0
CAAACTTGAGACTACA,0
CAAACTTGCCAGGTTA,0
CAAACTTGCGTACACG,0
CAAACTTTAGTTACAT,0
CAAACTTTGTGTCAGA,0
CAAAGAAAACCAACGG,0
CAAAGAAATAGGGGAA,0
CAAAGAAATATTAAAC,0
CAAAGAAATCATATAC,0
CAAAGAACAATAGAAG,0
CAAAGAACGACTTTCT,0
CAAAGAACTCAGAAGA,0
CAAAGAACTTGCTCAT,0
CAAAGAAGACTCAAGA,0
CAAAGAATAAAAATTA,0
CAAAGAATATACAATC,0
CAAAGAATCGCCCGAC,0
CAAAGACAACCGCAAG,0
CAAAGACACCCGATAA,0
CAAAGACAGCAGTATC,0
CAAAGACCCGAAGAAT,0
CAAAGACGACGCTTCT,0
CAAAGACGAGTAGACT,0
CAAAGACGCAATATAT,0
CAAAGACGTATTAGCA,0
CAAAGACTAGTATGGA,0
CAAAGACTGCGGAAAA,0
CAAAGACTTGTACCTA,0
CAAAGAGAATAGAGGT,0
CAAAGAGCGCAAACTC,0
CAAAGAGGCGTTTGAT,0
CAAAGAGTAAGCAGCC,0
CAAAGAGTAATACAAA,0
CAAAGAGTAGCCTAAG,0
CAAAGAGTCCGAGTAG,0
CAAAGAGTGCTTAAAC,0
CAAAGATAACTCTCTG,0
CAAAGATAAGATGCTA,0
CAAAGATAATAAGTAT,0
CAAAGATACAACTAGA,0
CAAAGATACCGATTGA,0
CAAAGATAGGTTATAC,0
CAAAGATGATACTCAA,0
CAAAGATGCATAGCCT,0
CAAAGATGTGGCAATA,0
CAAAGCACACCCGTAC,0
CAAAGCACTAGGTGAT,0
CAAAGCATGGCGCAGC,0
CAAAGCATTTCACACA,0
CAAAGCCAACATAATT,0
CAAAGCCAATTTGTTA,0
CAAAGCCATAGCAGTG,0
CAAAGCCATGCAAATT,0
CAAAGCCCTAATGTTT,0
CAAAGCCGGACCTAAA,0
CAAAGCGAAGCCCAAA,0
CAAAGCGATACGTCCC,0
CAAAGCGCTTAGTTCA,0
CAAAGCGTCATCGAGA,0
CAAAGCTAGCCCCCGT,0
CAAAGCTCCCGTCATT,0
CAAAGCTGCGACATGC,0
CAAAGCTTAGTTCTAG,0
CAAAGCTTCCATATCT,0
CAAAGGAATAACTCGC,0
CAAAGGACATATAACA,0
CAAAGGCAAGTAAATC,0
CAAAGGCGACACAACC,0
CAAAGGCTAGCGTAAC,0
CAAAGGGAAAGTAACA,0
CAAAGGGAAATACAAA,0
CAAAGGGACCAGATCA,0
CAAAGGGACCCTTGCC,0
CAAAGGGATACGTTGA,0
CAAAGGGATTTTCAAC,0
CAAAGGGCACAACCTT,0
CAAAGGGGGAGCAATA,0
CAAAGGGTGCTTAGCA,0
CAAAGGTAAAAGCCGA,0
CAAAGGTAACGCGTGC,0
CAAAGGTAATCATTAG,0
CAAAGGTACTGAAATA,0
CAAAGGTAGATCTAAT,0
CAAAGGTAGTTCTCAT,0
CAAAGGTCCCCTAAAT,0
CAAAGGTCGGATAATG,0
CAAAGGTCTATATCCC,0
CAAAGGTGCAAATGTA,0
CAAAGTAAACACAGCA,0
CAAAGTAAACGAAGAA,0
CAAAGTAACTAGCCGA,0
CAAAGTAAGCCCTATG,0
CAAAGTAAGTGGCAGA,0
CAAAGTAAGTTATTTA,0
CAAAGTAATAAGAAAA,0
CAAAGTAGAGCAGTCT,0
CAAAGTATTACTCTAA,0
CAAAGTATTTCAAAGA,0
CAAAGTCAGGCCGGCA,0
CAAAGTCAGTCTGCAA,0
CAAAGTCTCATGCAGA,0
CAAAGTCTCTAATAGA,0
CAAAGTCTTAATACTT,0
CAAAGTGAGTTCAATT,0
CAAAGTTAGAATAAAT,0
CAAAGTTCTTATCAGT,0
CAAAGTTGACACTTGC,0
CAAAGTTGTGGATTAC,0
CAAAGTTTACCTAGGC,0
CAAATAAAAGAACCTT,0
CAAATAAAAGGCATTA,0
CAAATAAAATCAACCG,0
CAAATAAACCTTCCCA,0
CAAATAAAGACAGACA,0
CAAATAAATATTGTAG,0
CAAATAACAACCGCCA,0
CAAATAACAATATCGA,0
CAAATAACATGCAAAG,0
CAAATAACCACGTTGT,0
CAAATAACTATCGTAT,0
CAAATAACTCAACCCG,0
CAAATAAGACACGGCC,0
CAAATAAGACCGAGCA,0
CAAATAAGAGGGACCA,0
CAAATAAGGGTGCGCT,0
CAAATAATAAAACGAT,0
CAAATAATACGGGTTC,0
CAAATAATCAAATGAT,0
CAAATAATGAGCAGAA,0
CAAATACAAATTGGGT,0
CAAATACAAGTAAATG,0
CAAATACAGTGAACTC,0
CAAATACCAAGAGCAT,0
CAAATACCCCAGGTGT,0
CAAATACCGAAAAATA,0
CAAATACGATAAACGT,0
CAAATACGATGAGATA,0
CAAATACGCCATACTA,0
CAAATACGGCACAGAT,0
CAAATACGTACGAACA,0
CAAATACGTATTTGAC,0
CAAATACGTTCATCTT,0
CAAATACTACTAGGGG,0
CAAATACTATAAATAC,0
CAAATAGAAGAGTCAA,0
CAAATAGGATTTCAGG,0
CAAATAGTAGCAAATC,0
CAAATAGTCATTACAG,0
CAAATATAATACATTA,0
CAAATATAATGATTGC,0
CAAATATACGAAGTAA,0
CAAATATACGCGCTGA,0
CAAATATAGCATGATG,0
CAAATATATGACCAGT,0
CAAATATCAAAATTAT,0
CAAATATCAAGCAGAG,0
CAAATATCAATACTAT,0
CAAATATCATTTTAAC,0
CAAATATGACCACAGG,0
CAAATATTACCCCTTA,0
CAAATATTTCCGCCTG,0
CAAATCAAAGGAATAC,0
CAAATCAACACAAGTT,0
CAAATCAACACCCCAT,0
CAAATCAGTGTTTTTA,0
CAAATCATCGTGACGG,0
CAAATCATCTCCTCGT,0
CAAATCATTTTCTAAA,0
CAAATCCATATCTCGT,0
CAAATCCCACCGCATG,0
CAAATCCCATTATAAG,0
CAAATCCCCCACCTGA,0
CAAATCCCTCGTGGCC,0
CAAATCCCTCTGAATC,0
CAAATCCCTTATCGGT,0
CAAATCCCTTATCTCT,0
CAAATCCTGATTCTTG,0
CAAATCGACTAATTAG,0
CAAATCGAGTTCTGAC,0
CAAATCGGTACTAATG,0
CAAATCGTAATGATGA,0
CAAATCGTTGAAACCC,0
CAAATCTACTGAGAGT,0
CAAATCTCAACATTCT,0
CAAATCTCAAGCCCAC,0
CAAATCTGAAACGCAT,0
CAAATCTTATTGATGT,0
CAAATCTTTGAGGCGA,0
CAAATGAAAGCTCTCA,0
CAAATGAAATTCAAGC,0
CAAATGACTCACGAGA,0
CAAATGAGTTAACTTC,0
CAAATGATTAGGAACG,0
CAAATGCACTTTAGAG,0
CAAATGCATTAACATG,0
CAAATGCCCCGCTACT,0
CAAATGCCGTAGCTAT,0
CAAATGCCTAGCAACC,0
CAAATGCCTCCTGCAT,0
CAAATGCTAACACATC,0
CAAATGCTATAACCGC,0
CAAATGCTTGTAAGTT,0
CAAATGGAATGATGGA,0
CAAATGGAGGGCATTT,0
CAAATGGTCAATGGTA,0
CAAATGTAAAACAAGG,0
CAAATGTAAGAGTGTC,0
CAAATGTCTAAAGACA,0
CAAATGTGTAGAAAAA,0
CAAATGTTAATATAAC,0
CAAATGTTAGCCGCTC,0
CAAATTAAAACCGCAA,0
CAAATTAAACGATAAC,0
CAAATTAAAGAATACA,0
CAAATTAAAGGCCAAA,0
CAAATTAAATTGGTCC,0
CAAATTAACCATAAAA,0
CAAATTAAGTAGAATT,0
CAAATTACAAGCTAAA,0
CAAATTACACCTAGTT,0
CAAATTACAGTAACAC,0
CAAATTACGGCTAAAT,0
CAAATTACTACCGAAG,0
CAAATTAGAAGCTAAC,0
CAAATTAGCTATATCT,0
CAAATTAGTCTGCAAA,0
CAAATTATACCATCGC,0
CAAATTATATCCTCCT,0
CAAATTATTTTACACT,0
CAAATTCAAAATTCAT,0
CAAATTCAAACAACCG,0
CAAATTCAAGGGCCGA,0
CAAATTCATCATTCAA,0
CAAATTCATCCCATAA,0
CAAATTCATTTTACAG,0
CAAATTCCCTATAAAA,0
CAAATTCCCTCCATCT,0
CAAATTCCTTAACAGA,0
CAAATTGAAATATCCC,0
CAAATTGACACCCTTC,0
CAAATTGACATAACAC,0
CAAATTGAGCATGGGT,0
CAAATTGGTGCTTGAT,0
CAAATTGTAGATGCGC,0
CAAATTGTGAATCAAT,0
CAAATTTAAAATTTCC,0
CAAATTTAGTATAAAC,0
CAAATTTATAGCAATC,0
CAAATTTCGAAGATAA,0
CAAATTTCGTTATCCA,0
CAAATTTCTAAAAAAT,0
CAAATTTGTAAAATGA,0
CAAATTTGTTGGACTA,0
CAAATTTTAACAAAGT,0
CAAATTTTAAGATACC,0
CAAATTTTCTGTTCAC,0
CAAATTTTTCTATAAA,0
CAACAAAAAATAAATG,0
CAACAAAAAGACGATT,0
CAACAAAAAGCAGTAC,0
CAACAAAAGTTCAGTT,0
CAACAAACAGAACTAG,0
CAACAAACAGGAAGAA,0
CAACAAACTAATTATA,0
CAACAAAGGTACCGAA,0
CAACAAATACATGGCA,0
CAACAAATCTCGTTTT,0
CAACAAATGATAACCT,0
CAACAAATTAGCGAAC,0
CAACAAATTGCCATAC,0
CAACAACAAATAAAAT,0
CAACAACAAGAAACAA,0
CAACAACCCTACATGC,0
CAACAACTAAAATACA,0
CAACAACTCGAACGTC,0
CAACAACTCTAAAATT,0
CAACAACTGTACCCGC,0
CAACAACTTGGTCATA,0
CAACAACTTTTGCAAA,0
CAACAAGAAAATACAT,0
CAACAAGAAACTTAAG,0
CAACAAGAACATTCAT,0
CAACAAGATAAATCCA,0
CAACAAGATACATTGG,0
CAACAAGCATATAACA,0
CAACAAGTACGATAAG,0
CAACAAGTTCAACCAG,0
CAACAATAAACTAGTC,0
CAACAATAACATATAT,0
CAACAATACTGCCGGG,0
CAACAATATCACTCAG,0
CAACAATCTCAATATG,0
CAACAATTGCCGTTTC,0
CAACAATTGTTAACTT,0
CAACACAAGTACTTAG,0
CAACACAATTAACCGA,0
CAACACACACCAAACG,0
CAACACACATAAACAG,0
CAACACACCCAAATCC,0
CAACACAGTATGGCAC,0
CAACACATTAGAATAC,0
CAACACCTATAAGCCT,0
CAACACCTATGGATGA,0
CAACACGAGACGGCAA,0
CAACACGATGCTGTAT,0
CAACACGATTAAAGAG,0
CAACACGTAATTCATG,0
CAACACGTGACCTATA,0
CAACACTAAAAAAGAA,0
CAACACTATTCAATAG,0
CAACACTATTTAATTA,0
CAACACTGTAATCTTA,0
CAACACTTTCAATCCT,0
CAACAGAAAACACCAC,0
CAACAGACAACAGCAA,0
CAACAGACATTCCTAG,0
CAACAGACGAGTTCAA,0
CAACAGAGCTATGAAC,0
CAACAGATAATCAATA,0
CAACAGCAGCCTTCCC,0
CAACAGCAGGAGTAGC,0
CAACAGGAAAAGTGTC,0
CAACAGGCATGTAAAG,0
CAACAGGCGAATAATA,0
CAACAGGTAACTTCGA,0
CAACAGTAAGGAACAA,0
CAACAGTACCAAAATC,0
CAACAGTATAAATATG,0
CAACAGTATATACAGT,0
CAACAGTATCTACATT,0
CAACAGTATTAATATA,0
CAACAGTTCGGGATGC,0
CAACATAAACGGGAAC,0
CAACATAAAGTAACTT,0
CAACATAAGATAAGAT,0
CAACATAAGGCCTCGG,0
CAACATAATAATCTCA,0
CAACATAATTCAGTTG,0
CAACATACGCAAATAT,0
CAACATACGCTAGTCA,0
CAACATACTCCCAGCA,0
CAACATAGCAATAAAA,0
CAACATAGGGACAAAT,0
CAACATATGTCTTGAA,0
CAACATATTCTATCCG,0
CAACATCAAAATTCAA,0
CAACATCAACCGCACC,0
CAACATCAATTTCTCT,0
CAACATCAGTGTTGAC,0
CAACATCTCATTCCGA,0
CAACATGATTTTCATA,0
CAACATGCACTTTTTC,0
CAACATGGCATAGGAT,0
CAACATGTTGTTCGAA,0
CAACATTAACAAACGA,0
CAACATTCAAACTATT,0
CAACATTCCGACGCCA,0
CAACATTGAATCAAAA,0
CAACATTGTGACGAAC,0
CAACATTTGAGTAAAA,0
CAACATTTTTATTAGA,0
CAACCAAACCAAACTC,0
CAACCAAACCACGGTC,0
CAACCAACCAATAAAC,0
CAACCAACGGTAGACA,0
CAACCAAGCGTATGGA,0
CAACCAAGGGCTGAAT,0
CAACCAAGGGGATAAT,0
CAACCAATCGAGTGAA,0
CAACCAATGCTTCATA,0
CAACCACAAATAAATC,0
CAACCACACAGGTGCT,0
CAACCACCACCTCGCA,0
CAACCACCCATAAGTC,0
CAACCACCGTAAACAC,0
CAACCACGCCTATGTA,0
CAACCACTATAGTAAC,0
CAACCAGAACGGGGAC,0
CAACCAGACATAAACG,0
CAACCAGATACCACTT,0
CAACCAGCCAGCCTGT,0
CAACCAGCGTTAAACC,0
CAACCATAAGACACTA,0
CAACCATAAGCCAAGT,0
CAACCATATCGGGACT,0
CAACCATCCTAAAACA,0
CAACCATCGTACAAGC,0
CAACCATGGCATTGTA,0
CAACCATGTCTCATGT,0
CAACCATTACCCGCAT,0
CAACCCAAATTAAATG,0
CAACCCAATCATCTCA,0
CAACCCACCGCGCCAG,0
CAACCCAGCGGTCCCT,0
CAACCCGAAGGAGTCA,0
CAACCCGACAAAAAAG,0
CAACCCGTGCACAAGT,0
CAACCCTAATGAGAGT,0
CAACCCTGAACACACG,0
CAACCCTTGAATCACA,0
CAACCCTTGATAGTCA,0
CAACCGACCGCACCAG,0
CAACCGACCTAACCTT,0
CAACCGAGCTTACTGA,0
CAACCGAGTTTGTCAC,0
CAACCGCTTACAATGC,0
CAACCGGAATATATGC,0
CAACCGGAGGTCCACA,0
CAACCGGTCCACGTAT,0
CAACCGTACTTGGAAG,0
CAACCGTCACGAAACA,0
CAACCGTGTACAAGAC,0
CAACCTAACAACATTA,0
CAACCTAAGTAGGACA,0
CAACCTAATCGGAGAG,0
CAACCTACCGCTGACT,0
CAACCTACTTTCAAAA,0
CAACCTATAGAACGAT,0
CAACCTATTACCCACC,0
CAACCTCAAACGTGAA,0
CAACCTCCCCCAAAAA,0
CAACCTCGACTACTAA,0
CAACCTCTGGTGGACG,0
CAACCTGAGAACAATC,0
CAACCTGATAAAAAAA,0
CAACCTGATCTAAACT,0
CAACCTGCCTGAACTA,0
CAACCTGCTTAACTCT,0
CAACCTGTATACCCAC,0
CAACCTTCACTACATG,0
CAACGAAACTCCTCCT,0
CAACGAACCCATAATC,0
CAACGAAGACAAGTAG,0
CAACGAAGATACAAAA,0
CAACGAAGCACACCGG,0
CAACGAATATTCTCAA,0
CAACGAATCCCTTCAC,0
CAACGACAAAGGCATT,0
CAACGACATAAGAGTT,0
CAACGACATGCTAGGG,0
CAACGACCGGATCTAT,0
CAACGACCTCGGCTCA,0
CAACGACTAAACATCC,0
CAACGACTTTTAGATG,0
CAACGAGAACTGACCT,0
CAACGATAGACATCCA,0
CAACGATATGACGCGA,0
CAACGATCAGTAGGCT,0
CAACGATCGGGCGAAC,0
CAACGATTGATTACCG,0
CAACGCAAACAGTAAA,0
CAACGCAACTTCAAAT,0
CAACGCACGAACCTCC,0
CAACGCAGTAGGTATT,0
CAACGCATAGAAGCCT,0
CAACGCATGACTTCTA,0
CAACGCGCACACCGAG,0
CAACGCGTACGTAACC,0
CAACGCTATTACTATT,0
CAACGCTCAACAGATC,0
CAACGCTGTTTAAAAC,0
CAACGCTTGGTAACAA,0
CAACGGAGCTCATAAA,0
CAACGGGAATTATAAC,0
CAACGGTAAAAATGTT,0
CAACGGTAAAACAAAC,0
CAACGGTATCAGAACC,0
CAACGTAATCGCCAGC,0
CAACGTAATTGTTTCC,0
CAACGTACATTCTAAC,0
CAACGTATTTACCGTC,0
CAACGTCATACCTTTA,0
CAACGTCGTATTGAAC,0
CAACGTGATCACCCTT,0
CAACGTGGAAATTCAA,0
CAACGTGGATCTTGAT,0
CAACGTGGGTTATAAC,0
CAACGTTACTTTAACG,0
CAACGTTCATCTTTCA,0
CAACGTTCTACTGGCG,0
CAACGTTGTCCCGGAA,0
CAACTAAAACTGACGG,0
CAACTAAATCCAATAT,0
CAACTAAATTTGGCGC,0
CAACTAACAAACAGAT,0
CAACTAAGCGGGGCTA,0
CAACTAAGGTATAACA,0
CAACTAATACAATCAA,0
CAACTAATCATAGGTG,0
CAACTACACTCACGTC,0
CAACTACCCAGTGATT,0
CAACTACCGGAACTGT,0
CAACTACGCCTCTGGT,0
CAACTACTATTACCAA,0
CAACTACTGGCCTAAT,0
CAACTACTTACACCAC,0
CAACTAGATTCTTCGA,0
CAACTAGTACAGGCGG,0
CAACTAGTACCAATCA,0
CAACTAGTATAGTAAA,0
CAACTAGTTCCATAGT,0
CAACTATAAAATCTTA,0
CAACTATAAACGACTC,0
CAACTATAAATAAACT,0
CAACTATAAGACCAAC,0
CAACTATATAAGGTAT,0
CAACTATTATGGGATA,0
CAACTATTCCCCACTA,0
CAACTCAATCATCTTG,0
CAACTCACCAAGCAAT,0
CAACTCAGAATTGTCG,0
CAACTCAGCATAGTCA,0
CAACTCAGGAACTTCT,0
CAACTCATAAAAAATG,0
CAACTCATTAAAAGAC,0
CAACTCCATGAAAAAA,0
CAACTCCCAATCTAGG,0
CAACTCCTAACCGTCT,0
CAACTCGAAAGCGGTT,0
CAACTCGCGGATAAAG,0
CAACTCGGGTTACTGA,0
CAACTCGTCATTTAGA,0
CAACTCTAGAAAGAAT,0
CAACTCTGCTATTATG,0
CAACTCTGCTGGAGCA,0
CAACTCTGTGCGTAGC,0
CAACTGAATCATTTAC,0
CAACTGCATCAAAATA,0
CAACTGCGACCTTATC,0
CAACTGGATGATGACA,0
CAACTGTACTTCCGAT,0
CAACTGTACTTTGACG,0
CAACTGTATATCCAAC,0
CAACTGTCAGGATTGG,0
CAACTTAAAGGAGTAC,0
CAACTTAAATAGTGAG,0
CAACTTAATAACATTA,0
CAACTTACAAGTTCAA,0
CAACTTATCCCTTCCG,0
CAACTTCACCACTCCG,0
CAACTTGACCTCACAA,0
CAACTTGAGTGCCAGG,0
CAACTTGTGCACGCAA,0
CAACTTTGTAGATAAA,0
CAACTTTTATACACCA,0
CAACTTTTTCGCAATT,0
CAAGAAAAAAACATGA,0
CAAGAAAAACAGTAGA,0
CAAGAAAAACCGATAG,0
CAAGAAAAATGATCAT,0
CAAGAAAACAGATTTC,0
CAAGAAAAGCTACACA,0
CAAGAAACAAAAAAAT,0
CAAGAAACGAAAGACA,0
CAAGAAACTGGCGATA,0
CAAGAAAGCGGTTCGC,0
CAAGAAATGATAACCT,0
CAAGAACAAAAGAGAT,0
CAAGAACACTCAGAAT,0
CAAGAACGCTGTGCGC,0
CAAGAACGGTCACACT,0
CAAGAACTAAAAGATA,0
CAAGAACTCTAAAATA,0
CAAGAAGAACAAATCT,0
CAAGAAGAATTGGTAC,0
CAAGAAGACTGCACTT,0
CAAGAAGAGAACCGGG,0
CAAGAAGATAGAGGAC,0
CAAGAAGCACAGCTTC,0
CAAGAAGCTTTTCCCA,0
CAAGAAGGACTAGAAA,0
CAAGAAGGCAACATGA,0
CAAGAAGGGAGAGCAA,0
CAAGAATAAAATTATC,0
CAAGAATACAAATACC,0
CAAGAATAGGACCAAA,0
CAAGAATATCGCCTAT,0
CAAGAATCACGAAACT,0
CAAGAATCTAATCAAT,0
CAAGAATGGATTTAAT,0
CAAGAATGTTTAGAAT,0
CAAGAATTACTACGCA,0
CAAGAATTCGATAACA,0
CAAGAATTTGATGTAC,0
CAAGACAAACTTATCT,0
CAAGACAATTAAAACA,0
CAAGACACAGGGCGTT,0
CAAGACACAGGTAATA,0
CAAGACACTCACGATA,0
CAAGACATAGTCGTCT,0
CAAGACATCAATTTCA,0
CAAGACCACGGAGATA,0
CAAGACCCAGAAAACT,0
CAAGACCGACAACACT,0
CAAGACCTTCCGTCGT,0
CAAGACGACGAGCTAT,0
CAAGACGGGACACTTC,0
CAAGACGTAAATCTAA,0
CAAGACGTGCATAAAC,0
CAAGACTACTCACTCT,0
CAAGACTATCGAATAA,0
CAAGACTTTTGACACT,0
CAAGAGAAACAGATTC,0
CAAGAGACAAAAATTA,0
CAAGAGACAACCTATC,0
CAAGAGATCACTGGAC,0
CAAGAGATTCCTACGA,0
CAAGAGCAGATCGAAT,0
CAAGAGCATAATCGGA,0
CAAGAGCCCTATCTAT,0
CAAGAGCCTTAAATTA,0
CAAGAGCGAGACATGA,0
CAAGAGCGTACCAGAA,0
CAAGAGCTCTTCGGGA,0
CAAGAGGAGACGGTAT,0
CAAGAGGGATCCACAT,0
CAAGAGTACCAGTATG,0
CAAGAGTGTCGAAGCG,0
CAAGAGTTTAACGAAT,0
CAAGAGTTTCCTGTAG,0
CAAGATAATCATTCAA,0
CAAGATAATGGTGTGC,0
CAAGATACGAGACAAA,0
CAAGATAGGATCCCAC,0
CAAGATATACTATCAT,0
CAAGATATTCTCCACC,0
CAAGATCACTACCAGA,0
CAAGATCCACTCTTGA,0
CAAGATCCGTGAGATA,0
CAAGATCGCTTGCGGA,0
CAAGATCTGTGTCACA,0
CAAGATGAACACATAT,0
CAAGATGAAGGACAAT,0
CAAGATGAATCTTCAT,0
CAAGATGTGACACCCC,0
CAAGATTCTCGTTTAG,0
CAAGATTTCATTAAAA,0
CAAGCAAACCAAGTAA,0
CAAGCAAATGAGAGAA,0
CAAGCAAATTACCGTC,0
CAAGCAAATTATGCTA,0
CAAGCAATTAGACTCC,0
CAAGCACACCTTGCTT,0
CAAGCACGACATCCGT,0
CAAGCACGTTGATAAA,0
CAAGCACTGATATAAA,0
CAAGCAGAACTAAAAA,0
CAAGCAGACCAACTCT,0
CAAGCAGACGTATCGT,0
CAAGCAGAGGAGTAGT,0
CAAGCAGAGGCTGGCA,0
CAAGCAGCTTGCGCGC,0
CAAGCATAGGGTGAAG,0
CAAGCCAAAACCAGCA,0
CAAGCCAAACCTTATA,0
CAAGCCAAGAACAAGA,0
CAAGCCCAAATAGCGT,0
CAAGCCCCCATCTTTT,0
CAAGCCGAGCTAAACT,0
CAAGCCGAGTTACAAA,0
CAAGCCTATTATACTA,0
CAAGCCTCCTAAAGTA,0
CAAGCCTTCTGAAACA,0
CAAGCGACACACATGT,0
CAAGCGATGGCAAACA,0
CAAGCGATGTCATCAT,0
CAAGCGATGTTCGAGC,0
CAAGCGCGACTCCTAA,0
CAAGCGCGAGTCACTC,0
CAAGCGCGTGCTAATA,0
CAAGCGGATAAGGCCG,0
CAAGCGGGCGACATAA,0
CAAGCGTTCCAGAGAG,0
CAAGCGTTGAATGTAC,0
CAAGCTAAATGAAGAG,0
CAAGCTAAGCCCGCGA,0
CAAGCTAATAAAGTAA,0
CAAGCTAATGGCAAGG,0
CAAGCTACATGTACTA,0
CAAGCTACGAACATAA,0
CAAGCTATAGTAAACC,0
CAAGCTATCATACAGT,0
CAAGCTCAACGACCTA,0
CAAGCTTGCCAACAGA,0
CAAGCTTTGATCACAA,0
CAAGGAAAAAACATTC,0
CAAGGAAAAACGTGTT,0
CAAGGAAAGGTTTAAG,0
CAAGGAACTAACACAC,0
CAAGGAATAAATAAAT,0
CAAGGAGAAACAAAAC,0
CAAGGAGCCTAAAAAA,0
CAAGGAGGGTGAACTA,0
CAAGGATAATTCTATA,0
CAAGGATAGAATAGCA,0
CAAGGATCACAACATT,0
CAAGGATCGATGCTCT,0
CAAGGATTTCATGGTC,0
CAAGGATTTCCTACTA,0
CAAGGCAACACACGTA,0
CAAGGCACAAACGGTA,0
CAAGGCACAACAGTAA,0
CAAGGCACAGACATAG,0
CAAGGCCAAAATTGAG,0
CAAGGCCAATAAACGG,0
CAAGGCCAGCCCTAAT,0
CAAGGCCCTACCGGCT,0
CAAGGCCGACTATTTT,0
CAAGGCGATAATAAGA,0
CAAGGCGTCAGATACT,0
CAAGGCGTGAGACGTG,0
CAAGGCTTCTAACATA,0
CAAGGGAGAGCTTACT,0
CAAGGGAGATCGCAAG,0
CAAGGGATAAAAGCCC,0
CAAGGGCCCAACATCT,0
CAAGGGCCCATCCGGA,0
CAAGGGCCGTAAACCA,0
CAAGGGCGTAAAAAAA,0
CAAGGGCTGTTACGTA,0
CAAGGGGACAGAAATA,0
CAAGGGGATCAATGAC,0
CAAGGGGGCCTAGTGC,0
CAAGGGTAGGCATGGT,0
CAAGGGTTGCCGGAAT,0
CAAGGTAAATTCTAAT,0
CAAGGTACAATTAAAC,0
CAAGGTACTGAGTACA,0
CAAGGTGATGCTAGCC,0
CAAGGTGCGACGATTC,0
CAAGGTTTAATACACC,0
CAAGTAAACTGAGGGC,0
CAAGTAACAACGCAAG,0
CAAGTAACGTGGATCA,0
CAAGTAACGTTATCCA,0
CAAGTAAGGATAAGTC,0
CAAGTAATGAAAAATT,0
CAAGTAATTTGCTCAT,0
CAAGTACCATAATTGG,0
CAAGTACCCAAGAAGA,0
CAAGTACCCGGGAAAT,0
CAAGTACGGACCAAGA,0
CAAGTACTCCCGCGTC,0
CAAGTACTCTAAACAT,0
CAAGTAGATACCTAAA,0
CAAGTAGTAAAAATCA,0
CAAGTAGTTAAAAACA,0
CAAGTAGTTATGCTAA,0
CAAGTATATCAAAAAC,0
CAAGTATCAACTAGCT,0
CAAGTATCGTTACACA,0
CAAGTATTACGCTATA,0
CAAGTCAAAAGCAATT,0
CAAGTCAAATACTTCT,0
CAAGTCACTAAAATGC,0
CAAGTCATATAGTATA,0
CAAGTCCAGATTGTCT,0
CAAGTCCGGTCTCAAA,0
CAAGTCCTACGCCCGC,0
CAAGTCCTTCCCAAGC,0
CAAGTCGATGGAACAT,0
CAAGTCGGAAGTATGA,0
CAAGTCTAGGGGAGAA,0
CAAGTCTCTAGGCAGC,0
CAAGTCTTTTGCACTT,0
CAAGTGAACACAAAGA,0
CAAGTGATAAATCAAT,0
CAAGTGATCGAGAAAT,0
CAAGTGATTTAGTTAT,0
CAAGTGCAATAAAACG,0
CAAGTGCCCAATCAAA,0
CAAGTGGATGAGGAAA,0
CAAGTGGGGGAGCGTA,0
CAAGTGTACAAATAAC,0
CAAGTGTATAGGAAAT,0
CAAGTGTTAAGTGATC,0
CAAGTTAAACTGTCAA,0
CAAGTTAATAATTGAC,0
CAAGTTACCACCTTCT,0
CAAGTTATAGACCTTT,0
CAAGTTCAAATTATGC,0
CAAGTTCAATTTCTAG,0
CAAGTTCATAAACGTT,0
CAAGTTCCACCGCATC,0
CAAGTTCCACGGATGA,0
CAAGTTCCCCATTAGT,0
CAAGTTCTCGGAACGG,0
CAAGTTGAGGAGTCAC,0
CAAGTTTGTTCCGACA,0
CAAGTTTTTACCAAAG,0
CAATAAAAAACCGAGA,0
CAATAAAAAAGCAAGT,0
CAATAAAAACCGTGGC,0
CAATAAAAATAACCAC,0
CAATAAAACCCTACAA,0
CAATAAAAGAAACGTG,0
CAATAAACAAGTCAAT,0
CAATAAACACTATGCA,0
CAATAAACATGGTGGA,0
CAATAAACGACATGCG,0
CAATAAACGCGAGACT,0
CAATAAACTTAAAAGC,0
CAATAAAGAACATATA,0
CAATAAAGCAAAATAC,0
CAATAAAGGCTTTCCA,0
CAATAAATCACTCCGA,0
CAATAACAAAGTTTCA,0
CAATAACAAGAGAAAA,0
CAATAACAGCATACAG,0
CAATAACATAAACCAA,0
CAATAACCACAGCGAT,0
CAATAACCTACTCGGG,0
CAATAACGTTGCAAAG,0
CAATAACTTACCACGA,0
CAATAACTTTCTTAGA,0
CAATAAGACGCCAGAC,0
CAATAAGCAACAAAGA,0
CAATAAGCTTTATGTT,0
CAATAAGGGATAATAT,0
CAATAAGTACAAATAA,0
CAATAAGTTAATATCA,0
CAATAAGTTATTTTAG,0
CAATAATCAGATAGTA,0
CAATAATCCGTAAGAG,0
CAATAATCGTCTACTT,0
CAATAATGAGCGTTAG,0
CAATAATGTTATACGT,0
CAATAATTTGCGAAAA,0
CAATAATTTTACTGAA,0
CAATACAAAATATGGA,0
CAATACAAACATTAAG,0
CAATACAAACGACCCC,0
CAATACAAAGAAAAAC,0
CAATACAACAATCACA,0
CAATACACACGACGAT,0
CAATACACAGTCCGCA,0
CAATACACCAGCGCTT,0
CAATACACCGAAATTA,0
CAATACACTAGGATAT,0
CAATACAGAACTAACT,0
CAATACAGCGCGAAAT,0
CAATACAGGCCCTGCA,0
CAATACAGTCAACACA,0
CAATACATAGGAAAAC,0
CAATACATGTAAAGAG,0
CAATACATTAGCTGGA,0
CAATACCAATATCCTC,0
CAATACCATGCCACCG,0
CAATACCCATCTCATA,0
CAATACCCCAAAAAAA,0
CAATACCCGGATAATG,0
CAATACCCTAAACATA,0
CAATACCTGATAAGGT,0
CAATACGAGGTCGTGG,0
CAATACGATTATTAGA,0
CAATACGCCTCTAATG,0
CAATACGCTCGGTCAG,0
CAATACGTCGTTAAAG,0
CAATACTCCTCCGTAT,0
CAATACTCGTTTTGAA,0
CAATACTCTCGAGCCA,0
CAATACTTAAAGTTAA,0
CAATACTTAAGACCTA,0
CAATACTTTAAGATTT,0
CAATAGACGTATAACC,0
CAATAGAGTCTGCCGA,0
CAATAGATAAAATGAA,0
CAATAGATCACTTTTC,0
CAATAGATCGTAGAAT,0
CAATAGATTTGTTACG,0
CAATAGCAGGCAGGAG,0
CAATAGCCTACGAGTG,0
CAATAGCTGAATATGA,0
CAATAGGACGGCTAAA,0
CAATAGGAGTTTTACC,0
CAATAGGCTATTCGGG,0
CAATAGGTAACCTTTA,0
CAATAGTAGCAAAGTG,0
CAATAGTCCAACCACC,0
CAATAGTTATCCAGCT,0
CAATAGTTCAAGCTAA,0
CAATATAAACGAGACC,0
CAATATAAAGTCATAT,0
CAATATAAATAATCGT,0
CAATATAACAAGCGCC,0
CAATATAACCTCTCGC,0
CAATATAAGCAAGCGG,0
CAATATAAGTATAACT,0
CAATATAATTAAAAGG,0
CAATATACATACCCCG,0
CAATATAGATCAGACC,0
CAATATAGCCGACCGA,0
CAATATATAATTTCAA,0
CAATATATATCGAGGT,0
CAATATATCACCTTTA,0
CAATATATGCACAAGC,0
CAATATATGTCTCTTT,0
CAATATCAAAAAAGAC,0
CAATATCAGCTTTGAA,0
CAATATCCTTAAAAAG,0
CAATATCGAACAGACA,0
CAATATCGTACGCCAG,0
CAATATCTAACTCTGT,0
CAATATGAACAAGTAA,0
CAATATGATCCTGTAA,0
CAATATGTGTTATACA,0
CAATATTATAACACTC,0
CAATATTATGAAAAAC,0
CAATATTGATCATCCA,0
CAATATTGCTGACGAT,0
CAATATTTAACCAACA,0
CAATATTTACATAAGA,0
CAATATTTACTCAGGC,0
CAATATTTGAATAAAC,0
CAATATTTTTGGCCGA,0
CAATCAAAACAAGATT,0
CAATCAAAACAGAAAC,0
CAATCAAACATTCCAA,0
CAATCAAACTATAGTG,0
CAATCAAATACTGGAC,0
CAATCAACCATCTAAT,0
CAATCAATAAGGAGTA,0
CAATCAATACAAACAA,0
CAATCAATCGACATTG,0
CAATCACATAGGGCTA,0
CAATCACATGTGCTAA,0
CAATCACCAAACCACC,0
CAATCACCAGCAATAA,0
CAATCACCGATCCCTA,0
CAATCACCGGTTTGAT,0
CAATCACGAGCAGGTA,0
CAATCACTATGATTAC,0
CAATCACTCGAATCCG,0
CAATCAGATAATGGAT,0
CAATCAGCAATACTTA,0
CAATCAGGATTGCAAT,0
CAATCATACGAAAAAA,0
CAATCATACGTCTGAA,0
CAATCATCAAACACAC,0
CAATCATCCGTCAGAA,0
CAATCATGAAGCGACG,0
CAATCATTAGAATTGG,0
CAATCCAAACTAGTCC,0
CAATCCAACTAGTGTT,0
CAATCCAAGGAGCCAT,0
CAATCCATAAGACCCA,0
CAATCCATAATGCCTT,0
CAATCCATTGGTTACA,0
CAATCCCAAACACGCA,0
CAATCCCATCAGACAT,0
CAATCCCGATCACTTT,0
CAATCCGAAAACAAAA,0
CAATCCGCTGAAACGC,0
CAATCCGGAATGTTAA,0
CAATCCTAGCGTATGA,0
CAATCCTGAGACAAAA,0
CAATCCTGATATGTAC,0
CAATCCTTCTTCAACC,0
CAATCCTTGTCCATAT,0
CAATCGAATTCCCAGG,0
CAATCGACCGAAATTC,0
CAATCGAGACTACTAG,0
CAATCGATTTTTTGTA,0
CAATCGCACATAATTT,0
CAATCGCAGTAAAAAA,0
CAATCGCGATAGAGAC,0
CAATCGCTAATCTATC,0
CAATCGGAATGCTTCT,0
CAATCGGCTTAAACAA,0
CAATCGGGAACATACT,0
CAATCGGGTTGAAAAC,0
CAATCGTCTGACAAAC,0
CAATCGTGAGTGGGTT,0
CAATCTAAAAGATTAG,0
CAATCTAAATAACCAT,0
CAATCTAGAGTACAAA,0
CAATCTAGATTAGACA,0
CAATCTAGGCCTATGA,0
CAATCTAGTATCCCGT,0
CAATCTATAATATTCG,0
CAATCTATGACGTGAG,0
CAATCTCAACCTTCAT,0
CAATCTCACAGCCGTT,0
CAATCTCACTATCTAA,0
CAATCTCCTCAGGACG,0
CAATCTCCTCCCAATC,0
CAATCTCGTTTGTGGA,0
CAATCTCTCCATATAT,0
CAATCTGAAAGCAGGG,0
CAATCTGATCGCAAAC,0
CAATCTGTCTCCCTGT,0
CAATCTGTTGGACACG,0
CAATCTTAAATAACTT,0
CAATCTTATTAGAGAC,0
CAATCTTCAATCACCA,0
CAATCTTGAGACAATG,0
CAATCTTTGAGTGAAA,0
CAATGAAAATAACACA,0
CAATGAAAGAATACTC,0
CAATGAAAGAGAACTC,0
CAATGAAAGGGCGTAA,0
CAATGAAATAGCGATA,0
CAATGAACAACTACGG,0
CAATGAACCTAATAAC,0
CAATGAACGTCCACCC,0
CAATGACACTTTAGTC,0
CAATGACATTAGAATC,0
CAATGACCCGCGAACA,0
CAATGACCGCTAAGGC,0
CAATGACTACCTATAT,0
CAATGACTATCATAAA,0
CAATGACTATTAGATA,0
CAATGACTTGTTCTGC,0
CAATGAGATTGTAAAG,0
CAATGAGCCTCCATTG,0
CAATGAGTTAATCTCT,0
CAATGATCTCTGAGAA,0
CAATGCAAGGCGTACT,0
CAATGCACGTTGAATC,0
CAATGCACGTTGCTCA,0
CAATGCAGCAACTCGG,0
CAATGCAGTTATAATG,0
CAATGCATTCGCGAAG,0
CAATGCCCCAGCCAAA,0
CAATGCCCTACTAATG,0
CAATGCGCAAAAAGAA,0
CAATGCGCTCTTGGAC,0
CAATGCGGCCGTATCA,0
CAATGCTAAAGCTTGT,0
CAATGCTAATTCACCC,0
CAATGCTTTAATTGAA,0
CAATGGAAGAAGCTTT,0
CAATGGATGAAACATT,0
CAATGGATTCATCCAC,0
CAATGGCCATATCGTT,0
CAATGGGATTATAACC,0
CAATGGGCTGCGTCAT,0
CAATGGTATCTATCAT,0
CAATGGTGAGGACCGA,0
CAATGTAATTATATAA,0
CAATGTACATTAAGAA,0
CAATGTAGCATCACGT,0
CAATGTCAAAATCATA,0
CAATGTCAGAAGAGAC,0
CAATGTCCGTAAGACG,0
CAATGTGCATGGGCCC,0
CAATGTGTGCTTATGG,0
CAATGTTAGTAGAAAT,0
CAATGTTCAAACAAAA,0
CAATGTTTATTTATAT,0
CAATTAAAAGTTCAAT,0
CAATTAAAATAATATT,0
CAATTAAACACTACCT,0
CAATTAAACGTTTTCC,0
CAATTAACAGAGTGAC,0
CAATTAACCCCACTAC,0
CAATTAAGAGAATAGC,0
CAATTAATAAAATATT,0
CAATTAATAATTTATA,0
CAATTAATTCATACAC,0
CAATTACCCCCTATGC,0
CAATTACCTGAATTCT,0
CAATTACGACATGTCC,0
CAATTACTTGGGTTAT,0
CAATTAGATAAACAGG,0
CAATTAGCCATATGAA,0
CAATTAGCCGCCCAAA,0
CAATTAGGCTTAATCG,0
CAATTAGGGACGACTA,0
CAATTAGTGACCTCAG,0
CAATTATACAATCATG,0
CAATTATACATTAGAA,0
CAATTATACTTCTACA,0
CAATTATATCTTGGTA,0
CAATTATCATCTAACA,0
CAATTATCGCAAATGT,0
CAATTATCTTTGCATA,0
CAATTATGACCAATAA,0
CAATTATGCACAGCTT,0
CAATTATGGACTGCGA,0
CAATTATTAAACACGA,0
CAATTATTCTGACCGG,0
CAATTCAAAAGAGAAC,0
CAATTCAAACCCTTCG,0
CAATTCAATACAGCCT,0
CAATTCACACGGACAC,0
CAATTCACGGTCACGG,0
CAATTCAGAAGTACAA,0
CAATTCATTATCGGTC,0
CAATTCCACGCATGAT,0
CAATTCCATTATCCCT,0
CAATTCCTACCCAACA,0
CAATTCCTTCACAGGG,0
CAATTCGGGGAAAGTA,0
CAATTCGGGTGCGAAA,0
CAATTCGTGGTCTTTA,0
CAATTCTAGCAAAACA,0
CAATTCTATAACAGAC,0
CAATTCTGTCGTTTAC,0
CAATTCTTAGTTTTCT,0
CAATTCTTCATATAAC,0
CAATTCTTGTTTCTCA,0
CAATTGAAAAAAGCAT,0
CAATTGAAGTTCCCTA,0
CAATTGAATCTAAAGA,0
CAATTGACAGATGAAG,0
CAATTGACCAATTTCA,0
CAATTGAGAGGCCCAA,0
CAATTGATATACCAGC,0
CAATTGATTAAAAATC,0
CAATTGCAAAAAGATG,0
CAATTGCAATTCATCT,0
CAATTGCACTTGTTCA,0
CAATTGCCTAAAGAAA,0
CAATTGCGATAGATCG,0
CAATTGCGTAAATCGA,0
CAATTGCTAAGATCTT,0
CAATTGCTCCAAAACT,0
CAATTGCTTGCACAAC,0
CAATTGGAAACGGAGC,0
CAATTGGAACATAACA,0
CAATTGGATAGCTCAT,0
CAATTGGATTGAAAGG,0
CAATTGGTAAAAAATT,0
CAATTGTAGAAATACA,0
CAATTGTATAAAAAAC,0
CAATTGTCAGCAGAGA,0
CAATTGTTCCTGACCA,0
CAATTGTTTAACAACA,0
CAATTTAACTTATCTA,0
CAATTTAATCATGGCT,0
CAATTTACATCATAGT,0
CAATTTAGACGCGCGA,0
CAATTTAGGAAGGCCA,0
CAATTTAGTATAAAGT,0
CAATTTATCGATCCCT,0
CAATTTATGGCGTAAA,0
CAATTTCAATCATGAC,0
CAATTTCCCACGTGAA,0
CAATTTCCTAAGCAAA,0
CAATTTCTAGATGAGA,0
CAATTTTAACAAGCGT,0
CAATTTTACAGATAAT,0
CAATTTTATTGATATA,0
CAATTTTGAAAGACCA,0
CAATTTTTCCACGTAA,0
CACAAAAAAATCTAAT,0
CACAAAAACGCATCGA,0
CACAAAAAGAGTAACT,0
CACAAAAAGGCCGGGC,0
CACAAAAATAATACCC,0
CACAAAACCTAGCTGC,0
CACAAAACCTCAAGTG,0
CACAAAACTAACCTGT,0
CACAAAATAAAAATTT,0
CACAAAATATATCAAA,0
CACAAAATCCCCAGAA,0
CACAAAATGAAACCAA,0
CACAAACAAATAAGAT,0
CACAAACAACATATTA,0
CACAAACACTATGAGA,0
CACAAACAGGACACTA,0
CACAAACAGGTATTCT,0
CACAAACATACATAGA,0
CACAAACATTTACATT,0
CACAAACCCACTGAAT,0
CACAAACCGCTCCCAG,0
CACAAACGACCCCTTC,0
CACAAACGCTATATAA,0
CACAAACGGCCCCACA,0
CACAAAGACTCTCCCT,0
CACAAATAAACAACTA,0
CACAAATAAACTACAA,0
CACAAATAACAAACTC,0
CACAAATAACTCGACA,0
CACAAATATAACTCAA,0
CACAAATATCCCTCCC,0
CACAAATTATCTTAGC,0
CACAAATTGGTTGCAA,0
CACAACAAAAACCAAA,0
CACAACACCAACAGTA,0
CACAACACCAATATAT,0
CACAACACTCGAGCAA,0
CACAACATACGGTAAC,0
CACAACATCCGCATGA,0
CACAACCAAAATTTAA,0
CACAACCACAAAGTAT,0
CACAACCCGCATAGGA,0
CACAACCCTAACTAGA,0
CACAACCGCTATAACA,0
CACAACGAAAATAAGT,0
CACAACGAGATCAGAA,0
CACAACGGTCATCGTA,0
CACAACGTACTACAAT,0
CACAACGTGGTCATAG,0
CACAACGTGTACTACG,0
CACAACTAAGAATCTC,0
CACAACTACTGACCAA,0
CACAACTAGAACACTA,0
CACAACTATCGAAGTA,0
CACAACTGATACTTCC,0
CACAACTGCGTTTCCT,0
CACAACTTTGAGAAAA,0
CACAAGAACTAAACCA,0
CACAAGACAACTATAG,0
CACAAGACTTGGTCAA,0
CACAAGAGCTGCAATC,0
CACAAGAGGGACCAAG,0
CACAAGATAATGCTGT,0
CACAAGATCTGCGACA,0
CACAAGCAAGGATATT,0
CACAAGCAGGCTATGT,0
CACAAGCCCATTATGC,0
CACAAGCCCTTCTTTA,0
CACAAGCGGGAACAGA,0
CACAAGGCTAAATAGA,0
CACAAGGGATAAAAAC,0
CACAAGTTACATGCCT,0
CACAAGTTGATCAATA,0
CACAAGTTGCATAAAA,0
CACAAGTTGTCAGCGA,0
CACAATAATTTCATCA,0
CACAATACCACGGTTA,0
CACAATACCCATTCTC,0
CACAATAGCATAAATT,0
CACAATAGCGGCGGAT,0
CACAATATCCTCCGAG,0
CACAATCACCTGGGTA,0
CACAATCATGTTAAAA,0
CACAATCCAAATACTG,0
CACAATCCGAGTGACA,0
CACAATCCGTTGAATC,0
CACAATCGTTCAAACG,0
CACAATCTGCTTAGGA,0
CACAATGAGCCATTGG,0
CACAATGGCTCATACC,0
CACAATGTATTTGCAA,0
CACAATTAACTGTCGA,0
CACAATTCTCCCCGCC,0
CACAATTCTTCCCTAC,0
CACAATTGATGGTTGT,0
CACAATTGGGTTCCGT,0
CACAATTTAACTTATA,0
CACACAAAGATAATTT,0
CACACAACATATCCGT,0
CACACAAGATGCCCCA,0
CACACAATGTGGTACA,0
CACACACCCGAATGAA,0
CACACACCGACAGTAG,0
CACACACGGCCGCCCT,0
CACACACTTTGGCGTT,0
CACACAGAAAAAATAA,0
CACACAGAAACTACCC,0
CACACATAATCAATAC,0
CACACATACTTCAAGA,0
CACACATAGAAAAGTT,0
CACACATCAATATAAT,0
CACACATCAGGAACAA,0
CACACATTGATCACGA,0
CACACCAACTATCCCG,0
CACACCAAGAAAAATT,0
CACACCAGACAAAGAT,0
CACACCATCAAAATAA,0
CACACCATCAGACCCT,0
CACACCATTTAAATGA,0
CACACCCAAACCACAC,0
CACACCCAACATATTT,0
CACACCCACCAAACGA,0
CACACCCTCTATAAAT,0
CACACCGAATAATCAG,0
CACACCGACACACCTT,0
CACACCGATAACAGTT,0
CACACCTAATCTTTAA,0
CACACCTAATGGTGGG,0
CACACCTACCGTTCCG,0
CACACCTAGTGCCTGA,0
CACACCTATAGTGGAA,0
CACACCTCGAGCGTTG,0
CACACCTCTAATATCG,0
CACACCTCTCTCGCGT,0
CACACCTGATTATGAA,0
CACACCTGCCGCACCA,0
CACACCTTGAATCCCA,0
CACACGAAAATAGGGA,0
CACACGAATAGAACCC,0
CACACGACCGGGGAAG,0
CACACGATAGCATAAA,0
CACACGGCAGAATAAA,0
CACACGGGGAGTCACT,0
CACACGTACTAAATGG,0
CACACTAACTTTGGAC,0
CACACTAAGCCACATG,0
CACACTACTTAGGTAT,0
CACACTAGGACTTCGG,0
CACACTATACCCTTAT,0
CACACTATTGGATTTG,0
CACACTCAAATGATTT,0
CACACTCAGTACGGCA,0
CACACTCATCCGGGCA,0
CACACTCGACATTCCA,0
CACACTCGCCTGAACT,0
CACACTCTGACGAACT,0
CACACTGAGGAGTCGA,0
CACACTTAATAACAAA,0
CACACTTTAAAACATT,0
CACACTTTTCCATTAA,0
CACACTTTTGATAAGA,0
CACAGAAAATGATATT,0
CACAGAAACGAAGTAC,0
CACAGAATGCAAGCGA,0
CACAGAATTACAGAGA,0
CACAGACATAGCCAAA,0
CACAGACCGAGGAGAA,0
CACAGACTAATCGTGG,0
CACAGACTATACGTGA,0
CACAGAGAATCGACCG,0
CACAGAGACCAGCACT,0
CACAGAGGACCCAAGC,0
CACAGATATACCCAAG,0
CACAGATGAATTTTTA,0
CACAGATGATCCTCAC,0
CACAGATTAATAGTTC,0
CACAGATTAGAAAACA,0
CACAGCAAAAATGACA,0
CACAGCAAACAATTAT,0
CACAGCAAACATTTGG,0
CACAGCAATTAGAATC,0
CACAGCACAATAAAAG,0
CACAGCAGCTTAGTGA,0
CACAGCCCAATACTCA,0
CACAGCCCATGAAAAG,0
CACAGCCTAGTAGAGT,0
CACAGCGAATAGCATT,0
CACAGCGTAGGCCTAG,0
CACAGCTCGTAGAATA,0
CACAGGAAGGGATATG,0
CACAGGACTGAATGTT,0
CACAGGATTGTGTCTG,0
CACAGGGGCTCGAAGT,0
CACAGGTATCAGCAAC,0
CACAGTAAATTATAAT,0
CACAGTAACAGGACTC,0
CACAGTAACGGCGTGG,0
CACAGTACCTATCGAC,0
CACAGTAGGATTATAT,0
CACAGTAGGTGCATCA,0
CACAGTATCCATGTTA,0
CACAGTCATTCATATG,0
CACAGTCCGAAAGCGC,0
CACAGTCCGAGAACCA,0
CACAGTCGATAAAAGA,0
CACAGTTGAGCACTCA,0
CACAGTTGTGAACCTG,0
CACAGTTTAGACGAAA,0
CACAGTTTTTAGTATT,0
CACATAAAAGCCAGAA,0
CACATAAAAGCCGAAA,0
CACATAAAATAGAATA,0
CACATAAACGGAAAGA,0
CACATAAACGTACCAT,0
CACATAAAGACCTAAC,0
CACATAACTTTTTCAC,0
CACATAAGATCATTAA,0
CACATAAGATGGTCCT,0
CACATAATATCACTAC,0
CACATAATCAAATCCC,0
CACATACAAGGTCACC,0
CACATACCCATTCCCG,0
CACATACCCCCTTCTA,0
CACATACGAAGAGTTT,0
CACATACGGTCCAACT,0
CACATACTAATCTGCT,0
CACATACTACCGAGCA,0
CACATAGCCACCTGAG,0
CACATAGCTCAGTATC,0
CACATAGGATAGATCC,0
CACATAGGTATGATAA,0
CACATAGTGCAATTAG,0
CACATAGTTCCAAACC,0
CACATATACGGGAAAA,0
CACATATATAATCGCG,0
CACATATCCCGTAACG,0
CACATATGAAGTGCGA,0
CACATATGCGTAACAA,0
CACATATTCAAACCGC,0
CACATATTGATTTAGA,0
CACATCACGTTTGAGC,0
CACATCAGAACCCGCT,0
CACATCATCCCCTATA,0
CACATCATCCTTATTT,0
CACATCCAGTGTCCAA,0
CACATCCCACTCGATT,0
CACATCCCATAAAATT,0
CACATCGAGACATTGA,0
CACATCGGTTGCGTAG,0
CACATCGTAGAGATTG,0
CACATCGTAGATACTG,0
CACATCGTGATAATCA,0
CACATCTATTTAATTA,0
CACATCTCCTACCCTC,0
CACATCTTTTATCGAC,0
CACATGAATGAAGCGA,0
CACATGACGAGAAACA,0
CACATGAGAATTTCGA,0
CACATGGACAATTCGA,0
CACATGGACGACCTTC,0
CACATGGGGAGCCAAC,0
CACATGTCAAATAAAC,0
CACATGTTACTGAAGG,0
CACATGTTGCATAGGG,0
CACATTAAAGGCTGAA,0
CACATTAAGGTAATAT,0
CACATTACAGACCCAA,0
CACATTAGACAGTAAG,0
CACATTAGTAACAATC,0
CACATTCAGGTGATGG,0
CACATTCGCACTTCAA,0
CACATTCTTATCCCTG,0
CACATTGAACAGTGAC,0
CACATTGACGGCAACC,0
CACATTGCGTAAAAAG,0
CACATTGGAATCAGAA,0
CACATTTAACACATAA,0
CACATTTACGGCCACA,0
CACATTTACTTAAACA,0
CACCAAAAAAAGGAAA,0
CACCAAAAACGACAGA,0
CACCAAAACCTACAGG,0
CACCAAACTCCGTCCT,0
CACCAAATAGATATTC,0
CACCAAATCTAGAAAC,0
CACCAACAAAATTCCA,0
CACCAACAACCAAACG,0
CACCAACACAAATGTA,0
CACCAACATGTTAAGT,0
CACCAACTCACAGGAA,0
CACCAAGAAAGGGTTC,0
CACCAAGAAGATATGA,0
CACCAAGACCACGATA,0
CACCAAGATCTTAGAC,0
CACCAAGATGAACACC,0
CACCAAGCAAGCCTCG,0
CACCAAGCAGTGGCTC,0
CACCAAGGACTAGAAT,0
CACCAAGGTCTTTTAG,0
CACCAAGTCCCTACTG,0
CACCAATATACACAAG,0
CACCAATATGGACCGA,0
CACCAATCCGCATCCT,0
CACCAATGACTGTCAT,0
CACCAATTTAATCAAA,0
CACCAATTTAATGGCC,0
CACCACAAATCATTTT,0
CACCACAAATGCAGAG,0
CACCACAACTCAAGAA,0
CACCACACGAAATCTT,0
CACCACAGACAACCTG,0
CACCACAGGAAATAGA,0
CACCACATGCGCCACG,0
CACCACGAAATCCCGA,0
CACCACGAATGATCTA,0
CACCACGGTCTAGTAG,0
CACCACGTAATGCTAC,0
CACCACTATCTATACA,0
CACCACTCAACAAAAC,0
CACCACTCAGAATCGG,0
CACCACTCGCAACCTA,0
CACCACTGATACGTAA,0
CACCACTTATCTATGG,0
CACCACTTTTGCATGT,0
CACCAGAAAACAATAA,0
CACCAGAAACAAATGT,0
CACCAGAACAATGTCC,0
CACCAGACAATGCGAT,0
CACCAGACATCTGCAG,0
CACCAGACCCACTGGA,0
CACCAGATCCCTAATC,0
CACCAGATCGCAGATG,0
CACCAGATGCCATAAT,0
CACCAGCAGCATTCAC,0
CACCAGCTAGGAAGAA,0
CACCAGGACACCCCAG,0
CACCAGGGATATTCCT,0
CACCAGGTTATAAAAT,0
CACCAGTGAGTGACGA,0
CACCATAACCAATATT,0
CACCATAACTCCTGCA,0
CACCATCAATATAAGA,0
CACCATCAATCAAGTA,0
CACCATCATCATGTAC,0
CACCATCATGAATACG,0
CACCATCCAATAATAC,0
CACCATCGACATAGTA,0
CACCATCGGAAGAATG,0
CACCATCTTGAAAAAT,0
CACCATGAAACTACTT,0
CACCATGAATCCCTTA,0
CACCATGACCAGTATC,0
CACCATGTAGCCCATG,0
CACCATGTTTCGAATA,0
CACCATTAATACCTTA,0
CACCATTCAGCTTCGT,0
CACCATTCATAAAGAC,0
CACCATTGACTCGCAG,0
CACCATTGATTCAGGG,0
CACCATTTCATAACGC,0
CACCCAAACCTGACAA,0
CACCCAACCCCCGAAC,0
CACCCAACTATGAGGC,0
CACCCAAGAATTGAAA,0
CACCCACACACGTTGT,0
CACCCACAGACAACCA,0
CACCCACGCTTTGCTT,0
CACCCACTCAACGTCC,0
CACCCACTGGCCATAT,0
CACCCAGAATTCAGAT,0
CACCCAGACCTCTCAT,0
CACCCAGACTACAAAG,0
CACCCAGGCGATCTGA,0
CACCCATAAATCGTAC,0
CACCCATATGTACACA,0
CACCCATATTGTAAGA,0
CACCCATCCATAAAAT,0
CACCCATTAGCAAAAT,0
CACCCCAAACTAAAAC,0
CACCCCAACTATAACT,0
CACCCCAAGGCATTAG,0
CACCCCAATATAGTGC,0
CACCCCATAGTCCGCT,0
CACCCCATTACTAACC,0
CACCCCATTTTAGCCG,0
CACCCCCAAGGCAGCA,0
CACCCCGTACTAGCCC,0
CACCCCTGCATAATTG,0
CACCCGAATAATCAAG,0
CACCCGAGACCACTAC,0
CACCCGAGTAAATCTT,0
CACCCGATATAATATA,0
CACCCGCGTATCGGTA,0
CACCCGCTCTTAAGCG,0
CACCCGGTAATAAAGA,0
CACCCGTCAAGATTCC,0
CACCCGTGCTACAATT,0
CACCCGTGTCTATCCT,0
CACCCGTTAATTTTTG,0
CACCCGTTATACTTAT,0
CACCCGTTCAAAAACC,0
CACCCTAAAGAGAGAC,0
CACCCTACAAAAAAAA,0
CACCCTAGCAATTAAC,0
CACCCTATGGCATAAA,0
CACCCTATTTTTGAAT,0
CACCCTCATAACGATT,0
CACCCTCGTACGCCCG,0
CACCCTGATGATGAAT,0
CACCCTGCCATAGACT,0
CACCCTGGATATTGGA,0
CACCGAAAAAATCGGA,0
CACCGAAAAATCTGCT,0
CACCGAACGCTGACAT,0
CACCGAACTACGTAAT,0
CACCGAATAGACCAAA,0
CACCGAGGGAATTACC,0
CACCGATCAAAAACTT,0
CACCGATCAAGCTTAA,0
CACCGATGAGTATCGG,0
CACCGCCAGGACATGA,0
CACCGCCTCAGGTACC,0
CACCGCGAAAATAAAC,0
CACCGCGTTTTCATTA,0
CACCGCTATTCCAACT,0
CACCGCTGATATAAAA,0
CACCGCTTTAGGTACA,0
CACCGGACCAAAAGAC,0
CACCGGATTTTTCCAT,0
CACCGGCACCACGAGT,0
CACCGGCATAGAGGGG,0
CACCGGCTGATGCGCC,0
CACCGGCTTCTTATAG,0
CACCGTAACAAAATTT,0
CACCGTAAGCCCAGCG,0
CACCGTAAGTCCTATA,0
CACCGTAATAGTCAAT,0
CACCGTCGTCCAATGC,0
CACCGTGAAAATAACA,0
CACCGTGGAAAGATTG,0
CACCGTTATCCACGAA,0
CACCGTTATTATTAAA,0
CACCTAAAACGAAATG,0
CACCTAAACGCAACAC,0
CACCTAAATTCTCGAT,0
CACCTAAGACTTCAGT,0
CACCTAATCTAACCAG,0
CACCTAATGAGTAATG,0
CACCTACAAAGGGCAG,0
CACCTACCGCGGGTAT,0
CACCTACTAACAAGCC,0
CACCTACTTTAATGCC,0
CACCTAGAGCTTTTCA,0
CACCTAGCATACTGCT,0
CACCTAGCGCAGCACC,0
CACCTAGTAAACGAGC,0
CACCTAGTAACGCAAT,0
CACCTATGCAATCCCG,0
CACCTATGCTCCCGCG,0
CACCTATTGCTGCAAC,0
CACCTCACAAACACGA,0
CACCTCACCTCAAAAA,0
CACCTCATCTATACCA,0
CACCTCCAAAACATGA,0
CACCTCCTTCGCTCAG,0
CACCTCGAGATCACAA,0
CACCTCGTCCTCGTGG,0
CACCTCTAACGGCGAT,0
CACCTGATTGAGCCTG,0
CACCTGCCACCAGGTG,0
CACCTGGAATATCCCT,0
CACCTGGGACCCTTAA,0
CACCTGTAATTGTGGA,0
CACCTGTCTCCGGGAT,0
CACCTTAACTAAGCCT,0
CACCTTAACTTTACGG,0
CACCTTAGCAACGTTG,0
CACCTTATGGCTAGGG,0
CACCTTCATGAATCTC,0
CACCTTCGACGCACCA,0
CACCTTCTGCGTAAGT,0
CACCTTGAATCTAATA,0
CACCTTTAACGTCTAC,0
CACCTTTGAATCATCC,0
CACCTTTGGAAACGCA,0
CACCTTTTCGAATCTT,0
CACGAAAACATCAAAC,0
CACGAAAAGTGAACTG,0
CACGAAAATTAAAAAA,0
CACGAAACAAGATAGA,0
CACGAAAGGGTGCCCC,0
CACGAAATACAGGACC,0
CACGAAATCAAAAGTG,0
CACGAAATGATGTTGG,0
CACGAAATGTACTCTC,0
CACGAAATTACAAACA,0
CACGAACACCGTTTGA,0
CACGAACAGTGATTAT,0
CACGAACATCGGGACA,0
CACGAACCCCCGCAAC,0
CACGAACTATCCCATT,0
CACGAACTGCTAAAAA,0
CACGAACTTAAAGAGA,0
CACGAAGAAGTAGCAA,0
CACGAAGACAGGAAAA,0
CACGAAGATATTTAAC,0
CACGAATATAAGTCAA,0
CACGAATATGAAACCA,0
CACGAATATTTTCTCT,0
CACGAATCATGTCTCG,0
CACGAATCCCAACAGA,0
CACGAATTAGGCAACA,0
CACGAATTTAATAAGA,0
CACGACAAACTCTGGA,0
CACGACAACCAATAAC,0
CACGACACATCTAACG,0
CACGACACATCTCATT,0
CACGACAGCACCAACG,0
CACGACCAAGGAACGA,0
CACGACCCATGTCACT,0
CACGACCTGGTAGGGC,0
CACGACCTTATGGACA,0
CACGACGACGGTTTGA,0
CACGACGACGTGGCAT,0
CACGACTCGCATGCCG,0
CACGACTTGCAGATAA,0
CACGACTTGCCGTCGA,0
CACGACTTGTAGAATC,0
CACGAGAAACCTTGCT,0
CACGAGACTGCTGAAG,0
CACGAGACTTACCATC,0
CACGAGCATTGGCGCC,0
CACGAGCGCGGGTAAA,0
CACGAGCGGTTACAAC,0
CACGAGGCGTATGTAG,0
CACGAGGTAACAACAT,0
CACGAGGTTAGTCAAT,0
CACGAGTGCCAAAAGA,0
CACGATAAACTAGAGA,0
CACGATAAACTCCAAA,0
CACGATAAATCGACTG,0
CACGATACAGACAGGG,0
CACGATACCTGGTATT,0
CACGATATAATGGGTT,0
CACGATATGCCACTTA,0
CACGATCACTAAATAA,0
CACGATCAGTTCAAGA,0
CACGATCTAGTTTGAT,0
CACGATGGATCATATT,0
CACGATTAAATTCCAG,0
CACGCAAAAACGTCTG,0
CACGCAAGAATATGCA,0
CACGCAATAAGCGAGT,0
CACGCACAACCTACAA,0
CACGCACAATTGCACT,0
CACGCACCAACGGACA,0
CACGCACTACCAGAAA,0
CACGCAGAACACCCTA,0
CACGCAGATAATCTTT,0
CACGCAGCTTTGCACC,0
CACGCATATCTATCCA,0
CACGCCAAGTAACCGT,0
CACGCCAGTCGGTGAA,0
CACGCCATTACAACAT,0
CACGCCCACGAATATT,0
CACGCCCGTAAGAAGG,0
CACGCCTATGGAACCC,0
CACGCCTCTTAAAGAC,0
CACGCCTGTATAGCAC,0
CACGCGAAACTATACT,0
CACGCGAATATCAATG,0
CACGCGACACCTAACA,0
CACGCGATAACAAAAA,0
CACGCGATATGCCACT,0
CACGCGCAAGCCATGC,0
CACGCGCATGACCAAA,0
CACGCGGAAAACAAAA,0
CACGCTAATTATAACA,0
CACGCTACGATCACAT,0
CACGCTACTTCTCGAC,0
CACGCTCAAAGGTGAA,0
CACGCTCCATGACTAG,0
CACGCTCCGCAGCTGC,0
CACGCTCTCCATTATT,0
CACGCTGAGGCTGAAT,0
CACGCTGCACAAGTAA,0
CACGCTGTACTGCTGG,0
CACGCTTAGACGAATA,0
CACGCTTATTATATGC,0
CACGCTTCAAAAAGTC,0
CACGCTTCATTTAAAT,0
CACGGAAACCAACGCA,0
CACGGAAAGTCCACGA,0
CACGGAACGAAACCAT,0
CACGGAATGGCATATA,0
CACGGACGGCAATAGA,0
CACGGAGGACGAACCG,0
CACGGAGGCCGAAAAC,0
CACGGAGGGTCGTCTG,0
CACGGATCTTATCGCC,0
CACGGATTCGGGAATC,0
CACGGCAGTCATGATG,0
CACGGGATTAACGACC,0
CACGGGCCTACGAAGG,0
CACGGGGATTATCACG,0
CACGGTAAAGTAAGTA,0
CACGGTGTACACTGCT,0
CACGGTTCCCCTTGTA,0
CACGTAAATAGGAACC,0
CACGTAACAACCGAAC,0
CACGTAACTAACCAGC,0
CACGTAAGCTGAGAGA,0
CACGTAATCACCAGAG,0
CACGTACAAGTCCAAA,0
CACGTACAATATGCGA,0
CACGTAGTGTTCACGC,0
CACGTAGTTCACTATA,0
CACGTATGACAAAGAC,0
CACGTCAGTATATAAG,0
CACGTCCGGACCCGTC,0
CACGTCCTGTTTCATA,0
CACGTCGGCCAGTAAC,0
CACGTCTGTTTTTTAT,0
CACGTCTTATCCACTG,0
CACGTGATCTAAAGAT,0
CACGTGCAATACTCAT,0
CACGTGCTTCCTATTA,0
CACGTGGATTCTGTGG,0
CACGTGGGAATATCTA,0
CACGTGGGCATGGAGT,0
CACGTTACAATGAAAT,0
CACGTTAGGTACAACG,0
CACGTTATCAGTGGCG,0
CACGTTCATACAGTCA,0
CACGTTCCTATATTGG,0
CACGTTCTAGAACGTA,0
CACGTTCTCTAACATA,0
CACGTTGCATATAACC,0
CACGTTTAGAATGACT,0
CACTAAAAAGGGAGAG,0
CACTAAAAATGGAGAA,0
CACTAAAATCATGACT,0
CACTAAAATTGCTACA,0
CACTAAACACCGACAC,0
CACTAAACCAACATCT,0
CACTAAACCATGCGAT,0
CACTAAACGAACACAG,0
CACTAAAGCAGAACGC,0
CACTAAATTCCTCGAA,0
CACTAACAAGAAAACC,0
CACTAACGCAGCGTTA,0
CACTAACTTTAAAAAT,0
CACTAAGAATACTAAT,0
CACTAAGATATAAATT,0
CACTAAGCCGAGAACC,0
CACTAAGCGGTAACAA,0
CACTAAGTCTCAGCCA,0
CACTAATAACGCTTCT,0
CACTAATACAGAGTCC,0
CACTAATACCCACATC,0
CACTAATATAAACTGA,0
CACTAATCGTAAAAAA,0
CACTACAAATTGTCAA,0
CACTACAACAATATAC,0
CACTACAACGACCCTG,0
CACTACAACGAGCTTT,0
CACTACAACTATAGTT,0
CACTACACACCGGGAC,0
CACTACAGCACAAAGA,0
CACTACAGTACGCTAC,0
CACTACATAAGAGAAT,0
CACTACATTGCTTCGA,0
CACTACCAATCCGAAA,0
CACTACCCGCACAGCA,0
CACTACCTTTAATCCA,0
CACTACGAAACACTAG,0
CACTACGCAAGCGGGA,0
CACTACGCTCAGCAGT,0
CACTACTAAGACTCCC,0
CACTACTACGTATTCT,0
CACTACTCACATGAAG,0
CACTACTTAAGGTGAC,0
CACTACTTATCCTTAA,0
CACTAGAAGATGAATA,0
CACTAGAATAAAATGT,0
CACTAGACGAATCGAA,0
CACTAGATACAATCAT,0
CACTAGCAATAACCAG,0
CACTAGCTGTAAAAAT,0
CACTAGGTTCGAAGTA,0
CACTAGTACAACCTCA,0
CACTAGTATTTTTCAA,0
CACTAGTCAAGGATAC,0
CACTAGTCGTCAATCC,0
CACTAGTTAAGACCAG,0
CACTAGTTACTACACT,0
CACTATAACATCTGTC,0
CACTATAATATACATA,0
CACTATAATTAGCCAA,0
CACTATACATGTAAGA,0
CACTATACCACAGCTT,0
CACTATACCTCCACTA,0
CACTATACTGAGGACA,0
CACTATATAAACAACA,0
CACTATATTAGTTGAT,0
CACTATATTATAACAA,0
CACTATATTATAAGTG,0
CACTATATTTAATCAC,0
CACTATCACCTTCTTT,0
CACTATCATTCCTAGC,0
CACTATCCTATAAGCT,0
CACTATCTTACAAAGG,0
CACTATCTTACGACTA,0
CACTATCTTTTTGCTT,0
CACTATGTAGTAAACA,0
CACTATTAAATATATA,0
CACTATTAACAATATC,0
CACTATTCCCGGGTAT,0
CACTATTCTCACTGTA,0
CACTATTTTAAAGGTT,0
CACTCAAAATTAAAAA,0
CACTCAACATCCGACG,0
CACTCAATACTGAACA,0
CACTCACAATAGGACA,0
CACTCACAGCAGCTGT,0
CACTCACATAACATTT,0
CACTCACCCTATGGCT,0
CACTCACTCGCCTTAA,0
CACTCACTCGGCACGA,0
CACTCACTGGTGTCCC,0
CACTCAGAAATATGCG,0
CACTCAGCCCAGAGAA,0
CACTCATAAACACACA,0
CACTCATCAATGGACA,0
CACTCATGGGAAAACC,0
CACTCCAAAGATGGAC,0
CACTCCAACCACCGTA,0
CACTCCAGGTTTCCGA,0
CACTCCCGTTAATATT,0
CACTCCCTTACGAGGA,0
CACTCCGCACCACGCT,0
CACTCCGGCAAAGCTC,0
CACTCCGTGAAATCTC,0
CACTCCGTTTTTTATC,0
CACTCCTTAGACAAGA,0
CACTCCTTCATAAATA,0
CACTCCTTCTCACCCG,0
CACTCGAAATACGTAT,0
CACTCGATACTAGAAA,0
CACTCGCAATAGTTTT,0
CACTCGCCAATACAAA,0
CACTCGCTATGTAAAT,0
CACTCGGCAGTTACAT,0
CACTCGGGTATCCAGT,0
CACTCGTAAATTATAT,0
CACTCTACTCCCACAG,0
CACTCTAGGATACTCT,0
CACTCTATCCCAATTT,0
CACTCTCACCAGTACG,0
CACTCTCACTTTTAAT,0
CACTCTGAGTTCAATC,0
CACTCTGCAGACAATT,0
CACTCTGCTGGAGGCC,0
CACTCTTAAACCCACA,0
CACTCTTAACACATAC,0
CACTCTTAGACCAGGT,0
CACTCTTATCCGATTA,0
CACTCTTTAGGTGATA,0
CACTCTTTGCACAATG,0
CACTGAAAATCCTGAC,0
CACTGAAATTAAAATA,0
CACTGAACATAAGGCC,0
CACTGAACTTACTAGT,0
CACTGAAGGACGATTT,0
CACTGAAGGGTATGGA,0
CACTGAATATCTCTGT,0
CACTGAATTAAACTCC,0
CACTGACCCTACAGAT,0
CACTGACTGCGGCGCC,0
CACTGATAGACGATTG,0
CACTGATCAACGATAG,0
CACTGCAAGCCTGAAC,0
CACTGCAATTCACTCA,0
CACTGCAATTCTTGTC,0
CACTGCACTATTAGTA,0
CACTGCACTGATTAAG,0
CACTGCAGTGGACAAA,0
CACTGCATGATGGAAT,0
CACTGCCATGAAACTG,0
CACTGCCTAGACACTG,0
CACTGCGAGACAAATT,0
CACTGCGAGCTGAGTA,0
CACTGCTAACGTAAGC,0
CACTGGATGTCAAACG,0
CACTGGGAAGCTTAAC,0
CACTGGGCGAAGTTCA,0
CACTGGGGATAAACAA,0
CACTGGGTTTTTAATA,0
CACTGGTATTAAAACC,0
CACTGTAACCGCATAG,0
CACTGTACCAAGGTAA,0
CACTGTATACTGCATT,0
CACTGTCATACAAGGA,0
CACTGTCTATCACCTC,0
CACTGTCTCCAAGCGC,0
CACTGTGAACTATTTC,0
CACTGTTGAAAATATA,0
CACTGTTGCACGTTGC,0
CACTGTTTCCAAAGAC,0
CACTTAAAAAATAACG,0
CACTTAACACGGCGGT,0
CACTTAAGAACAGGAC,0
CACTTAATGCAAAGAC,0
CACTTACAGGACCACG,0
CACTTACCAATAATTT,0
CACTTACGAGCTAGAC,0
CACTTACGTATGGCTA,0
CACTTACTTAAAGATG,0
CACTTACTTATAAGTA,0
CACTTAGCGAGCTGCA,0
CACTTATACATCATCT,0
CACTTATATACCTTTA,0
CACTTATATATGGGGC,0
CACTTCAATTGGAGCG,0
CACTTCACACATCTTA,0
CACTTCAGCGTACCTT,0
CACTTCCGGCCTGAAG,0
CACTTCCTTTGAACTG,0
CACTTCGCTCCCATTT,0
CACTTCGGTAGAAGGG,0
CACTTCGTATAATATG,0
CACTTCTAAAAGAAAG,0
CACTTCTACGACAAAA,0
CACTTGAATCGTTCAC,0
CACTTGACACCACTCG,0
CACTTGACTCATATTA,0
CACTTGTACGCCATTC,0
CACTTGTCGAGTCACA,0
CACTTTAAACCTGTAC,0
CACTTTACATGTGTGA,0
CACTTTAGCAATGATA,0
CACTTTATTACCCATA,0
CACTTTCCGGTTATAT,0
CACTTTCGGGGTCAGA,0
CACTTTGAAAGAAGAT,0
CACTTTGCAGCATGCG,0
CACTTTGGCGGGGCCC,0
CACTTTGTATTCAGAG,0
CACTTTGTCCTAAAAA,0
CACTTTGTGAGCAATG,0
CACTTTTAACTAAGTT,0
CACTTTTCATGTTAGT,0
CACTTTTCTGACCCAT,0
CACTTTTGGTTTCGAG,0
CAGAAAAAATGATCCA,0
CAGAAAAACCAAATAC,0
CAGAAAAACCGCAAAA,0
CAGAAAAACGGTCTAC,0
CAGAAAAATACTCGCC,0
CAGAAAACCTCTAAAA,0
CAGAAAAGCACAAGTA,0
CAGAAAAGCCGTAATT,0
CAGAAAATCATTTCAG,0
CAGAAAATGTCATTGA,0
CAGAAACAACGTCGAT,0
CAGAAACACTAGCACC,0
CAGAAACCGTAACAAT,0
CAGAAACCTTACAAAC,0
CAGAAACGTGTGATGT,0
CAGAAACTCCAGAGGC,0
CAGAAAGAATCTGCCA,0
CAGAAAGCAGATAAAA,0
CAGAAAGCATCCGCCT,0
CAGAAAGTAGAGATCC,0
CAGAAATAAAAGTGAC,0
CAGAAATAAACTCCGA,0
CAGAAATACCACTACT,0
CAGAAATATCTTAACT,0
CAGAAATCACTAAGTA,0
CAGAAATCCACATGGG,0
CAGAAATCCTAACTGC,0
CAGAAATGACATTCAG,0
CAGAAATGGCAAACAA,0
CAGAAATTGAGAAGAG,0
CAGAAATTTCATCATC,0
CAGAACAAAAATTAAA,0
CAGAACAAAATTGGAG,0
CAGAACAATCATAAAA,0
CAGAACAATTAAATAA,0
CAGAACAGAACCTCCA,0
CAGAACCACCATGGCC,0
CAGAACGTAGAGGTAA,0
CAGAACTAAGAGTAAT,0
CAGAACTCCGCTCAAT,0
CAGAACTCGGTCTTCG,0
CAGAACTTATGCTGTG,0
CAGAAGAGACCGTAGG,0
CAGAAGATCATTGATC,0
CAGAAGATCTAAAACA,0
CAGAAGATGACGAATA,0
CAGAAGCAATACTCAA,0
CAGAAGCCGCTATCAT,0
CAGAAGCTTGACCACA,0
CAGAAGGCTAGTATCG,0
CAGAAGTATGTTTGAA,0
CAGAAGTGAGTATACG,0
CAGAAGTTAAAACGTT,0
CAGAAGTTAGAATTCA,0
CAGAATAAAATATACT,0
CAGAATAAGGCCTCTA,0
CAGAATAAGTGTGCCA,0
CAGAATACCCCGTGAC,0
CAGAATACCTAGATCC,0
CAGAATACTTACCACC,0
CAGAATATTCGGCGAC,0
CAGAATCTAATGATAT,0
CAGAATCTAGGCAAAA,0
CAGAATCTCCGCTTTA,0
CAGAATCTGATGTACT,0
CAGAATCTGGGCAAGA,0
CAGAATCTTGGGGTAT,0
CAGAATGAACGATGCT,0
CAGAATGATTCATCAT,0
CAGAATGCCGGTGCTA,0
CAGAATGCGATCCTCC,0
CAGAATGGACAAAAGC,0
CAGAATGGTTATAACA,0
CAGAATGTATTAAAGC,0
CAGAATGTATTAACCT,0
CAGAATTAAGACCGGT,0
CAGAATTATAAGCAAT,0
CAGAATTATCGGAGTT,0
CAGAATTCATTGAAAA,0
CAGAATTGAGAATAAA,0
CAGAATTGTAATCGTT,0
CAGAATTTATACCCCA,0
CAGAATTTATCTACCC,0
CAGAATTTTTAATAGA,0
CAGACAAATAACAATT,0
CAGACAACGGCTAAAA,0
CAGACAATAACAAGTA,0
CAGACAATATGGTCTA,0
CAGACAATCGACTTCG,0
CAGACAATGAGGACCC,0
CAGACAATGCAACTAT,0
CAGACACAAAAACATA,0
CAGACACAAGACTCTA,0
CAGACACAGTCCTAAC,0
CAGACACCGCCGTTTA,0
CAGACACGCTGTTTCA,0
CAGACACTACGATTCC,0
CAGACAGAACTAAATA,0
CAGACAGTATGATCTG,0
CAGACATAAATTAACT,0
CAGACATAACCATTCT,0
CAGACATACCATAGGG,0
CAGACATACCCGTACA,0
CAGACATGGATACGTA,0
CAGACATGTGGACCAT,0
CAGACATTTCGGTGCA,0
CAGACCAAAAATCGCG,0
CAGACCAATAAAAAAA,0
CAGACCAATTACAAAA,0
CAGACCAGTAAGGCTA,0
CAGACCATCCAAAGTC,0
CAGACCATTCTTCTAT,0
CAGACCCGACTTTATG,0
CAGACCCGTTCGTTGT,0
CAGACCGATTGGATTT,0
CAGACCGTGTACGTGC,0
CAGACGAAAGATGTCA,0
CAGACGAACCAGCCTA,0
CAGACGACATAACTCG,0
CAGACGACCGTCACAG,0
CAGACGAGTTCAGACA,0
CAGACGATAACCAATC,0
CAGACGCATGAGCTCC,0
CAGACGGGGCACACAA,0
CAGACGGTGGTGAACC,0
CAGACGTCGACCTAGA,0
CAGACTAAAATGAGCA,0
CAGACTAACTCCAGCA,0
CAGACTAATTCTAAAA,0
CAGACTACAATGTACC,0
CAGACTATCATGAACT,0
CAGACTATCCAAAAAC,0
CAGACTATTACACTCA,0
CAGACTCAAAAATAAT,0
CAGACTCATCAGAATT,0
CAGACTCCAAGTTAAA,0
CAGACTCGCTGTAAGA,0
CAGACTCTATACTTAC,0
CAGACTGCGGCCCCTA,0
CAGACTGGCACTAAGT,0
CAGACTGGTCGATACC,0
CAGACTTAGGTGACAA,0
CAGACTTGAGAAATCC,0
CAGAGAAAAGGGCTCA,0
CAGAGAAACGGAAAAC,0
CAGAGAACAAGCCAAT,0
CAGAGAACCTCGACTG,0
CAGAGAACGAAACGCA,0
CAGAGAACGCCTTGCG,0
CAGAGAACGTAAACTT,0
CAGAGAAGTTCCTCCC,0
CAGAGAATAAAGAACG,0
CAGAGAATATGGAGCT,0
CAGAGAATGTAAAACC,0
CAGAGACAACTGCAAT,0
CAGAGACATACACTAA,0
CAGAGACGCGTACAGC,0
CAGAGACTATCACTGT,0
CAGAGAGCAAAAGTCT,0
CAGAGATCACAGCCAG,0
CAGAGATTCAACATAG,0
CAGAGATTTATTGACG,0
CAGAGCAAAAGCCCGT,0
CAGAGCAAGACGAGCA,0
CAGAGCCGTGCAAACG,0
CAGAGCTCCAGCGAAC,0
CAGAGCTTTCACCAAA,0
CAGAGCTTTTGCATAA,0
CAGAGGACACCTTAAC,0
CAGAGGACTGACAAAC,0
CAGAGGAGTCCAGCCC,0
CAGAGGCAGCATATAG,0
CAGAGGCAGTTCTGTC,0
CAGAGGCATGAGATTT,0
CAGAGGCTGTAAAACT,0
CAGAGGTAGAATTCAG,0
CAGAGGTATGCAAACT,0
CAGAGGTGCAATAATA,0
CAGAGTAGTTATCTCG,0
CAGAGTCAATCTCATG,0
CAGAGTGAATACGTAT,0
CAGAGTTCAAACATAA,0
CAGAGTTTTGAATCTG,0
CAGATAAAAAAGTCTA,0
CAGATAAAAAATGCTT,0
CAGATAAAATATTGAA,0
CAGATAAATAAAGAAG,0
CAGATAAATCCGAACA,0
CAGATAACAATCTTAT,0
CAGATAACTGCCGGCG,0
CAGATAAGTTAACAGG,0
CAGATACAACCACATT,0
CAGATACAAGACTGAA,0
CAGATACAAGTTAGTA,0
CAGATACAGTGGGTTT,0
CAGATACATCAAACAC,0
CAGATACATGGTAAAG,0
CAGATACATTCAAAGA,0
CAGATACGAAAATAAA,0
CAGATAGACTCATCGT,0
CAGATAGGCCTACCAT,0
CAGATAGTGAACTTTT,0
CAGATATAAAATCAGC,0
CAGATATATACCCAGT,0
CAGATATCACTTTCAT,0
CAGATATGCTGGCTGC,0
CAGATCAAAACATGAT,0
CAGATCATGAAGAAAA,0
CAGATCATTAAACATA,0
CAGATCCGTGAACCAA,0
CAGATCGTAAAGAAAG,0
CAGATCTATCACGTCC,0
CAGATCTCCATGCAGT,0
CAGATCTCTCAAGTAT,0
CAGATCTTAACAGAAG,0
CAGATCTTTACTTTTT,0
CAGATGAAGAGTCCAC,0
CAGATGACGACACCGT,0
CAGATGATGGAATTCC,0
CAGATGCCTCGAAATT,0
CAGATGCGCATCAAAT,0
CAGATGCTCCCCAACC,0
CAGATGCTGTATCTAG,0
CAGATTAAAAATACTA,0
CAGATTAACAAGCACG,0
CAGATTAACATTTATG,0
CAGATTACAGAAGGTT,0
CAGATTACATTGGTCG,0
CAGATTAGCTAAAAAT,0
CAGATTATGCACACTT,0
CAGATTATGCCACTAT,0
CAGATTCAAGCTAAAA,0
CAGATTCAAGGTACTG,0
CAGATTCCATTGCTAA,0
CAGATTCCTGGCCTGC,0
CAGATTCGATACAACA,0
CAGATTCGTCTAAAAA,0
CAGATTCTACATAAAA,0
CAGATTCTCATAAAGT,0
CAGATTGGCTTTCTCC,0
CAGATTGTTGTCAAAA,0
CAGATTTAAAACGTAC,0
CAGATTTACTTCATAA,0
CAGATTTAGTTCAACA,0
CAGCAAAAAACCATTT,0
CAGCAAAAAGAAACTT,0
CAGCAAAAATTAGTTG,0
CAGCAAAACAACTCCA,0
CAGCAAACACGGTTCC,0
CAGCAAACAGCCAAGC,0
CAGCAAAGAGCAGGCA,0
CAGCAAATAGAGATAA,0
CAGCAAATATATGTAC,0
CAGCAAATATGCTTAA,0
CAGCAAATTTAATCAG,0
CAGCAACCACCTCTGA,0
CAGCAACCCCAAACTT,0
CAGCAACGCACAAAAT,0
CAGCAAGAAGATATCA,0
CAGCAAGATACTAACA,0
CAGCAAGTCGGTGTGC,0
CAGCACAAACTTTTCC,0
CAGCACAACGCTGACT,0
CAGCACAGAAGAACGG,0
CAGCACAGACAAAACT,0
CAGCACAGGCCCGTGT,0
CAGCACATCCCGTTAT,0
CAGCACCACTCACACT,0
CAGCACCCCAAAGCGA,0
CAGCACCGGCCAAAGT,0
CAGCACGCTTATCCTT,0
CAGCACGGACAAATAC,0
CAGCACGGACATAAGA,0
CAGCACGGGTCTTTTA,0
CAGCACGTGGCATCGT,0
CAGCACTACCGTACTA,0
CAGCACTCATTACGCA,0
CAGCAGAAAATGACTC,0
CAGCAGAAACAGTAAG,0
CAGCAGAACCACCGGA,0
CAGCAGAATTTGGCTC,0
CAGCAGACCATGATTA,0
CAGCAGAGCTAGCCGA,0
CAGCAGTAAGAGTCGG,0
CAGCAGTCACGTTGGC,0
CAGCATAAAACCGCAA,0
CAGCATAAACGCGTGA,0
CAGCATAACATGAGCT,0
CAGCATAAGAGTTATT,0
CAGCATACGAGCGTAT,0
CAGCATACGGTTCCCG,0
CAGCATAGCTTCCTAA,0
CAGCATATACTTATTA,0
CAGCATATTTTAGAGT,0
CAGCATCAAAATAGAA,0
CAGCATCACTTTAGAT,0
CAGCATCCCATAAAAG,0
CAGCATGCAAAAGTTT,0
CAGCATGCGAGGCGGA,0
CAGCATTATATAACTA,0
CAGCCAAAAGCTGGCA,0
CAGCCAAACATTCCGC,0
CAGCCAAATTTATAAT,0
CAGCCAACACGGCATT,0
CAGCCAAGAAGCAATT,0
CAGCCAATATAGAGGG,0
CAGCCAATTATCGTGC,0
CAGCCACAAATATCAG,0
CAGCCACACCGCAAAT,0
CAGCCACACGGTGCTA,0
CAGCCACACGTCCGGT,0
CAGCCACCGACTAACG,0
CAGCCACGAAATGCTG,0
CAGCCACTATCCTGGC,0
CAGCCATACAACCGAA,0
CAGCCATATAAGCCGC,0
CAGCCATTCAAAGCAT,0
CAGCCCAAAAAAATAG,0
CAGCCCAATAGATCCG,0
CAGCCCCATATAGGAA,0
CAGCCCCATGGCAAAA,0
CAGCCCGCACTAGTTT,0
CAGCCCTACTTATGCC,0
CAGCCGAAAGCCGTTT,0
CAGCCGCCAGTCTGTG,0
CAGCCGCGGCATATAA,0
CAGCCGGACAGATATA,0
CAGCCGGCAAATACAT,0
CAGCCGTCCATTAACG,0
CAGCCGTGAACATCTG,0
CAGCCTCCTCCATAAT,0
CAGCCTCGCTGATACC,0
CAGCCTGGATATGAGA,0
CAGCCTGGTACGTACC,0
CAGCCTTAAGTGGGGA,0
CAGCCTTCCCTGTTCA,0
CAGCCTTGATTCCTAA,0
CAGCGAACGATCAACA,0
CAGCGACGTAGTTTAT,0
CAGCGACTTTAGATTG,0
CAGCGAGCACCCCCAA,0
CAGCGAGGGCAAACTG,0
CAGCGAGTCAAGTTCA,0
CAGCGAGTTTATCAAA,0
CAGCGATACTAATCAT,0
CAGCGCTAACAAAAGA,0
CAGCGCTTGATGGTCC,0
CAGCGGAATGCAAATT,0
CAGCGGACAACACAAC,0
CAGCGGATAAAATTAA,0
CAGCGGGCTCTTGTCC,0
CAGCGGTCCACCCCTA,0
CAGCGTACTAGCCAGC,0
CAGCGTATTTCATGAC,0
CAGCGTCGGATCTGAT,0
CAGCTAAAACCGTAAG,0
CAGCTAAAATACCAAG,0
CAGCTAAATTGCTTTC,0
CAGCTAACCTCTGATT,0
CAGCTAGTCAAAACGC,0
CAGCTATACGTGCTTA,0
CAGCTATATCCATATT,0
CAGCTCAAACTGGTAA,0
CAGCTCAACAAGAGTC,0
CAGCTCATGCTTCCGC,0
CAGCTCATTTTATCTT,0
CAGCTCGAGCACGAAA,0
CAGCTCTAGAAGTACC,0
CAGCTCTTAAAGATTA,0
CAGCTGAAAATCTATA,0
CAGCTGATGACGGCAG,0
CAGCTGCAGAGGCCCT,0
CAGCTGGTTACCTAAC,0
CAGCTGTTCGATAACA,0
CAGCTTAAGTAAGAAT,0
CAGCTTACAAGGGCAA,0
CAGCTTATTGCCAAAT,0
CAGCTTCCCGCAGAGG,0
CAGCTTCCCGCCCCCC,0
CAGCTTCGGATCGAAG,0
CAGCTTGACCTACTCA,0
CAGCTTGCAAACTATA,0
CAGCTTTAACTGCCAG,0
CAGGAAAAAACTTAAA,0
CAGGAAACATAATACT,0
CAGGAAATAAAGGCCA,0
CAGGAACAAACTTGCA,0
CAGGAACCTCGGACAA,0
CAGGAACGAAGCTAAA,0
CAGGAAGCATACGTAA,0
CAGGAAGCTAGTACAG,0
CAGGAAGGAAAGACAC,0
CAGGAAGGTTTAGTGA,0
CAGGAAGTATCGTAAG,0
CAGGAAGTGAAAAAGA,0
CAGGAAGTGCTAAGAG,0
CAGGAAGTTGACAGAT,0
CAGGAATGATATCGAC,0
CAGGAATTAATAAACC,0
CAGGACAGATGATGGC,0
CAGGACATGAAACTCA,0
CAGGACCAGCCAAACA,0
CAGGACGGCATATCGC,0
CAGGACTATTTCAGTC,0
CAGGACTGAGACACGC,0
CAGGACTTACCCAACA,0
CAGGAGAAAACAAACA,0
CAGGAGAGAATCATTG,0
CAGGAGAGTAAAATTA,0
CAGGAGATCTAACACC,0
CAGGAGCATACGACTA,0
CAGGAGCCAACACCTT,0
CAGGAGCCGCAAGAGA,0
CAGGAGCTACTCAAAA,0
CAGGAGGAGCGCAAAC,0
CAGGAGTCATTAGCAG,0
CAGGAGTTTTATAGCA,0
CAGGATAAACATGATC,0
CAGGATAAGATTAATA,0
CAGGATACTTCGCCCA,0
CAGGATATTTGCAAAT,0
CAGGATGATCTAAACA,0
CAGGATGATGGCAACC,0
CAGGATGCGGTCTCGA,0
CAGGATGCTCCTTCTA,0
CAGGATTGCAAAAATG,0
CAGGCAACATAATCTC,0
CAGGCAAGCTATATAA,0
CAGGCACACTGAGTTG,0
CAGGCACCCGTCCAAG,0
CAGGCACTGCAAGCCC,0
CAGGCAGAGTCCCAGG,0
CAGGCAGGACCCGTCC,0
CAGGCATCGACTAGAA,0
CAGGCCAAGCCACCGT,0
CAGGCCACTACATAAA,0
CAGGCCACTTATAAAA,0
CAGGCCAGGAACCATA,0
CAGGCCATCAAAAGGT,0
CAGGCGACCCATACTG,0
CAGGCGGACTTCAACA,0
CAGGCGGGTTTATCCA,0
CAGGCGGTGATAACCG,0
CAGGCGTCGACCGATC,0
CAGGCTACCTCAAAAC,0
CAGGCTACGCCATAGA,0
CAGGCTATCACTTTTG,0
CAGGCTGTGATATATA,0
CAGGGAAACAACTGTG,0
CAGGGACACACTCAAA,0
CAGGGACATCAAAAAA,0
CAGGGATACCTAAAGT,0
CAGGGATCCTGAAACC,0
CAGGGATCTACCCTAT,0
CAGGGCAAGCCGAATA,0
CAGGGCACAACACAGC,0
CAGGGCGATCATAAGC,0
CAGGGCGCTAAAAATC,0
CAGGGCTATCAAGCAC,0
CAGGGGCGTTCAAAGG,0
CAGGGGCTCTAAGCTC,0
CAGGGTAGACGACTCT,0
CAGGGTAGAGAGCAAT,0
CAGGGTATAGGTAACA,0
CAGGGTCCCCACGGTA,0
CAGGGTGATGCCTATA,0
CAGGGTGCAAGTTCTC,0
CAGGGTGCGAGTGAGA,0
CAGGGTTAAGAATCAA,0
CAGGTAAAAAAAAATC,0
CAGGTAAAATATATAC,0
CAGGTAACACACTATT,0
CAGGTAACGGAACTAA,0
CAGGTAAGTTAATAAT,0
CAGGTACGATTAACCT,0
CAGGTAGATTAAGGTG,0
CAGGTAGCAAACGTTT,0
CAGGTATGACGTGTGT,0
CAGGTATGAGTTCGGG,0
CAGGTATTGGCGCATT,0
CAGGTCACAAATTCGA,0
CAGGTCACACTTTAGC,0
CAGGTCACTTAATAAA,0
CAGGTCCAGCGGGGGC,0
CAGGTCGCCCAGTGAT,0
CAGGTCTCGATAATTT,0
CAGGTCTGAATCAAAG,0
CAGGTGAAGTAACGTA,0
CAGGTGAATCACAATT,0
CAGGTGACATTTAGGC,0
CAGGTGCACTCCTTAT,0
CAGGTGCTCCATTTGT,0
CAGGTGGCAAGACAAA,0
CAGGTGTCAAAATAGG,0
CAGGTTACATCTATAG,0
CAGGTTACTCAATAAA,0
CAGGTTAGTTTAAATT,0
CAGGTTGACAACTACC,0
CAGGTTGATACATCGA,0
CAGGTTGCTATGCAGG,0
CAGGTTGTTTAATGGT,0
CAGGTTTATCCGGAGT,0
CAGGTTTCAAACCAAC,0
CAGGTTTCCTGCGTGA,0
CAGGTTTTAATTAAAT,0
CAGGTTTTCTGTACTG,0
CAGTAAAACACCCACG,0
CAGTAAAACAGACGAT,0
CAGTAAAATGAAGGAC,0
CAGTAAATCAGTAAGG,0
CAGTAAATCCAAGTCA,0
CAGTAACAAGAAAATC,0
CAGTAACATTCCAAAA,0
CAGTAACCTACCTTAA,0
CAGTAACGAAGGTAGC,0
CAGTAACTACATCACC,0
CAGTAAGAGGGCTCGA,0
CAGTAAGATACATCAT,0
CAGTAAGCTCTCGCGA,0
CAGTAAGTACACACTG,0
CAGTAATAAGTGACTG,0
CAGTAATAATAAAATC,0
CAGTAATCATTCGCCC,0
CAGTAATTACTCATCA,0
CAGTAATTCACCTCCG,0
CAGTAATTCCAACTCC,0
CAGTACAAAGAGAGAA,0
CAGTACAATCCAGGTA,0
CAGTACACAAGTATTG,0
CAGTACATCCTGAACG,0
CAGTACCAATGTCAAT,0
CAGTACCAGCCCAAGA,0
CAGTACCAGGAATTGA,0
CAGTACCAGGCATAAA,0
CAGTACGACTTTTAAC,0
CAGTACGTAAATCATC,0
CAGTACTAAACTACTA,0
CAGTACTCAAACGATA,0
CAGTACTCAAGTAAAT,0
CAGTACTCATGCCAAT,0
CAGTACTCCTATTCAA,0
CAGTACTGAAAAATAG,0
CAGTAGAACCGATCAA,0
CAGTAGACGTAGATTC,0
CAGTAGATGCCTCTCA,0
CAGTAGATTGTGTTGG,0
CAGTAGCAACTGAAAC,0
CAGTAGCAAGTTGTTT,0
CAGTAGCACAAACTGA,0
CAGTAGCCCGGACTTA,0
CAGTAGCGTATTTTGT,0
CAGTAGCTTAAAACAA,0
CAGTAGGAAACATCAA,0
CAGTAGTAAGCGTCCA,0
CAGTAGTGCAGTTGTC,0
CAGTAGTGCCACCACC,0
CAGTAGTTATTTACTT,0
CAGTATAACATACCAA,0
CAGTATAATAGGCCTA,0
CAGTATAATCTGAATA,0
CAGTATAATTTAGAAG,0
CAGTATAATTTATACT,0
CAGTATCATAAACCCT,0
CAGTATCCATCTGATT,0
CAGTATCCCGCCAATA,0
CAGTATCGCCAGCACC,0
CAGTATGAAACAATCC,0
CAGTATGATTGGCATG,0
CAGTATGGGGCACGGT,0
CAGTATTACACAACGT,0
CAGTATTTAAAACCAC,0
CAGTATTTCACATTGT,0
CAGTCAAGTCGCCGGA,0
CAGTCAATTAATAAAC,0
CAGTCAATTCCATAGT,0
CAGTCACACTTGCTTT,0
CAGTCACATCACGAAG,0
CAGTCACCAATAGATC,0
CAGTCACTACGCAGAG,0
CAGTCACTCACTTGTA,0
CAGTCAGAGCAGAATT,0
CAGTCAGTGACTTTAT,0
CAGTCATATATCGAAT,0
CAGTCATCGTTCCAAC,0
CAGTCCAATTTCAAAT,0
CAGTCCCAGCTATTAA,0
CAGTCCCATATGGCCT,0
CAGTCCCGGCATTCAT,0
CAGTCCCGGGATTGAT,0
CAGTCCCTATGCCAGC,0
CAGTCCGAAAGTAATG,0
CAGTCCTAGAATCCAT,0
CAGTCCTGACTAAACT,0
CAGTCCTTAACGCATC,0
CAGTCGCTAAATGTTA,0
CAGTCGGATCTACCTC,0
CAGTCGTTACGAAGGT,0
CAGTCGTTTAAACATT,0
CAGTCTATATTATGAA,0
CAGTCTCAACACTTGT,0
CAGTCTGCCGTGATAA,0
CAGTCTGGTACGGATA,0
CAGTCTTATCCCACAA,0
CAGTCTTCCATCAAAA,0
CAGTCTTGCACTTCAA,0
CAGTGAATAAGAGAAC,0
CAGTGAATAGCAGATG,0
CAGTGAATCATACAAG,0
CAGTGACAACCGTCTT,0
CAGTGACATAAGGGTT,0
CAGTGACATCAATTTC,0
CAGTGAGGCCCAGTAA,0
CAGTGAGTTATAACAA,0
CAGTGATGATCGAAAG,0
CAGTGATGTTGTGCAT,0
CAGTGCCCTACGAAGT,0
CAGTGCCTACACAAGC,0
CAGTGCGCAGAACCAA,0
CAGTGCGCCATATATC,0
CAGTGCTGCGATAATC,0
CAGTGCTTGCGCGCCC,0
CAGTGGAATCCATCAA,0
CAGTGGATATCTAACT,0
CAGTGGGAGTGGAACA,0
CAGTGGTGCCTACATT,0
CAGTGTAACCGACACC,0
CAGTGTAATGAAGTAT,0
CAGTGTCACAGTAAAA,0
CAGTGTCACATACAAC,0
CAGTGTCGTCTAAGGC,0
CAGTGTTCATGGATCC,0
CAGTGTTGATGTTGAG,0
CAGTGTTTATTACGAA,0
CAGTTAAAAACCTTAT,0
CAGTTAAATGTAATAC,0
CAGTTAACTGAACATC,0
CAGTTAATTTTTACCA,0
CAGTTACAAGATGATA,0
CAGTTACAATATTGAC,0
CAGTTACCAGCCGGAA,0
CAGTTACCATCACAGT,0
CAGTTACCCGACTACG,0
CAGTTACGCTAATGAG,0
CAGTTAGAATGGCTGG,0
CAGTTAGCGCAACGGA,0
CAGTTAGTTAAAGCAT,0
CAGTTATAATGTCCAG,0
CAGTTATACTTGGTGG,0
CAGTTATATTTCCTAT,0
CAGTTATCCGCAACCA,0
CAGTTATCTAAGCAAA,0
CAGTTATCTGCCAATC,0
CAGTTATGTTTTTAGG,0
CAGTTCAAAAATACTA,0
CAGTTCAATCATCAGC,0
CAGTTCAATTGTTCTT,0
CAGTTCACCACAAACT,0
CAGTTCACGCCTATAC,0
CAGTTCCACGAAAGGA,0
CAGTTCCCGAAATCAT,0
CAGTTCTAACCCTCAG,0
CAGTTCTCCAGCGAAC,0
CAGTTCTCCATTCAGC,0
CAGTTCTCTGAAACGC,0
CAGTTCTTTAAAGTAC,0
CAGTTGAATCCCAGCA,0
CAGTTGATGAAGACAG,0
CAGTTGCAGTAACATA,0
CAGTTGCATAATATTA,0
CAGTTGCCATTCGACC,0
CAGTTGCTCTGACACC,0
CAGTTGGTCGCTCTCA,0
CAGTTTACATGATTTT,0
CAGTTTAGTGTTTTTG,0
CAGTTTCAGTTAGTGT,0
CAGTTTCCCTCACGAG,0
CAGTTTCTCACGCCTA,0
CAGTTTGTCAATTGAA,0
CAGTTTGTCACACCTT,0
CATAAAAAATCATCCT,0
CATAAAAAATTTAATT,0
CATAAAAACATTCGAT,0
CATAAAAAGAGTCGGT,0
CATAAAAATATCTCGG,0
CATAAAAATCATAACA,0
CATAAAAATTAATTAC,0
CATAAAAATTAGTTTC,0
CATAAAACACACAAGA,0
CATAAAACCATATATA,0
CATAAAACCCAATTGT,0
CATAAAAGACTGAAAT,0
CATAAAAGCCACACCA,0
CATAAAAGCCCAGAAA,0
CATAAAAGCGTTAGGT,0
CATAAAAGGTATGCGG,0
CATAAAAGTAGGCCGA,0
CATAAAATAGACCACC,0
CATAAAATATACCCAA,0
CATAAAATTCGATTTC,0
CATAAACAAGTGATAG,0
CATAAACAATTAGCCA,0
CATAAACACGTTATTA,0
CATAAACAGACTAACA,0
CATAAACATACCCACC,0
CATAAACATACGCAGT,0
CATAAACCAAAAAAAC,0
CATAAACCCACCCGCC,0
CATAAACTAATACCTG,0
CATAAACTCCGATCCA,0
CATAAACTTAGCTCTG,0
CATAAACTTATTTTGG,0
CATAAACTTGATTGGC,0
CATAAAGAAAACCAAA,0
CATAAAGAAGCAGTGC,0
CATAAAGAGTATCCGT,0
CATAAATAACTTAATG,0
CATAAATAAGGATCTC,0
CATAAATACGATCTAT,0
CATAAATCCCATCCAG,0
CATAAATCGGGATGTG,0
CATAAATTAGAGCAGT,0
CATAAATTATAGGTAG,0
CATAACAAAACGTACA,0
CATAACAAAATGCTAT,0
CATAACAAACTTATAT,0
CATAACAAATTTAAAA,0
CATAACAAGGCTGCAT,0
CATAACAATGTAAGAT,0
CATAACACAATAATCA,0
CATAACACAGATAATA,0
CATAACACTATTACTA,0
CATAACAGACCAAAAT,0
CATAACAGATATAATA,0
CATAACAGGGCCAGAA,0
CATAACATTCCAAATC,0
CATAACCAAAATGTGG,0
CATAACCAATACTAGG,0
CATAACCATAAACTGG,0
CATAACCATGGAGAAG,0
CATAACCCACACCGAT,0
CATAACCCCCGGCTAA,0
CATAACCGAAAAGATA,0
CATAACCGAGAAACCC,0
CATAACCGTTGAGCTG,0
CATAACCTCTGCCACG,0
CATAACGAACAAGCAA,0
CATAACGATCGGTATG,0
CATAACGGGTAGAATC,0
CATAACGTCTACAGAC,0
CATAACTAAAATTCTT,0
CATAAGACGCTCACGC,0
CATAAGAGATACGTCC,0
CATAAGATGCACTCAT,0
CATAAGATTAAAGTAA,0
CATAAGATTTGCGGCC,0
CATAAGCAATCCCGCG,0
CATAAGCAATCCTAAG,0
CATAAGCGGACACTGA,0
CATAAGCGGACGCTGC,0
CATAAGGAGCAAAGAA,0
CATAAGGTCACTGATA,0
CATAAGTACTTACATA,0
CATAAGTCAATCCCCT,0
CATAAGTGATCGTCAC,0
CATAAGTTGATTAATG,0
CATAAGTTTTGTGAAA,0
CATAATAAATAATCCG,0
CATAATAACACAACCA,0
CATAATAATACAGAGG,0
CATAATAATTCCAGGG,0
CATAATACACACCTTT,0
CATAATACCAGACAAC,0
CATAATACCTGAAACC,0
CATAATACGAAAGTAT,0
CATAATACTGAGTACA,0
CATAATAGACTAGCCC,0
CATAATATACACACTA,0
CATAATATATGGAAAA,0
CATAATCAGAGCCAAG,0
CATAATCCAAGACTTT,0
CATAATCGATGCCTTC,0
CATAATCGCGTGGGCA,0
CATAATCTGAACTGAA,0
CATAATGAACTCAACC,0
CATAATGCACTTGGGG,0
CATAATGCTGAACTAG,0
CATAATGGATCATAAT,0
CATAATGTAAATAACT,0
CATAATGTCATATGTC,0
CATAATGTGCCTGAAG,0
CATAATTAACACACCA,0
CATAATTAATTTTACA,0
CATAATTACATAAGGC,0
CATAATTATTTAGAAA,0
CATAATTGCCACATAG,0
CATAATTTCACAGGGA,0
CATACAAAAGATTATA,0
CATACAAATAGCATCA,0
CATACAAATCCAATAT,0
CATACAACCGCAAGAA,0
CATACAAGTGAAGAAC,0
CATACAATCGATTAAT,0
CATACACAAGACATTT,0
CATACACAATAATACT,0
CATACACAATCATCAA,0
CATACACACTCCTACA,0
CATACACAGAATTAGT,0
CATACACAGATCTCCA,0
CATACACATAAACCGA,0
CATACACATCATTATC,0
CATACACATTAAGACA,0
CATACACCAAACTGCC,0
CATACACCTAAACAAA,0
CATACACCTTGTAAGT,0
CATACACTAAAGGATA,0
CATACAGATCAAGAAC,0
CATACAGATCCTACAC,0
CATACAGCAACCAGAT,0
CATACAGCGCAAAGTC,0
CATACATAAAATGAAG,0
CATACATCACCCTGCG,0
CATACATCTGTCAATC,0
CATACATTACCAATTT,0
CATACCAATTTTCCAA,0
CATACCACGTAAAAAT,0
CATACCAGATGTTAAA,0
CATACCAGCAGTATGA,0
CATACCAGCCTGGCTG,0
CATACCCATAGTCTAA,0
CATACCCCAAAGACAT,0
CATACCCGACTAAACC,0
CATACCCTAGTCTTGC,0
CATACCCTCTCCTCAC,0
CATACCCTTACTTCTC,0
CATACCGAATTCTGGA,0
CATACCTAGAGACAGC,0
CATACCTCATAAAACT,0
CATACGAATCACCCAG,0
CATACGACAAATTTTA,0
CATACGACGGGAGTGA,0
CATACGAGATTTGTCC,0
CATACGAGCATGGTTA,0
CATACGAGCTAGGAAG,0
CATACGCACAAAATAG,0
CATACGCAGAAAAATC,0
CATACGCATGCAATTA,0
CATACGGTGGTACACA,0
CATACGGTTACAAATA,0
CATACGTATATACTCA,0
CATACGTCAAGTCAAT,0
CATACGTGCATGTCGT,0
CATACGTGCTCACCAA,0
CATACGTTTCAAGTTA,0
CATACTAAGTAAGAGC,0
CATACTAATATAGATT,0
CATACTACAAGACAGA,0
CATACTACACTAAAAA,0
CATACTACCGATTCAA,0
CATACTATGCAATAAG,0
CATACTCGTATTGAGA,0
CATACTCGTGCATACT,0
CATACTGAGACTCCTC,0
CATACTGAGATACATA,0
CATACTTGGCCCGCTC,0
CATACTTTACTATTCT,0
CATAGAAAACACGGCT,0
CATAGAAACAATTGAC,0
CATAGAAGATAATATC,0
CATAGAAGCAAATAGG,0
CATAGAATAAATAATC,0
CATAGAATCTCGATTC,0
CATAGACAATGGGGTA,0
CATAGACACGTTTGTC,0
CATAGACGGGAAGGGC,0
CATAGACTAAGGAGTC,0
CATAGAGAATCTTGAC,0
CATAGAGGGCTGACGA,0
CATAGAGTTAGGATTC,0
CATAGATCCCTAGTTA,0
CATAGATGTAAGACAG,0
CATAGCAAACGACGCG,0
CATAGCAGCCCGAAAA,0
CATAGCCAACCAAAAT,0
CATAGCCAACCCCAGA,0
CATAGCGGCAAACGTA,0
CATAGCTATTATGAAG,0
CATAGCTTCCACAAAA,0
CATAGGAACCAAACCG,0
CATAGGAACCTAGTCA,0
CATAGGACATTCGCAA,0
CATAGGAGAGTTCGAG,0
CATAGGATAATGTGAA,0
CATAGGCAACCTAGTC,0
CATAGGCCAATTTCGA,0
CATAGGTGGAGAGATC,0
CATAGTAAAAAAGACA,0
CATAGTAGCCGACCAA,0
CATAGTAGGAATCTAC,0
CATAGTCAATACAACA,0
CATAGTCCTAATATAT,0
CATAGTCGAGTATCAC,0
CATAGTCTAGGCAGCT,0
CATAGTGGAAATAACC,0
CATAGTTGCCAAAAAG,0
CATAGTTGGAAACAAC,0
CATATAAAATGGGCTA,0
CATATAACAAACTCTG,0
CATATAACCCCCAGAT,0
CATATAACGTATGACC,0
CATATAACTCCTGCAA,0
CATATAAGATTCAGCT,0
CATATAAGGATATATA,0
CATATAATATAGAGAC,0
CATATAATCGCCAACT,0
CATATAATCGGCCTAA,0
CATATACAACATGGCT,0
CATATACACATTACCA,0
CATATACCTATAGTAG,0
CATATACGAGGAAGGT,0
CATATACTACCGAAAA,0
CATATACTCTTCCCAA,0
CATATACTGTTTTAGT,0
CATATAGCTACTAGGG,0
CATATAGCTCACAGAA,0
CATATAGTTATATATA,0
CATATATAATTAAGCT,0
CATATATAGACCAACA,0
CATATATGACATAATT,0
CATATATTTATTTCAA,0
CATATATTTTCTTGTA,0
CATATCAACAAACGAG,0
CATATCAACATCAGAA,0
CATATCACAGGCCCAA,0
CATATCAGAACTCCCT,0
CATATCAGTGGACTCT,0
CATATCATTAGTACGA,0
CATATCCAATGAGTAA,0
CATATCCATTCCCGGA,0
CATATCCCAGTAATGG,0
CATATCCTATCTAATA,0
CATATCCTCAAATTAC,0
CATATCGGATGAATGA,0
CATATCGGTTCCTAAT,0
CATATCGTGACAGACG,0
CATATCTAATATATAC,0
CATATCTCTGTGTCCA,0
CATATCTGAAACGGAC,0
CATATGAAACGGTAAC,0
CATATGAACTGATTTA,0
CATATGACCCTAGGAA,0
CATATGACGGTAACCC,0
CATATGCCGACCAATG,0
CATATGCGTAGACTGA,0
CATATGGAATTAAACC,0
CATATGGATACCAATG,0
CATATGGATCGTTAAG,0
CATATGTAAAAAACGG,0
CATATGTAGAAGAAAA,0
CATATGTAGGTTCACT,0
CATATGTTCTTTTTGA,0
CATATTAAAACGGCTA,0
CATATTAATCTACTAA,0
CATATTAGATTAAGCA,0
CATATTAGGGACCATC,0
CATATTATATCACTTC,0
CATATTCCAAGATCTC,0
CATATTCCTGCTAAAA,0
CATATTCTAACAAAAA,0
CATATTCTGCAATCAG,0
CATATTGATGAAAACT,0
CATATTGCGAATGGAT,0
CATATTGGCTCATCCA,0
CATATTGTATAATGAA,0
CATATTGTCATCTTCT,0
CATATTTAATCAAATG,0
CATATTTAATGTTACG,0
CATATTTACGTGATAC,0
CATATTTCCAAGACAT,0
CATATTTTAGGTAACA,0
CATATTTTCCTGGCTA,0
CATCAAAAGATCAGCT,0
CATCAAAAGCTCGTCC,0
CATCAAAATCACAGAA,0
CATCAAAATCTGCGTA,0
CATCAAACCTTCAAGA,0
CATCAAACGTCACAAA,0
CATCAAAGAAAGCTAT,0
CATCAAAGGCGCCCTC,0
CATCAACAATAACCAA,0
CATCAACAGTCTCCCT,0
CATCAACGCGACGAGA,0
CATCAACTCTACTAAA,0
CATCAAGACTGGGGTA,0
CATCAAGAGCTAATAC,0
CATCAAGCAAAACTTC,0
CATCAAGGTTCCTACA,0
CATCAAGTAACAAACT,0
CATCAATAAATACACT,0
CATCAATATACCTTAG,0
CATCAATATCTTTACG,0
CATCAATCGACAGGGG,0
CATCAATGAAGATGCA,0
CATCAATGATGACTAG,0
CATCAATTAACACGCA,0
CATCAATTCAAATGTT,0
CATCACAAATTCACTA,0
CATCACAATAATTCGA,0
CATCACACAAATCCCG,0
CATCACACCTTTCACT,0
CATCACAGTTATAGCT,0
CATCACATAATGGTCC,0
CATCACATGATTAATT,0
CATCACATTTTTCGTG,0
CATCACCAATTAGATA,0
CATCACCATGGCCTAA,0
CATCACCCTGGTTACA,0
CATCACCGACTACGTC,0
CATCACGAACATTTCG,0
CATCACGCAAAATACT,0
CATCACGCGAAACAAA,0
CATCACGGCGCCAAGC,0
CATCACGTTATTACTG,0
CATCACTAGAAACCGA,0
CATCACTATGGTACTG,0
CATCACTTCACTTAAG,0
CATCACTTGCCCACTG,0
CATCAGAAACGGACTC,0
CATCAGAATATCAGTA,0
CATCAGAGCTAGCATA,0
CATCAGATCCATGCAG,0
CATCAGATCGTTAATG,0
CATCAGATGTCGTGAT,0
CATCAGATTCAATCAT,0
CATCAGCAACCGTTTT,0
CATCAGCGGATAAAGC,0
CATCAGCTTGATATAA,0
CATCAGGAAAGTAGAA,0
CATCAGGAGCATGACA,0
CATCAGGGTAAAACAA,0
CATCAGTAGAAGCGAG,0
CATCAGTCATAGGCGA,0
CATCAGTCCAAAGGAC,0
CATCAGTTGTAATCAC,0
CATCATAAAAAGAGCT,0
CATCATAAATAATTAC,0
CATCATAAGCAATCAC,0
CATCATAATCACAAAA,0
CATCATACCTCATATC,0
CATCATAGACTGCCTA,0
CATCATAGTAATTCCC,0
CATCATATAAATAAAG,0
CATCATCAACAATGAT,0
CATCATCACACGACGC,0
CATCATCAGCGGTTAA,0
CATCATCCGGGTTGAG,0
CATCATCGAGCCTAAG,0
CATCATCTGCAAACGA,0
CATCATGAATTAGCCC,0
CATCATGATAAACATC,0
CATCATGCAGTTATGA,0
CATCATTACACGGCTT,0
CATCATTCAATTTCCT,0
CATCATTTATAATATA,0
CATCATTTTAGTCACT,0
CATCCAAACAAAAAAA,0
CATCCAAACGGAAGAA,0
CATCCAACACCCATTC,0
CATCCAACATTCGCCA,0
CATCCAAGCTCAAGAG,0
CATCCAAGTATCAGCA,0
CATCCAATATTGACAA,0
CATCCACCTGATGCCC,0
CATCCATAAAGAACAT,0
CATCCATATGTTTGGG,0
CATCCATCGGGCATAG,0
CATCCATCTATGATAC,0
CATCCCAGAATTAGTG,0
CATCCCCAACCCAAAG,0
CATCCCCACGAATGTA,0
CATCCCCACGCGGTAC,0
CATCCCGAAAACGCAC,0
CATCCCGATGAATGCC,0
CATCCCGATTATCTAT,0
CATCCCTACCTTACCC,0
CATCCCTAGGGCATAC,0
CATCCCTCTCTTAGCG,0
CATCCCTTATTAACTT,0
CATCCGAAATTTCTGG,0
CATCCGACCTACATCT,0
CATCCGACGTCTACCG,0
CATCCGATTACGTGAC,0
CATCCGATTTCGGATA,0
CATCCGGGAACCACCC,0
CATCCTAACAACATAT,0
CATCCTAATTTCATAT,0
CATCCTACAGCGCACG,0
CATCCTCTAACAAAAG,0
CATCCTGAATACAAAG,0
CATCCTTAACTAGACG,0
CATCCTTAAGGGCAGG,0
CATCCTTACCACCTTT,0
CATCGAAAAAACAATG,0
CATCGAAAAGACCGAA,0
CATCGAAAGCATTAAA,0
CATCGAAGACAAAAGA,0
CATCGAAGCTATGCTC,0
CATCGAATATACGAAA,0
CATCGAGAATCCTAGC,0
CATCGAGCCTTCACTT,0
CATCGAGCGAGTAACG,0
CATCGATAAAACCGAG,0
CATCGATCTCAAGAAC,0
CATCGATGCAAGATTT,0
CATCGATTACATATTG,0
CATCGCACGCTGGCCA,0
CATCGCAGAAAGTGAC,0
CATCGCAGAGCACAAA,0
CATCGCATTGTAACTG,0
CATCGCGACCTAACGG,0
CATCGCTACATAACAA,0
CATCGCTTTAATTAAT,0
CATCGGAAAAACGCTT,0
CATCGGACCTTAAAAT,0
CATCGGAGATGTTGAA,0
CATCGGTAATCTATCT,0
CATCGTAATCATCGTC,0
CATCGTATTTTGAATC,0
CATCGTCAATAAGGCG,0
CATCGTGATATAATTC,0
CATCGTTAATATTACA,0
CATCGTTATAACCGAA,0
CATCGTTTGACTAGAT,0
CATCTAAAATGAGAAG,0
CATCTAACCGAATACG,0
CATCTAAGGCCAAACA,0
CATCTAATACACCTTA,0
CATCTAATCGTTGACT,0
CATCTACCAACATTGA,0
CATCTACTTAATTACA,0
CATCTAGCACGAAACT,0
CATCTATAAAAAGGCG,0
CATCTATAGACCACAT,0
CATCTATATTAAATTA,0
CATCTATGTTTTACGC,0
CATCTATTACCGGGCA,0
CATCTCAAATGATAAG,0
CATCTCAAGTTAGCGC,0
CATCTCAATTGATGAA,0
CATCTCACAAACGAAG,0
CATCTCATCACTTCGT,0
CATCTCATGCTAACGT,0
CATCTCCCACTTCCAT,0
CATCTCCTCTACAACC,0
CATCTCGAAGAGAAGA,0
CATCTCGGAAAATTAC,0
CATCTCTAATAATGAC,0
CATCTCTAATATATAA,0
CATCTCTTATGAAACT,0
CATCTGAACTCAAAGT,0
CATCTGAAGCGTAAAG,0
CATCTGACCTGGTTTT,0
CATCTGAGGGGTTCAG,0
CATCTGATACCAAAAG,0
CATCTGGAATGAGTGG,0
CATCTGGACCACCGTA,0
CATCTGTAAAACAGAA,0
CATCTTACATTCCAAG,0
CATCTTACCGTGTGAT,0
CATCTTAGTACAGCAG,0
CATCTTATCTAGCTTT,0
CATCTTCAACGAAAAA,0
CATCTTCACCACAATA,0
CATCTTCATCGACAGC,0
CATCTTCCTATTTCGG,0
CATCTTCGACAGTTTG,0
CATCTTCGGAGGACGG,0
CATCTTGACTTCCAAC,0
CATCTTGCCGTCACCG,0
CATCTTGTTAATGTCT,0
CATCTTTAAACAGCTC,0
CATCTTTAACACATCT,0
CATCTTTATAATTAAG,0
CATCTTTCGTGAAATT,0
CATCTTTTCAAAACGA,0
CATGAAAAACTCCACG,0
CATGAAAAGTCGCGCT,0
CATGAAACAGTGTAAA,0
CATGAAACCAGAATAG,0
CATGAAACTAAGGAAC,0
CATGAAAGGTAGAGTC,0
CATGAAATACAGTAGT,0
CATGAAATCGCTTATA,0
CATGAACCTCATGGTT,0
CATGAACGAGCCTAGG,0
CATGAACTGGAACCCG,0
CATGAAGGTTCCATAT,0
CATGAAGTACGTGCGA,0
CATGAAGTACTTCCGT,0
CATGAAGTTTTGTCTA,0
CATGAATAGGAAGTAA,0
CATGAATAGTGATAAT,0
CATGAATCATATTTAA,0
CATGAATCTCCAGCAG,0
CATGAATTTAGATCTT,0
CATGAATTTAGCATTT,0
CATGACAAGCACGTAA,0
CATGACATATGGAAAA,0
CATGACCGTTAAAACA,0
CATGACGAAATGCTAT,0
CATGACGCGAACCTGC,0
CATGACGGACTACTAC,0
CATGACTAAGAAATAT,0
CATGACTGAACCAAAG,0
CATGACTGTCCCTAAC,0
CATGACTTCCGACATC,0
CATGAGAAATACACAT,0
CATGAGAACACTCAGG,0
CATGAGAACCTCTCTG,0
CATGAGACATACACCC,0
CATGAGATTGTTACGT,0
CATGAGCAGGCGAATA,0
CATGAGCATAAAGGAT,0
CATGAGGCACAGCGGT,0
CATGAGGCACTGCACC,0
CATGAGGCCGAATCTT,0
CATGAGTAAAGTTGTT,0
CATGAGTACACCGAGT,0
CATGAGTAGAGCTGGG,0
CATGAGTTAATACCGT,0
CATGATAAAACGAGAT,0
CATGATACATAAACGT,0
CATGATATTACCATTG,0
CATGATCATATAACCT,0
CATGATGAAAAAAAGC,0
CATGATGTAAAATGCA,0
CATGATGTAATACTCT,0
CATGATTCAATGAACT,0
CATGATTCACTTACCA,0
CATGATTTCTGTACTA,0
CATGCAACACACAACG,0
CATGCAACAGAAGAAA,0
CATGCAACGTATTTGA,0
CATGCAACTAATCCAT,0
CATGCAAGCCAAAAGT,0
CATGCAATATGGACAA,0
CATGCAATTTGAAGAG,0
CATGCCAAATCGACAG,0
CATGCCAAGTAAAGTC,0
CATGCCAATTCACTAT,0
CATGCCAGATCAACAG,0
CATGCCCTTGTACCCC,0
CATGCCGACGTACCTT,0
CATGCCGCTATACGAT,0
CATGCCTAGAAAAACA,0
CATGCGAACCGACATA,0
CATGCGCATAACCAAG,0
CATGCGGCTTAAAAAC,0
CATGCGGGCCCCACTA,0
CATGCGTAGACCACAC,0
CATGCGTATTTGTGAC,0
CATGCTAACGCGCAAC,0
CATGCTAAGCCAGAGG,0
CATGCTACAGCCTTCA,0
CATGCTACTGTCCTAA,0
CATGCTAGCCCCTGCA,0
CATGCTCCGATGACTA,0
CATGCTCGCTTGATAC,0
CATGCTCGGATGCGTG,0
CATGCTGAACCCATTT,0
CATGCTGAACTTTCAG,0
CATGGAAAATCGTTAA,0
CATGGAAACTCCAAGA,0
CATGGAAAGAGATAAA,0
CATGGAAATGCCTCCG,0
CATGGACAATGTTCGG,0
CATGGACACCTCATCC,0
CATGGACATTCCTTAC,0
CATGGACTTAACGCCT,0
CATGGACTTGACACAG,0
CATGGAGAAGTGCGGA,0
CATGGAGACGATGTTT,0
CATGGAGCGGGCTAGC,0
CATGGAGTGAACAGTG,0
CATGGATCATAATTCG,0
CATGGATGTACAGGCC,0
CATGGCAGGATTTCAA,0
CATGGCCCAGATCTTT,0
CATGGCCTACCCTAAC,0
CATGGCGAGCCTCACA,0
CATGGCGTATAGGATA,0
CATGGCGTTTCACAAG,0
CATGGCGTTTGCCGTA,0
CATGGCTACCTAGACC,0
CATGGCTAGGTACTAC,0
CATGGGAAGTTTGACC,0
CATGGGATATAATAAC,0
CATGGGCAGCGCGCGC,0
CATGGGCTCTACATTC,0
CATGGGGACAAGAGAA,0
CATGGGGATCGTTCTC,0
CATGGGGCACGGTACG,0
CATGGGTCAAGCTCTA,0
CATGGTAGCTTGCTTT,0
CATGGTATGAATAATC,0
CATGGTATGTGCGGAT,0
CATGGTGGTGTCCTCC,0
CATGGTTAGACAGTTA,0
CATGGTTGCTCAATGA,0
CATGGTTTAACGATCA,0
CATGGTTTGCCCAAAC,0
CATGTAAAAAAGGATC,0
CATGTAAAAACGATAA,0
CATGTAACGGAGCAGT,0
CATGTAATTGAATGTA,0
CATGTAGAACCAAAAA,0
CATGTATAGTAAGATA,0
CATGTATCACGGTCAG,0
CATGTATGATTGCACA,0
CATGTATTGTACAGAC,0
CATGTCAACTCGTCTA,0
CATGTCAATTCTGAAT,0
CATGTCAGCTCTAGTC,0
CATGTCATCGCGACCT,0
CATGTCCAACAGCACA,0
CATGTCCACTGGAGAA,0
CATGTCCAGAGTATAC,0
CATGTCCCGACAAAGT,0
CATGTCCGAGATCAGC,0
CATGTCGAAAGGCACA,0
CATGTCTAAGGCCAAA,0
CATGTCTGCATTCCAG,0
CATGTGGAAAAAAACA,0
CATGTGGCAATTTAGA,0
CATGTTAAAACTTTTC,0
CATGTTAAACGGTCTA,0
CATGTTAAGAAAATTA,0
CATGTTAGGAATACAT,0
CATGTTCACATAATAC,0
CATGTTCAGCACCAAT,0
CATGTTCCCCAAATAC,0
CATGTTCCCTTGTGGA,0
CATGTTCGACCGTGTT,0
CATGTTGCTACGTAAA,0
CATGTTGTATTTCCTT,0
CATGTTTATATGATAC,0
CATTAAAACTCTGAGT,0
CATTAAAAGGCCTTCT,0
CATTAAAATAATAACA,0
CATTAAACAATTACAC,0
CATTAAAGATATAGCC,0
CATTAAAGTGAAACCA,0
CATTAAATCACGTATC,0
CATTAAATCAGGAACA,0
CATTAAATCCACGGCA,0
CATTAAATTTTTGCAC,0
CATTAACCCTAACAGG,0
CATTAACCGAGTATGG,0
CATTAACCTAGTCATC,0
CATTAACTAATACTAT,0
CATTAAGACATCGATA,0
CATTAAGAGGCAATTT,0
CATTAAGATATACTGG,0
CATTAAGATATTTGCT,0
CATTAAGATCAATACC,0
CATTAAGCGATGATAT,0
CATTAAGCGGAGCTGA,0
CATTAAGGTTCCTTTC,0
CATTAAGTATGCGAAA,0
CATTAATAATCTTGCC,0
CATTAATACAGCTCTT,0
CATTAATCGACAATAA,0
CATTAATCTATACATT,0
CATTAATGACTAGAAA,0
CATTAATGCAACAGAT,0
CATTAATGGTATTCTT,0
CATTAATTAGAATAAT,0
CATTAATTCGAAAGAC,0
CATTAATTGCCCAAGT,0
CATTACAAAGAAGTTT,0
CATTACAACGAGAACC,0
CATTACACAAAATCAC,0
CATTACACTCCACCCA,0
CATTACAGAGCATTTA,0
CATTACAGATTAACAG,0
CATTACAGCCGACTAC,0
CATTACAGGAACATTT,0
CATTACATAGAGCCCA,0
CATTACCCATAATAGT,0
CATTACCCCTAATTGA,0
CATTACCGATTATACT,0
CATTACCTAAACACGT,0
CATTACCTCAAAGCCT,0
CATTACCTTCACGCAC,0
CATTACGAAAACATGA,0
CATTACGCAAACTGAT,0
CATTACGGCCCTAACA,0
CATTACGGTGAACCCG,0
CATTACGTAAGAAAAC,0
CATTACTAGATCGTAA,0
CATTACTAGCCCCAAC,0
CATTACTATCCTACAT,0
CATTACTCTATATAAA,0
CATTACTGCACCATAC,0
CATTACTGGACGAAAC,0
CATTACTTCCTTTAAA,0
CATTAGAAAGTTAGTA,0
CATTAGACAGGAAGAG,0
CATTAGACTTGAAATA,0
CATTAGAGAATGGTTA,0
CATTAGAGTCACACAG,0
CATTAGATGATCGTTA,0
CATTAGATTCCCACGT,0
CATTAGCAGACCTTTT,0
CATTAGCTAAGAACGA,0
CATTAGCTACCATTAT,0
CATTAGCTCACACCGA,0
CATTAGCTGCAAACTT,0
CATTAGTAATGACCAT,0
CATTAGTCCACCCTGC,0
CATTATAAAAACCTAA,0
CATTATAAAATATTTA,0
CATTATAAGGGCTCTA,0
CATTATATATTTCAGA,0
CATTATCAAAAGAGAA,0
CATTATCCAGACTATC,0
CATTATGAAAAGGTCC,0
CATTATGAATCATAAG,0
CATTATGACCAGTTTG,0
CATTATGACTCTTTCA,0
CATTATGATAAGAATA,0
CATTATTAGATGAAAA,0
CATTATTATAACTCCG,0
CATTATTATTTAACTG,0
CATTATTGAAGAGGGA,0
CATTATTTCTAGGTTA,0
CATTCAAAGGAGACCC,0
CATTCAAAGTGATAGG,0
CATTCAAATGCCTTAC,0
CATTCAACAGGAGCCA,0
CATTCAACCTAATAAG,0
CATTCAACGATTTACT,0
CATTCAACGGTACGCG,0
CATTCAATACCGCGTT,0
CATTCAATTATTACTA,0
CATTCAATTCGCTCTT,0
CATTCACAAACAGAGA,0
CATTCACAATACATGA,0
CATTCACATACCTATA,0
CATTCACCTGTATCAG,0
CATTCACGAAAAAGTT,0
CATTCACTCACTTACA,0
CATTCACTTGAGGCAA,0
CATTCAGGACTATGAC,0
CATTCAGTAGCCATGC,0
CATTCCAAAGCATAGT,0
CATTCCAACAAGTCCA,0
CATTCCAAGCTTGTTT,0
CATTCCACACTGACCC,0
CATTCCACTGAATACT,0
CATTCCATAACTGCAT,0
CATTCCCACGAGCTTT,0
CATTCCCGATCTCACT,0
CATTCCCTAAGCTCCA,0
CATTCCCTGCAGAATC,0
CATTCCGGATAAGCCT,0
CATTCCGTAGCCAAAA,0
CATTCGAAAGTCTAAC,0
CATTCGAAGTGCAAAT,0
CATTCGACTTCCAGCG,0
CATTCGAGGACGACTA,0
CATTCGCTCGAGCCTG,0
CATTCGTATTCAACAA,0
CATTCGTCATGCTCGA,0
CATTCGTCCGTGTTTG,0
CATTCGTCGAGTTCGG,0
CATTCGTTTTATTGCA,0
CATTCTAAATATCACT,0
CATTCTAAGAACCCTA,0
CATTCTACCGTGCCCT,0
CATTCTATGATTGACT,0
CATTCTCAGACTGATT,0
CATTCTCCATGACAGC,0
CATTCTCCGCACCCGA,0
CATTCTCGGATAACTT,0
CATTCTCTAAGAGAAG,0
CATTCTGTACACTCAT,0
CATTCTTAAAATATTA,0
CATTCTTTATAGTAAC,0
CATTGAAAAATGTTGG,0
CATTGAAAACCATAAA,0
CATTGAAAACTTGGTA,0
CATTGAAACCGCGTAT,0
CATTGAAGACGTGACC,0
CATTGAAGAGCTATCT,0
CATTGAATAGTAGGGG,0
CATTGAATCCAAAAGC,0
CATTGACAGTCTATCG,0
CATTGACATAACTGCG,0
CATTGACCCCGATGGG,0
CATTGACTTATTAGAC,0
CATTGAGAAGAACAGA,0
CATTGAGCACACACCT,0
CATTGAGGGACATCAA,0
CATTGAGGGTTGCCTA,0
CATTGAGTAAACGAAA,0
CATTGATCTAATCCTA,0
CATTGATGAGATCTTT,0
CATTGCATAAAGAGTA,0
CATTGCATGAAGGTCC,0
CATTGCCTTAAGGCGC,0
CATTGCCTTCAAACTA,0
CATTGCGACTTACCCA,0
CATTGCGATAATAGCA,0
CATTGCGATACCCCGG,0
CATTGCGTCACATATT,0
CATTGCTAGGAGGATA,0
CATTGCTCTGAAAAAA,0
CATTGGAAACAAATTC,0
CATTGGAAACCCTATC,0
CATTGGAAGACTAGTG,0
CATTGGCTAATAAACC,0
CATTGGTACAGAAATG,0
CATTGGTACGATAGAC,0
CATTGGTCAAAAGTGT,0
CATTGTAACAGGTCCA,0
CATTGTAAGCGGAAAA,0
CATTGTATAATGACAA,0
CATTGTATCTAATTTC,0
CATTGTCGTATCGCCC,0
CATTGTGTTAAGCCTG,0
CATTGTGTTTGACAGA,0
CATTGTTAAAAAGCTA,0
CATTGTTTCTTCTCCG,0
CATTTAAAATTTCAAA,0
CATTTAAAGTAGGCCA,0
CATTTAAGTGTAAAAC,0
CATTTAATATCGTTTG,0
CATTTACAGCCTTAAA,0
CATTTACCAATTGAGT,0
CATTTACGATATTTAA,0
CATTTACTTTAAACTC,0
CATTTAGAAGCTTTTA,0
CATTTATAACATGTCC,0
CATTTATATTTCGAAT,0
CATTTATGAAAGTCAT,0
CATTTATGAACATACG,0
CATTTATGACATACTT,0
CATTTCAAACTTTTCC,0
CATTTCAACAGACCAA,0
CATTTCAACGTGTCAT,0
CATTTCACGTACCTCG,0
CATTTCAGCAAACTTA,0
CATTTCATAGAATCGA,0
CATTTCATAGAGGCCA,0
CATTTCATCCCCACTC,0
CATTTCATGTTTTTTA,0
CATTTCCAAAAAACAC,0
CATTTCCAGTACGATC,0
CATTTCGAAGTATATA,0
CATTTCGCATTATCAA,0
CATTTCGGCACGGCAA,0
CATTTCGTATAAGTTA,0
CATTTCTCCGATATGT,0
CATTTGAACACAGTAC,0
CATTTGAACTAGAATG,0
CATTTGAATTAATGTA,0
CATTTGACCCCAGCAA,0
CATTTGACTCCATTAC,0
CATTTGATACACGTGT,0
CATTTGCATCATATGT,0
CATTTGCGTTTCTGAT,0
CATTTGGCCGATATTA,0
CATTTGGGAGCAACTC,0
CATTTGGTATCCGAGC,0
CATTTGTAAATTTGGT,0
CATTTGTCAGATGACA,0
CATTTTCGTTCGGAGT,0
CATTTTCTGTAAATCT,0
CATTTTGAACCCACAA,0
CATTTTGCGTAACATG,0
CATTTTTAACGGCTTA,0
CATTTTTATTCAGTGG,0
CATTTTTGTTAGTCGA,0
CATTTTTTAACTAGCA,0
CATTTTTTACCTGATC,0
CATTTTTTAGCCGCGC,0
CCAAAAAAAACAAATT,0
CCAAAAAAAACAACAC,0
CCAAAAAAAACGTTCC,0
CCAAAAAAATCTAACT,0
CCAAAAAACAGTTGTG,0
CCAAAAAACCGGGCAC,0
CCAAAAAATAGGATTA,0
CCAAAAAATCTCCAGC,0
CCAAAAACAGCCTACC,0
CCAAAAACCCTTCTGT,0
CCAAAAAGATGAATTA,0
CCAAAAAGTCAATGAT,0
CCAAAAAGTCGGACAG,0
CCAAAAATCCATCGAC,0
CCAAAAATTGTCAGAG,0
CCAAAAATTTTGTAGG,0
CCAAAACAGTAAAGCA,0
CCAAAACCAAACATCG,0
CCAAAACCATAAACGA,0
CCAAAACCCGGCCCCC,0
CCAAAACGAACAAGGG,0
CCAAAACTACTACGAA,0
CCAAAACTGTTCGCAG,0
CCAAAACTTCAACAAC,0
CCAAAACTTGAAGACC,0
CCAAAAGAACCACAAT,0
CCAAAAGACTTCCGGC,0
CCAAAAGGCCAGTTTG,0
CCAAAAGGTCTAAGAA,0
CCAAAAGTTGCACACG,0
CCAAAAGTTTCCTGCG,0
CCAAAATCCACTGCGT,0
CCAAAATCGGGTGACC,0
CCAAAATTAATGAGAA,0
CCAAAATTGGACACAG,0
CCAAAATTGGTTGCCC,0
CCAAAATTGTACAAAA,0
CCAAAATTTTAGAGGT,0
CCAAACAAAGGTCAAA,0
CCAAACAAATAAAACC,0
CCAAACAAATGCAAGG,0
CCAAACAACCGGATGA,0
CCAAACAATCGTTCGA,0
CCAAACAATCTTTATC,0
CCAAACAATGATTAAC,0
CCAAACAGATACAACA,0
CCAAACAGGTCCGTAA,0
CCAAACATAAATCCGC,0
CCAAACATAGGCATTC,0
CCAAACATGGCTTGTG,0
CCAAACCAGGGGCACG,0
CCAAACCAGGTGTCAT,0
CCAAACCAGTAATAAC,0
CCAAACCATTGTACAG,0
CCAAACCCATCACTGG,0
CCAAACCCCGCAAGAA,0
CCAAACCGATTAACCA,0
CCAAACCGCAAATAGA,0
CCAAACCTACTACGAA,0
CCAAACCTTAGCCAAG,0
CCAAACGAAAACCGAG,0
CCAAACGAAATTTAGG,0
CCAAACGAACACACTA,0
CCAAACGACCCGACTG,0
CCAAACGTAAATATTC,0
CCAAACTAAGAGAGTT,0
CCAAACTACATGGAAC,0
CCAAACTAGGAAAGAC,0
CCAAACTATGAGATTA,0
CCAAACTCAAGATGGA,0
CCAAACTCTAAATCGG,0
CCAAACTTAACAGTTA,0
CCAAACTTTCCGCTAA,0
CCAAACTTTTGTAGAT,0
CCAAAGAACCAAGCCA,0
CCAAAGAATTAATGCA,0
CCAAAGAATTCTACAG,0
CCAAAGACATAACGAG,0
CCAAAGAGGTACTTGC,0
CCAAAGATTGCGATAA,0
CCAAAGCAAGGATATC,0
CCAAAGCCAATTTTAA,0
CCAAAGCCACGCACTG,0
CCAAAGCCGACGCATA,0
CCAAAGCGGACCAAAT,0
CCAAAGCTACATTATA,0
CCAAAGCTCCGTAAAA,0
CCAAAGGAACAACGCA,0
CCAAAGGAACCAATAT,0
CCAAAGGAGATAAAGT,0
CCAAAGGAGCCTAAAT,0
CCAAAGGGGATCTGCG,0
CCAAAGTATTTATACA,0
CCAAAGTCAATAATTT,0
CCAAAGTCCTAAAAAT,0
CCAAAGTCTGACCTAA,0
CCAAAGTGTAAGCACT,0
CCAAATAAATGAAGCA,0
CCAAATAACACCCAAT,0
CCAAATAACGTATGTC,0
CCAAATAATGATACTA,0
CCAAATACTAATATGC,0
CCAAATAGAATACCGT,0
CCAAATAGCATCGGCC,0
CCAAATATAAGTACTT,0
CCAAATATCCCTAAAA,0
CCAAATATCTTACCAG,0
CCAAATATTTCTGGAT,0
CCAAATCAACTGATAA,0
CCAAATCAAGAGTAAA,0
CCAAATCATAAAACAG,0
CCAAATCATCGCACGT,0
CCAAATCCTGAGTTCT,0
CCAAATCGTCTATGGG,0
CCAAATGAAAAAGCGA,0
CCAAATGCTATATCAC,0
CCAAATGTTATCTCTA,0
CCAAATGTTGAAAAGA,0
CCAAATTAAAGTCAGA,0
CCAAATTAGCCCAAAC,0
CCAAATTCCACATACA,0
CCAAATTTACATTCTA,0
CCAACAAAATAACCTA,0
CCAACAAAATTCTGCT,0
CCAACAAACAGTGACT,0
CCAACAAAGCTATAGG,0
CCAACAACTAAAAATA,0
CCAACAACTACATTGG,0
CCAACAACTGATAACT,0
CCAACAAGTCTACACA,0
CCAACAATCACTGCCC,0
CCAACACACTTCCTAG,0
CCAACACGGACTGAAA,0
CCAACACTACCCTGCA,0
CCAACACTCAAATAAA,0
CCAACACTCCACAAAG,0
CCAACAGACATAATCC,0
CCAACAGACGTACTCG,0
CCAACAGATGTTAAAT,0
CCAACAGGACTCGTAA,0
CCAACAGGATTAAGCC,0
CCAACAGTACACGTCA,0
CCAACATAAGCTCCGA,0
CCAACATACTGTTTCA,0
CCAACATAGCGAAGTC,0
CCAACATATATTTAAT,0
CCAACATATTAATATA,0
CCAACATCAATGGCCT,0
CCAACATCTAGCACTA,0
CCAACATCTAGTTGTA,0
CCAACATCTGACCAAT,0
CCAACATGTCCGGAGT,0
CCAACATTAAGAAGAA,0
CCAACATTATAAATCA,0
CCAACATTCATAATAA,0
CCAACCAAAGAACCTA,0
CCAACCAAGCCAACTC,0
CCAACCACAAACACAA,0
CCAACCACTACAAACG,0
CCAACCATAAAGTATG,0
CCAACCCAACCATTTA,0
CCAACCCAACCCCACA,0
CCAACCCAGACCCATT,0
CCAACCCTTCAACATA,0
CCAACCGCCTAAAACC,0
CCAACCGGGTATCTAC,0
CCAACCGTAAAAACAC,0
CCAACCGTAAACCGCT,0
CCAACCGTAGAGCTTA,0
CCAACCTCCCAAACCC,0
CCAACCTGACAAATAG,0
CCAACGAACTAACCAT,0
CCAACGACTGAGGGAG,0
CCAACGATAACCGAGA,0
CCAACGATACCTATAG,0
CCAACGATATACTATC,0
CCAACGATCAGGTCCC,0
CCAACGCGATACCGCG,0
CCAACGGGTTCATTGC,0
CCAACGGTAAAAGATG,0
CCAACGTAATCCCTTA,0
CCAACGTATATCAAGA,0
CCAACGTATATGGGGC,0
CCAACGTCAGTAGCAG,0
CCAACGTCCACGTATC,0
CCAACGTTCCCTACCA,0
CCAACTAATCCCAATC,0
CCAACTACAAGAGGAA,0
CCAACTACCCGACAAT,0
CCAACTACCTACAACG,0
CCAACTACGAAACGGA,0
CCAACTACGCCAATCA,0
CCAACTACGTGGTAGA,0
CCAACTACTCTTGGTC,0
CCAACTAGCATCGCTC,0
CCAACTCGCAAGATTC,0
CCAACTCGTAGTTGGA,0
CCAACTGATCATACTA,0
CCAACTGATGTTACCT,0
CCAACTGGTTTTATAT,0
CCAACTGTAAAACACG,0
CCAACTGTCTTCTTAT,0
CCAACTTAGTGGTTGG,0
CCAACTTGTACAATCT,0
CCAACTTTAACCATCA,0
CCAACTTTTTGTACAC,0
CCAAGAAAAACTATAC,0
CCAAGAAAAAGGCCCG,0
CCAAGAAAACAATCCA,0
CCAAGAAACAAAGCCC,0
CCAAGAAACCGAAGAG,0
CCAAGAAACGCGCGTA,0
CCAAGAACAAGTAAAA,0
CCAAGAACCCGTAGTG,0
CCAAGAACGCACTAAA,0
CCAAGAACGGAAAAAC,0
CCAAGAACTAACTAAA,0
CCAAGAATATAAACGA,0
CCAAGAATTTTATCGA,0
CCAAGACAAATAAAAA,0
CCAAGACGGTAGCTCC,0
CCAAGACTGGATATAC,0
CCAAGAGAACGGTGCA,0
CCAAGAGGCGAAGGGC,0
CCAAGAGGTTGTTATT,0
CCAAGATAACCCCAGT,0
CCAAGATAGAGTAAAT,0
CCAAGATCCCACAACT,0
CCAAGATTAAGCGCCG,0
CCAAGATTTCAGCATC,0
CCAAGCAAATAAACAA,0
CCAAGCATCAACAGTG,0
CCAAGCATCTATAACA,0
CCAAGCCAACTAATGT,0
CCAAGCCAGGGTCTTA,0
CCAAGCCCCTTTAATC,0
CCAAGCCCTGAATACC,0
CCAAGCCGTTGCCGAA,0
CCAAGCCTATAGTTCA,0
CCAAGCGCTTCATACA,0
CCAAGCTAAAATGTCG,0
CCAAGCTAAATGCCCA,0
CCAAGCTAAGGTGTTG,0
CCAAGGAAAATCACGC,0
CCAAGGAATCACTATC,0
CCAAGGACCAATTAGG,0
CCAAGGCACAAATGTC,0
CCAAGGCGACTGAGTC,0
CCAAGGCGTCGTAAGC,0
CCAAGGGACATCTCTT,0
CCAAGGGAGAAGATTT,0
CCAAGGGCCCCAAGAC,0
CCAAGGGCTAAGTACG,0
CCAAGGGTTCCGATGT,0
CCAAGGTTATAGGCTC,0
CCAAGTAAACTCACAA,0
CCAAGTAGAAGTGTGA,0
CCAAGTCGTACAATAT,0
CCAAGTCTCAAAAATA,0
CCAAGTTCCGCTCGGC,0
CCAAGTTCGCGCGCGC,0
CCAAGTTGTTTCGCGC,0
CCAAGTTTGATAAGAC,0
CCAATAAAACAAAACA,0
CCAATAAACGGTTAAA,0
CCAATAAATACAAGCA,0
CCAATAACCTACACAT,0
CCAATAAGATTCGATA,0
CCAATAAGCGCGTTAC,0
CCAATAATATCATAAA,0
CCAATAATCGACTATA,0
CCAATAATCTGAGGGA,0
CCAATACAATCAGGAC,0
CCAATACCAATTGCTG,0
CCAATACCGCATACAG,0
CCAATACCTACTTGGT,0
CCAATAGACCTTAGAG,0
CCAATAGCAGACCAAG,0
CCAATAGGTCCCCACC,0
CCAATATCAACCATAA,0
CCAATATTCGGAAGAA,0
CCAATATTTGTCATGT,0
CCAATCAAAAATAGAA,0
CCAATCAACAATCTAA,0
CCAATCAAGACTAATC,0
CCAATCATACAATCAC,0
CCAATCATCACCCGGA,0
CCAATCATTTTTACTT,0
CCAATCCAAAATGCAA,0
CCAATCGAGATAAGGT,0
CCAATCGAGCACTACT,0
CCAATCGGTCGCGGAA,0
CCAATCGTAACAAAAA,0
CCAATCGTTCGCACCA,0
CCAATCTGTATCTTTT,0
CCAATGAACATGGGAA,0
CCAATGAAGTAATCCT,0
CCAATGACAACCTGAA,0
CCAATGACGAATTAAC,0
CCAATGACTCGCATCG,0
CCAATGAGAAACTAAG,0
CCAATGAGCAATCCCG,0
CCAATGATTAAAGACC,0
CCAATGCACAAATCAT,0
CCAATGCACCGCCTCC,0
CCAATGCTTGTTAAAA,0
CCAATGGAATGTTTGA,0
CCAATGGAGTTCCGCA,0
CCAATGGGTAGGATTA,0
CCAATGTAGAACATAT,0
CCAATGTTTTACCCGG,0
CCAATTAACTGATGAT,0
CCAATTAATAATAACA,0
CCAATTAATAGAAGCC,0
CCAATTATGATCTATT,0
CCAATTATGGTCGATT,0
CCAATTCGACGGAATA,0
CCAATTCTAGCCAGCA,0
CCAATTCTGGTAGACC,0
CCAATTGAAGCAGTGT,0
CCAATTGCACCCCGCC,0
CCAATTGGCGATATTG,0
CCAATTTAAATTATCC,0
CCAATTTGAAGTCACT,0
CCAATTTGACCTGGAT,0
CCACAAAAAACTGGAA,0
CCACAAAAAATAGCTA,0
CCACAAAAATAGTATA,0
CCACAAAATATTACGA,0
CCACAAAATCTAGTTC,0
CCACAAACGGAACCGA,0
CCACAAACTCCAACTA,0
CCACAAAGAAGTATTG,0
CCACAAATATACAACG,0
CCACAAATTACTACAA,0
CCACAAATTCACCCGA,0
CCACAACAAATGATGA,0
CCACAACCACGGAAGA,0
CCACAACCGCATGGAT,0
CCACAACCTATGTGGG,0
CCACAACGAACTAAAT,0
CCACAACGTATACAAC,0
CCACAACTTTATACCG,0
CCACAAGAGTGGCATA,0
CCACAAGATACCATAG,0
CCACAAGCAAAATCCT,0
CCACAAGCCACAATAA,0
CCACAAGTGGACGGGC,0
CCACAATAGAGCTACA,0
CCACAATCAAAGAAAA,0
CCACAATCAACATAGC,0
CCACAATCACCAGTAA,0
CCACAATCAGATTCCG,0
CCACAATCTTAGACAA,0
CCACACAAGTCATGTA,0
CCACACACAACCCGCC,0
CCACACACCACAACCG,0
CCACACAGGTGTAATT,0
CCACACAGTTCCAATC,0
CCACACCACGTAAGTC,0
CCACACCGACACAAAC,0
CCACACCTAGAATTAC,0
CCACACGAAAATATAA,0
CCACACGAAGGAAGAA,0
CCACACGATAGGGTCT,0
CCACACGTAAGAAAGA,0
CCACACTAAATTCTAT,0
CCACACTAATCACGTG,0
CCACACTGTGGCCCAT,0
CCACACTTCGAGGCGA,0
CCACAGAATCTTGATC,0
CCACAGCCACGGAAAG,0
CCACAGCCCTTTAGTA,0
CCACAGGAACCCCAGA,0
CCACAGGACAGACAGG,0
CCACAGGGTGAGACTG,0
CCACAGGTAAAATCAT,0
CCACAGTAAAGAGCTT,0
CCACAGTCATACCAGA,0
CCACAGTTAACGCCGG,0
CCACAGTTTAAGCAGC,0
CCACATAAAAAAAAAA,0
CCACATACATGTTTAA,0
CCACATAGCCGATCCC,0
CCACATAGGCTACTCA,0
CCACATCAATGACCAA,0
CCACATCACAATTCTC,0
CCACATCACATTTAGA,0
CCACATCATATACTTT,0
CCACATCTATGATCAA,0
CCACATGATTAGGTCA,0
CCACATGGGTTATCTC,0
CCACATGTCACAGCCT,0
CCACATTAAAAGCTTT,0
CCACATTAAAATTAGC,0
CCACATTCGAGTTCTC,0
CCACATTCGCAAACCG,0
CCACATTGAGGGTCAT,0
CCACATTGATAGCAAC,0
CCACCAAAACGGAATG,0
CCACCAAAATAAATAC,0
CCACCAAATTGATTTA,0
CCACCAAGCATACTAG,0
CCACCACTATCAGAAC,0
CCACCACTGTATGATA,0
CCACCAGAAATTTAAC,0
CCACCAGGTGATCAAA,0
CCACCAGGTGTAAGAT,0
CCACCAGTACGACATA,0
CCACCATTCGGCACGC,0
CCACCCAACCCCAAAT,0
CCACCCCAATTCACCA,0
CCACCCCACTATTAAT,0
CCACCCCCTGTGAACG,0
CCACCCCGTCCCGCGA,0
CCACCCCTCCCAATGT,0
CCACCCGAAATAGATA,0
CCACCCGAGGCATGAA,0
CCACCCGGCGGCTTGT,0
CCACCCTACCGTGCGC,0
CCACCCTCATTGAAAC,0
CCACCCTCTCAAGGCA,0
CCACCCTGACTTCCAG,0
CCACCCTTGTGAGGAT,0
CCACCCTTTTTACCAG,0
CCACCGACCTATATAC,0
CCACCGATTCTGAATA,0
CCACCGCACGGATTTA,0
CCACCGGAGATCTCTA,0
CCACCGTCTTCAACCA,0
CCACCGTTCCCACGTG,0
CCACCTAACATTCTAA,0
CCACCTAAGAAGAGGC,0
CCACCTACAGGACGCC,0
CCACCTAGATACTTAT,0
CCACCTATAAAAACAT,0
CCACCTCCACAAAGCC,0
CCACCTCGTATACCTA,0
CCACCTGCCTCATTTC,0
CCACCTGCTCCGCCTG,0
CCACCTGGATAAGGAG,0
CCACCTTGTAGGACCA,0
CCACGAACACCCGAAT,0
CCACGAACATTGGTTG,0
CCACGACCCAGTAAAC,0
CCACGACTGATGCTTA,0
CCACGATGCTAACACC,0
CCACGATGTCCAAAGT,0
CCACGCAATAAAACGA,0
CCACGCCAAGAGAGCG,0
CCACGCCCGTTCCAAG,0
CCACGCGTAAAGCACT,0
CCACGCTACAAACATA,0
CCACGCTTTCCAAGAC,0
CCACGGAGTTAAACCA,0
CCACGGCGTGACTTAA,0
CCACGGGCAAAGAACT,0
CCACGGGCGAAGGCAA,0
CCACGGGGGCAGCAAG,0
CCACGTAATAAAGCGA,0
CCACGTAATTGACAAA,0
CCACGTAATTTTCCAA,0
CCACGTAGTCGCCGCA,0
CCACGTATGACCGATC,0
CCACGTATGATTAATA,0
CCACGTGCCCAAACGT,0
CCACGTTAAAACAGAC,0
CCACGTTGTACTAAAG,0
CCACGTTTTTTTTTTG,0
CCACTAAAGTATCTAT,0
CCACTAAATCATTGAC,0
CCACTAACTAGAATGG,0
CCACTAACTGAAAAAC,0
CCACTAACTTAATTGG,0
CCACTAAGATTTGCGT,0
CCACTAAGCAAACAGG,0
CCACTAATAATGTTTT,0
CCACTACACCCCAATA,0
CCACTACTCAAAAGCC,0
CCACTATAGAATAGAC,0
CCACTATCTAGAATTT,0
CCACTATCTCCAGTGA,0
CCACTATTGACGATTA,0
CCACTCAAATCGAAAT,0
CCACTCAACCTGGAAG,0
CCACTCAATAAAAAAC,0
CCACTCACATATGAGG,0
CCACTCACATCCAAAT,0
CCACTCACATTAGACA,0
CCACTCATTAATGTAA,0
CCACTCCCCATTCTAT,0
CCACTCCGTGCACAGC,0
CCACTGCTTGGGGTTT,0
CCACTGGCTACCTAGT,0
CCACTGGGACCAAAAC,0
CCACTGGTAAATTTCA,0
CCACTTAACAGGAGAT,0
CCACTTAAGACCGCAA,0
CCACTTAGTATCCTAC,0
CCACTTATAGCGAACA,0
CCACTTGAAAGACACC,0
CCACTTGCAGCATTTT,0
CCACTTGCGATAAGTC,0
CCACTTGCGTGGCGGA,0
CCACTTTGAAAATCTA,0
CCACTTTTAACTTAAA,0
CCACTTTTACTGCATG,0
CCACTTTTGTGTCTCA,0
CCAGAAAAATAGTCGC,0
CCAGAAAAATCCAACT,0
CCAGAAAATTATATTT,0
CCAGAAAGGTATAAAA,0
CCAGAAATACAGTTCG,0
CCAGAACATCCATGAT,0
CCAGAACGACCTTGCT,0
CCAGAACGAGCGACCT,0
CCAGAACGTCAGTGAC,0
CCAGAACTGACCAAAC,0
CCAGAACTTATTACTT,0
CCAGAAGAACTAAATC,0
CCAGAAGCATACTTGG,0
CCAGAAGGACTCAGAG,0
CCAGAATACGACCTCT,0
CCAGAATCTAGGATCT,0
CCAGAATTTAGCGCAC,0
CCAGACAAAAAAGAGA,0
CCAGACAAATACATAT,0
CCAGACAATATATGTA,0
CCAGACACATAATCAG,0
CCAGACACATATAAAG,0
CCAGACACGTGCGAGT,0
CCAGACAGCCAACTAA,0
CCAGACAGCCCGTACG,0
CCAGACAGCGGGCGGC,0
CCAGACATAGGCGCAA,0
CCAGACCAGGCCTATG,0
CCAGACCTTGAGCATC,0
CCAGACGACTACGCAG,0
CCAGACGGGTAAGCCA,0
CCAGACTAATACAAAA,0
CCAGACTTAAAACCGC,0
CCAGACTTGTACATGG,0
CCAGAGAATCTTAAGT,0
CCAGAGACCAGTTTGT,0
CCAGAGAGATATACTG,0
CCAGAGATTGTTTTAA,0
CCAGAGCACAGCCAAA,0
CCAGAGGATCTACATT,0
CCAGAGTACCAAATAA,0
CCAGATAAAACATCTT,0
CCAGATAAATCCCTAA,0
CCAGATACGCAGTCCA,0
CCAGATCACAGCTACA,0
CCAGATCGAATGGATG,0
CCAGATCGTGTCACAA,0
CCAGATGACTCTGACC,0
CCAGATGATAGTTTGA,0
CCAGATTATGACACAG,0
CCAGATTTTGTCCTCC,0
CCAGCAAAAATAACGA,0
CCAGCAAGAATTATAT,0
CCAGCAAGCACAAAGT,0
CCAGCAAGCAGATAGA,0
CCAGCAAGTGGATGCC,0
CCAGCAATACTAATTG,0
CCAGCAATCCCTAAGA,0
CCAGCACTTCTCCGAG,0
CCAGCAGTGACTTTGT,0
CCAGCAGTGTCGTTAT,0
CCAGCATTCCCATTGA,0
CCAGCCACCCCAACAT,0
CCAGCCACCCGTAAGG,0
CCAGCCATAAAACGGA,0
CCAGCCCAAACACCTT,0
CCAGCCCTAGGAATTG,0
CCAGCCGTATAAAATC,0
CCAGCCTACTTAACGG,0
CCAGCGAATCTGAAAT,0
CCAGCGACTCAACTCT,0
CCAGCGCGGTGACTGT,0
CCAGCGGTCACGATCG,0
CCAGCTACCCAAAGAG,0
CCAGCTCAGTCAATTA,0
CCAGCTGCATCCAGAA,0
CCAGCTGGAAGAACAA,0
CCAGGAAAACTTGCCC,0
CCAGGAAACTAAGAGT,0
CCAGGAAATGCCGATC,0
CCAGGACAAATACGAC,0
CCAGGACAGCAGGATA,0
CCAGGACGCCTAAAAA,0
CCAGGAGCGACATGCC,0
CCAGGATAGTCCCAAC,0
CCAGGATCATCGGACA,0
CCAGGATGAAAGATGG,0
CCAGGCAAAACTAATA,0
CCAGGCAAATGATAAA,0
CCAGGCAAGTAGAGCT,0
CCAGGCACTTAAACCA,0
CCAGGCATACGCAATA,0
CCAGGCATAGGAAGAG,0
CCAGGCCAATAACCAA,0
CCAGGCCAGATGGAAA,0
CCAGGCCCACACAGAA,0
CCAGGCCTAATGTAAC,0
CCAGGCCTGGTGAGAC,0
CCAGGCGCTAACATAA,0
CCAGGCTAGCCTGATA,0
CCAGGGACAAACAGGA,0
CCAGGGAGAATCGTGC,0
CCAGGGAGAGCCATTT,0
CCAGGGATCTCATTAA,0
CCAGGGGGAAGTGGGT,0
CCAGGGGTAGAGTACG,0
CCAGGGTCACACCATA,0
CCAGGTAGTTCACATA,0
CCAGGTCATCTAACAA,0
CCAGGTCCATAATAAG,0
CCAGGTCGAAGTTTAG,0
CCAGGTCTCCAAGTTA,0
CCAGGTGGTAATCTAA,0
CCAGGTTCCTGATCAG,0
CCAGGTTCTGGAAAAG,0
CCAGGTTGAACTCCAG,0
CCAGGTTTTGCCGCAA,0
CCAGTAACAGCCCCTA,0
CCAGTAAGACCTATTA,0
CCAGTACAAGACATAG,0
CCAGTACATAAGTACT,0
CCAGTACATCAGGACG,0
CCAGTACGTAGACAAC,0
CCAGTACTTCGAAGAG,0
CCAGTATAATCTAACA,0
CCAGTATTATAATAAC,0
CCAGTCAATAAATTGA,0
CCAGTCAATGACAGAG,0
CCAGTCCAAACCGCTA,0
CCAGTCCGGTGTTTAT,0
CCAGTCGACGGAAGGT,0
CCAGTCGCATCTTTGA,0
CCAGTCTATATCCGGT,0
CCAGTGACAATTCTAG,0
CCAGTGACAGACAAAG,0
CCAGTGATCCCCGATA,0
CCAGTGATCGCCTGGA,0
CCAGTGGACTATCATA,0
CCAGTGTCAGCCACTT,0
CCAGTGTCCACGGACC,0
CCAGTGTGGTGAACAC,0
CCAGTTAAGCTATGAT,0
CCAGTTAATAGAAAAA,0
CCAGTTAGAAAACCGT,0
CCAGTTAGTCACCAGA,0
CCAGTTAGTTGCTGGT,0
CCAGTTATAAAGAATG,0
CCAGTTATATTTAGAC,0
CCAGTTCACAAATAAC,0
CCAGTTCCGAGTTTAA,0
CCAGTTGAGTTTAGGT,0
CCAGTTGCCCGCTCAC,0
CCAGTTGGTGTAATCT,0
CCAGTTTCCAAGTGTA,0
CCAGTTTTAAGAAGAA,0
CCATAAAAAATAAACA,0
CCATAAAAACATCAAA,0
CCATAAAACAACAGTA,0
CCATAAAAGCAGTACG,0
CCATAAAATCAAACCA,0
CCATAAACACGATAGC,0
CCATAAACTCAACACT,0
CCATAAAGAGCAATCA,0
CCATAAAGGAGCCGCA,0
CCATAAAGTCCCCTCC,0
CCATAAATTCGCAACG,0
CCATAACAAAAATCGC,0
CCATAACATAAAGATT,0
CCATAACATCACTTAT,0
CCATAACCACCTTGCA,0
CCATAAGAAGATAATT,0
CCATAAGACATCTACT,0
CCATAAGATTCGAATA,0
CCATAAGTATCCCACT,0
CCATAAGTTAAAATCA,0
CCATAAGTTGGACTCG,0
CCATAATACTTTTATT,0
CCATAATCCGATCACT,0
CCATAATCTGGCAATA,0
CCATAATTACTCTGCA,0
CCATACAAAAAAGAGA,0
CCATACAATATGCAGG,0
CCATACACACCGACAT,0
CCATACACAGAAACAA,0
CCATACACATAAGTTG,0
CCATACAGTTGTAAAT,0
CCATACATGCTAAAAC,0
CCATACCCAACTACCG,0
CCATACCCACTGTGGC,0
CCATACCCCAGGACGA,0
CCATACCCTATGGACA,0
CCATACCGTTCGCTAC,0
CCATACCTGCAAAGAC,0
CCATACCTGGAAACGA,0
CCATACCTTATACAGG,0
CCATACCTTTTACACC,0
CCATACGCCGAAACGG,0
CCATACGGATAGTGCA,0
CCATACGGGGAAAATA,0
CCATACGGTATTGGCA,0
CCATACTATTGTACTC,0
CCATACTTAGATACGC,0
CCATACTTTACAATGT,0
CCATAGAGGATACTAA,0
CCATAGATAGAGTAAG,0
CCATAGCACTGTGCGA,0
CCATAGCATACAGAGG,0
CCATAGCCAACAAATA,0
CCATAGCCGGCGTTCA,0
CCATAGCGGAAGCCTG,0
CCATAGGGACGATCCC,0
CCATAGGGCTTATTGT,0
CCATAGTATACCAGAC,0
CCATAGTATTAGGGGA,0
CCATAGTGCCTTAGAA,0
CCATATAAAAAAAACA,0
CCATATAACCACAACA,0
CCATATAACTAAATAG,0
CCATATAACTTCCATG,0
CCATATAATGCAACTC,0
CCATATACAAAATGGT,0
CCATATACACAGGCAT,0
CCATATACCAACAGAA,0
CCATATACGAAGGACT,0
CCATATACTCAGAAGT,0
CCATATAGAAGATACA,0
CCATATAGACAACCGC,0
CCATATAGATCCTAGT,0
CCATATAGCCAAAATG,0
CCATATATCAAACCCA,0
CCATATATGAAAATAA,0
CCATATATGCGATATC,0
CCATATATTGCAATGA,0
CCATATCAAAATACAA,0
CCATATCAACAAAAAA,0
CCATATCAACGGAACA,0
CCATATCGAGTTGCTC,0
CCATATCGCAAACAAA,0
CCATATGAATGTCCAA,0
CCATATGCCAACAAAG,0
CCATATGCCGTGCAAA,0
CCATATGTGGGTCCGT,0
CCATATTCCTAACTAA,0
CCATATTGTACGCGAC,0
CCATATTGTATCAATC,0
CCATCAAAACCAACAG,0
CCATCAAAAGAGTCAT,0
CCATCAAAGTATTATG,0
CCATCAACCACTAGTA,0
CCATCAACCGTTTTAA,0
CCATCAACGTAGCGTG,0
CCATCAAGACCATAAC,0
CCATCAAGTTTTTTCG,0
CCATCAATAAACAAAA,0
CCATCAATACTGAAAT,0
CCATCACGAGCCTATC,0
CCATCACGATTGAACA,0
CCATCAGAAGAGAAAG,0
CCATCAGAGACTAGAC,0
CCATCAGCCTTCTATC,0
CCATCAGTATAACGCT,0
CCATCAGTCTATTAAA,0
CCATCATAACAAAACC,0
CCATCATAATAATATA,0
CCATCATAGTTATGCC,0
CCATCATCAAATGTAT,0
CCATCATGAGTCAACA,0
CCATCATTAGGATCGC,0
CCATCCAAAACAAATT,0
CCATCCAATAAATCTA,0
CCATCCCATTCTTTCG,0
CCATCCCCCACGTTTT,0
CCATCCCGAACCAAGC,0
CCATCCCGTCACGTTA,0
CCATCCGAAGAACTTA,0
CCATCCGGCGGTCTGC,0
CCATCCGGGGTCACAC,0
CCATCCTCTAAACACT,0
CCATCCTGGTAATAAA,0
CCATCCTTAGAACTTC,0
CCATCGAAGGAAGAGA,0
CCATCGAATCTATATC,0
CCATCGACCAGTTTAC,0
CCATCGCACCGCCCAG,0
CCATCGGGATAACGAA,0
CCATCGTCTCAAACCA,0
CCATCTAAAATTAGTT,0
CCATCTAAACACCATG,0
CCATCTACATTAGGCA,0
CCATCTACCATCCAAT,0
CCATCTATTACATTAA,0
CCATCTCTTAACGGAC,0
CCATCTGACATTGACA,0
CCATCTGAGGGAGCAA,0
CCATCTGCACTCCCTG,0
CCATCTTAAAAGAACT,0
CCATCTTAAAGAATAG,0
CCATCTTATGAGAACG,0
CCATCTTATGCAGAAC,0
CCATCTTCAGTACTAA,0
CCATGAAATCCGCTTC,0
CCATGAAATCTCACAC,0
CCATGAACATGTACTG,0
CCATGAACCCACGCGC,0
CCATGACTACCTGAGA,0
CCATGAGACAATGGGT,0
CCATGAGCTTGGTAAC,0
CCATGAGTAGTTCATT,0
CCATGAGTGAAAACCC,0
CCATGATAAAATCCAT,0
CCATGATCAAATGGGT,0
CCATGATCAGGTAACT,0
CCATGATGTTGCTATG,0
CCATGATTGATACGAT,0
CCATGATTGTTGCAGA,0
CCATGCAACACTAATC,0
CCATGCAGTTAATTGT,0
CCATGCCATAGACGCG,0
CCATGCCGACAGGAAG,0
CCATGCCGGATAGGAT,0
CCATGCGAAGTGGCCA,0
CCATGCGCACTGGCCT,0
CCATGCTACAAAAAAA,0
CCATGCTCAGGAGACT,0
CCATGCTGAAGTTATC,0
CCATGCTTAAGATGAT,0
CCATGGACATAACCAG,0
CCATGGACGCGATAAA,0
CCATGGTACCAGGCGT,0
CCATGGTGCACACATG,0
CCATGGTGCGTTAGCA,0
CCATGTATCATACATG,0
CCATGTGTTGCAATAC,0
CCATGTTAACAAGGAA,0
CCATGTTATTAGAACG,0
CCATGTTGTTAATTCT,0
CCATGTTTTCACTTGG,0
CCATTAAAATAATCAC,0
CCATTAAGCTTCCCCT,0
CCATTACACAGCTCGG,0
CCATTACCCCACCAAT,0
CCATTACGTAACTAGT,0
CCATTACTATTTCATA,0
CCATTACTCGAATCAC,0
CCATTACTGGGGACAT,0
CCATTACTGTCCGGCT,0
CCATTAGAAGAAGTGA,0
CCATTAGCGTATTATG,0
CCATTAGCTATAAGAC,0
CCATTAGTAGAAAAAA,0
CCATTATAAAATAAAA,0
CCATTATGACACAATA,0
CCATTATGATGCACAA,0
CCATTATGTCGTACAC,0
CCATTATTTAATAAAC,0
CCATTCACGAACAATT,0
CCATTCATACAACTTC,0
CCATTCATCCGCAATA,0
CCATTCCACAAGTAAG,0
CCATTCTAAACGAGCA,0
CCATTCTATATAACAT,0
CCATTCTATTGAGTGT,0
CCATTCTGCAAAACCA,0
CCATTCTGGCATATAA,0
CCATTCTGGGGTAATA,0
CCATTCTTCTCTATAC,0
CCATTGAAGCTCGGAC,0
CCATTGCAAGGAAACC,0
CCATTGGAACCTATGC,0
CCATTGGGCACGGCAT,0
CCATTGGTTAAAGATG,0
CCATTGTCCGTAGATA,0
CCATTGTCTAGCACCG,0
CCATTGTTATGACAAT,0
CCATTGTTCAAGTTAG,0
CCATTGTTTCCTACTA,0
CCATTTAAAAACTGTT,0
CCATTTAAAATATGGG,0
CCATTTAAATTCTGAA,0
CCATTTAAGCGGATTC,0
CCATTTAATAAGGAAA,0
CCATTTAATTCAAATT,0
CCATTTACAAATACAT,0
CCATTTACATATGTGC,0
CCATTTACTCGACACC,0
CCATTTACTGCAGCAC,0
CCATTTATGGACCTTA,0
CCATTTATTTATTTCC,0
CCATTTCATACCGTAA,0
CCATTTCGTGTTAATT,0
CCATTTGATAAGCTAA,0
CCATTTGGGGAGGCTT,0
CCATTTGTTAAAAGAG,0
CCATTTTATGTTAATG,0
CCATTTTCATCTACAA,0
CCATTTTGACTGTTGA,0
CCATTTTGTCAATTAC,0
CCATTTTTATGTCGCA,0
CCCAAAAAAGAGTACA,0
CCCAAAAACACAGGAC,0
CCCAAAAACGATCTTT,0
CCCAAAAAGATCTCCG,0
CCCAAAACAAAGTATC,0
CCCAAAACAAATAGTA,0
CCCAAAACACAATACC,0
CCCAAAACATGTCAGA,0
CCCAAAACCAAGGCGG,0
CCCAAAACCCAAAAGT,0
CCCAAAACGGTACTAG,0
CCCAAAATCAATGGCG,0
CCCAAAATTGCAGTTC,0
CCCAAACCAATATCAT,0
CCCAAACCCACTACAA,0
CCCAAACGAGCCTAAA,0
CCCAAACTTGTTGGTC,0
CCCAAAGAAGAGCGTG,0
CCCAAAGATCGGACAC,0
CCCAAAGCGCACCGCT,0
CCCAAAGGCTTACGGC,0
CCCAAAGGTCAACGGC,0
CCCAAATAACCAAGAT,0
CCCAAATAAGAATGAT,0
CCCAAATATGACGGTA,0
CCCAAATCATAGCCAA,0
CCCAAATCCAGCGGGG,0
CCCAAATGAGAGTTGG,0
CCCAAATGATATCGGA,0
CCCAAATTAACACTTT,0
CCCAAATTCTTCGCAG,0
CCCAACACAAGCCAAG,0
CCCAACACGGAAACGG,0
CCCAACATAATAGTTG,0
CCCAACATGATAGCGT,0
CCCAACCTAATGAATA,0
CCCAACCTTCTTCTAC,0
CCCAACGACTTCGTCA,0
CCCAACTACCCAGTTC,0
CCCAACTCCATTTCGT,0
CCCAACTCCGATGACG,0
CCCAACTTCGAAACAT,0
CCCAAGAACCAAATCC,0
CCCAAGACAGTCCGAC,0
CCCAAGATACAAACAA,0
CCCAAGATGGGCAGGT,0
CCCAAGCAAGGATTCA,0
CCCAAGCCAGTGCCCA,0
CCCAAGCCTACGCCCA,0
CCCAAGCGAAGCCTCA,0
CCCAAGGAGATTGCGC,0
CCCAAGGGAACAAGAT,0
CCCAAGTAAAACAGTT,0
CCCAAGTAAGACAAAT,0
CCCAAGTACCTACACC,0
CCCAAGTTATTACGAG,0
CCCAATAAACACGAGG,0
CCCAATAATCCCTATA,0
CCCAATAATTCGCCTT,0
CCCAATACATCACGGT,0
CCCAATAGCAGCGATT,0
CCCAATATCCGGATCT,0
CCCAATGTCTGATAAA,0
CCCAATTATGGTATCA,0
CCCACAAGAATTCGAT,0
CCCACAAGCTGACTTA,0
CCCACAAGTATGGTTG,0
CCCACAATGAACTCAG,0
CCCACACAGTATGCCC,0
CCCACACGACAAAAGA,0
CCCACAGAAACACTTG,0
CCCACAGAGACTCCAA,0
CCCACATAGCAATAAA,0
CCCACATATTAAAATG,0
CCCACATCGAAAGAAT,0
CCCACATTGGATACAG,0
CCCACCACTAGAAATT,0
CCCACCACTTAAAGTC,0
CCCACCCCTACCTCCA,0
CCCACCGTACAACGAT,0
CCCACCGTTAACACCC,0
CCCACCGTTGCAATAA,0
CCCACCTAGAAAATAT,0
CCCACCTCCGTAGGCT,0
CCCACCTCGCGATAGA,0
CCCACCTCTCGATCGT,0
CCCACCTGCGGTTACA,0
CCCACCTGTGAGGCTT,0
CCCACGAAACTTTGTT,0
CCCACGAGCTTGATTT,0
CCCACGATAAAACTAA,0
CCCACGCACATTAAGA,0
CCCACGCCAAATACCC,0
CCCACGCCCTTAAGAA,0
CCCACTACATTTATAG,0
CCCACTAGGTCCGTCC,0
CCCACTAGTGCCCGAC,0
CCCACTCAACCACCAT,0
CCCACTCAACGCCGCA,0
CCCACTCAAGGATAAG,0
CCCACTCATTAAACAG,0
CCCACTCGAGTCCACG,0
CCCACTCTCAATAATA,0
CCCACTGATAACAGAG,0
CCCACTGCTACAAACT,0
CCCACTGGCAATTATT,0
CCCACTTGAGAGTCCC,0
CCCACTTGCTGCCGGG,0
CCCAGAACACCTTATT,0
CCCAGAACCTTAGCAA,0
CCCAGAATGTAGACAC,0
CCCAGACCAAGGCAGC,0
CCCAGACGCGAAAGAA,0
CCCAGAGACAAGAAGC,0
CCCAGAGCCGTCAATT,0
CCCAGAGCTTCCCCAT,0
CCCAGAGTGGTGGTCA,0
CCCAGATAAAAATCCA,0
CCCAGATAAAATATAT,0
CCCAGATAATCGCCAA,0
CCCAGATACAAAAACC,0
CCCAGATAGTCATAGA,0
CCCAGATGAGTACTTT,0
CCCAGATGTTTATGAC,0
CCCAGATTAAAGTGTT,0
CCCAGCACAGGAGGGC,0
CCCAGCATACGGACTA,0
CCCAGCATATGCATTC,0
CCCAGCCAGTAACGAA,0
CCCAGCCCTATAGCGC,0
CCCAGCGCCAATCGTC,0
CCCAGCGGGCACAACA,0
CCCAGCTGAATAATAG,0
CCCAGCTGCAAACATG,0
CCCAGGAACCACTTGA,0
CCCAGGAGCTCTCGCG,0
CCCAGGATGGAAGCTG,0
CCCAGGGTACTTTTAA,0
CCCAGGTGGAATCTTC,0
CCCAGGTTAATTGGAC,0
CCCAGTACTTTGCCAA,0
CCCAGTAGTCAAAAGC,0
CCCAGTGTAACAACAT,0
CCCAGTTTAATCTTAC,0
CCCATAAAAAGAGGCA,0
CCCATAAAAGGTCCTC,0
CCCATAAGAAATCAAA,0
CCCATAATTTTTTTCT,0
CCCATACGAGTAAAGA,0
CCCATAGGAAAGTCCT,0
CCCATAGGTTGAACTG,0
CCCATATAAAACGATG,0
CCCATATAGCATCCAG,0
CCCATATAGGTAACCG,0
CCCATATCACTCACTA,0
CCCATATCTATGACGT,0
CCCATCAAGAACCTTT,0
CCCATCACAGCGAATA,0
CCCATCACTAGAAGGT,0
CCCATCACTATACCTA,0
CCCATCAGCAGGAGCA,0
CCCATCATAATAGCTT,0
CCCATCATTCATAAAA,0
CCCATCCCGGCAGTTA,0
CCCATCGATCCTGTTT,0
CCCATCGCGTTTAAAA,0
CCCATCTAAATTCAGC,0
CCCATCTCCTAATGAC,0
CCCATGAAGTAATACA,0
CCCATGACGCGTTATA,0
CCCATGACTGGTATAT,0
CCCATGAGTGCCGAGG,0
CCCATGATACTGGGGA,0
CCCATGATATTTACAC,0
CCCATGATTTTCTTGT,0
CCCATGCCGTTGTCCG,0
CCCATGCGGCAAACTT,0
CCCATGGATACTTGTA,0
CCCATGTAACGCTTAT,0
CCCATGTAAGCTCATG,0
CCCATGTTAGATATTG,0
CCCATTAAAAAATGCG,0
CCCATTAAGTGACAAA,0
CCCATTACATAAAACG,0
CCCATTACATACGTAA,0
CCCATTACTAAGGCAT,0
CCCATTACTACCTTGA,0
CCCATTAGCCCAAGAT,0
CCCATTATATCCTGAC,0
CCCATTCTCGATTAAA,0
CCCATTGAACGGATGA,0
CCCATTGAATAAGCAA,0
CCCATTGACGATGCAC,0
CCCATTGGATATATTA,0
CCCATTTAAACACCCA,0
CCCATTTACCAACAGT,0
CCCATTTCTTTGCGCC,0
CCCCAAAAGGAAAATA,0
CCCCAAACACGTCGTC,0
CCCCAAACGTTGTTTC,0
CCCCAAACTTTGCTAC,0
CCCCAAAGATGCATTT,0
CCCCAAATGGCTAACA,0
CCCCAAATGGGGAGAT,0
CCCCAAATTGAACGTT,0
CCCCAACATTACTAAA,0
CCCCAAGATAACCCCA,0
CCCCAAGGACACCGCC,0
CCCCAAGGATTCGTAC,0
CCCCAAGTGAAAAAAT,0
CCCCAATAAGTTTTGC,0
CCCCAATAGCTACAGA,0
CCCCACAAAATACGAT,0
CCCCACACACGCGCAT,0
CCCCACACAGTAGGGC,0
CCCCACACCAATCAGG,0
CCCCACATAAAGTTTA,0
CCCCACATACACTAAT,0
CCCCACATGTCGGACA,0
CCCCACGAAGCGCGAT,0
CCCCACTCCGGTAAGA,0
CCCCACTTCCTTCAAT,0
CCCCAGAAACCCCAAA,0
CCCCAGACATGATGAT,0
CCCCAGATGACAATAT,0
CCCCAGCATTTGACTA,0
CCCCAGCCCAACACTA,0
CCCCAGCCCGCCACCA,0
CCCCAGCCTCTCTGTA,0
CCCCAGCGTAGTTGAA,0
CCCCAGGAACACATAC,0
CCCCAGGACTCCGACT,0
CCCCAGGCGGGCTTAC,0
CCCCAGGTCAAAATTA,0
CCCCAGTAGAACTTAA,0
CCCCAGTATCCATAAA,0
CCCCAGTCTCCAAAAC,0
CCCCAGTGCTGGTACA,0
CCCCAGTTACGAAGGG,0
CCCCATAACTCTTATA,0
CCCCATAATTAGAGAA,0
CCCCATACTCCGATAA,0
CCCCATATCAGACAAA,0
CCCCATGAATTTCAGA,0
CCCCATGTAACATAGC,0
CCCCATTAAAGAGACG,0
CCCCCAAAGCCAAAAC,0
CCCCCAAAGTCAACTA,0
CCCCCAAATTTCAGCA,0
CCCCCAACACATTGAA,0
CCCCCACAATAAGTAT,0
CCCCCACCCTTAAACC,0
CCCCCAGATACTGACC,0
CCCCCAGTAATGTAGA,0
CCCCCATAATGCCATT,0
CCCCCATACTGATCTC,0
CCCCCATCACATTCTT,0
CCCCCCAAGTAGCAAT,0
CCCCCCCATTACCACC,0
CCCCCCCCCACAGCAA,0
CCCCCCGAACCCACAC,0
CCCCCCTAGACCCAGA,0
CCCCCCTGGATACGTC,0
CCCCCGCCGGTATTCT,0
CCCCCGCCTCGAAGAC,0
CCCCCGCGCTATCTTT,0
CCCCCGCTAACAGGTG,0
CCCCCGGAGCAGATTT,0
CCCCCGTAATCCAGGT,0
CCCCCGTCCACCAGAT,0
CCCCCGTCGTGAAAAA,0
CCCCCGTTACTTGGTC,0
CCCCCTAAATTTTGCC,0
CCCCCTAAGCTAGCGG,0
CCCCCTCAACGATGAA,0
CCCCCTCCCCGGACTA,0
CCCCCTGCGTTACCTT,0
CCCCCTGTACTTTCCG,0
CCCCCTGTTACCCTTC,0
CCCCCTTGTCTGTTTT,0
CCCCGAAACAAGCTTA,0
CCCCGAACGGTTTAAC,0
CCCCGAAGCCAGTCCC,0
CCCCGAATGTTCCTCG,0
CCCCGACATTGTAGCC,0
CCCCGACGTCCACGAA,0
CCCCGACTCATTTTTG,0
CCCCGACTCTAATTCA,0
CCCCGATAATTGCGTC,0
CCCCGATATAAATTTT,0
CCCCGATGAACAGAGA,0
CCCCGATTCAGCTCAA,0
CCCCGATTCTTACGTT,0
CCCCGCACTCAATATT,0
CCCCGCAGCCAAAATT,0
CCCCGCCCCCTACCGT,0
CCCCGCGTGGATTATT,0
CCCCGCTAGGTAATGC,0
CCCCGCTCGATTCTTA,0
CCCCGGACCACAAACA,0
CCCCGGATAAAGTGCC,0
CCCCGGCACGGAACCT,0
CCCCGGGTAACCGAAA,0
CCCCGGTCATGACATG,0
CCCCGGTGCTTCTTTT,0
CCCCGTAAAACTCGCA,0
CCCCGTCAGTCCTACA,0
CCCCGTCTACTCGTAA,0
CCCCGTGAAAAGCGTT,0
CCCCGTGACATACTTT,0
CCCCGTGATAAGGACT,0
CCCCGTTAGAGATAAG,0
CCCCGTTTAGAGAAAC,0
CCCCTAAAAGAGGCTT,0
CCCCTAACACAGATTC,0
CCCCTAATAAGTTTAC,0
CCCCTACATAGGTTAA,0
CCCCTAGCGAGTGTTA,0
CCCCTAGGACCTCGGA,0
CCCCTATAAGTTATAA,0
CCCCTATGATAGGTAT,0
CCCCTCCCTGCGGATA,0
CCCCTCCGATTGCTAC,0
CCCCTCGATAATATAT,0
CCCCTCTATCTTAATC,0
CCCCTGCATTGAGCCA,0
CCCCTGGCATGGAAGC,0
CCCCTGGGAACCTGGA,0
CCCCTGTCCTTACTGC,0
CCCCTTAATTATATCT,0
CCCCTTCAGTGCTCGT,0
CCCCTTTCACGCCCAC,0
CCCCTTTGCATGTTAA,0
CCCGAAAATAGTTGCA,0
CCCGAAACAAAATCAG,0
CCCGAAATACAAGAGA,0
CCCGAACAACACTCGA,0
CCCGAACCAGGAATGC,0
CCCGAAGAAAAAATTA,0
CCCGAAGAAGGTTCAT,0
CCCGAAGATGTCCACA,0
CCCGAAGCTCCGCACA,0
CCCGAAGTCTATATAT,0
CCCGAATCCTGATATC,0
CCCGAATCGCGCTGAA,0
CCCGACAAACACCCTT,0
CCCGACAATTGACACC,0
CCCGACACAAAAGCAC,0
CCCGACACCTAGAAAG,0
CCCGACACTTGGATTA,0
CCCGACATCCATCTAC,0
CCCGACCACCTAGCTG,0
CCCGACCTCTACTACA,0
CCCGACCTGATGGGAC,0
CCCGACTAGAAAAGGA,0
CCCGACTGCCAAGACC,0
CCCGAGAACTCATAAT,0
CCCGAGAAGATTTAAA,0
CCCGAGACCAGTAATA,0
CCCGAGAGGCAGCGCA,0
CCCGAGCTAAATACAA,0
CCCGAGGATAATAAGA,0
CCCGAGGGTCATGCAA,0
CCCGAGGTAGCAACTA,0
CCCGAGGTATCGACAT,0
CCCGAGTAAAATGGGG,0
CCCGAGTCAATATAAA,0
CCCGAGTTAAAAACTA,0
CCCGAGTTACATGTAC,0
CCCGATAAAAGGAAGC,0
CCCGATAAGAATCTAG,0
CCCGATACAAGCATCA,0
CCCGATACGTGTACCT,0
CCCGATATTAACCAAT,0
CCCGATCAAATAATAA,0
CCCGATCCGAATCAGA,0
CCCGATCCGTACAACG,0
CCCGATCCTTAATATA,0
CCCGATGAACTTGCAC,0
CCCGATGCTACTCAAG,0
CCCGATGGTAGATAAT,0
CCCGATTAACGCAAAC,0
CCCGATTTTGAAAAGT,0
CCCGCAAAAAACCATT,0
CCCGCACGCCACGAGC,0
CCCGCATAAATGTTAA,0
CCCGCCACCAAATCAG,0
CCCGCCACTTCTGAAA,0
CCCGCCCTTATAAGAC,0
CCCGCCTCCCGCCTTC,0
CCCGCCTTACTACCCA,0
CCCGCGACATGCATCT,0
CCCGCGATAAGTGACT,0
CCCGCGATCACAATTC,0
CCCGCGCTACAATCGT,0
CCCGCGGGACCATCGG,0
CCCGCGGGGCATAAAC,0
CCCGCTATAAGAGCAA,0
CCCGCTCAACACGCAT,0
CCCGCTCCACAGCCAC,0
CCCGCTGAAGCCGCTT,0
CCCGCTGCACAAAGCC,0
CCCGCTGCTGAAAATG,0
CCCGCTTAAATGGACA,0
CCCGGAAACTTGGTGG,0
CCCGGAATCAGTTCAT,0
CCCGGAATTATTATAA,0
CCCGGACACAAGCAAC,0
CCCGGACCCGAAAACA,0
CCCGGCAAAAATCAAA,0
CCCGGCACAATAATCC,0
CCCGGCACACTATTCA,0
CCCGGCATATAGCCAA,0
CCCGGCCATAAAAAAA,0
CCCGGCGAATTATGGT,0
CCCGGCGCACTAAAGC,0
CCCGGCGTCCACTTTA,0
CCCGGCTTATAATAGC,0
CCCGGCTTTGAATCGT,0
CCCGGGCACAACGGAT,0
CCCGGTACCTGACCAC,0
CCCGGTACTGTCGTAT,0
CCCGGTATAATACGTT,0
CCCGGTCACGACAAAG,0
CCCGGTTTAAAAAAAG,0
CCCGTAAATGTTTGCA,0
CCCGTAACAAGTGTAC,0
CCCGTAACCAGGAATG,0
CCCGTAATACAACACT,0
CCCGTAATCAAGGATA,0
CCCGTATGTACTTTAT,0
CCCGTATTCCACATTT,0
CCCGTCATGGCGCGAT,0
CCCGTCCAAAAACACT,0
CCCGTCCAAGACATGT,0
CCCGTCCACTTTTCTG,0
CCCGTCCATAATAAAG,0
CCCGTCCCCCGAAGAC,0
CCCGTCCTGCGCTTCA,0
CCCGTCGATAAAAGAG,0
CCCGTCGCAAACACGA,0
CCCGTCGCGTTACCGG,0
CCCGTCTGCTATAGAT,0
CCCGTGAAAAATGATA,0
CCCGTGAATAAACAAT,0
CCCGTGAATATCAAGC,0
CCCGTGACTGCCAATG,0
CCCGTGCAACAGGTTT,0
CCCGTGCGAACACGGA,0
CCCGTGGCTGAACGTA,0
CCCGTGGTACTAATTC,0
CCCGTTAATTTCTTGA,0
CCCGTTACGCGATCGG,0
CCCGTTACGGCTTTTT,0
CCCGTTACTTACCCTA,0
CCCGTTAGGCAATGTC,0
CCCGTTCTCGGTAAAA,0
CCCGTTGAAAAACTTT,0
CCCGTTTAACTAACTA,0
CCCGTTTTGACATAGC,0
CCCTAAAACCTCTATG,0
CCCTAAAAGGAATTCA,0
CCCTAAAGCCGCCTAA,0
CCCTAACCTCAATTTT,0
CCCTAACGCTACGCAA,0
CCCTAAGATAAAACGT,0
CCCTAAGCACAACAGA,0
CCCTAAGCTCCACTTT,0
CCCTAAGCTGGGAGTT,0
CCCTAATACATGTCAC,0
CCCTAATGTATTAATT,0
CCCTACAAGCCAGTAG,0
CCCTACAATAAAATTA,0
CCCTACCAAAATCCCA,0
CCCTACCCAATCAATA,0
CCCTACCTCATCTATC,0
CCCTACCTCCATTTAC,0
CCCTACGCGTGACCAC,0
CCCTACGCTGAACTAG,0
CCCTACTTGTCTAGCC,0
CCCTAGAAAAAACCGA,0
CCCTAGAAGACAAGTC,0
CCCTAGCAATTAACTA,0
CCCTAGCAGCGGAAAC,0
CCCTAGCGAGTTTAAA,0
CCCTAGCGTACGAAAA,0
CCCTAGTTCGTGCGTG,0
CCCTATAAACGGGACT,0
CCCTATAACGGAGTTT,0
CCCTATAATAGAATAC,0
CCCTATCCACTAATTG,0
CCCTATCCCTATTTGC,0
CCCTATGATGTGTTGG,0
CCCTATGTTGCACCTA,0
CCCTATTAGTTGAACA,0
CCCTATTGCCGTGCAT,0
CCCTATTGGAATAATT,0
CCCTATTGGATATCCA,0
CCCTATTTATAAAATA,0
CCCTATTTGCGTCAAA,0
CCCTCAAAGACATCTG,0
CCCTCAAAGCCAAAGT,0
CCCTCAACCCATCATC,0
CCCTCAACTTTTCAAG,0
CCCTCAATGTACAAAG,0
CCCTCACCCACGCGTA,0
CCCTCACCGAGTACCA,0
CCCTCATTGTCGAAGC,0
CCCTCCAAATGTTTCT,0
CCCTCCAACAAACAAT,0
CCCTCCATATTAATTC,0
CCCTCCCGAAAAAATG,0
CCCTCCGCGTGATTTA,0
CCCTCCTATTCATATG,0
CCCTCCTCAGTAGTAT,0
CCCTCCTCCAAAGATA,0
CCCTCCTCGCCAAACA,0
CCCTCCTGACAATGCT,0
CCCTCCTGCCATAAAC,0
CCCTCGAAGGCATACA,0
CCCTCGCAGTGCTCAA,0
CCCTCGGATTCGAGCA,0
CCCTCGGCTTATGCAG,0
CCCTCGGTTAGCGTTC,0
CCCTCGTCTAACCATT,0
CCCTCTAAGGCATGGG,0
CCCTCTATCTACTCAA,0
CCCTCTCTCAAGGCTA,0
CCCTCTCTCCAGGGCT,0
CCCTCTGAATAGCTTA,0
CCCTCTTAGATGGATG,0
CCCTCTTATCCGACTC,0
CCCTGAAAAACTGAAA,0
CCCTGAAATCAGTGCT,0
CCCTGAATTACCCGAA,0
CCCTGAGTAACGAAAG,0
CCCTGATAATGATGAT,0
CCCTGATTAATTGTCC,0
CCCTGCACTATTAGAC,0
CCCTGCCTCCCTACCA,0
CCCTGCCTGGCAACTT,0
CCCTGCGAGCTGATCC,0
CCCTGCGCGCTCGCAG,0
CCCTGCTGCCATGCCT,0
CCCTGGCAGAAATTTT,0
CCCTGGTCGAATTAAC,0
CCCTGTAAACCATTAA,0
CCCTGTATCTACACAA,0
CCCTGTCAGATCTCAT,0
CCCTGTGATCCATTCG,0
CCCTGTGGCAAACCAA,0
CCCTTAAAAACTCACG,0
CCCTTAAGATGCCAGA,0
CCCTTAATGACTACTA,0
CCCTTACACACCTTCA,0
CCCTTACCTAAGTTAC,0
CCCTTAGCATTCAGAC,0
CCCTTAGTGCAAACCC,0
CCCTTATATAGCCACC,0
CCCTTATCTAACCTCA,0
CCCTTATGTTCACTCC,0
CCCTTATTACCAAGGT,0
CCCTTATTGAAAAAGC,0
CCCTTCAACCTAAACG,0
CCCTTCAGAAAACAAT,0
CCCTTCCGATCCTAAA,0
CCCTTCGTTGGATCAA,0
CCCTTCTAACCTTAGA,0
CCCTTCTACGTATCCT,0
CCCTTGATAAAAATTA,0
CCCTTGATTATTCTTT,0
CCCTTGCATCCATAGG,0
CCCTTGGACATTACCA,0
CCCTTGTATCTAAAAT,0
CCCTTGTCACTCAGGC,0
CCCTTGTCATAACGAC,0
CCCTTGTCCTTTAACA,0
CCCTTGTGCTAGATCA,0
CCCTTTAACCACACTA,0
CCCTTTAAGAGCTACT,0
CCCTTTACGGCGTTTT,0
CCCTTTATAAACTCCT,0
CCCTTTCCACAAGACG,0
CCCTTTTAAGACAAAT,0
CCCTTTTGACCCTATG,0
CCCTTTTGCCCTAATG,0
CCGAAAAATACAGAAA,0
CCGAAAACTAAACGTG,0
CCGAAAAGCGCTTAAA,0
CCGAAAATATCATAAT,0
CCGAAAATCCAATTGA,0
CCGAAAATGAACTAAT,0
CCGAAAATTAACAAAA,0
CCGAAAATTTAGATTA,0
CCGAAACCACGCGTAT,0
CCGAAACCGACTACTG,0
CCGAAACTAACGCGGC,0
CCGAAACTGTCTCTCT,0
CCGAAAGACTTCCGAA,0
CCGAAAGCCGCGATGA,0
CCGAAAGGAAGTGAAT,0
CCGAAAGGCCAAACTC,0
CCGAAAGTAAACAATG,0
CCGAAAGTTACCTCCC,0
CCGAAATACGAAAATA,0
CCGAAATCACAAACAA,0
CCGAAATTTTATACAA,0
CCGAACAAAGGACCGT,0
CCGAACACACGCAGGG,0
CCGAACACAGGTAAAT,0
CCGAACACTGAGGACC,0
CCGAACAGGATTAACA,0
CCGAACCACGAGAACG,0
CCGAACCATTGCTGTG,0
CCGAACCCACAACCCA,0
CCGAACCTAAGAGACA,0
CCGAACTATATGGGGG,0
CCGAAGAAACATATCA,0
CCGAAGAAACGACTAG,0
CCGAAGAAGGGACAGA,0
CCGAAGAATTGATATA,0
CCGAAGAATTGTAGAC,0
CCGAAGACAAATGACC,0
CCGAAGAGCCAATGTA,0
CCGAAGATGATCTGGA,0
CCGAAGATTACCTCTA,0
CCGAAGCCTCACAAGA,0
CCGAAGCGTGGACACA,0
CCGAAGTCCGCAATAA,0
CCGAAGTTCCCCAAAC,0
CCGAATACTAACTAGA,0
CCGAATATGGCGGATT,0
CCGAATATGTCAGCTG,0
CCGAATCCCCAATTTA,0
CCGAATCCGTCCACAT,0
CCGAATCTTAGATGCC,0
CCGAATGAAGGATCAA,0
CCGAATGTCGAAGGCT,0
CCGAATGTTTGTAGAC,0
CCGAATTCTCGCCAAG,0
CCGAATTTGGTTAATT,0
CCGACAAAACGCAGGA,0
CCGACAAACGAAACTT,0
CCGACAAAGGCAGGCA,0
CCGACAAGTTTCTAGG,0
CCGACACAGTCACCTA,0
CCGACACATCTTCATC,0
CCGACACCAGAGGAAG,0
CCGACACCTCCGGGGC,0
CCGACACGGGAGACAC,0
CCGACACGGTGATTCA,0
CCGACAGAAACTAAAT,0
CCGACAGAAATCACGT,0
CCGACAGAACAAATCT,0
CCGACATCTTGATACT,0
CCGACATTCTGTAGAA,0
CCGACATTTCAGTTAA,0
CCGACCAAAAGGCCAA,0
CCGACCAATAATCGTC,0
CCGACCACAGACAGGA,0
CCGACCACATGACATA,0
CCGACCATTGGTAAAA,0
CCGACCCACAAATAAT,0
CCGACCCCCTTCACTT,0
CCGACCTCACCTTAAA,0
CCGACGAGGCAACCGT,0
CCGACGATATAAACTA,0
CCGACGCGTGAGTATA,0
CCGACGTACTACATCT,0
CCGACGTATACACGCC,0
CCGACTAACTAACACA,0
CCGACTACGTAGAAAG,0
CCGACTAGTCCCTCCC,0
CCGACTCCTTACAAAA,0
CCGACTGCCATTTGCG,0
CCGACTGTTATTTCTG,0
CCGACTTAACATGACC,0
CCGACTTAATATCAAC,0
CCGACTTTACAATTGC,0
CCGAGAAGACAACCAT,0
CCGAGAAGTGTGAGTA,0
CCGAGACCCAGCTCAA,0
CCGAGAGATCGAAACC,0
CCGAGAGCCTTTAAGA,0
CCGAGAGTAAAAGGTC,0
CCGAGATGAACCCGGT,0
CCGAGATGCAATATAA,0
CCGAGATTAGGCAGGA,0
CCGAGCAAAGCTTCTT,0
CCGAGCACCTTGAAGG,0
CCGAGCAGACCACGAT,0
CCGAGCATATTAAAAC,0
CCGAGCCACAGTAATG,0
CCGAGCCAGTTAGCTA,0
CCGAGCCATTGTCTAT,0
CCGAGCCGTGCCCAAC,0
CCGAGCCTGTCTATGT,0
CCGAGCGAAGAGACCA,0
CCGAGCTCCAGAAGTG,0
CCGAGGACAGTCCCTA,0
CCGAGGAGTATCTGGG,0
CCGAGGCGCAATTACC,0
CCGAGGCTAGTCATAG,0
CCGAGGTACATCTCAC,0
CCGAGGTGGTACAACA,0
CCGAGGTTACAGGCAA,0
CCGAGGTTTCTTAAAT,0
CCGAGTCAATGATTCA,0
CCGAGTCATCGAGTAG,0
CCGAGTGAAAGGTAAC,0
CCGAGTGTAACTATTA,0
CCGATAAAACAGACAC,0
CCGATAAATATGATAT,0
CCGATAAATGAGAAAG,0
CCGATAAATGATGTAG,0
CCGATAATAAAAGCAA,0
CCGATAATCTAACTAT,0
CCGATAATGCCTCCCT,0
CCGATACATCGGACCG,0
CCGATACATCGTACCC,0
CCGATACATGTCTGAA,0
CCGATACCCATTCATC,0
CCGATACGCATAGATA,0
CCGATACTAAAAAACA,0
CCGATAGACGTTAAAT,0
CCGATAGATCCGTAGT,0
CCGATAGCAGCCTGCA,0
CCGATAGTGAATCACA,0
CCGATAGTTCCAACTG,0
CCGATATAATGATGGT,0
CCGATATCAACCGCTG,0
CCGATATGACACAGGA,0
CCGATATTTCATAGGT,0
CCGATATTTGCATCCA,0
CCGATCAAGCCCAAGA,0
CCGATCATCGGGCGGA,0
CCGATCTTATCAGGCT,0
CCGATCTTGAAGTGAA,0
CCGATGAAAAACGCAT,0
CCGATGAAAACCAATA,0
CCGATGAAAAGACATC,0
CCGATGATAATGTCGC,0
CCGATGATTGAGCACT,0
CCGATGCACATGCGAA,0
CCGATGCGTTATTACT,0
CCGATGCTAACTCGTT,0
CCGATGGTGGAAAACA,0
CCGATTAATAAGAAAC,0
CCGATTAGACCGGTAT,0
CCGATTAGGCTCTGCA,0
CCGATTAGTAAGACAA,0
CCGATTAGTTACGTCA,0
CCGATTCACCATTATC,0
CCGATTCATAATAAAA,0
CCGATTCATAGGAGAC,0
CCGATTCCGCATTACC,0
CCGATTGAAGGAACTC,0
CCGATTTCGGTCAGCG,0
CCGCAAAAACTCCCAA,0
CCGCAAAAAGATACCA,0
CCGCAAAATATATAAA,0
CCGCAAACACTTCAAT,0
CCGCAAAGTATCTCCT,0
CCGCAAATCCGAACTA,0
CCGCAACACACGAAAA,0
CCGCAACCTAATCTGG,0
CCGCAAGAAATACCGC,0
CCGCAAGCTCATTCGA,0
CCGCAAGTACTGCCAC,0
CCGCAATAAAAATTAT,0
CCGCAATACTTTATAG,0
CCGCAATATTTACAAC,0
CCGCAATTATCAAATT,0
CCGCACAAAAGACTAC,0
CCGCACAGCTATTCAG,0
CCGCACCCTTTGCAAA,0
CCGCAGATCCCATGAA,0
CCGCAGCGAATACAAT,0
CCGCAGCGGTTTTTAA,0
CCGCAGCTAAGAACAT,0
CCGCAGTAGTTGCTGA,0
CCGCATATAAAAACCT,0
CCGCATCACTAACAAA,0
CCGCATCCGCTAAGAA,0
CCGCATCGAAAAAAAG,0
CCGCATCGAAAACTGG,0
CCGCATCTAATCCGAG,0
CCGCATGAAAACCCCG,0
CCGCATGACCTAATTA,0
CCGCATTCATGGCTTG,0
CCGCATTCTGACGGGT,0
CCGCCAAAATAATTCT,0
CCGCCAACACTGTTAC,0
CCGCCACATCAAGACG,0
CCGCCACCTCGCGACT,0
CCGCCAGTGTTAATCC,0
CCGCCATACCGTTAGC,0
CCGCCCACTATTTTCT,0
CCGCCCCCCCACAATG,0
CCGCCCCCTAGTGATC,0
CCGCCCGAAAAAAAGC,0
CCGCCCGCATCACCCC,0
CCGCCCGCCATCCTTA,0
CCGCCCTATATATTGT,0
CCGCCCTATCGCTTAC,0
CCGCCCTCAAACGAAT,0
CCGCCCTTACGTGGCA,0
CCGCCGAACCTCTCTA,0
CCGCCGAATCTAATTC,0
CCGCCGAGTGCGAACG,0
CCGCCGGAAAATCAAC,0
CCGCCGGGTATATCGG,0
CCGCCTAAAAGTTTAT,0
CCGCCTACGCATAACA,0
CCGCCTAGGTTAAACG,0
CCGCCTATAAACTATC,0
CCGCCTCTTTTTCAGA,0
CCGCCTGTAAAAAAGA,0
CCGCCTTAAAGACCTC,0
CCGCCTTAAGGCTTGA,0
CCGCCTTCTTCTCTAA,0
CCGCGAAATACACTGT,0
CCGCGAGGATACTAGT,0
CCGCGATCCCGAATTT,0
CCGCGATGGCAAAACC,0
CCGCGCAATTCACTCA,0
CCGCGGAGAACCACGT,0
CCGCGGATCGATAAGC,0
CCGCGGCCGATTTACC,0
CCGCGGTAAAATACCA,0
CCGCGTAAAATTAGAC,0
CCGCGTTTCTTACTAA,0
CCGCTAAAGCCCGCTT,0
CCGCTAAATGTAAACC,0
CCGCTAACGTAAGAGA,0
CCGCTAAGGATACTTG,0
CCGCTAATACAAACGG,0
CCGCTACAACTCCACA,0
CCGCTACAGTCTAAAA,0
CCGCTACCCAAAGATT,0
CCGCTACTTCACCAAC,0
CCGCTAGACCAAACAA,0
CCGCTATAAATGAAAG,0
CCGCTATTCCACAAAC,0
CCGCTCCTGCTCTAAA,0
CCGCTCTCCCCACTAA,0
CCGCTGTCCGAAAAAT,0
CCGCTGTCTATCTTCA,0
CCGCTTAGCACTTCTT,0
CCGCTTATATGTAAGC,0
CCGCTTCTTAAGGGGC,0
CCGCTTGAAGTCCATC,0
CCGCTTGATTATTATA,0
CCGCTTGTCAATACGA,0
CCGCTTTCATTTGACC,0
CCGCTTTTATGTCATG,0
CCGGAAACCTCTATTA,0
CCGGAAACTACCGTGA,0
CCGGAAAGCCCGAAAT,0
CCGGAAATCACACAAT,0
CCGGAAATCATGCAAG,0
CCGGAACACCTAAACC,0
CCGGAACATTTAGTAA,0
CCGGAACTACAAACCC,0
CCGGAAGACTGAGACA,0
CCGGAAGATGCTTGTA,0
CCGGAAGCATATCCAT,0
CCGGAATAATATAACT,0
CCGGAATGTCGGAATG,0
CCGGACAAGATATGAA,0
CCGGACAATAGCCCTC,0
CCGGACAATGTAGGAG,0
CCGGACACGCAGTACA,0
CCGGACACTCAATCAA,0
CCGGACACTGACTTCT,0
CCGGACATGTGGTTTA,0
CCGGACCAGACCTATA,0
CCGGACCATTTTAGCT,0
CCGGACCGTTATTGAA,0
CCGGACGACCAATAAA,0
CCGGACGAGGTCTCAA,0
CCGGACGTCTATATTA,0
CCGGACTCCATCCTAC,0
CCGGACTGCTTTAAGA,0
CCGGAGAAATGCCGAT,0
CCGGAGAATTAGACCT,0
CCGGAGACTCCTAAAA,0
CCGGAGATCTTGAATC,0
CCGGAGGAAACGAATC,0
CCGGAGGACTACAACC,0
CCGGATACTGTATGTA,0
CCGGATATCTCAACAA,0
CCGGATCAAAGTGCAA,0
CCGGATGACAAAAGGT,0
CCGGATGCTTGCAACA,0
CCGGATGGAGAAAGCC,0
CCGGATTAAACCTATG,0
CCGGATTACTTCTGCC,0
CCGGATTCTCCCGTAA,0
CCGGCAAAATCATATG,0
CCGGCAAACTATACGA,0
CCGGCACAATTCAAGA,0
CCGGCACATATGTTGA,0
CCGGCACCACCGCCGC,0
CCGGCAGCGTTCACAC,0
CCGGCATACGTCAAAT,0
CCGGCCAAAGGATCCC,0
CCGGCCACGTAAATAG,0
CCGGCCTCAAGACATC,0
CCGGCCTCGTTGGACT,0
CCGGCCTGATGAAGTA,0
CCGGCCTTAACCTGCG,0
CCGGCGAATAAGAGAT,0
CCGGCGGGGATTATAA,0
CCGGCTAAACCCGATT,0
CCGGCTAGAATTGCTT,0
CCGGCTATAGAACGAT,0
CCGGCTATCGATATAA,0
CCGGCTCAATTTGAAT,0
CCGGCTCGCGACTGCC,0
CCGGCTCGGACAGAAG,0
CCGGCTTTGAACACTA,0
CCGGGAAGAAATTCAA,0
CCGGGACCCACGAATC,0
CCGGGAGGAGGTCTGC,0
CCGGGATGCTAAGAGA,0
CCGGGATGGATTAAAA,0
CCGGGCAAGCATTCCC,0
CCGGGCACTAGTAGTG,0
CCGGGCATACGTGCTT,0
CCGGGCCGCCATATGA,0
CCGGGCGAGAAAACGG,0
CCGGGCTAAGCTCGAT,0
CCGGGGAATTTTTTTG,0
CCGGGGTTACGCAAAT,0
CCGGGTCAAGAATTAA,0
CCGGGTCCGGTAGATA,0
CCGGGTGCAACCTAGA,0
CCGGGTGGACCCTGAA,0
CCGGGTGTTTAACCGG,0
CCGGTAAATGTAACGT,0
CCGGTAAGATAAAATA,0
CCGGTAAGGTAATACA,0
CCGGTACAACTGGACA,0
CCGGTAGCATACAAAG,0
CCGGTAGCGGTACAAT,0
CCGGTAGTAACAACAC,0
CCGGTATTCAAAAGGG,0
CCGGTCAAATGCACAT,0
CCGGTCAACTGCCGAC,0
CCGGTCCCTTGACCAA,0
CCGGTCGAAACAAAAC,0
CCGGTCGCTTAGATAT,0
CCGGTCTAAGAAAACG,0
CCGGTCTTAAGATACT,0
CCGGTGAAAAACTGTT,0
CCGGTGAAATCCATAT,0
CCGGTGGAATCGGCCC,0
CCGGTTACAAACCGAA,0
CCGGTTCCCTTATAAG,0
CCGTAAAATACTTTTA,0
CCGTAAACCACCACCA,0
CCGTAAACGACTGTAG,0
CCGTAAAGTATGCTCA,0
CCGTAAAGTGGTTTAA,0
CCGTAACATTGACTAC,0
CCGTAACCGTAATGAT,0
CCGTAACCTAGTTCAG,0
CCGTAACCTGAATAAA,0
CCGTAACGAGGATTCG,0
CCGTAAGACCAGGGTG,0
CCGTAAGATACGACAG,0
CCGTAAGTGCCGAGAG,0
CCGTAATTGATTCCAC,0
CCGTACAAACAGTCCC,0
CCGTACAACCCTCTCC,0
CCGTACAACGTATTCG,0
CCGTACAATATTACAA,0
CCGTACATAGTCTGAG,0
CCGTACATGAAGCTGA,0
CCGTACCCCTGCACAT,0
CCGTACCGACAATTAG,0
CCGTACCTAATCGCAA,0
CCGTACGTATCCAAAG,0
CCGTACGTATTCATGG,0
CCGTACTACGGTCTAA,0
CCGTACTCCGAGGGGC,0
CCGTAGAGAACCACCG,0
CCGTAGAGGACGGCTG,0
CCGTAGAGTCCCCTAT,0
CCGTAGATTTGCAGTA,0
CCGTAGCAAGTGGAAC,0
CCGTAGCATTTACAGA,0
CCGTAGTAAGCTACAT,0
CCGTAGTTTGGGGGAC,0
CCGTATAAACATCAGT,0
CCGTATACCATCCTTA,0
CCGTATAGAGTTGAAA,0
CCGTATATAATAACTA,0
CCGTATATTACATAAA,0
CCGTATCACCTAATCA,0
CCGTATCTGTTTTTCT,0
CCGTATGCTTAAGTAA,0
CCGTATTAGCTTTGAA,0
CCGTATTCCGACCATC,0
CCGTATTGTACAACCT,0
CCGTATTTGTTGACTG,0
CCGTCAATAGTCTCCA,0
CCGTCAATGAACAAAG,0
CCGTCAGAAGATCTAG,0
CCGTCAGAATTTACCA,0
CCGTCAGCTCTTAAAC,0
CCGTCATTAAATAAAA,0
CCGTCCACTGCCAGCG,0
CCGTCCCACCGTACAA,0
CCGTCCCAGACACACA,0
CCGTCCTGGACCTGTT,0
CCGTCGAATTTTATTT,0
CCGTCGCAGCCTCACA,0
CCGTCGCTGAGCGTTA,0
CCGTCGGCACCCCAGT,0
CCGTCTAATACATAAC,0
CCGTCTATCAATATGG,0
CCGTCTCTCCGCTACG,0
CCGTCTGCTAACCCTT,0
CCGTGAAATTAGGATG,0
CCGTGAATTGAGATTC,0
CCGTGACTAAACCTGA,0
CCGTGAGCAACTAACA,0
CCGTGAGCATCCATTT,0
CCGTGATAAGTATCCT,0
CCGTGATACCCAAACA,0
CCGTGATCAAGACACT,0
CCGTGATGATAGATAT,0
CCGTGATTATCTGACA,0
CCGTGCAATATCTTTT,0
CCGTGCCCATGATAGG,0
CCGTGCCCTTTTCTAC,0
CCGTGCTACAATAACG,0
CCGTGCTTAGAAATAT,0
CCGTGGAAAATGGTCC,0
CCGTGGAACCTTGATG,0
CCGTGGAACTCACGCA,0
CCGTGGACGATGCTGT,0
CCGTGGAGTAACATAA,0
CCGTGGATATATATGG,0
CCGTGTAAGATTGGTA,0
CCGTGTCTTACGTATC,0
CCGTTAAAAGGAATAT,0
CCGTTAAGAATAAAAG,0
CCGTTAATACAAAGCA,0
CCGTTAATTATACTCT,0
CCGTTACATGTCCGAA,0
CCGTTACCACCACAAC,0
CCGTTAGAAGAGACGT,0
CCGTTAGCTACCAGAC,0
CCGTTAGGAGCAGACA,0
CCGTTAGGCGTTTGAA,0
CCGTTAGTTCAGAACA,0
CCGTTATTAATAGCCC,0
CCGTTCACGCGGGAAG,0
CCGTTCATAATAGGGA,0
CCGTTCCTTAATTTAA,0
CCGTTCTGCTCTTAGT,0
CCGTTGAAGTTGAGCT,0
CCGTTGACTAGCTGCG,0
CCGTTGGCTCTTTGGT,0
CCGTTTAAAATCACTT,0
CCGTTTACTAAGGTAT,0
CCGTTTAGATGACTTG,0
CCGTTTCCACCTAACT,0
CCGTTTCCATTATCCC,0
CCGTTTGATGAGTTTC,0
CCGTTTGGTGCCAGAA,0
CCGTTTTCACCCAATA,0
CCGTTTTTACGCAAAG,0
CCGTTTTTTTATTTAA,0
CCTAAAAAATTCTGTT,0
CCTAAAAAGAAATTTT,0
CCTAAAACCAAATTGA,0
CCTAAAACGGTTTTGT,0
CCTAAAAGATTTAGGC,0
CCTAAAATAAACGGCA,0
CCTAAAATGTAACTAT,0
CCTAAACAGCTCAAAT,0
CCTAAACCGAACACAA,0
CCTAAACGGAAACATT,0
CCTAAACTAGTTTGGA,0
CCTAAACTCTTGCACG,0
CCTAAAGAAAACAGCA,0
CCTAAAGAGTAGGCAA,0
CCTAAAGCAATTTACC,0
CCTAAATAACACCGAG,0
CCTAAATAATAAAAGA,0
CCTAAATAGACATCAA,0
CCTAAATATTCGTTTA,0
CCTAAATCCTCTAAAC,0
CCTAAATTCTAACGGA,0
CCTAAATTTACCATGA,0
CCTAAATTTCAATGAC,0
CCTAACAAATGTTAAA,0
CCTAACAACACAGTCG,0
CCTAACAACACTATAG,0
CCTAACAACATCTTAA,0
CCTAACACGGACTCAG,0
CCTAACATAGGACTTG,0
CCTAACCAAAAACTGT,0
CCTAACCATCTATCTG,0
CCTAACGACCTACTTA,0
CCTAACGTACTAGTAG,0
CCTAACGTTACACCAA,0
CCTAACTAACATCCAG,0
CCTAACTAAGGGGTCC,0
CCTAACTGATTGACGT,0
CCTAACTTGAAATGTC,0
CCTAAGAACAAGACAT,0
CCTAAGACCCCGGGGA,0
CCTAAGACCTAACAAG,0
CCTAAGACGTATTCGA,0
CCTAAGACTCCTTTAC,0
CCTAAGATTTAAGCTC,0
CCTAAGCAATTGTTGC,0
CCTAAGCACTTTCCCC,0
CCTAAGCTCCTAGGAT,0
CCTAAGGACCCTGGAT,0
CCTAAGTGAGAATGTC,0
CCTAATAAAACAACAT,0
CCTAATAAGAATCCCG,0
CCTAATACACAGGATC,0
CCTAATAGAATAATAT,0
CCTAATAGAGCGAAGA,0
CCTAATCACCATCCTA,0
CCTAATCATTTCGCTC,0
CCTAATCCGGTTGAGA,0
CCTAATCTACCAATGC,0
CCTAATGACAAAAGCC,0
CCTAATGAGTTATCTC,0
CCTAATGATGATTTGC,0
CCTAATGTAATCAAGT,0
CCTAATGTACGTGGAA,0
CCTAATGTTCCAAGCC,0
CCTAATTAGGGTCGTA,0
CCTACAAACCCAGCGA,0
CCTACAAAGACCCCCA,0
CCTACAACTAAAATGA,0
CCTACAAGTACATTAT,0
CCTACAATTATGGTGT,0
CCTACACCAGGCAGAA,0
CCTACACTAGTGTATC,0
CCTACAGATATCAATG,0
CCTACATAGATCTATC,0
CCTACATATAACACCA,0
CCTACATATACACACA,0
CCTACATATGCAAATC,0
CCTACATCATAAGAAA,0
CCTACATCCTAGCGGC,0
CCTACATCTACACAAA,0
CCTACATTGAATAAAG,0
CCTACATTTCATCCCC,0
CCTACCAACCACTCAC,0
CCTACCACTCAGGTAT,0
CCTACCAGAGGTTGAG,0
CCTACCCATACCCTTC,0
CCTACCCGGTATGATC,0
CCTACCGCCCAATACA,0
CCTACGAAGCACTATA,0
CCTACGAATTACTGCC,0
CCTACGCCGATAAATA,0
CCTACGCCGGTATTAT,0
CCTACGCTGCGGGATA,0
CCTACGGAAGCTGTAA,0
CCTACGGTTAAAAAAA,0
CCTACGTAACAAGCCC,0
CCTACGTAACGAAAGA,0
CCTACGTCACCCATTT,0
CCTACGTCACTAGCGG,0
CCTACTACCAATTTTA,0
CCTACTATAAGACTTG,0
CCTACTATCTTTCAGG,0
CCTACTATTTTAAAGG,0
CCTACTCCACTTATAG,0
CCTACTCCAGTAAACG,0
CCTACTCTAAAGCAGT,0
CCTACTCTAAAGGACG,0
CCTACTCTTACTATTT,0
CCTACTGCAGTTAAAG,0
CCTACTTTAGGAAGAA,0
CCTAGAAAAACCAGTA,0
CCTAGAAAGAAGCGTC,0
CCTAGAAATGTTGATC,0
CCTAGACAATATCAGA,0
CCTAGACAGGATACTA,0
CCTAGACCGTCAAACC,0
CCTAGACGACGGATTA,0
CCTAGACTAGTGCCAC,0
CCTAGAGCATACTGGA,0
CCTAGATAAAGTAGGT,0
CCTAGATACCACCAAC,0
CCTAGCAATCTAAGAC,0
CCTAGCACGTCAATAA,0
CCTAGGCCGATAGATT,0
CCTAGGGATCACAACG,0
CCTAGGTGATCGTAAA,0
CCTAGGTGGGAATAAC,0
CCTAGTACATCTGGTC,0
CCTAGTACCCACCTCA,0
CCTAGTCAGCCCACAA,0
CCTAGTCTCTCCTACT,0
CCTAGTTCGGGACCTC,0
CCTAGTTCTCGAGGCT,0
CCTAGTTGTTAACATA,0
CCTATAAAAACGTGCA,0
CCTATAAAAATCGTAT,0
CCTATAAACGAAATAC,0
CCTATAAACTGGCACA,0
CCTATAAATACAATAG,0
CCTATAACATTACTTG,0
CCTATAACTGGAGTCG,0
CCTATAAGAAACTCGA,0
CCTATAAGAGGTCTCC,0
CCTATAATTGACGTTC,0
CCTATACAAAGAAGAA,0
CCTATACAACATAATG,0
CCTATACAGCTACGTC,0
CCTATACATCGAGAAC,0
CCTATACCTATCAAAA,0
CCTATACCTCTTGTCC,0
CCTATACGAATAATTA,0
CCTATACGAGAACGAA,0
CCTATACGTTGACAGA,0
CCTATAGCTAGACACA,0
CCTATAGGTACCGCAT,0
CCTATATAAGAAAATA,0
CCTATATAATAATCAG,0
CCTATATCCATTAATT,0
CCTATATCGATCAACT,0
CCTATATCTTACATCA,0
CCTATATGAATCATTT,0
CCTATATGAGTTATGT,0
CCTATATTAAAGGTCC,0
CCTATATTACAGACGT,0
CCTATCAAGCTATAAA,0
CCTATCAATACCAAGT,0
CCTATCATTGGCCAGC,0
CCTATCCGCCTCTATC,0
CCTATCCGTCACATAG,0
CCTATCGAACCTAATA,0
CCTATCGTAGAGGAGA,0
CCTATCTAGGTAAATC,0
CCTATCTTACCACAGT,0
CCTATGAAATGAGACA,0
CCTATGAATAATGTAT,0
CCTATGACTACCTCGC,0
CCTATGAGGTATGACA,0
CCTATGATAAAACAAA,0
CCTATGCTTAATCAGA,0
CCTATGGCATTCGAGT,0
CCTATGGGTAATTAAA,0
CCTATGGTCCACACTA,0
CCTATGTAAAGAAACT,0
CCTATGTACATGAGAA,0
CCTATGTCGGAGCATC,0
CCTATGTGACATCTAA,0
CCTATGTGACGAATGC,0
CCTATTAAAACTTACC,0
CCTATTAATAACAGCT,0
CCTATTACACGACTAA,0
CCTATTCACATTACCA,0
CCTATTGCGTAGGAGG,0
CCTATTGTAAGTCAGA,0
CCTATTTAATTTATGT,0
CCTATTTATTGAAAAA,0
CCTATTTATTGAGGTT,0
CCTATTTCCTCTCAAA,0
CCTCAAAAACTACACA,0
CCTCAAAACCCTAAAA,0
CCTCAAACGACACGAG,0
CCTCAAACGTAGGCAT,0
CCTCAAACTAATCAAA,0
CCTCAAAGCCTGATCG,0
CCTCAAAGCGTGCGGT,0
CCTCAAATACAAATTA,0
CCTCAAATAGCCCCAT,0
CCTCAACAAGCACCCG,0
CCTCAACCGGCATGAA,0
CCTCAACCTAGCAGAT,0
CCTCAACTCTTCAAAG,0
CCTCAAGTGATCCCCG,0
CCTCAAGTTTATAAAA,0
CCTCAATCATAAGGAT,0
CCTCAATCCTCACGAT,0
CCTCAATCGCAATCTT,0
CCTCACAAATCTGATT,0
CCTCACAATTCTATAC,0
CCTCACAGGGCCCAGT,0
CCTCACCCTATGGCAT,0
CCTCACGAATATCAAG,0
CCTCACGACCACAAAC,0
CCTCACGCTGAAATGG,0
CCTCACGGCCCTCAAA,0
CCTCACGTAATGATCT,0
CCTCACTAACGTAGAG,0
CCTCACTCTTCACTCC,0
CCTCACTTTATATGAA,0
CCTCAGACTCAAGTTA,0
CCTCAGCATCTGATCT,0
CCTCAGCGGTAACGTC,0
CCTCAGGAATCCTGGG,0
CCTCAGTAAAGAGGGA,0
CCTCAGTAAAGTCCTC,0
CCTCAGTCAGACCGAC,0
CCTCAGTGATGTACCG,0
CCTCATAGAAATAAAA,0
CCTCATCATTGTCAAA,0
CCTCATGCTAAGCTAA,0
CCTCATGTCCCTGACG,0
CCTCATTATCGTATAA,0
CCTCATTCTAACGGGC,0
CCTCCAAAGGGCCACA,0
CCTCCAAATGGTTCTA,0
CCTCCAACCGCGAGAA,0
CCTCCAACTGTAACGG,0
CCTCCAATGAGAGCTA,0
CCTCCACCTAATCGGG,0
CCTCCAGACATTTCTG,0
CCTCCATGTAAAAGTA,0
CCTCCCACAGAAGCGA,0
CCTCCCCATACTAAGC,0
CCTCCCCATTAGTATG,0
CCTCCCGAATTATTAG,0
CCTCCCGATAACAACA,0
CCTCCCGCGTCAAATA,0
CCTCCCTAAAAGAGAA,0
CCTCCCTCACTAATCA,0
CCTCCCTGTGCAACAA,0
CCTCCGAAACACCGCC,0
CCTCCGACAATATTGG,0
CCTCCGAGAATACGTA,0
CCTCCGGTGTACAGAG,0
CCTCCGTTTACCTAAT,0
CCTCCTACAAATAAAT,0
CCTCCTCCAGATGATA,0
CCTCCTCTTAAAAATT,0
CCTCCTCTTGCCTCGT,0
CCTCCTGGTCGTGTCA,0
CCTCCTTAGGAGTCGA,0
CCTCCTTCAAGGATAT,0
CCTCCTTTAAATAACA,0
CCTCCTTTAGCAAGAA,0
CCTCGAAATAAAGACC,0
CCTCGAACCCGGAACC,0
CCTCGAAGAACGGATC,0
CCTCGAATACAGAAGC,0
CCTCGACGGTAATTAA,0
CCTCGCAAAACTAAGA,0
CCTCGCATTATAAGTT,0
CCTCGCCTATTAGGGC,0
CCTCGCTGCCCATAAT,0
CCTCGCTTTATCTTTT,0
CCTCGGAGGAATAACT,0
CCTCGGCACAAGTTAT,0
CCTCGGTCGACGTGCG,0
CCTCGGTGGACACAAG,0
CCTCGTAAATAAGCAC,0
CCTCGTAAGTATGAAA,0
CCTCGTCATGAAAATT,0
CCTCGTTACGATCGAT,0
CCTCGTTCATTATTCA,0
CCTCTAAAAACCAAAG,0
CCTCTAAAATGAATAC,0
CCTCTAACGACAAAAG,0
CCTCTAACTAAACAAT,0
CCTCTAAGCTTCCTTT,0
CCTCTAAGTCTAATCA,0
CCTCTAAGTCTTGTCT,0
CCTCTACCACCCCGCC,0
CCTCTACCCCAAACAT,0
CCTCTACTGGCTATCA,0
CCTCTAGCAATTCAGA,0
CCTCTAGCAGTACTGG,0
CCTCTAGGCAGACCTG,0
CCTCTAGTCACACGAG,0
CCTCTATATACTAGGG,0
CCTCTATCGGATCCTA,0
CCTCTATGTGAAAGAA,0
CCTCTATTAATTCGAA,0
CCTCTATTTTGGTCAA,0
CCTCTCAACCCGAGCA,0
CCTCTCATCAGCAACA,0
CCTCTCCATGAGCGCC,0
CCTCTCCCATCTTACA,0
CCTCTCCGATTAGATA,0
CCTCTCGGAAGACCAG,0
CCTCTCTAAAAGCGTT,0
CCTCTGACCTCACCTT,0
CCTCTGCTAAAACAAA,0
CCTCTGTTGCCACCCA,0
CCTCTTAACGCACAGT,0
CCTCTTAATAGTATGC,0
CCTCTTAATTCCACAA,0
CCTCTTATCGAGACCA,0
CCTCTTCAAGGCAAAG,0
CCTCTTGCGCAACGAA,0
CCTCTTGGTACTAATT,0
CCTCTTTGAATGCGTT,0
CCTCTTTTAATCGCTA,0
CCTGAAAAAATCGAAA,0
CCTGAAAAGGGGAAAG,0
CCTGAAACCAACTAGA,0
CCTGAAATGAAGGACA,0
CCTGAACAAAGGTCAG,0
CCTGAACAATATCTCA,0
CCTGAACCTATGTCGC,0
CCTGAAGGCATATCTC,0
CCTGAAGTTACCCTCT,0
CCTGACACAACTCACG,0
CCTGACACCACGAGTC,0
CCTGACCGCGTAAACA,0
CCTGACGCAACCCTCC,0
CCTGACTTAAGCATGA,0
CCTGACTTAGAGAAAT,0
CCTGACTTTATGTAGA,0
CCTGACTTTGAGGCAA,0
CCTGAGAAATCAAGAT,0
CCTGAGAGCATTGCGT,0
CCTGAGAGTACGCACA,0
CCTGAGCATTTACGTG,0
CCTGAGGACGACGCAA,0
CCTGAGTACAATCAGT,0
CCTGAGTCGCCCCACC,0
CCTGAGTGATGCATGT,0
CCTGATAGAGTTAAAA,0
CCTGATCGGTCAGAGA,0
CCTGATCTTCAAAGTC,0
CCTGATGAAACCATCA,0
CCTGATGACCGACCGC,0
CCTGATGCTCAAGAAA,0
CCTGATGCTCCGATTA,0
CCTGATGTATGATCGC,0
CCTGATGTGCTCATGC,0
CCTGATTACTGGCAAC,0
CCTGATTATAACCACT,0
CCTGATTCTTCGCGGC,0
CCTGATTGACCTAAAA,0
CCTGCAAAAGATAAAT,0
CCTGCAAGAAGAGCTT,0
CCTGCACATACTTGGA,0
CCTGCACCAATTAAAA,0
CCTGCAGAAATGCACT,0
CCTGCCAATCATTTAA,0
CCTGCCAGAACTAATG,0
CCTGCCGGTAAGCGAC,0
CCTGCCGTACTGTGAG,0
CCTGCGATATGGAAGG,0
CCTGCTGTCGCTGCCA,0
CCTGCTTATAACAGTG,0
CCTGCTTTTCAGACCG,0
CCTGCTTTTGCTGTTG,0
CCTGGAAAAACGCCCG,0
CCTGGAAGTCTTGTTA,0
CCTGGACAACGAAATT,0
CCTGGACGTAACTTTT,0
CCTGGACTATCACAAT,0
CCTGGATGAAACAAGT,0
CCTGGATGAATTGCCA,0
CCTGGATTAAAGATTA,0
CCTGGCAATTCGGCAG,0
CCTGGCCTAATGGTAC,0
CCTGGCCTGTTGCACG,0
CCTGGCGAATCTAAAC,0
CCTGGCGCGGAACAGC,0
CCTGGCGCTTGTAATT,0
CCTGGCTAAAGCAAAA,0
CCTGGCTTCTGTCCCA,0
CCTGGCTTGAAAACCG,0
CCTGGGGCGAATTGGA,0
CCTGGGGTCGAGTATT,0
CCTGGTCATCTAAAAT,0
CCTGGTCATTAAACCT,0
CCTGGTCCGACACTAG,0
CCTGGTGGATTTTTTC,0
CCTGGTGGCCGCGACT,0
CCTGGTGTTGCTAATT,0
CCTGGTTGAGTATGTA,0
CCTGGTTTTTAGCCTT,0
CCTGTAAAAAAAAGAT,0
CCTGTAAACGGCCCCT,0
CCTGTAACTACCATCC,0
CCTGTAATAAGCGGGA,0
CCTGTAATACTTAATG,0
CCTGTAATGCAGCCGA,0
CCTGTACAGTCAAATG,0
CCTGTACGAAACAACC,0
CCTGTATTAGACGAAA,0
CCTGTCAGACTTACTC,0
CCTGTCAGATTCACAA,0
CCTGTCCAAGCAAAGA,0
CCTGTCCAGCGCTATG,0
CCTGTCCATAATGTGA,0
CCTGTCCATGCCTGTT,0
CCTGTCGGATATAGGC,0
CCTGTCTTGGAGCACA,0
CCTGTCTTTACGAATC,0
CCTGTGACACAATGTA,0
CCTGTGAGCTGCAAAC,0
CCTGTGAGTATCCCCA,0
CCTGTGAGTTATCCCT,0
CCTGTGCAAATAAGAC,0
CCTGTGCTATATCACG,0
CCTGTGGCAATCACCG,0
CCTGTGTAACCCTCTA,0
CCTGTGTACTTCCTAG,0
CCTGTGTCTACGAGTC,0
CCTGTTAACTTTCACT,0
CCTGTTACCTCAGATA,0
CCTGTTATCCTACCTT,0
CCTGTTCAATCCGAAA,0
CCTGTTTAAAAATTAC,0
CCTGTTTACATGGACT,0
CCTGTTTATCAACAGT,0
CCTGTTTGACAAGAAA,0
CCTGTTTGCGGATCGC,0
CCTTAAAAGTCAATTA,0
CCTTAAAATTGGGACC,0
CCTTAAAGAACAAGGC,0
CCTTAAAGATGCTACT,0
CCTTAAATTCACGGAT,0
CCTTAACAATGAAATG,0
CCTTAACACCGGAAAT,0
CCTTAACATAAACAGT,0
CCTTAACCTTATACCA,0
CCTTAAGAAAACCAAA,0
CCTTAAGAATAATAAG,0
CCTTAAGATTAAATCA,0
CCTTAAGCATAGAACA,0
CCTTAAGCATCCGATT,0
CCTTAAGCGTATAAAA,0
CCTTAATCACCAATAC,0
CCTTAATGGTTCCCAC,0
CCTTAATGTTATGTCA,0
CCTTACAAGCGGCGCA,0
CCTTACAATTTAAATA,0
CCTTACACATAAACTC,0
CCTTACATGCACTAAA,0
CCTTACATTGCATTAC,0
CCTTACCAAAACCACC,0
CCTTACCAACAGAAGA,0
CCTTACCGCTTATGAT,0
CCTTACGAGTCACTGA,0
CCTTACGAGTTTCAGG,0
CCTTACGTAGTAAACA,0
CCTTACGTGGTATCTT,0
CCTTAGCTCGATCGAA,0
CCTTAGCTGCCCTACA,0
CCTTAGGAGTCAAAAT,0
CCTTAGGGATAAGACT,0
CCTTAGGGCGTTATCT,0
CCTTAGTACGTCTATG,0
CCTTAGTTAATTGTAC,0
CCTTATAAGTTGGCCG,0
CCTTATAATGAAAATT,0
CCTTATATGTTGGCGA,0
CCTTATCAACGTTTCT,0
CCTTATCTGCACATGA,0
CCTTATCTGCCCAGCA,0
CCTTATGACCCGTAAG,0
CCTTATTACATTGTTA,0
CCTTATTACCACAGAA,0
CCTTATTCATGGTAAG,0
CCTTATTGAAAAATAC,0
CCTTCAAAAAACATGA,0
CCTTCAAAGAATAATG,0
CCTTCAACTTGGAATA,0
CCTTCAATATAGAATC,0
CCTTCAATTCCTAACA,0
CCTTCACACTAGACAG,0
CCTTCACATGAAAATC,0
CCTTCACCTGGCCTGC,0
CCTTCACTTCATATGA,0
CCTTCAGATCTGTCAA,0
CCTTCAGTTATAAAGA,0
CCTTCATCATCGTTGA,0
CCTTCATCTCAAAATT,0
CCTTCATGTCGCAAAC,0
CCTTCCAATTGCGAAT,0
CCTTCCATAGACAACA,0
CCTTCCATGCTCCAGG,0
CCTTCCCAACTTATAT,0
CCTTCCCCATGCTAAA,0
CCTTCCCCCACTAGGA,0
CCTTCCGGACTACTAT,0
CCTTCCTTTCACGCGT,0
CCTTCGAGAACAACTA,0
CCTTCGATGACAGCCA,0
CCTTCGATGCATCACA,0
CCTTCGCGATGTCTGA,0
CCTTCGCTGTGTTATA,0
CCTTCGGTAACAAACC,0
CCTTCGGTTGCAGGGG,0
CCTTCTAAATTCAAAG,0
CCTTCTAACATGTATC,0
CCTTCTAATAACTAGC,0
CCTTCTACCGAAGGGA,0
CCTTCTAGAGAACTAG,0
CCTTCTCAACCCGGTA,0
CCTTCTCATAAAATCA,0
CCTTCTCATATGCATG,0
CCTTCTCGTAGCCGTT,0
CCTTCTTCTTTATTGG,0
CCTTCTTGGTTGCTAA,0
CCTTGAAAAACAAAAC,0
CCTTGAAAAACACTCG,0
CCTTGAAAAGCAAAAA,0
CCTTGAAAGGTACAGT,0
CCTTGAAATCCGGCTG,0
CCTTGAAGATGTGAAA,0
CCTTGAATGCACGCAA,0
CCTTGAATTGACTTGA,0
CCTTGACAAACACCAT,0
CCTTGACACCCTAATC,0
CCTTGACCAATAAGTT,0
CCTTGACCTAGAAAAC,0
CCTTGAGAAACTAACT,0
CCTTGAGATGAAGAAA,0
CCTTGATACCTAACCG,0
CCTTGATCCATCTTAT,0
CCTTGATTACAACTTT,0
CCTTGATTAGCGGTCT,0
CCTTGCAAGATACCCA,0
CCTTGCATAAAATGGA,0
CCTTGCCGGCACGCCG,0
CCTTGCCTCGAACCTA,0
CCTTGCGATTAAGGAA,0
CCTTGCGTACGCGGCA,0
CCTTGGATCCAAGAGA,0
CCTTGGCCACAGTAAA,0
CCTTGGCCAGCCAACA,0
CCTTGGCCTGAATTAT,0
CCTTGGGACTACGGAA,0
CCTTGTAGAGCACAGT,0
CCTTGTCAGTCTCCTA,0
CCTTGTCCAAATGTTC,0
CCTTGTCGCAGCACAA,0
CCTTGTCTAACGCTCC,0
CCTTGTGCGACAGAAT,0
CCTTGTGTCACGGACA,0
CCTTGTTAAGAAAATT,0
CCTTTAACCGAGAAGT,0
CCTTTAAGTAGCGTCA,0
CCTTTAATTTCATACC,0
CCTTTACCATACGCAT,0
CCTTTACGTGATTACA,0
CCTTTAGAGGGACAGA,0
CCTTTAGCCACAGGAT,0
CCTTTAGTACAACATT,0
CCTTTATAACGTTCAG,0
CCTTTATACTTGGTTC,0
CCTTTATCCGAATCAC,0
CCTTTATCGCATATGA,0
CCTTTATGTCCCCAAA,0
CCTTTCAAAGAGACTA,0
CCTTTCCGTACAGAAT,0
CCTTTCCTCCAAAATA,0
CCTTTCCTTGGCGGCT,0
CCTTTCGTGACTAATA,0
CCTTTCTGAGGTAGCG,0
CCTTTCTTACATACAT,0
CCTTTGAAGAAGCAAT,0
CCTTTGAAGACGGCCC,0
CCTTTGCAAATCCCGT,0
CCTTTGCAGAAAATTG,0
CCTTTGCCAAATAATA,0
CCTTTGCTCTAGTCGG,0
CCTTTGTATATATAGT,0
CCTTTGTGTTAACTGA,0
CCTTTTAACAATTGCT,0
CCTTTTATGTGAAGAA,0
CCTTTTCCCACAATAA,0
CCTTTTCCGAACATGA,0
CCTTTTCTAGAAATGC,0
CCTTTTTTATCAACAG,0
CGAAAAAAACACTGTA,0
CGAAAAAAACCCTCGA,0
CGAAAAAAGAAAATGA,0
CGAAAAACCGATCCCC,0
CGAAAAAGACGAAAAC,0
CGAAAAAGTCATGGGG,0
CGAAAAATACTTTAGA,0
CGAAAAATATTGCTCT,0
CGAAAAATTAGATCAC,0
CGAAAACAAGCAAACC,0
CGAAAACAGAATAAAG,0
CGAAAACCAATAATCA,0
CGAAAACGAAAAACCG,0
CGAAAACGTAATAACC,0
CGAAAACTAGCATTTA,0
CGAAAAGAAAATCCAA,0
CGAAAAGACCCTTAAC,0
CGAAAAGACTACTATG,0
CGAAAAGCATTATATA,0
CGAAAATAACCCCAAC,0
CGAAAATAGGTGTGCC,0
CGAAAATATGCCAGGG,0
CGAAAATATTATAATA,0
CGAAAATCACCGGCAT,0
CGAAAATCAGCCCACC,0
CGAAAATCCGGATCTC,0
CGAAAATTGTGAACTG,0
CGAAACAAAACTGAAT,0
CGAAACAACTCATGGT,0
CGAAACAATGGAAATG,0
CGAAACACCGGAATCT,0
CGAAACAGCGAAGGCC,0
CGAAACATAAGACATA,0
CGAAACATAGAAGGTA,0
CGAAACCAAAGATATA,0
CGAAACCAAATACCCA,0
CGAAACCAGTAATTAC,0
CGAAACCAGTATGTCC,0
CGAAACCATCAAAAAT,0
CGAAACCCAAGGGTGC,0
CGAAACCCAGACAGCA,0
CGAAACCTGTAGCTCA,0
CGAAACCTTCCAGAGT,0
CGAAACGAATGTTTCG,0
CGAAACGCGACCTTCG,0
CGAAACGCTAGCTTCG,0
CGAAACGGTAAATCCA,0
CGAAACGTACGAACGA,0
CGAAACTAAACCGCAG,0
CGAAACTATAACGTCT,0
CGAAACTCAAAATAGC,0
CGAAACTTTTAAGTGA,0
CGAAACTTTTCCACGT,0
CGAAACTTTTTCGTAA,0
CGAAAGAAAAATTTGA,0
CGAAAGAAATCTTAAC,0
CGAAAGAACGATAAGC,0
CGAAAGACAAACAATG,0
CGAAAGACTAAAATTA,0
CGAAAGACTTAGTATG,0
CGAAAGACTTGTTTGA,0
CGAAAGAGTAAAAATG,0
CGAAAGAGTATTGGCA,0
CGAAAGAGTCTCCGTA,0
CGAAAGATGGATATTT,0
CGAAAGCAAAGGTGCT,0
CGAAAGCAGAACTGTA,0
CGAAAGCTGTAGCCGC,0
CGAAAGGGCTATCGCA,0
CGAAAGGTATTGTACA,0
CGAAAGGTTCAAAATA,0
CGAAAGTAATGTAGGA,0
CGAAAGTATGCGAAGA,0
CGAAAGTCTCATAAAG,0
CGAAAGTGCTACGTAT,0
CGAAAGTGTGAAGCAG,0
CGAAAGTTAGCAAAGG,0
CGAAAGTTTAGGACAA,0
CGAAATAAAATTAATT,0
CGAAATAAACAGCGCC,0
CGAAATAACTATCACA,0
CGAAATAATGACTATT,0
CGAAATAATTTTTGAG,0
CGAAATAGAATAACGA,0
CGAAATAGAATGAGTC,0
CGAAATAGGCGGCGGC,0
CGAAATATATCCGGCG,0
CGAAATATATTAAGAC,0
CGAAATATCTTCATCT,0
CGAAATATGCATTAAG,0
CGAAATATGTATTGTA,0
CGAAATCCAATTGATT,0
CGAAATCCAGTAATCA,0
CGAAATCGTATCAATA,0
CGAAATGAGTGAGCAC,0
CGAAATGCAACATACA,0
CGAAATGCCTGAGCGG,0
CGAAATGGCGGTGTAG,0
CGAAATGTCTTACTGT,0
CGAAATGTGAAACTAT,0
CGAAATGTTCAGCGTC,0
CGAAATTATGAGTATG,0
CGAAATTCCTGATCAT,0
CGAAATTCTAAATCGA,0
CGAAATTGAAATAAAA,0
CGAAATTGTTACTCAT,0
CGAAATTTAAATCCGG,0
CGAAATTTGTTAGACC,0
CGAACAAAAAATAAAG,0
CGAACAAAGCTAGTTA,0
CGAACAACACACTTTG,0
CGAACAACATACAACT,0
CGAACAAGTTCCCTAG,0
CGAACACAAGCAAAAG,0
CGAACACAGTTATAGG,0
CGAACACCATTCGCAC,0
CGAACACCTAGAACAG,0
CGAACACGAAAAAAGT,0
CGAACACGCATAGGTG,0
CGAACACGGTTTGGAT,0
CGAACACTTACAGTAG,0
CGAACACTTGATTTCC,0
CGAACAGACAAACATC,0
CGAACAGTACAGATGA,0
CGAACAGTCATGAACC,0
CGAACATCATCGACCC,0
CGAACATGAAACACAG,0
CGAACATGGAACTATT,0
CGAACATTAGAAAACA,0
CGAACATTATTCAAAC,0
CGAACCAACTCAATAA,0
CGAACCAACTTCATTC,0
CGAACCAAGCGCCCTA,0
CGAACCAATAATCAGA,0
CGAACCAATGTTAATC,0
CGAACCACACACCAAC,0
CGAACCACTCACGGAT,0
CGAACCAGTAATCGGA,0
CGAACCCAATCCAACG,0
CGAACCCCCCACAAAC,0
CGAACCCCTAGCAAAA,0
CGAACCCGAAAGCCAA,0
CGAACCTAAAACTCGC,0
CGAACCTAATTAATGC,0
CGAACCTACGACCCAA,0
CGAACCTCAAGAGAGG,0
CGAACCTGGAATTGGT,0
CGAACCTTACTTTTAA,0
CGAACCTTCATGTATC,0
CGAACGATACTGTATA,0
CGAACGCATATCGAGG,0
CGAACGCGCTATCTAT,0
CGAACGCTAGTTATTA,0
CGAACGGTACATACGA,0
CGAACGGTGGATACCA,0
CGAACTAATTACCGAC,0
CGAACTAATTGTTACC,0
CGAACTAGATGCTAAA,0
CGAACTAGTAATCATG,0
CGAACTATGAACATTA,0
CGAACTATGTAGACCA,0
CGAACTCAAACCTCAT,0
CGAACTCAATCAGGTA,0
CGAACTCATACACCAT,0
CGAACTCTACAAATAC,0
CGAACTCTCAATGGAG,0
CGAACTCTTTAGTATT,0
CGAACTGCGGCAGTTC,0
CGAACTGGCAGGATTG,0
CGAACTTCAACTTATT,0
CGAACTTGCAACGGTG,0
CGAAGAAAGCCTCATA,0
CGAAGAAATGATCACA,0
CGAAGAAGCACACGTT,0
CGAAGAAGTTCCTTAA,0
CGAAGACGATACATAA,0
CGAAGACGCTTGGGAG,0
CGAAGAGAATACGAAA,0
CGAAGAGACATGTAGA,0
CGAAGAGACCAAGTTG,0
CGAAGAGACTAAAAAT,0
CGAAGATACAGTTAAA,0
CGAAGATACGAGCCAC,0
CGAAGATATTACGAGG,0
CGAAGATCGCAAATAC,0
CGAAGCAAATACGACA,0
CGAAGCAACAAATTTA,0
CGAAGCAATTAAAACT,0
CGAAGCAGAGCGATAA,0
CGAAGCAGGCAAATAT,0
CGAAGCCAAAAGATGA,0
CGAAGCCAAGATGCAG,0
CGAAGCCCGATCACAG,0
CGAAGCCTGGTTACTA,0
CGAAGCCTTGCCCCTT,0
CGAAGCGAATTAGCCC,0
CGAAGCGACCAAAATT,0
CGAAGCGACGGTTTAT,0
CGAAGCGGTATTCCCC,0
CGAAGCTAACGAGCGC,0
CGAAGCTCTTTCGCAA,0
CGAAGCTGTCCGCACA,0
CGAAGGAAACCCCCCC,0
CGAAGGAGCGTATGAT,0
CGAAGGAGTATGAATT,0
CGAAGGATCTAAAAAC,0
CGAAGGCATACTGGAA,0
CGAAGGCCCCCAATAA,0
CGAAGGCGGGAACGAA,0
CGAAGGCTCCCAACAA,0
CGAAGGCTTATGGAAA,0
CGAAGTACAATATCAA,0
CGAAGTACACCTTTAG,0
CGAAGTATATTTTAGA,0
CGAAGTCAACCTCAAA,0
CGAAGTCGCATCCAAA,0
CGAAGTGACGGAGGAA,0
CGAAGTGATCCTGAGG,0
CGAAGTGGCCAATGTA,0
CGAATAAAACCTAAAA,0
CGAATAAACGACAAAA,0
CGAATAAACTGTAAGT,0
CGAATAAACTTTAAAA,0
CGAATAAATATACACT,0
CGAATAAATCTCTTAA,0
CGAATAACACTTAACA,0
CGAATAACGAATATAA,0
CGAATAACGAATCGAG,0
CGAATAAGATCAATTG,0
CGAATAATATACTTTT,0
CGAATAATATGCTTTT,0
CGAATAATATTAAAGT,0
CGAATAATTAGAGTAC,0
CGAATAATTCGGAAGA,0
CGAATAATTTCCTACC,0
CGAATACACAAAAATT,0
CGAATACACCTACACC,0
CGAATACATATCTCAA,0
CGAATACCCAAATATA,0
CGAATACCCTACTAAA,0
CGAATACCTTACAACT,0
CGAATACGTAAGTTCA,0
CGAATACGTGTGCTAA,0
CGAATACGTTACGCAG,0
CGAATACTAGCCCACA,0
CGAATACTTTTGCTTA,0
CGAATAGAAAGTCAAC,0
CGAATAGAATTTACTC,0
CGAATAGAGAGGGAAA,0
CGAATAGCCGAATTGA,0
CGAATAGTAACACAAC,0
CGAATAGTATAAGTAA,0
CGAATAGTGTAATATT,0
CGAATATAAACTTATT,0
CGAATATAGCCATCGA,0
CGAATATCCCATAAGA,0
CGAATATCCCCTACCA,0
CGAATATCCTCGCTAG,0
CGAATATGGGTAGACG,0
CGAATCAATACTTCGC,0
CGAATCACGCAGCCAC,0
CGAATCAGAAAGGATC,0
CGAATCATAACGATCA,0
CGAATCCGGTAATGTT,0
CGAATCCTTCGAGCCG,0
CGAATCGCAGTGTGCA,0
CGAATCGTAACCAAAA,0
CGAATCGTTAGATTGT,0
CGAATCTAGCCATTTC,0
CGAATCTCAAACCCCC,0
CGAATCTCATTAATGA,0
CGAATCTCGAGAAGAT,0
CGAATCTGAGTCGTAG,0
CGAATCTTAAAAAGCT,0
CGAATCTTATATGATT,0
CGAATGAATATAATAA,0
CGAATGAGTTTAACCT,0
CGAATGATAAAAAAAT,0
CGAATGATGCTAACAG,0
CGAATGATGTGCATTA,0
CGAATGTAAATTGGGA,0
CGAATGTATCTAATTT,0
CGAATGTATTTCAACT,0
CGAATGTGATCCTCTA,0
CGAATGTGCTTTTTAA,0
CGAATGTTTATCAGCT,0
CGAATTAAAAAAAGAA,0
CGAATTAAGCCGCTCA,0
CGAATTAATAAAATCA,0
CGAATTACAGACCAAA,0
CGAATTACGAATCGAG,0
CGAATTAGAAAATTTG,0
CGAATTATAGAAAATC,0
CGAATTATCTTAACAA,0
CGAATTCATAACTATA,0
CGAATTCCAACTGATA,0
CGAATTCCCAAAACGA,0
CGAATTCGAATTACTG,0
CGAATTGATAACTTTC,0
CGAATTGTGCTCCGTA,0
CGAATTTATTGATCAA,0
CGAATTTCGTTATACC,0
CGAATTTGCGCCGCTA,0
CGAATTTTTTAAACTC,0
CGACAAAAAGGACTTA,0
CGACAAAAGGAAGCAC,0
CGACAAACCACAAAAA,0
CGACAAACGGGGGTAC,0
CGACAAAGTAACTACG,0
CGACAACAATGAAGAG,0
CGACAACACTGAGTAA,0
CGACAACAGAGACAGA,0
CGACAAGAACAATACC,0
CGACAAGAGTAGCGAA,0
CGACAAGATAACGGGA,0
CGACAAGATAACTATT,0
CGACAAGGTCTTAAAC,0
CGACAATAAGTTACTC,0
CGACAATATCACTATT,0
CGACAATTGGCATGAA,0
CGACAATTTTATATAC,0
CGACACAATCTCCCGG,0
CGACACACGTTACAAA,0
CGACACATGCTCAACC,0
CGACACATTGGGACGC,0
CGACACCTAACCAGGG,0
CGACACGGCCAAGTGG,0
CGACACTAAGCCCACT,0
CGACACTTACTTGGAA,0
CGACAGAAACCCCAGA,0
CGACAGACCCCCCCAA,0
CGACAGACCTGATAAG,0
CGACAGATATATTACG,0
CGACAGATTCTAAACA,0
CGACAGCAGAATAACA,0
CGACAGCTTTTACGAA,0
CGACAGGAACATTGGC,0
CGACAGGAGAGAAAGA,0
CGACAGGATTAGTACA,0
CGACAGGTACTTGAAA,0
CGACAGTCGTCAATCA,0
CGACAGTGCAGAACAA,0
CGACAGTTCGCAGCAG,0
CGACAGTTTATCTCGC,0
CGACATAAACTCTATG,0
CGACATAACGGCACCA,0
CGACATAAGCATAAGA,0
CGACATAGATCTATAC,0
CGACATATACACATAC,0
CGACATCACAAAAAAT,0
CGACATCCAATATGCG,0
CGACATCCCCGAGCGA,0
CGACATCCTCAAACAA,0
CGACATGACCTGCAAT,0
CGACATGATGTATAAG,0
CGACATTAAGAAATCC,0
CGACCAAATATCCGCA,0
CGACCAAGACCGTAAG,0
CGACCAAGGCGCCCAC,0
CGACCAAGTCTCGCAA,0
CGACCAATCAATACTG,0
CGACCAATTGGTTAAT,0
CGACCACAATCACAAG,0
CGACCATTTAAACATA,0
CGACCCAGAATTCGTC,0
CGACCCAGGAGTGCCT,0
CGACCCCATTCTCACA,0
CGACCCCGAAGGACCA,0
CGACCCCTCCGCCATG,0
CGACCCGCTAGTCAAA,0
CGACCCTAAAATAAAG,0
CGACCCTGGATATTTG,0
CGACCCTTTCTCCTAA,0
CGACCGACATAACCCA,0
CGACCGATCCAACACA,0
CGACCGATTCCTGCTA,0
CGACCGCTAAAAACGA,0
CGACCGGACTCACTGC,0
CGACCGGAGCAAAATT,0
CGACCGGAGCATTTAA,0
CGACCGGCAGAGGCGT,0
CGACCGTGTCGACATC,0
CGACCTAATAAACGAA,0
CGACCTACCTCTGCGA,0
CGACCTCACGCGGGCC,0
CGACCTCTATAACTAC,0
CGACCTGACACGAAAG,0
CGACCTGAGCAATGTT,0
CGACCTGCAGCTCAAA,0
CGACCTTCAGCTACCA,0
CGACCTTGCACCACCA,0
CGACCTTTCGAAATCA,0
CGACGAAATAGTTGAC,0
CGACGAAGAGTGAGTA,0
CGACGAATAGAAACTA,0
CGACGAATATACATGC,0
CGACGACACGCTCTTC,0
CGACGACCCCCGTCAA,0
CGACGACTTTAACTTG,0
CGACGACTTTCCATTA,0
CGACGAGATACGCAAC,0
CGACGAGATATAGAAC,0
CGACGATACGTAATTA,0
CGACGATATGCAATTA,0
CGACGCAAATCATGAC,0
CGACGCATAATACATA,0
CGACGCATGTTCACCT,0
CGACGCCAATAGAAAT,0
CGACGCGACCATACTT,0
CGACGCGCAAGGCGTG,0
CGACGCGTCTTAGCTT,0
CGACGCTGGGTGAGTA,0
CGACGGCAAAATGAGT,0
CGACGGCGCATTGATT,0
CGACGGGAACAATTTC,0
CGACGGTTGAAAATTC,0
CGACGTAACAGGCATC,0
CGACGTAATTAGCACC,0
CGACGTACCCAATCCA,0
CGACGTACGCCCCATT,0
CGACGTCAAACCAATT,0
CGACGTCGACTGGGAT,0
CGACGTGAACGTAATG,0
CGACGTTCCTGCCGTC,0
CGACTAAAACCAGAAT,0
CGACTAAACTGAGCGC,0
CGACTAAAGACAAGGA,0
CGACTAAATATATAGA,0
CGACTAAATCTAAGTA,0
CGACTAACATACCGTA,0
CGACTAACCGATCTGG,0
CGACTAAGTACATCGG,0
CGACTAAGTTAGAAGA,0
CGACTACAGTTACATC,0
CGACTACTATTAGCAT,0
CGACTACTCCATTCGG,0
CGACTAGAGGGCTTGA,0
CGACTATACTATTATG,0
CGACTATATGCAACAG,0
CGACTATTTGATTTTC,0
CGACTCAATCCAGAGG,0
CGACTCACATCAGGCG,0
CGACTCACCCTCATAT,0
CGACTCATCACTTCAA,0
CGACTCATTGATTGTC,0
CGACTCCAATCGAAAA,0
CGACTCCTCGAGACAT,0
CGACTCTAAACAAACG,0
CGACTCTATCATCTCA,0
CGACTCTCTAATCAAT,0
CGACTGAAGGACTGCT,0
CGACTGAGGAACAACA,0
CGACTGCATATAAAAA,0
CGACTGCCCGAGGGCA,0
CGACTGCTTTGGAATT,0
CGACTGTAAAACAGCG,0
CGACTGTAATCCTGCA,0
CGACTGTAGATGTTCA,0
CGACTGTCCTCTGTGT,0
CGACTGTGCAATCATT,0
CGACTTACCCGTAAAA,0
CGACTTACGCGTAGAG,0
CGACTTATTAATAGAG,0
CGACTTATTTCAAAGT,0
CGACTTCACCCGAGTA,0
CGACTTTATTTTAAAT,0
CGAGAAAAAAACCAAA,0
CGAGAAAAAGAGTGAC,0
CGAGAAAACCGATTTC,0
CGAGAAACAAAAAATA,0
CGAGAAACTAATTTGA,0
CGAGAAAGAAAACGAA,0
CGAGAAATACACAATA,0
CGAGAAATATCAACAA,0
CGAGAAATATGAAAGA,0
CGAGAAATATTTTCAG,0
CGAGAAATCAAACTGA,0
CGAGAAATCATATAGG,0
CGAGAACAGTCATTCG,0
CGAGAACATAAGCAGA,0
CGAGAACCAACTATAT,0
CGAGAACCTCAGCGGT,0
CGAGAACTCAATGATA,0
CGAGAACTGAAACTTC,0
CGAGAAGAACCTTGTA,0
CGAGAAGATACTCAGT,0
CGAGAAGGAAACGAGT,0
CGAGAAGGCTTTCAAT,0
CGAGAATAACCCACCG,0
CGAGAATAATTAAGTC,0
CGAGAATCACAAAACA,0
CGAGAATGTGCAGTTC,0
CGAGAATTAAATTACA,0
CGAGACAACTCCATTG,0
CGAGACAATGTCAAAT,0
CGAGACAGAACGAAGA,0
CGAGACATGACATCAC,0
CGAGACCAACTCGAGT,0
CGAGACGATCGTAATT,0
CGAGACTAGACTATCA,0
CGAGACTGGTCAAGGC,0
CGAGACTGTGTCCTTC,0
CGAGAGAATGGCGAGG,0
CGAGAGACATTTTGAT,0
CGAGAGAGCGCAATGT,0
CGAGAGCTAAATGTAA,0
CGAGAGGCGGTCTGGT,0
CGAGAGGTTTGTAGGC,0
CGAGATAAACACAGTC,0
CGAGATAACAATTAGT,0
CGAGATAATAGTCGTT,0
CGAGATACCAAAAACA,0
CGAGATCAAAGTATAC,0
CGAGATCAAGATCCCC,0
CGAGATCCTAATGACA,0
CGAGATCGGTAAATCT,0
CGAGATGTACAAATAG,0
CGAGATGTGACAATAG,0
CGAGATTCAAAACCAA,0
CGAGCAAGGCAGTGAC,0
CGAGCAAGTTCGACTC,0
CGAGCAATTACATTTA,0
CGAGCACAAAAATTAC,0
CGAGCACCATCCACAT,0
CGAGCACTGAAGCGTA,0
CGAGCAGAACACTAAT,0
CGAGCAGACCACTTCT,0
CGAGCAGAGACGCAGT,0
CGAGCAGATTAAATAA,0
CGAGCATATAACATAG,0
CGAGCATCCAGGAATT,0
CGAGCCAATCGTGGTA,0
CGAGCCACGATATATA,0
CGAGCCATATCCAGAT,0
CGAGCCCACCGCATTG,0
CGAGCCCTGTGGCGTA,0
CGAGCCTACGCCTTAC,0
CGAGCCTTTGTCCACG,0
CGAGCGAGATTATAAA,0
CGAGCTAAAAAGACAC,0
CGAGCTACTTACTGGA,0
CGAGCTAGAGCAATAG,0
CGAGCTAGCGCGCTCA,0
CGAGCTCAAGAGAAGT,0
CGAGCTGAAGAACTTC,0
CGAGCTGACTGATATT,0
CGAGCTGTCAATATTG,0
CGAGGAAACCCTTGCC,0
CGAGGAAATCCTGAGC,0
CGAGGAGGAGTAGAGT,0
CGAGGAGGGGGGCGTT,0
CGAGGATACCCTCAAA,0
CGAGGCACCCTGTGAT,0
CGAGGCCTATACAGAA,0
CGAGGGCAATTTCTGA,0
CGAGGGCAGCTGAAAG,0
CGAGGGGAATTCTAGT,0
CGAGGGGACCGAGACT,0
CGAGGGGGTGACAAAG,0
CGAGGGTTTACTCTAA,0
CGAGGTAGTACACGCT,0
CGAGGTCATCTCGGAG,0
CGAGGTCCAAGATAGG,0
CGAGGTCCGCAACGAT,0
CGAGGTCCGCATACCT,0
CGAGGTCGAATTGTAT,0
CGAGGTGATAACTAGA,0
CGAGTAAAAAACTGAA,0
CGAGTAAATGTACCCA,0
CGAGTAATAACACTTT,0
CGAGTAATACCCCAAG,0
CGAGTACCATTTATCC,0
CGAGTAGTTAATCCCC,0
CGAGTATACATATTCG,0
CGAGTATGCTACCTAA,0
CGAGTCACCACCAATA,0
CGAGTCATTGCCTGGA,0
CGAGTCATTTACGCAG,0
CGAGTCGACATTCTAG,0
CGAGTCGGCTCCGACA,0
CGAGTCTAATAGTAAA,0
CGAGTCTATCGCATCG,0
CGAGTGAAACTAAGTC,0
CGAGTGACAATGATCG,0
CGAGTGATGTTGGCCA,0
CGAGTGCCGAAGCCCT,0
CGAGTGGTTAGAGAAA,0
CGAGTGTAAAACTTAG,0
CGAGTTAAAAAGCCGA,0
CGAGTTAATGCTTACA,0
CGAGTTACAGAGCACC,0
CGAGTTCCATTAAAAT,0
CGAGTTCGCCATACTC,0
CGAGTTGCGCAGCCAT,0
CGAGTTGTCACCGTAA,0
CGAGTTTACACCTCCC,0
CGAGTTTTGCGAATCC,0
CGATAAAAGAGATGGA,0
CGATAAAAGATGCAGA,0
CGATAAAAGCACAATT,0
CGATAAAAGTGTCATA,0
CGATAAAATAATACCG,0
CGATAAAATCTGCATT,0
CGATAAAATTCTTCTT,0
CGATAAACAAATGAAC,0
CGATAAACCGGTGAAT,0
CGATAAAGGTCGTCGA,0
CGATAAAGTCACATAC,0
CGATAAAGTTCATCAG,0
CGATAAATTATGCATA,0
CGATAACTACTGAACA,0
CGATAACTTCTAATTT,0
CGATAACTTGCACGTC,0
CGATAAGTTATAGTTC,0
CGATAATAAGAAATTT,0
CGATAATACCGGTTCA,0
CGATAATCTACACGAT,0
CGATAATCTGAAATAA,0
CGATAATGTGTATACA,0
CGATAATTTCAAAAAA,0
CGATACAACCACGTGA,0
CGATACAACGAGTGGA,0
CGATACACGCAAGTGG,0
CGATACAGACCGGGTA,0
CGATACCCTTAACAAA,0
CGATACCCTTCGACTT,0
CGATACCGTTTTATCC,0
CGATACCTTATTTACG,0
CGATACGACAATACTC,0
CGATACGTATAGCTTT,0
CGATACTATCTGCACA,0
CGATACTCAGAATACC,0
CGATACTCTACATGCG,0
CGATACTGACCTAACA,0
CGATACTTAGTCGTGA,0
CGATAGACTCCACGAC,0
CGATAGACTCGCCGTC,0
CGATAGATAATACACG,0
CGATAGATCATTACTC,0
CGATAGCCTAAGCCAA,0
CGATAGCGAATACATA,0
CGATAGCGCTAATAGA,0
CGATAGGGTCAAACCT,0
CGATAGGTAGTTCGTT,0
CGATAGTAAAGCATGA,0
CGATAGTACTTTGCTT,0
CGATAGTAGAAAGCTC,0
CGATATAAAGCCCACG,0
CGATATAATTACGTCT,0
CGATATAGACGACCGC,0
CGATATAGATAGTAAA,0
CGATATCAAAAGAAAC,0
CGATATCACCAATGTG,0
CGATATCACCACTTTT,0
CGATATCCCGAACACA,0
CGATATCCTAAAAATA,0
CGATATCCTGTAACGT,0
CGATATCGACGAGTTA,0
CGATATCGCAAGCAGG,0
CGATATCGGTGATACA,0
CGATATCTTTCCTACA,0
CGATATGAAATAAAGA,0
CGATATGCAGTTAATG,0
CGATATGTATCAAAAC,0
CGATATTATATCGAAT,0
CGATATTCACTTCAGA,0
CGATATTGAATTCGCG,0
CGATATTGGCTTTCCC,0
CGATATTGTTCACGAC,0
CGATCAAAAATCAGAA,0
CGATCAAAGATATCTA,0
CGATCAACCCTCACAA,0
CGATCACACGAATATT,0
CGATCACATAAAGCGA,0
CGATCAGTTTTTGACT,0
CGATCATACCTTATAC,0
CGATCATTCGAGTTTC,0
CGATCCAGCGAGCGAC,0
CGATCCAGGTCGGGAG,0
CGATCCATAAATGAAA,0
CGATCCCACTAGCAAC,0
CGATCCCGAGTGTTTC,0
CGATCCGAATTCTCAA,0
CGATCCGGGGCTAGAT,0
CGATCCTCTAAACTAT,0
CGATCCTGACAGCGGA,0
CGATCGAAATCAGTAG,0
CGATCGAATCATCCCT,0
CGATCGCGCTCAAAAG,0
CGATCGTTGACTAGCA,0
CGATCTAACAATCAGA,0
CGATCTAAGTCTCCTA,0
CGATCTACAGCCAAAA,0
CGATCTAGCTATAAAA,0
CGATCTATATAAGTAC,0
CGATCTCCAACAGAAG,0
CGATCTCCCACCTGGG,0
CGATCTGAATAGGATC,0
CGATCTTCAGATGTCA,0
CGATCTTCCGGGAGAC,0
CGATCTTGAGGAGGGC,0
CGATCTTGCATAACAG,0
CGATCTTGGTTGGCTT,0
CGATCTTGGTTGGTTG,0
CGATGAAATAAAGAGA,0
CGATGAAATATTCGAG,0
CGATGAACCTTAACTT,0
CGATGAAGGTCATAGT,0
CGATGAATCATAAAAT,0
CGATGAGCAAATGCAG,0
CGATGAGGGTCCCTGG,0
CGATGAGTGACTCAGC,0
CGATGATAAAATGGTC,0
CGATGATAAACTAAAA,0
CGATGATAATATCGCC,0
CGATGCAACCGTGACG,0
CGATGCCAAGAAACGC,0
CGATGCCAATTTACTT,0
CGATGCCATTCCGTCC,0
CGATGCCGATCCAAGT,0
CGATGCCGTTTTCGCG,0
CGATGCGAAGTTATAT,0
CGATGCGACACCTAGT,0
CGATGCGCCAATTGAA,0
CGATGCGTAAATGGGT,0
CGATGCTAAAAATGAT,0
CGATGCTAATGAAAAG,0
CGATGGAAACCCTGCT,0
CGATGGACCAGTTATA,0
CGATGGACGGCTACAA,0
CGATGGAGCTACTAAA,0
CGATGGGCCGTTTGTT,0
CGATGGGTAGAATCTC,0
CGATGGGTCAGTAGAA,0
CGATGGTATAAATGTA,0
CGATGTATCGCCATAC,0
CGATGTCAAAAGTCCC,0
CGATGTCAGCAATCTT,0
CGATGTCATACTACTA,0
CGATGTCCGTAGCAAA,0
CGATGTCTATGGGCTC,0
CGATGTGAGGCTCTGC,0
CGATGTGCAGAACAAC,0
CGATGTGGTATTAGTA,0
CGATGTGTCAATAGAT,0
CGATGTTATCACTGAT,0
CGATGTTCTCAGCGTA,0
CGATGTTTCGAACACG,0
CGATGTTTTAAACAAT,0
CGATTAAAAATTATTC,0
CGATTAAAATCAATTG,0
CGATTAACACGCACAG,0
CGATTAACAGTACATG,0
CGATTAAGACTTAGAC,0
CGATTAAGTCTTTAGT,0
CGATTACAAATAATGC,0
CGATTACATAGATAAC,0
CGATTACGACTACCAG,0
CGATTACTCCGTAGTA,0
CGATTAGAGGAGATAT,0
CGATTAGCCCATTTAA,0
CGATTAGCGTATGTAA,0
CGATTATACCAGAGTG,0
CGATTATAGCTGCGCA,0
CGATTATGGTACAAGC,0
CGATTATGTTAAATAA,0
CGATTATTATCGTCTT,0
CGATTATTTAATATAC,0
CGATTCAAAACCGATG,0
CGATTCAAAGAATTAC,0
CGATTCAGTATTTTAA,0
CGATTCGTGATTTCAC,0
CGATTCTAAACAACCT,0
CGATTCTAGAAAAGAA,0
CGATTCTTATATGAAA,0
CGATTCTTGGATCGAA,0
CGATTGAAAACAATCG,0
CGATTGATTTAAATAC,0
CGATTGCAAAGACACC,0
CGATTGGTAAAAAATA,0
CGATTGTCACATCTTG,0
CGATTGTGCTTAATTT,0
CGATTGTTATAAACAC,0
CGATTTACAGCAAAAT,0
CGATTTACCACTGTCG,0
CGATTTACCATCCAAC,0
CGATTTATGTGTAAAA,0
CGATTTATGTGTTGTA,0
CGATTTCAATTCCCAG,0
CGATTTCATACAGCAT,0
CGATTTCCAATAAGAA,0
CGATTTCTATCTATAG,0
CGATTTGAATTTCTCC,0
CGATTTGCTTGTGAAT,0
CGATTTGCTTTATAGA,0
CGATTTTCTCATCGTT,0
CGATTTTTGTCTAGAA,0
CGCAAAAACGTTATTA,0
CGCAAAAACTCCCCAG,0
CGCAAAAATAGGATAC,0
CGCAAAACCAACTTAC,0
CGCAAAAGATAATAAT,0
CGCAAAAGCATTTAGC,0
CGCAAAATGGTTGATC,0
CGCAAAATGTAAAAGG,0
CGCAAACAAAAATGTG,0
CGCAAACAACTACGCG,0
CGCAAACAATGTTCGC,0
CGCAAACAATTAGTAT,0
CGCAAACAATTATCAC,0
CGCAAACGACCATCTA,0
CGCAAACGCTCCGTAG,0
CGCAAACTTTGCATAT,0
CGCAAAGAAGGCAGAT,0
CGCAAAGACCAACGAG,0
CGCAAAGATAAATAAA,0
CGCAAAGCAAAGGAAA,0
CGCAAAGTCTAAATAG,0
CGCAAAGTCTGAGCTT,0
CGCAAAGTGATTTTAG,0
CGCAAATAAACACAAA,0
CGCAAATATGACATCA,0
CGCAAATGGCATATAT,0
CGCAAATTCAGAGTAA,0
CGCAACAACTAACCAT,0
CGCAACATGATTCCAA,0
CGCAACCCATATTCAA,0
CGCAACGCGACGCCTC,0
CGCAACGTTAAACGTG,0
CGCAACTTTCAAATTC,0
CGCAAGAAAGTACCGA,0
CGCAAGAAGGGTTACA,0
CGCAAGACCATTTCTT,0
CGCAAGATACTGTGAC,0
CGCAAGGCAAGAATAC,0
CGCAAGGTCAACGACG,0
CGCAAGTTAGAACGTA,0
CGCAATAAAAACAGCG,0
CGCAATAAAAATAGAA,0
CGCAATAGAAGAGACA,0
CGCAATATATTCTTTA,0
CGCAATATTGACTACG,0
CGCAATCGACTATGAC,0
CGCAATCTGGTTAAAA,0
CGCAATGCCAAGATTT,0
CGCAATGTAACTGCCT,0
CGCAATTGCCAACCAA,0
CGCAATTTAAACAACA,0
CGCAATTTTTGCTCGA,0
CGCACAAAATCGGGTT,0
CGCACAAACGTATACA,0
CGCACAATGGAACTAT,0
CGCACACAAGCACAAC,0
CGCACACATTAACGTG,0
CGCACACTACATATTT,0
CGCACACTGCAATCAC,0
CGCACATTAAATTCCA,0
CGCACATTCACAGGAA,0
CGCACATTTTGCGATT,0
CGCACCACAACGTGCG,0
CGCACCACAGACTCAT,0
CGCACCCTACCAAATA,0
CGCACCGCATGGCTGG,0
CGCACCTCCGTTAACG,0
CGCACCTCTTGATCAG,0
CGCACGACAATTGGTC,0
CGCACGGCGCCGATCT,0
CGCACGGGACTGGATT,0
CGCACGTACGCCAAAT,0
CGCACGTCTTATAACT,0
CGCACTAACATCTGGC,0
CGCACTACATGCTGGC,0
CGCACTAGACTAAATA,0
CGCACTCTCATACATT,0
CGCAGAAAAATCTTGT,0
CGCAGAAACAGACAGA,0
CGCAGAAAGACTGTTA,0
CGCAGAAATATATCCC,0
CGCAGAAGCTCGCTGA,0
CGCAGAAGTCTAAACT,0
CGCAGAATGACTTCCT,0
CGCAGACAACGAATGG,0
CGCAGACCATATCAAA,0
CGCAGACCTAGGTCGA,0
CGCAGACTGGAATTTA,0
CGCAGAGTAATAATAA,0
CGCAGATAAAACCAAA,0
CGCAGATACAACATAC,0
CGCAGCAAAATGTGGA,0
CGCAGCAAACGAGAAA,0
CGCAGCAAATGCCCTA,0
CGCAGCCCCAAACCCC,0
CGCAGCCCGCAACTAA,0
CGCAGCTTCGTATCGA,0
CGCAGGAGACTGGGTT,0
CGCAGGATACAAACCA,0
CGCAGGCAACTCAGTC,0
CGCAGGGGGTTCCTCA,0
CGCAGTAATAAACACA,0
CGCAGTATTGTACATT,0
CGCAGTCACGAACCCA,0
CGCAGTCTGTAAGAGC,0
CGCAGTGAAGACAAAG,0
CGCAGTGTCACCGTGT,0
CGCAGTTAACCGAACC,0
CGCAGTTACCAGTGCC,0
CGCAGTTAGCACAGTG,0
CGCAGTTCACGCCACA,0
CGCAGTTCTACTAGTT,0
CGCATAAACTAGAAGG,0
CGCATAAATCAAAGAG,0
CGCATAACCTGGGACC,0
CGCATAATAGACATAG,0
CGCATAATAGTTAACA,0
CGCATACAAATGAGGT,0
CGCATACAACCCTGAC,0
CGCATACACCCCACTG,0
CGCATAGATTTTGTCC,0
CGCATAGCCAAATACA,0
CGCATAGTAAAACCTC,0
CGCATATAGTCAATGT,0
CGCATCAACCACTCCC,0
CGCATCAAGCTACACC,0
CGCATCCATTCATAAA,0
CGCATCCCATTCTCTC,0
CGCATCGTTGTAAAAT,0
CGCATCTATACAGTGA,0
CGCATCTGGACGCGAT,0
CGCATCTGGCCCTATA,0
CGCATGAGCAAAATCA,0
CGCATGCGACATTATT,0
CGCATGCGTCCACTGA,0
CGCATGGTGTGCGTAA,0
CGCATGTATAATCCTC,0
CGCATTAACGGAGACC,0
CGCATTAATTCATTAT,0
CGCATTCACGTCCATA,0
CGCATTCAGTTACAGT,0
CGCATTCTAACGTTAG,0
CGCATTCTTAGCTGAA,0
CGCATTGGAAGACACA,0
CGCATTTAAACATTAC,0
CGCATTTAACGAAACC,0
CGCCAAAAAAAATATC,0
CGCCAAAACCAATAAC,0
CGCCAAACCTCGAAGA,0
CGCCAAACGACAAGGC,0
CGCCAAATCGAACAAC,0
CGCCAAATTACTCGAG,0
CGCCAACAACGAACCA,0
CGCCAACAATTGGCCT,0
CGCCAACAGTATAGTA,0
CGCCAACCCACCATTC,0
CGCCAACTGCTTTAGC,0
CGCCAAGAGAAAAACA,0
CGCCAAGGTGAATGAG,0
CGCCAATACATTTAAC,0
CGCCAATATGCCACGC,0
CGCCAATCCTAGGATC,0
CGCCAATGTGCGAGTG,0
CGCCAATTGACGAAAG,0
CGCCACAAAAACTGAT,0
CGCCACCAACGATAAC,0
CGCCACGAACGCGCGC,0
CGCCACGGGTGAGCCC,0
CGCCACTACCCCGAGG,0
CGCCAGAAAGAACAAC,0
CGCCAGATAGCATTAG,0
CGCCAGATATACATCT,0
CGCCAGTCCTCGCAGT,0
CGCCAGTCGGTAAATC,0
CGCCAGTTCCTAATAC,0
CGCCAGTTGTCGCGCT,0
CGCCATAATAATCTTT,0
CGCCATACGTATAACA,0
CGCCATACTTCAAACG,0
CGCCATAGAGTCTAAC,0
CGCCATAGTAGAGAAA,0
CGCCATCAAACATGGA,0
CGCCATCAATACATAA,0
CGCCATGGAGTCCAAC,0
CGCCATTGACCGTAAT,0
CGCCATTGATTGCGTG,0
CGCCATTTGATCGTAG,0
CGCCCAAAGCCTTCGC,0
CGCCCACATAAAACTT,0
CGCCCAGATGGTCAAT,0
CGCCCAGGGCGTGAAA,0
CGCCCATGGATAGAAC,0
CGCCCCCAGTAAAATA,0
CGCCCCCATGGAAGAC,0
CGCCCCGTCATGCGCA,0
CGCCCGAACGAGAATA,0
CGCCCGAATAAAAACA,0
CGCCCGCATAGGACGT,0
CGCCCGCGAACTTTAA,0
CGCCCGGATAGCCCAT,0
CGCCCGGGATACTTTA,0
CGCCCGTAGCTGTTAG,0
CGCCCTCGACCACAGA,0
CGCCCTGCCAACAATC,0
CGCCCTTAAAGGTCGG,0
CGCCGAATACTCAAGT,0
CGCCGACAAAAAGCGA,0
CGCCGAGGGCTTATAC,0
CGCCGCAGTAGCTAAT,0
CGCCGCATAATAATAC,0
CGCCGCTGCCATTTAA,0
CGCCGGAGAATGGATG,0
CGCCGGCAAACTAATG,0
CGCCGTTAAGCAGACG,0
CGCCGTTGGCTAATAG,0
CGCCTAACTCGGACGT,0
CGCCTACACTGCAGAC,0
CGCCTACGACAACGCA,0
CGCCTATGAGGCAATA,0
CGCCTATTTATTACTT,0
CGCCTCAGTATTCCGT,0
CGCCTCCAAGTGAACA,0
CGCCTCCACAAATCTA,0
CGCCTCTCCGCTAAGT,0
CGCCTGACTTCCAGAA,0
CGCCTGATGGCCACCT,0
CGCCTGCATGAGTCTT,0
CGCCTGTGGAACTAAA,0
CGCCTTAGCCCAACGA,0
CGCCTTAGTGACAAGA,0
CGCCTTATATGGTGAA,0
CGCCTTCCGATCACTT,0
CGCCTTGCCCAACTTG,0
CGCCTTTCAGATCTAA,0
CGCCTTTGAATCGACG,0
CGCCTTTGGAGAAGAA,0
CGCCTTTTATATACTA,0
CGCGAAAACGCTGGAA,0
CGCGAAATTCGCGGTA,0
CGCGAACAAAAAATGA,0
CGCGAAGAAAACCTCG,0
CGCGAAGCGAGTCCAA,0
CGCGAATATCTATAAC,0
CGCGAATCACCGTACA,0
CGCGAATCCACGTACA,0
CGCGAATCCTGAAGAC,0
CGCGAATTTCAGGTTT,0
CGCGACAAGACATACT,0
CGCGACATGACGACAA,0
CGCGACCCACCACATC,0
CGCGACCGAACACCTC,0
CGCGACCTGCGACTTA,0
CGCGACGAAACTTTGG,0
CGCGACGAAGGAACTA,0
CGCGACGCAGAGAACA,0
CGCGAGAAGCTACCAC,0
CGCGAGCACCTAAATA,0
CGCGAGCCAGGACGCA,0
CGCGATAAAGAAGCAG,0
CGCGATAGTATCGACA,0
CGCGATCATTTATATC,0
CGCGATCCCTGCCGGA,0
CGCGATGATACTTTAG,0
CGCGATTAAGTGTACC,0
CGCGCAAAAAACTACT,0
CGCGCAACATCACACA,0
CGCGCACAATTCTAAC,0
CGCGCACATATCATGG,0
CGCGCACATATCCAAA,0
CGCGCATATGTAGCGC,0
CGCGCCCAATAATATG,0
CGCGCCCAGGAACTTT,0
CGCGCCCCGAGTTACT,0
CGCGCCCTTTACCATT,0
CGCGCCTCTACACTCG,0
CGCGCCTGTATGTAAG,0
CGCGCGCCCTCACAAC,0
CGCGCTAAGTTACCTA,0
CGCGCTACCCTCTTTT,0
CGCGCTACCCTGCAGA,0
CGCGCTCACATATAAA,0
CGCGCTGATCCCCATA,0
CGCGCTTAACCAAAAA,0
CGCGGAAACGCGTCTT,0
CGCGGAAATTACATAA,0
CGCGGAACGTGATTTA,0
CGCGGACATAGTATCT,0
CGCGGACTAGAGATCT,0
CGCGGATTATAACAGA,0
CGCGGCCAGAAAGAAG,0
CGCGGGCCTTAAGAGA,0
CGCGGGGGCCCAACTT,0
CGCGGGTGTGCTGGCT,0
CGCGGGTTATTAATCA,0
CGCGGTAAAACACGTA,0
CGCGGTATACGCACTA,0
CGCGGTGATTCATGCC,0
CGCGGTTTTCTAGGGT,0
CGCGTAAGAGTAATAT,0
CGCGTACAAAGTTCTG,0
CGCGTATCGACTTCTC,0
CGCGTCTTAAAGTATC,0
CGCGTTATACGTACGC,0
CGCGTTCATAAGCAGT,0
CGCGTTCCCCACCGGT,0
CGCGTTGTCTCGGATC,0
CGCTAAACGCTAACGG,0
CGCTAAATTTACCTGA,0
CGCTAACATAACGATC,0
CGCTAACCACAGGACA,0
CGCTAACGTTACACTT,0
CGCTAACTACTTGATG,0
CGCTAACTGTTCAAAA,0
CGCTAAGCCCGGCACT,0
CGCTAAGTCGCATGAC,0
CGCTAATAACGCAACC,0
CGCTAATACACCCTGC,0
CGCTAATTTTTAAGCA,0
CGCTACAATACGACAC,0
CGCTACACATGGTGAT,0
CGCTACATAGGACATT,0
CGCTACCCCTTGAAAA,0
CGCTACCCTGAACTAT,0
CGCTACTAACTTAGTG,0
CGCTACTCTGACGGGT,0
CGCTACTGGTCAGGTA,0
CGCTAGAAAATAAGAG,0
CGCTAGAATACGTTAA,0
CGCTAGAGCGAACAGA,0
CGCTAGCACGAAAAAA,0
CGCTAGTAAAAGGTTC,0
CGCTAGTCAAATTCTT,0
CGCTAGTTTTTAATTG,0
CGCTATACCGCGGTAA,0
CGCTATCGGAAAATAG,0
CGCTATCTACGGCGGT,0
CGCTATCTTAGTGTGT,0
CGCTATCTTGGATTGT,0
CGCTATGAAACCAAAA,0
CGCTATGATTGTTTTA,0
CGCTATGGCCCATATC,0
CGCTATTATATGCTTG,0
CGCTATTTTCAAACCA,0
CGCTCAAGATCTTTGT,0
CGCTCAGAAATTTTAT,0
CGCTCAGAACAAACAT,0
CGCTCATCTATACATA,0
CGCTCATTACGGGAAC,0
CGCTCCACCTTACAGC,0
CGCTCCAGTGCTACGG,0
CGCTCCATTAATTTAA,0
CGCTCCCCGTCGAATT,0
CGCTCCTTATTCTATG,0
CGCTCCTTTCCAAAAT,0
CGCTCGAAAGTGACAA,0
CGCTCGAACAAGAGAG,0
CGCTCGCGGGTGATAC,0
CGCTCGTCCTCCCACT,0
CGCTCTACAATATGCC,0
CGCTCTACACACTATC,0
CGCTCTAGTCGGCACA,0
CGCTCTATAGACCACA,0
CGCTCTCATAGGCTAA,0
CGCTCTCGACTCAATT,0
CGCTCTGCGATTTATA,0
CGCTCTTGGAACCGTA,0
CGCTGACATCTGTTTA,0
CGCTGAGACAGAATAA,0
CGCTGATATCTCACAG,0
CGCTGATCGAAACAGT,0
CGCTGATGGCAAGTTC,0
CGCTGATGTGACCCTA,0
CGCTGATTAGAAAGTA,0
CGCTGCACAGAACATC,0
CGCTGCACATGTAAAC,0
CGCTGCAGACCTAAAA,0
CGCTGCATTTAACGAT,0
CGCTGCCCAAAAGTTC,0
CGCTGCTTACCCCATG,0
CGCTGGCTCATTTCCA,0
CGCTGGGCGACCCTGT,0
CGCTGGGGCGATGTTG,0
CGCTGGTCACCTACAT,0
CGCTGTAAAACAAAAC,0
CGCTGTCACGTTTAAA,0
CGCTGTCTCCAAATAT,0
CGCTGTGATAAATAGA,0
CGCTGTGTCCACCAAG,0
CGCTGTTATGCCATAA,0
CGCTTAAAAAGTAATC,0
CGCTTAAACCGGAAGG,0
CGCTTACAGGAAATCA,0
CGCTTACATCCATAGC,0
CGCTTACTCATTATGA,0
CGCTTACTGGCCTTTA,0
CGCTTAGAAAAGTCAG,0
CGCTTAGAGTGGCTCA,0
CGCTTAGAGTTACGAC,0
CGCTTAGCCTCTATAA,0
CGCTTATATCAACGGT,0
CGCTTATATGCTCAAT,0
CGCTTATGAATCCAGC,0
CGCTTATGACCTCCTT,0
CGCTTCAATCTTTATA,0
CGCTTCACCAACCTAC,0
CGCTTCCAAACTAGCA,0
CGCTTCCAGAGTAACC,0
CGCTTCCGTGACGCCG,0
CGCTTCGTGCACATAA,0
CGCTTTCCTGACATTG,0
CGCTTTGTATGATAAA,0
CGGAAAACCCACAAAC,0
CGGAAAAGAAAAGTAA,0
CGGAAAAGTTTACAAT,0
CGGAAAATAAATACCA,0
CGGAAAATAATCATAC,0
CGGAAACAGCATAAAA,0
CGGAAACGAATTTAAG,0
CGGAAAGAAAAAGAAG,0
CGGAAAGATAAAAAGT,0
CGGAAAGATAATCCTT,0
CGGAAAGGAAAATACA,0
CGGAAAGGGGAAACCT,0
CGGAAAGTACATTGTT,0
CGGAAATAAACACGAG,0
CGGAAATAATAATGAG,0
CGGAAATCGAAATCAC,0
CGGAAATGATTGTGAC,0
CGGAAATGTGGCTGAG,0
CGGAACACCCCTGTAC,0
CGGAACCACCCCGGCA,0
CGGAACCCGCACACAC,0
CGGAACCTCTCCAGAC,0
CGGAACGAGGTAATAA,0
CGGAACGTCAGAATTT,0
CGGAACTATAAAATTC,0
CGGAACTGGCACGTAA,0
CGGAACTTAGATGAAA,0
CGGAAGAACAAACAAT,0
CGGAAGACCGGGCACC,0
CGGAAGACCTCACCGT,0
CGGAAGACGTGTAATA,0
CGGAAGAGACCACACC,0
CGGAAGATAAAATCTC,0
CGGAAGCAAGAGCACC,0
CGGAAGCGTCCCAGCG,0
CGGAAGGGAGTGAAAT,0
CGGAAGGTAAACCCGA,0
CGGAAGTACATTCCAA,0
CGGAAGTTCGACTAGG,0
CGGAAGTTGACCACCA,0
CGGAATAAACTACAGC,0
CGGAATAATTTAAGCA,0
CGGAATACATGTTAAA,0
CGGAATACCCGGCACC,0
CGGAATAGAGTAATCA,0
CGGAATATTTAGCTAA,0
CGGAATGCGGCCACCC,0
CGGAATGCTCTTAAAA,0
CGGAATGTTCTATGAG,0
CGGAATTAATTTACGG,0
CGGAATTACACCAACT,0
CGGAATTATGTACCAA,0
CGGAATTCGAGAAAAA,0
CGGAATTGATAAAGGA,0
CGGAATTGTTAAATAA,0
CGGACAAAAACTAGCA,0
CGGACAAATATCTGCA,0
CGGACAACATTTTTTG,0
CGGACAAGCATTGCTA,0
CGGACACGTAACGTAT,0
CGGACAGCCCCTTTGT,0
CGGACATTAAAAAGCT,0
CGGACCAAACATCCCG,0
CGGACCAACACGTATC,0
CGGACCCATCAACCAT,0
CGGACCCTCAAACAGA,0
CGGACCGATAGTGCTA,0
CGGACCTATAATAAGA,0
CGGACCTGCGGATGAG,0
CGGACCTTTCAGTTGG,0
CGGACGAAAACCTCAC,0
CGGACGAACAGAAGTG,0
CGGACGACTAGAGTTA,0
CGGACGATATCATCAC,0
CGGACGATCTTTAAGA,0
CGGACGCCTCGGAATT,0
CGGACGTAGTCATACT,0
CGGACGTATAAGCCAG,0
CGGACTAACAACCGAG,0
CGGACTACATAGCAAC,0
CGGACTCCACAAAATA,0
CGGACTGAACTTTAAG,0
CGGACTGAATAAAAAA,0
CGGACTTGTCATAAGA,0
CGGAGAAGTAGCTTTA,0
CGGAGAATTACCATGT,0
CGGAGACTCAGTGCAT,0
CGGAGAGAGATCGGCA,0
CGGAGAGGCGGTAAGC,0
CGGAGAGTTCCTAAGA,0
CGGAGATCGAATATAC,0
CGGAGATTCAATCCTT,0
CGGAGATTCCAAGACG,0
CGGAGCCATCAGTACG,0
CGGAGCTAAGAAACAA,0
CGGAGCTGTCGAGGTC,0
CGGAGCTTGTAAACGA,0
CGGAGGACCCAATAAA,0
CGGAGGCATCTTCAGA,0
CGGAGGGCACAGCGAT,0
CGGAGGGCCATCTCGC,0
CGGAGTGCCAAGGGAA,0
CGGAGTGTTAAAGACG,0
CGGATAAAGCTGTCCG,0
CGGATAACTACCCAAA,0
CGGATAATATGACCCC,0
CGGATACGCGTTATAC,0
CGGATATATGCGTACC,0
CGGATATCTTCCTCAA,0
CGGATATGGACTCTTG,0
CGGATATTCACTATTA,0
CGGATCAACGGACTAA,0
CGGATCACTAGGACGC,0
CGGATCCAAATCATTA,0
CGGATCCCGATCTATC,0
CGGATCCTCACAAAAG,0
CGGATCGAAACACTTT,0
CGGATCGAATGTCTAC,0
CGGATCGACAAACGAG,0
CGGATCGACCCAGGTA,0
CGGATCTAAGAAATGT,0
CGGATCTATTATAAAT,0
CGGATCTCACGCGGAT,0
CGGATCTTCCATTTGA,0
CGGATGACAACTTTCA,0
CGGATGCAGAGCGACT,0
CGGATGTCCACTATGC,0
CGGATGTGACATGAAG,0
CGGATTAAGATAATTA,0
CGGATTATTCATCCAA,0
CGGATTCAAACAGTAT,0
CGGATTCAGTTCGAAA,0
CGGATTCCGTCTTCAT,0
CGGATTCTTTAAGCAA,0
CGGATTTCTTTTTAGA,0
CGGCAAAAACGAGTAA,0
CGGCAAAATGACTGAA,0
CGGCAAAGCTACGTAC,0
CGGCAAATTACATAAA,0
CGGCAACGCACAGCAT,0
CGGCAACTAAGTGAAA,0
CGGCAAGGACCGAATT,0
CGGCAATTCACCCGTT,0
CGGCACAACCATCTCA,0
CGGCACACACGGAAAC,0
CGGCACACAGTCGTAA,0
CGGCACATATATAAAT,0
CGGCACCAAGAATATA,0
CGGCACTAAATTAAGG,0
CGGCAGAATTAATAGC,0
CGGCAGAGATATTTAC,0
CGGCAGCAACCCAATC,0
CGGCAGGATACCCGTT,0
CGGCAGTGAGGAAAGG,0
CGGCATACAGAACATA,0
CGGCATACCCATTGTC,0
CGGCATAGTACCCTAT,0
CGGCATCACATAGAAG,0
CGGCATCGAAATCGTG,0
CGGCATTAATATCAAC,0
CGGCATTCAGATTAAG,0
CGGCCAAGCATACCGA,0
CGGCCAGCCGCGGACT,0
CGGCCATTTGGCGCAA,0
CGGCCCAAAAAAGCCT,0
CGGCCCACGTACATCA,0
CGGCCCAGGCTTATAA,0
CGGCCCATACCCATTT,0
CGGCCCTTAATAAATA,0
CGGCCGAAAATTAGGG,0
CGGCCGAACCTGACGA,0
CGGCCGACATACATGG,0
CGGCCGCATCGAATAC,0
CGGCCGCCCCGAACAC,0
CGGCCGCCGAAACCAA,0
CGGCCTAAATCCCACA,0
CGGCCTCCAACAATGG,0
CGGCCTGGTGTTGTGC,0
CGGCGAATGTAACAAC,0
CGGCGAATTGATATAT,0
CGGCGACAAAGTATAC,0
CGGCGATCACTGGAAA,0
CGGCGCCAAGTCGGCG,0
CGGCGCGATTTACTAG,0
CGGCGCTATACACAAT,0
CGGCGGAATACAAAAA,0
CGGCGGAATTCATAAT,0
CGGCGGCAATCACTGT,0
CGGCGGCGCAACATCA,0
CGGCGGCTATCTCACC,0
CGGCGGTGCTACAGAC,0
CGGCGTAAGATACTAA,0
CGGCTAAACAATCACA,0
CGGCTAAACTACAAAG,0
CGGCTAACATACATTC,0
CGGCTACGGTCTACAA,0
CGGCTACTAACACAAA,0
CGGCTAGAACTCTACA,0
CGGCTATATGCGAAAT,0
CGGCTATCAATAAGAC,0
CGGCTATCATAAGGAT,0
CGGCTATCCACATCCC,0
CGGCTATGAATGCGAG,0
CGGCTATGGGGCGTAA,0
CGGCTCATTATCAACA,0
CGGCTCTTCACTGCCA,0
CGGCTCTTTCAACATC,0
CGGCTGAGATCTAACT,0
CGGCTGCAGAAAGGTA,0
CGGCTTAACTTCCTAC,0
CGGCTTACATTACGAT,0
CGGCTTAGCGTCGTAA,0
CGGCTTTAACGATTAT,0
CGGGAACCAGACGATG,0
CGGGAACGACTAACTT,0
CGGGAATAACTATACC,0
CGGGAATAAGACGCAT,0
CGGGAATATATGACGA,0
CGGGAATGAACGGAAG,0
CGGGACCTAAAATATA,0
CGGGACGAATACAGCA,0
CGGGACGATTAATAAG,0
CGGGACGCTATGAAAA,0
CGGGAGGCATCGTTGT,0
CGGGAGGTACGCTTAT,0
CGGGAGTTAAACTGCG,0
CGGGATAAACCCGCCT,0
CGGGATAAAGAGGCTG,0
CGGGATATCTAGAGCG,0
CGGGATCACATTCTGC,0
CGGGATCAGAAAACGC,0
CGGGATGAGAGTTGTA,0
CGGGATTCTGTACTCC,0
CGGGATTTGAATGTGG,0
CGGGCAAAATAGGAAT,0
CGGGCAAACCGAAAAC,0
CGGGCACAAGAGATAG,0
CGGGCACGTCCAAAAT,0
CGGGCAGAGCAGACCT,0
CGGGCAGGATACTTCT,0
CGGGCATATAGCTTAT,0
CGGGCCAAGGGCTCGT,0
CGGGCCGAAAATAGAG,0
CGGGCCTTGAGTCATT,0
CGGGCGGGGAAGCCAA,0
CGGGCTAAATGTTCAA,0
CGGGCTATCTTTACAG,0
CGGGCTCCCCCTCTGA,0
CGGGCTCGCCGGCCGC,0
CGGGCTTCTGGATGTT,0
CGGGGATACGTTGTAG,0
CGGGGCACAATCCTTT,0
CGGGGCTGTTCTGGAC,0
CGGGGGTCCGAATCAA,0
CGGGGTCACCCGTTCT,0
CGGGGTCTCAGGCGCA,0
CGGGGTGTTCACTTCT,0
CGGGTAAACTGGAACA,0
CGGGTAACCAAGCTAG,0
CGGGTAATTTGGGTTG,0
CGGGTATGCACATCTG,0
CGGGTCATTATGAGAA,0
CGGGTCGAAGGAAAAT,0
CGGGTCGTTAATAGTA,0
CGGGTCTTCTGTAGCT,0
CGGGTGGGGATCAGTT,0
CGGGTTCCTTGCCGCA,0
CGGGTTCTAGAATGTC,0
CGGGTTGAAACTACGC,0
CGGGTTTTCAATGATA,0
CGGGTTTTCATTCGCT,0
CGGTAAAAAACAACAA,0
CGGTAAACATAGACGG,0
CGGTAAACATTCATAG,0
CGGTAAACTCGACATT,0
CGGTAAATAATTACTA,0
CGGTAAATACAACGGT,0
CGGTAAATACAGAAAT,0
CGGTAAATAGGATACG,0
CGGTAACACCGGCAAC,0
CGGTAACATGCCCAAA,0
CGGTAACCACGCTAGC,0
CGGTAACTTTTTCGTG,0
CGGTAATCAGATAACC,0
CGGTAATCGAAAGCCA,0
CGGTAATGAGTTGCTC,0
CGGTAATGTCCATAAC,0
CGGTACAATAAGGGGC,0
CGGTACAATATCAGAA,0
CGGTACAATGATGTTA,0
CGGTACCTAGCTTCCT,0
CGGTACCTGCAACCAA,0
CGGTACTCGAAATCAA,0
CGGTAGATCACAATAG,0
CGGTAGCCACACACAC,0
CGGTAGCCTTTACCGC,0
CGGTATAACAATATAT,0
CGGTATAAGTGTTCTA,0
CGGTATAATTAAAAGA,0
CGGTATACTATATCTA,0
CGGTATCTCTATATGA,0
CGGTATGTCAGGCGGT,0
CGGTATTCAACTTCGT,0
CGGTATTCTACATCAG,0
CGGTCACCAACCATAA,0
CGGTCATGGAGCAATG,0
CGGTCCGATCACCAAA,0
CGGTCCTCATAACAAA,0
CGGTCGACGGGCGATG,0
CGGTCGAGTATAAAAC,0
CGGTCGATTTTCTTGG,0
CGGTCGCAAACAAGTT,0
CGGTCGCACAAAAATA,0
CGGTCTATCAGCATCA,0
CGGTCTGAAGGATGGG,0
CGGTCTTAGGCCGCAT,0
CGGTGAAAACATATAA,0
CGGTGAAACGGTAATA,0
CGGTGAAAGCACCCTG,0
CGGTGAAGGGTAATCA,0
CGGTGAATACGATCTT,0
CGGTGACGAAATCAGC,0
CGGTGAGAACCGTATA,0
CGGTGAGTATTAGCAC,0
CGGTGCAAATGAACCT,0
CGGTGCACCTTTAGGT,0
CGGTGCAGTAACAAGC,0
CGGTGCCATATCCGAC,0
CGGTGCCCAATAATTC,0
CGGTGCGTCGTAACTA,0
CGGTGGACATAAAAAT,0
CGGTGGAGCACGTACC,0
CGGTGGCAAGTCGGAA,0
CGGTGGCATGAGGTAT,0
CGGTGGGAGCTAACAT,0
CGGTGGTTCCATCCAG,0
CGGTGTACAGTCACAT,0
CGGTGTCCTAGAACCT,0
CGGTGTCGCTCTATGG,0
CGGTGTGAATCTTTCA,0
CGGTGTTTTCGGAGAA,0
CGGTTAAATAACAAAA,0
CGGTTAACTGAATTTA,0
CGGTTAAGAGATAATT,0
CGGTTACACCACAAGA,0
CGGTTACATAAATTAT,0
CGGTTACTCCTCCTCA,0
CGGTTAGACTACCAGT,0
CGGTTAGTAACGCATA,0
CGGTTATACCGATCCA,0
CGGTTATTTGACTAAG,0
CGGTTATTTGGTACAC,0
CGGTTCACCTTCAACA,0
CGGTTCCAGAAAAGGA,0
CGGTTCGGAGGCTCAC,0
CGGTTCTGCAAGATTG,0
CGGTTGCAAGTACACC,0
CGGTTGCACTTTAAAC,0
CGGTTTAATACATTAT,0
CGGTTTAATGATAAAA,0
CGGTTTGCTTCCAGCT,0
CGGTTTTGAACAAAAT,0
CGGTTTTGTTATCACT,0
CGTAAAAAGCCAGCAG,0
CGTAAAAATACACCCA,0
CGTAAAACCAGCAAAT,0
CGTAAAAGAATCCCAC,0
CGTAAAAGCGAGTCTA,0
CGTAAAATAATCTATA,0
CGTAAAATTAAGTTAC,0
CGTAAACAAACCATGG,0
CGTAAACATACAATAG,0
CGTAAATAATACAAAA,0
CGTAAATAATATATCT,0
CGTAAATAATGCAAAA,0
CGTAAATATGCAAAAT,0
CGTAAATCCCCAATTA,0
CGTAAATCGCTATCCG,0
CGTAAATCGGACAAAA,0
CGTAAATGAGGTACCA,0
CGTAAATGATATGATC,0
CGTAAATGATTCGTTA,0
CGTAAATTCAATGTAT,0
CGTAAATTCTCATAAA,0
CGTAACAAAAACTGTT,0
CGTAACAAGGTCGCCC,0
CGTAACACAGGAAACC,0
CGTAACAGACAGAAGC,0
CGTAACCAAGACTAAC,0
CGTAACCATCAAAAAG,0
CGTAACCCTAAATCAT,0
CGTAACCTTACCATTT,0
CGTAACGCATTCAGTG,0
CGTAACGGGTGGCACA,0
CGTAACTAAAAAATCT,0
CGTAACTAGACAATCA,0
CGTAACTGAATCCCAA,0
CGTAACTGACAATATG,0
CGTAAGAGTTACTGAG,0
CGTAAGCAAGACGATC,0
CGTAAGCTGCATGATT,0
CGTAAGGAAATGTAAT,0
CGTAAGGCGGCAACTC,0
CGTAAGGTATCTATCT,0
CGTAAGTATTTCACAT,0
CGTAAGTCACTATTAC,0
CGTAAGTCGCAATAGT,0
CGTAAGTTATAAAATC,0
CGTAAGTTGATTAGAA,0
CGTAATAAATTCTACA,0
CGTAATAAGTTTCTCT,0
CGTAATAATCGCAGAG,0
CGTAATACCTCATACT,0
CGTAATCTTGGTAACA,0
CGTAATGGATCTTAGC,0
CGTAATGTTAGACCAA,0
CGTAATTAATATAAAC,0
CGTAATTACTCGATAA,0
CGTAATTCAAAAAAAC,0
CGTAATTCATGTTGAA,0
CGTAATTCTACCAAGC,0
CGTAATTGGAGTTATC,0
CGTAATTTGACAACCC,0
CGTACAAAATTTGCAG,0
CGTACAAATAAACAAT,0
CGTACAAATACCACCC,0
CGTACAAATCATGCGT,0
CGTACAACAAAATAAT,0
CGTACAACTTCAGACT,0
CGTACAATTTAGTCCA,0
CGTACACCGCACAGAG,0
CGTACACCTACGTACC,0
CGTACAGACCCAACGA,0
CGTACAGGTGGCTCAT,0
CGTACAGTATGAAATC,0
CGTACAGTATGGAATC,0
CGTACATAACTTGAAG,0
CGTACATAATTAAGCT,0
CGTACATACACGACCC,0
CGTACATATCAGTGTT,0
CGTACATGACAATACA,0
CGTACATTACTTTAAT,0
CGTACCAAGAGCTAAG,0
CGTACCCAACTATTGC,0
CGTACCCTAACGACCA,0
CGTACCCTATTATCGT,0
CGTACCTAATAGCAAT,0
CGTACGAAGACTAATG,0
CGTACGAAGCTGAATA,0
CGTACGCAAACAACTC,0
CGTACGGGCAAAAAAC,0
CGTACGTATAAAACTC,0
CGTACGTCGCGAACTA,0
CGTACTAAAACGGAAA,0
CGTACTAAATATATTC,0
CGTACTAAATTGCAAA,0
CGTACTACAGGGCTCC,0
CGTACTATCGAAATAG,0
CGTACTCTAGTTCCCT,0
CGTACTGAACTAAATC,0
CGTAGAAATAAAGGCG,0
CGTAGAAGTCAGCCAC,0
CGTAGAATCGACGAAT,0
CGTAGACATTCAGAGC,0
CGTAGACCTAACGTAC,0
CGTAGAGTTCCTGTGC,0
CGTAGATAAAAGCCTT,0
CGTAGATAACAGGTAC,0
CGTAGATCAGACCGCG,0
CGTAGATTGGCCAGGA,0
CGTAGCAACGCGACCC,0
CGTAGCGAGCACACAA,0
CGTAGGATTAATTTAC,0
CGTAGGTCCCACACTA,0
CGTAGGTTCCTCAAAT,0
CGTAGTAAACCGGGAT,0
CGTAGTACGAAATCTG,0
CGTAGTCTCAAATGGG,0
CGTAGTGCGAAATATC,0
CGTAGTTACGCTCGGA,0
CGTAGTTTAATTAGCT,0
CGTATAAGTCTATACA,0
CGTATAATCGATTCAT,0
CGTATACAATAAGAAT,0
CGTATACACCCAAAAT,0
CGTATACACCCCTGGA,0
CGTATACAGCAATAAA,0
CGTATACCGATGGCAC,0
CGTATACGCACAGCCT,0
CGTATACTCTCTCAGC,0
CGTATATCTATGTAGT,0
CGTATATCTGACTATT,0
CGTATATGCAACGGGA,0
CGTATATTTATACCGA,0
CGTATCAAAAGCAACT,0
CGTATCATACAAAGGA,0
CGTATCCAAAACAATA,0
CGTATCCTACATGTTT,0
CGTATCGCTATATGCC,0
CGTATCGTAGCACGCC,0
CGTATCTATAAGGGAA,0
CGTATCTATAGCGACT,0
CGTATCTGATGATAAC,0
CGTATCTTTCCAACAT,0
CGTATGACGCGATTAT,0
CGTATGAGACAAGGCC,0
CGTATGAGATTACAAC,0
CGTATGCAAACCGTGT,0
CGTATGCCGTCGTTCA,0
CGTATGCCTCCCAATC,0
CGTATGGCAAAACCCT,0
CGTATGTCAACAGCCA,0
CGTATGTCTGGAGACG,0
CGTATGTGGGATAAAA,0
CGTATTACCAGCTAAA,0
CGTATTCGTTCTTACA,0
CGTATTGAACACTATA,0
CGTATTGCTCAAAAGC,0
CGTATTGGAGGAAATA,0
CGTATTGTACTTGGGT,0
CGTATTTATTCCAAAC,0
CGTATTTCCTGGCTCC,0
CGTATTTTTACAACAC,0
CGTCAAAAAGAGATAA,0
CGTCAAAAGATTACCA,0
CGTCAAATTAACCATG,0
CGTCAACAAGCATAAA,0
CGTCAACAGATATTAA,0
CGTCAAGACAATGAGT,0
CGTCAAGATCTTTTGC,0
CGTCAAGATTACAATG,0
CGTCAAGCGAACGCTT,0
CGTCAAGGTAATTATA,0
CGTCAAGTTAACTAGA,0
CGTCAATAATTTTCAA,0
CGTCAATACCGCGAGG,0
CGTCAATACGAATTCT,0
CGTCAATGACCCTGAC,0
CGTCAATGGCTACAAA,0
CGTCAATGGCTTAAGT,0
CGTCAATTAGTTATAA,0
CGTCAATTGTAGCACT,0
CGTCACATAAAATTAA,0
CGTCACCTGATCTGGT,0
CGTCAGAAACCATTTA,0
CGTCAGAAGTGCAGCT,0
CGTCAGACATTTTTCT,0
CGTCAGAGGGTCCGGA,0
CGTCAGATGCCTAACA,0
CGTCAGGATATTACAA,0
CGTCAGGCCATAAACT,0
CGTCAGTAAAGTTGTA,0
CGTCAGTACAGATTAT,0
CGTCAGTATCATTAAG,0
CGTCATAATCCAGCTC,0
CGTCATCGTCACGACC,0
CGTCATGAATCTTACA,0
CGTCATGGACACGACA,0
CGTCATTAAACATTGC,0
CGTCATTAGAGCAATG,0
CGTCATTGCCACTAAT,0
CGTCCAAAAAATAAGC,0
CGTCCAAAATAATTCC,0
CGTCCAAAATAGTCAA,0
CGTCCAACAAACTATG,0
CGTCCAAGACGCCATC,0
CGTCCAAGGATTCCTG,0
CGTCCAATGGACTGAA,0
CGTCCACAAATAGATT,0
CGTCCACATTGTGACT,0
CGTCCACTCATAAAAG,0
CGTCCAGAACTAATAT,0
CGTCCAGAGTTGACCA,0
CGTCCATTATAAGAGG,0
CGTCCATTTCTCAATT,0
CGTCCCAGGCTATCCG,0
CGTCCCCCCCGTCAAT,0
CGTCCCTGCAGGCCAT,0
CGTCCGGAATGAGTAA,0
CGTCCGGTATCCCATT,0
CGTCCGTAACTACGAC,0
CGTCCTCATACACGCG,0
CGTCCTCCCCACAACC,0
CGTCCTGATCATGGGC,0
CGTCCTTCAGACACTT,0
CGTCCTTGAAAATCCC,0
CGTCGAACATAGATCC,0
CGTCGACGAATGGAAT,0
CGTCGAGAGCCCACAA,0
CGTCGCGATGCCAGCG,0
CGTCGCGCTTTGAACG,0
CGTCGCTAACTATGGA,0
CGTCGGGACAATGGTT,0
CGTCGGTTCACAAATA,0
CGTCGTAACGAGCGAA,0
CGTCGTCGGTATAATA,0
CGTCTAAAACAGTAAA,0
CGTCTAAATGGAGAAC,0
CGTCTAACACTTGTAC,0
CGTCTACTGGGAATAG,0
CGTCTACTTGAATATT,0
CGTCTAGAATAGTGGA,0
CGTCTCAAGGAGTAAT,0
CGTCTCACAATTGATT,0
CGTCTCCCTGCCGTAG,0
CGTCTCTCGCGTTGGA,0
CGTCTCTGCTTACAAT,0
CGTCTCTGTCTGATTA,0
CGTCTCTTAGCAATTC,0
CGTCTGAAACCCATCT,0
CGTCTGAGAAACCCTT,0
CGTCTGAGATATCGCA,0
CGTCTGATACGACTCG,0
CGTCTGTTACCAGCGC,0
CGTCTTAAGATCTTGA,0
CGTCTTCATGATAAGA,0
CGTCTTGCTCCTGGTT,0
CGTCTTGGAAATTAAT,0
CGTCTTGGGTACTTTA,0
CGTCTTTGGATTCCTA,0
CGTGAAAATTTGTGTG,0
CGTGAACAAACGCTTT,0
CGTGAACAATTGACAT,0
CGTGAACGACACAAGA,0
CGTGAAGAAATGAACA,0
CGTGAAGAGGAATAAC,0
CGTGAATAAAGATAGC,0
CGTGAATACTCTGAAG,0
CGTGACCATGACTAGC,0
CGTGACTGAAAACCTA,0
CGTGACTGGCTATTAG,0
CGTGAGTTACCCACGA,0
CGTGAGTTTTTCTTCG,0
CGTGATAAAAGATTAG,0
CGTGATATAACCCTAC,0
CGTGATCCCCTAGAGT,0
CGTGATGAGATGACCT,0
CGTGATTCATGAAGAA,0
CGTGCAACGACATATT,0
CGTGCAATTAAATTCC,0
CGTGCCAATTGTTGAA,0
CGTGCCTAAACTAATG,0
CGTGCGCCCTAAACCT,0
CGTGCGTAGATCACCT,0
CGTGGAAAATTCATAC,0
CGTGGAAATACTTTAG,0
CGTGGAAATAGATTAA,0
CGTGGAATTAAATTTA,0
CGTGGACAAACAATGA,0
CGTGGCATATTTTCAA,0
CGTGGCATCGTTCATA,0
CGTGGCGACAATGCTT,0
CGTGGGAGCATTAGCT,0
CGTGGTGCCGTCCAGC,0
CGTGGTGTGAATTCAG,0
CGTGGTTACACGAAAT,0
CGTGGTTACCTCGAGT,0
CGTGGTTGAATCTGAG,0
CGTGGTTGCATGAAAA,0
CGTGTCTCTCACAAGG,0
CGTGTGAAAAAAACCG,0
CGTGTTGGCCCTGGTT,0
CGTGTTTGAGTGTCTA,0
CGTTAAAAAAAAACAT,0
CGTTAAAACCACTGAT,0
CGTTAAAAGATAATTG,0
CGTTAAACCCAGGTCG,0
CGTTAAAGGATTACAC,0
CGTTAAATATATATTT,0
CGTTAAATCTAGTCCA,0
CGTTAAATTCCTAAGC,0
CGTTAACATCACACAA,0
CGTTAACTATAACCGC,0
CGTTAACTGGAACTGC,0
CGTTAAGACAATATGT,0
CGTTAATATCGGGGCC,0
CGTTAATGCAATAACT,0
CGTTACATGACATCCG,0
CGTTACCACACTAGGA,0
CGTTACCCAATTGATA,0
CGTTACCGCTCATGCT,0
CGTTACCGGCATATGT,0
CGTTACCGTATCGAAA,0
CGTTACCTGATTATAC,0
CGTTACCTTCAAAATT,0
CGTTACTACGATGCAA,0
CGTTACTACGGCCTTG,0
CGTTACTTTACCATAC,0
CGTTACTTTTGAAACG,0
CGTTAGAAATAAAAAT,0
CGTTAGAAATTAATAT,0
CGTTAGCATTATAAAA,0
CGTTAGCCGTACTATA,0
CGTTAGCGCCAAAAAA,0
CGTTAGGATAACGAGA,0
CGTTAGTGAACTTGAA,0
CGTTAGTGCCAAAGTA,0
CGTTATAAAGGGGCGT,0
CGTTATATATGCAAGC,0
CGTTATATCAATGCTA,0
CGTTATCTTGTTCATC,0
CGTTATGAAAATCCAG,0
CGTTATGAACTCCCGT,0
CGTTATGCACAAGCCC,0
CGTTATTAACTCGTAT,0
CGTTATTCATCCAAAT,0
CGTTCAACAAAGTATG,0
CGTTCAACATAACATG,0
CGTTCAACTAAATCAA,0
CGTTCAAGAGAATAAT,0
CGTTCAATTAAGTACG,0
CGTTCACAGCATGTAA,0
CGTTCACATACGATCC,0
CGTTCACGTGGTACCA,0
CGTTCATATTGCAACT,0
CGTTCATCCTTGATAA,0
CGTTCCTGCAAAATGT,0
CGTTCCTGGAACAGTG,0
CGTTCGTCAACGCTAA,0
CGTTCGTTACAACCGG,0
CGTTCGTTGCAACAGA,0
CGTTCTACCTGGCGAC,0
CGTTCTCTCATATAAC,0
CGTTCTGAGCACTTTT,0
CGTTCTGCAAACAATC,0
CGTTCTTACACGACAG,0
CGTTCTTTGCGAGTCT,0
CGTTGAAACGTACACA,0
CGTTGACAAGCGCATT,0
CGTTGACTCATCTAAG,0
CGTTGAGAAATTGTCT,0
CGTTGATCTCAAGTCA,0
CGTTGCAGAATCGACC,0
CGTTGCCCCCTTGCAC,0
CGTTGCGGAAGAATTT,0
CGTTGCTAATTCAAAT,0
CGTTGCTCCTGTCATG,0
CGTTGTAAAATAATAG,0
CGTTGTATTAAAACAG,0
CGTTGTCAAACAGACA,0
CGTTGTTCCTCCAACT,0
CGTTTAAAAAAAAGAT,0
CGTTTAAAAGCAGACG,0
CGTTTAAAAGTGCAAG,0
CGTTTAAAATTTAAAT,0
CGTTTAACCATGCTGG,0
CGTTTAAGATTCACAC,0
CGTTTAATGGCACATA,0
CGTTTACAAGCCAATG,0
CGTTTACACACAAGGG,0
CGTTTACATACTGTTT,0
CGTTTACATGCTCGAA,0
CGTTTATAAAAACCCA,0
CGTTTATCAATCCCAG,0
CGTTTATCCATAGTGT,0
CGTTTCAACCTAATTA,0
CGTTTCCACTTCTAAT,0
CGTTTCCTGAAAATCT,0
CGTTTCGGTGACTCGA,0
CGTTTCGTCCCCAAGG,0
CGTTTCTGCCGAGCCG,0
CGTTTGAAAAGAAGAA,0
CGTTTGAGAAATCCCT,0
CGTTTGAGGATTGCCG,0
CGTTTGTCTAACTGTA,0
CGTTTTAGTCCATTTG,0
CGTTTTCAACTCATAG,0
CGTTTTCCGCGCAACG,0
CGTTTTGCCATGAGGG,0
CGTTTTGCTCATAGGC,0
CGTTTTGGTAAGGCCT,0
CGTTTTGGTACATGAC,0
CGTTTTTTAACCGGAA,0
CGTTTTTTTTGCCCGA,0
CTAAAAAAACCGAGGA,0
CTAAAAAAGCCAAGGC,0
CTAAAAAATTCATCCA,0
CTAAAAACCCAAGGTG,0
CTAAAAACCTCAGACC,0
CTAAAAACGCCAGATA,0
CTAAAAAGAACAATAA,0
CTAAAAAGCAAATCAT,0
CTAAAAAGTAGTTAGA,0
CTAAAAAGTTTGCGGG,0
CTAAAAATAGTCTATT,0
CTAAAAATGGCTACGG,0
CTAAAAATTTCAATCT,0
CTAAAACAATTGATAC,0
CTAAAACCCACATCTT,0
CTAAAACGCTTTAATT,0
CTAAAACTAAATTTCT,0
CTAAAACTCTTAAGAA,0
CTAAAACTTCTGGATA,0
CTAAAAGAAGCAATAC,0
CTAAAAGTAATTACAC,0
CTAAAAGTAGAATTGA,0
CTAAAAGTCTCTTACA,0
CTAAAAGTGAACACCC,0
CTAAAATAAAGACTTA,0
CTAAAATAATATAAAA,0
CTAAAATACTAATAAT,0
CTAAAATATGAAAATA,0
CTAAAATCACCGACTG,0
CTAAAATCCAAGATTT,0
CTAAAATCCGCTCGAT,0
CTAAAATCGACCCACC,0
CTAAAATCTAGCGAAA,0
CTAAAATGACATCAAT,0
CTAAAATGGGCAATAA,0
CTAAAATGTGAAAAGA,0
CTAAAATGTGTAACCG,0
CTAAAATTACAAGGCA,0
CTAAAATTACTATTTA,0
CTAAAATTGAATTATG,0
CTAAACAAGACGATTG,0
CTAAACAATGGATACC,0
CTAAACAATTTACGGA,0
CTAAACACAAAACCCT,0
CTAAACACGATAGTGA,0
CTAAACACTCCTCCAG,0
CTAAACACTGAATGAC,0
CTAAACAGGGCAGTTA,0
CTAAACAGTTACAACC,0
CTAAACATACAAACCT,0
CTAAACATAGATCTAA,0
CTAAACATGAGTTAAA,0
CTAAACATGTGAGCAG,0
CTAAACATTAATTACA,0
CTAAACATTTGGAAGG,0
CTAAACCAAAAATAAC,0
CTAAACCAAAACGGTA,0
CTAAACCACGACTTTT,0
CTAAACCAGGCCAATC,0
CTAAACCCACCTAATC,0
CTAAACCCCTGTCGAA,0
CTAAACCGAAAACCGT,0
CTAAACCGAGACCTAA,0
CTAAACGACCACGAAC,0
CTAAACGCAAAAGTAT,0
CTAAACGCACCCTATA,0
CTAAACGGCTCAAACT,0
CTAAACTAAGTTAGAA,0
CTAAACTAATGGTTTG,0
CTAAACTATCGTATAG,0
CTAAACTGGAGGTATA,0
CTAAACTTACAGCATG,0
CTAAACTTAGCAAGAC,0
CTAAACTTGAGCCTGA,0
CTAAACTTTATAGTAT,0
CTAAAGAAAGGTCAAT,0
CTAAAGAAATAAAAAC,0
CTAAAGAATACTAACC,0
CTAAAGACCAAAATAT,0
CTAAAGACTAAATCCC,0
CTAAAGCAGGATAGCC,0
CTAAAGCCGACCGCTG,0
CTAAAGCGGCAAAAGG,0
CTAAAGGCCACAAGTA,0
CTAAAGTAAAATAAGT,0
CTAAAGTAAACCAGAG,0
CTAAAGTAAGAAAATG,0
CTAAAGTCCGACTATT,0
CTAAAGTGAGATATCA,0
CTAAAGTGAGTCTGGA,0
CTAAATAAAGAAGGAC,0
CTAAATAAGCTCGTAC,0
CTAAATACACACAATC,0
CTAAATACAGGAGTAT,0
CTAAATACCACCGTCC,0
CTAAATCACAATAATT,0
CTAAATCCACATGTAA,0
CTAAATCCAGCCGTGC,0
CTAAATCCCAAAGAAT,0
CTAAATCGACCCGTAA,0
CTAAATCGCTGGCAAA,0
CTAAATCTATATATTC,0
CTAAATCTGCTTATAC,0
CTAAATGAAGTGAGCG,0
CTAAATGCGTGTTTGA,0
CTAAATGTGCCCGACT,0
CTAAATTAAATTAGAA,0
CTAAATTAGCGCTCAC,0
CTAAATTCAACAAAGT,0
CTAAATTCGCAAAAGT,0
CTAAATTGAGTGCGTA,0
CTAAATTTAATCGAAC,0
CTAAATTTCTACTAAA,0
CTAAATTTGGAATGTG,0
CTAAATTTTACCTAGG,0
CTAACAAAAGAATTTG,0
CTAACAAAAGGGTGAT,0
CTAACAAATATGCAAA,0
CTAACAACAGAAAATA,0
CTAACAACCGAAGTCG,0
CTAACAACGAACAAGC,0
CTAACAATCAGATAAT,0
CTAACAATTGTCTTCC,0
CTAACACAACTACTTT,0
CTAACACAAGAAGAAA,0
CTAACACATTCAAACG,0
CTAACACCCCCGGGGG,0
CTAACACCCCCGGTTT,0
CTAACACGACATTGAG,0
CTAACACGTTGCAGGT,0
CTAACAGAAACTCGCT,0
CTAACAGATATACAGT,0
CTAACAGGCATAGAGA,0
CTAACATAAGAACCAA,0
CTAACATACGCGACAG,0
CTAACATATAAGTCAC,0
CTAACATATCAAGCAA,0
CTAACATATTGATAAA,0
CTAACATCAACACAGA,0
CTAACATCATAGGTTA,0
CTAACATGGTAAAATC,0
CTAACATTCCTTTTAT,0
CTAACATTGACAGACA,0
CTAACATTGTTTTACA,0
CTAACCAAAAACAGAT,0
CTAACCAAATCGCTGA,0
CTAACCAAGAAAGGCA,0
CTAACCAAGTTCTCAA,0
CTAACCAATAGGAACG,0
CTAACCACCACGTCCA,0
CTAACCACGCATACAA,0
CTAACCACTCTGAAGT,0
CTAACCAGAAGTAACC,0
CTAACCATATCTGTTG,0
CTAACCCAGGAAGTCG,0
CTAACCCCATGCCCAC,0
CTAACCCCCCATTACC,0
CTAACCCGCAATTCAA,0
CTAACCCGTTTCATCA,0
CTAACCCTCACAACAG,0
CTAACCCTTTACTACC,0
CTAACCGATCCTCACA,0
CTAACCGTCCTTGAAA,0
CTAACCGTCTTTCAAA,0
CTAACCGTGATTACTG,0
CTAACCTAATAAACAA,0
CTAACCTACAATTGGT,0
CTAACCTTTTAGAATC,0
CTAACGAACTACTTGT,0
CTAACGACAGAACTAC,0
CTAACGAGACGAGAAT,0
CTAACGATAACGACCG,0
CTAACGCAAACCCTTT,0
CTAACGCATAAGACCG,0
CTAACGCCGTTCACAG,0
CTAACGGAGAAATCTT,0
CTAACGTCCATCAGCA,0
CTAACTAAAAGGAACA,0
CTAACTAACTACACTT,0
CTAACTAGCCTAGAAG,0
CTAACTAGGCGACACT,0
CTAACTCCTTATTAAT,0
CTAACTCTGCTTCTGA,0
CTAACTCTTGCAACCG,0
CTAACTGAACAGACAC,0
CTAACTGAACCCAGTC,0
CTAACTGCCCCCAATA,0
CTAACTGCCTCCTTAC,0
CTAACTGGGCTAATAA,0
CTAACTGTACAATATG,0
CTAACTGTCCGCTGAC,0
CTAACTTAATGAAGCC,0
CTAACTTAGCTGAAAG,0
CTAACTTTACTCACGA,0
CTAACTTTCCCATTAA,0
CTAAGAAAAAGTTGAC,0
CTAAGAAAGCACACAC,0
CTAAGAAAGTCCTCAG,0
CTAAGAAATATTAAAG,0
CTAAGAACATTCGGAC,0
CTAAGAACCATAACGC,0
CTAAGAACCATGTAGA,0
CTAAGAATCATCTTAA,0
CTAAGAATCCAATAAG,0
CTAAGACATATTGAGT,0
CTAAGACCTCGGGAGC,0
CTAAGACGAGTATAGA,0
CTAAGACTCTGAGAAA,0
CTAAGACTGAATCGGA,0
CTAAGAGACTGCGAGT,0
CTAAGAGAGCACACTC,0
CTAAGAGATATATCAT,0
CTAAGAGGCTAGAGAG,0
CTAAGAGTAACAATTG,0
CTAAGATACAAATCCC,0
CTAAGATACAAGGACG,0
CTAAGATACAGTCCGC,0
CTAAGATCCAATACTA,0
CTAAGATGACTGCCCC,0
CTAAGATGCGGACAAT,0
CTAAGATTGCACAATC,0
CTAAGCAAACCCAAAC,0
CTAAGCAACGCGGGGA,0
CTAAGCAGGCATGCAA,0
CTAAGCATGAATTTCT,0
CTAAGCCAGCGTTTAT,0
CTAAGCCAGTGAGATG,0
CTAAGCCCCATTAAAT,0
CTAAGCCCTACAGTCT,0
CTAAGCGCAATCGTCA,0
CTAAGCGGAACGGCAG,0
CTAAGCGGACGATAGT,0
CTAAGCTATACCGATG,0
CTAAGCTCCAAGTGTG,0
CTAAGCTCCTCCACCT,0
CTAAGCTGCAATCATA,0
CTAAGGAACGTTACGA,0
CTAAGGATGACCCGAA,0
CTAAGGATGATAAACC,0
CTAAGGCCACTCTCTA,0
CTAAGGCGTGATTAAA,0
CTAAGGGGGGAGTAGC,0
CTAAGGGTGTAAAGAG,0
CTAAGGTCCTCATCAA,0
CTAAGGTGCGCTAAAG,0
CTAAGGTTGAATGATG,0
CTAAGTAAACCATTCT,0
CTAAGTAAGGTATACT,0
CTAAGTAATTGCTACA,0
CTAAGTACTACAACCC,0
CTAAGTACTTCCATCG,0
CTAAGTCACAGGTCCA,0
CTAAGTGGATAAGACC,0
CTAAGTGGCAACACAA,0
CTAAGTGGTCAATAAC,0
CTAAGTTCATAGCCGA,0
CTAAGTTGGCTCAATC,0
CTAATAAAATCCTCAT,0
CTAATAAACATGAATA,0
CTAATAAACCTTCTCT,0
CTAATAAAGAACACAA,0
CTAATAAATGAAACTA,0
CTAATAACGTGGCTCC,0
CTAATAATGAGATGCT,0
CTAATACAAACATACC,0
CTAATACAAATGACAA,0
CTAATACACAATGCCT,0
CTAATACACCATAAAA,0
CTAATACATGAGATGT,0
CTAATACATTATAATA,0
CTAATACCTAGTTTCA,0
CTAATACCTCCCTTAG,0
CTAATACTCTCAAAAT,0
CTAATACTTATTGAAT,0
CTAATACTTTGTGATA,0
CTAATAGATAGTCCAA,0
CTAATAGGAAATTGAT,0
CTAATAGTACAGATTC,0
CTAATATACTTACATG,0
CTAATATAGTATGATT,0
CTAATATATCGTATCT,0
CTAATATCAATACACT,0
CTAATATCACCTGTAC,0
CTAATATCACTATCAA,0
CTAATATCGATTTCCT,0
CTAATATCTACATGGG,0
CTAATATGGAAATATA,0
CTAATCAAAGCGCTCA,0
CTAATCAACAAAACCA,0
CTAATCAACAAAGCGC,0
CTAATCAGCACTAATA,0
CTAATCAGTGCGATGT,0
CTAATCAGTTAACTGG,0
CTAATCAGTTGAAATC,0
CTAATCATTCTTTTAT,0
CTAATCCCGAGACTGA,0
CTAATCCGTACTGGAT,0
CTAATCGGACCGACGC,0
CTAATCGGATAAGAAA,0
CTAATCTAAGACCCCA,0
CTAATCTATTTCGTAT,0
CTAATCTCAGAAAAGG,0
CTAATCTCCCAGCGAC,0
CTAATCTGAATTTAAT,0
CTAATCTTATTCACAG,0
CTAATCTTCGCCGAGC,0
CTAATCTTGAAACCGT,0
CTAATCTTTCTAGTAT,0
CTAATGAACTAAGAAA,0
CTAATGAATGGTCATG,0
CTAATGACCAGTAATC,0
CTAATGACCCCAAGGA,0
CTAATGAGCCTACACC,0
CTAATGCCAAATCGAA,0
CTAATGCTATTACATC,0
CTAATGCTGCAAATCA,0
CTAATGGCTAGCAGTC,0
CTAATGGTCCATGAAC,0
CTAATGTAAACCAGAA,0
CTAATGTCAATAGACA,0
CTAATGTTACACCAAT,0
CTAATTAGATTGTGCA,0
CTAATTAGTACACGTT,0
CTAATTATTAATTGTC,0
CTAATTCAAACTTACA,0
CTAATTCCAAACCATG,0
CTAATTCCTATAGGCT,0
CTAATTCTAATTAATT,0
CTAATTCTCCCTATCG,0
CTAATTGAATGATGGC,0
CTAATTGATTTATGAA,0
CTAATTTCAAATCTTC,0
CTAATTTCCTATGCTA,0
CTAATTTCGCCCGGTC,0
CTAATTTGTCCAGAAT,0
CTACAAAATACAAAAC,0
CTACAAAATTCCCGTA,0
CTACAAACACGAAGCT,0
CTACAAACCATGTGAG,0
CTACAAACGAGCAAAG,0
CTACAAACTGCATTTT,0
CTACAAAGAGACACCA,0
CTACAAAGCCACGTAT,0
CTACAAAGGCGATGAG,0
CTACAACAACCAAACT,0
CTACAACCAACTTGCC,0
CTACAACCCGAGAAAA,0
CTACAACTAGTCGACC,0
CTACAACTGGCAATTA,0
CTACAAGAAGCAAAAT,0
CTACAAGATCGATGGA,0
CTACAAGCAAATAAGC,0
CTACAAGTGAACCGAA,0
CTACAATAAGTTAGTG,0
CTACAATACAACGATA,0
CTACAATATACTTATG,0
CTACAATGGATGACAA,0
CTACAATTAATAACTA,0
CTACAATTGCGCGCGG,0
CTACAATTGTTAAGAA,0
CTACACAAAAGCATTG,0
CTACACAAACATGTGA,0
CTACACAATAGCATAA,0
CTACACACAAAAAGGA,0
CTACACACCATATCAT,0
CTACACACTAATATAC,0
CTACACAGATGCTTTA,0
CTACACATAAAGCGAT,0
CTACACATAGCAATAA,0
CTACACATATCTCAAA,0
CTACACATCCTCTTAA,0
CTACACATGTAACGCG,0
CTACACATTACTCATA,0
CTACACATTTTGTGAT,0
CTACACCTAGTCACAT,0
CTACACCTCATTAAAC,0
CTACACCTCGGAACAA,0
CTACACCTGACACAAA,0
CTACACGAACTGAGAT,0
CTACACGAAGAAATAA,0
CTACACGATGATCTTA,0
CTACACGTTAGGGAGC,0
CTACACTAATAAAATC,0
CTACACTGATCGTGAA,0
CTACAGAAAATAACGT,0
CTACAGAAATCTAATG,0
CTACAGACTATGATCG,0
CTACAGATGCGTTTAT,0
CTACAGATTAGCCTAC,0
CTACAGCTAACTTACA,0
CTACAGGAAATGCACT,0
CTACAGGAATCCAGTC,0
CTACAGGACATCCTAT,0
CTACAGTGTCAAGTCA,0
CTACAGTTTTTAGCAG,0
CTACATAAAATTATAA,0
CTACATAGAGGCACTC,0
CTACATAGCAGTCGTT,0
CTACATATCACTAGTT,0
CTACATATCTATCGCC,0
CTACATCAGTAACGAG,0
CTACATGATTAACCAA,0
CTACATTAGACGCGGA,0
CTACATTATCCCTAAG,0
CTACATTATTTATATT,0
CTACATTGAACGAGTG,0
CTACATTGATTGAGTG,0
CTACATTTACAAATGA,0
CTACATTTTACCCAGT,0
CTACATTTTACGAAAC,0
CTACCAAACAATCATA,0
CTACCAAACTCTTAAT,0
CTACCAAATAAAGATT,0
CTACCAACCTTCGTGA,0
CTACCAACGAAATAAC,0
CTACCAACTTACAAGC,0
CTACCAAGAACAAGGA,0
CTACCACCACCAGTAC,0
CTACCACCTATTTACT,0
CTACCACTGGTCCTTT,0
CTACCACTTGTTCATT,0
CTACCACTTTCCCGGA,0
CTACCAGACCAGGTTT,0
CTACCAGTAAATTGAT,0
CTACCATCCGCACGCT,0
CTACCATCCTGGTCAC,0
CTACCATCTACCTACC,0
CTACCATTTCGTTCTT,0
CTACCCACTAGAACTA,0
CTACCCAGGCCACTCC,0
CTACCCATGCCGTTTA,0
CTACCCCAAAAAAACC,0
CTACCCCTAACCACAT,0
CTACCCCTAGACGCGC,0
CTACCCCTCATAATGA,0
CTACCCGAAAATCAAA,0
CTACCCGCTATACACA,0
CTACCCGTAACAATTA,0
CTACCCGTCGAAAGAC,0
CTACCCTAAACATATT,0
CTACCCTATCACTAGA,0
CTACCCTCAACCTTAT,0
CTACCCTCCAAACGCC,0
CTACCCTCTGGCTGTG,0
CTACCCTTTTCCCATA,0
CTACCCTTTTCTCATC,0
CTACCGACAAACAAAA,0
CTACCGACATCCAGAC,0
CTACCGACCTATCCTA,0
CTACCGAGACGGACGT,0
CTACCGAGTCTACAAG,0
CTACCGAGTTTAGCGG,0
CTACCGATACTTGGTT,0
CTACCGATAGTCGTAC,0
CTACCGCAACTTATTG,0
CTACCGCCGTTCGCGT,0
CTACCGTAACAGGCAT,0
CTACCGTAGGATACGA,0
CTACCTAACAGACTAA,0
CTACCTAACTAATAAG,0
CTACCTAACTGAGGTG,0
CTACCTAACTTAAGAA,0
CTACCTAATAACCTAG,0
CTACCTGTAACATCCC,0
CTACCTGTATGCTTCT,0
CTACCTTAAAGTGAGA,0
CTACCTTACTAAGAAA,0
CTACCTTCGTAGTCCT,0
CTACCTTGACTCCCGC,0
CTACCTTTTTTGAAGA,0
CTACGAAAACTAATAA,0
CTACGAACACCACTTT,0
CTACGAATTCACGAGA,0
CTACGACCCTATTGCG,0
CTACGAGAACCCAAGA,0
CTACGAGCATTACACT,0
CTACGATACAATAGAT,0
CTACGATTAGAGGAGT,0
CTACGATTTGTGCTCA,0
CTACGCAAGTTAGCTA,0
CTACGCACTATAATGA,0
CTACGCATCCTACCTT,0
CTACGCATCTCGAGCA,0
CTACGCATGCAAAATA,0
CTACGCATTGTGGTTA,0
CTACGCCAGGACTCAA,0
CTACGCCCCGTACATA,0
CTACGCCCGGCGAAAC,0
CTACGCCTCTATCTAT,0
CTACGCGAAAATAGAC,0
CTACGCGAAAATGGCA,0
CTACGCGAAACCCGCA,0
CTACGCGACAACGATG,0
CTACGCGACCTTAAAA,0
CTACGGAATCTCCTCA,0
CTACGGACAGAATTCC,0
CTACGGATACTTCTAA,0
CTACGGCAGATGGTTA,0
CTACGGCCAAAAGGAT,0
CTACGGCGGAATTGGA,0
CTACGGCTTAGCCCAA,0
CTACGGGACCTGGAAA,0
CTACGGGATCTTCTCA,0
CTACGGGCTCAAGGTG,0
CTACGGTCCCAACCAT,0
CTACGTAACACCCTCA,0
CTACGTAATGTAACAA,0
CTACGTGAAGAGATGG,0
CTACGTGAGCATTGAG,0
CTACGTGGGGATAAAT,0
CTACGTTAGAACCTAG,0
CTACGTTATGTTATAC,0
CTACGTTGAAGAACAC,0
CTACGTTTAGCAGAGT,0
CTACTAAAACCACAAA,0
CTACTAAAGAGGATCT,0
CTACTAAATTTGAGCC,0
CTACTAACGCTAAATA,0
CTACTAAGGGCTAGAT,0
CTACTAATCCAATTGG,0
CTACTACAAGTAAACA,0
CTACTACAATAAAAGC,0
CTACTACGATCATGAG,0
CTACTACTGATGATCA,0
CTACTACTGTGACCTC,0
CTACTAGGTCCTCTCT,0
CTACTAGTAGTACCAA,0
CTACTATAAGATGATG,0
CTACTATGATCATAAT,0
CTACTATGGACTAAGC,0
CTACTCAAGACGAGAA,0
CTACTCAAGCACCCCA,0
CTACTCACAATCCCTC,0
CTACTCACCATATAGT,0
CTACTCAGAAAAGGGA,0
CTACTCAGTCATATAC,0
CTACTCCAAAGCAGAT,0
CTACTCCACGCATAAC,0
CTACTCGTAAGACGCT,0
CTACTCTATTTATCGA,0
CTACTCTCCTTAACCA,0
CTACTCTTATAAATGA,0
CTACTGAAACGGACCA,0
CTACTGAACCAAACCC,0
CTACTGAATTCCTCAG,0
CTACTGATAACCTAGG,0
CTACTGATACGTTAGT,0
CTACTGATTCTTCCCT,0
CTACTGCCCAAAATGG,0
CTACTGCTCAAAAGAT,0
CTACTGTAAGCCTCGA,0
CTACTTAAATCTTAAC,0
CTACTTAATCAGAATC,0
CTACTTAATTTGAAAC,0
CTACTTACGCCTATTA,0
CTACTTAGAGCGCCTA,0
CTACTTAGCCGAGGGA,0
CTACTTAGGAGACGTT,0
CTACTTATAAAGACAA,0
CTACTTATACAGAAGT,0
CTACTTATCACATATT,0
CTACTTCGACAATGAA,0
CTACTTCGTCGACGCC,0
CTACTTCTGTGACCAA,0
CTACTTGGACAACACG,0
CTACTTTAGAAACAAT,0
CTACTTTCTGGTTAAA,0
CTAGAAAACAAATAAA,0
CTAGAAAACCTGGGGA,0
CTAGAAACAAGCGACA,0
CTAGAAAGAGGGAAAA,0
CTAGAAAGATTCAGGG,0
CTAGAAAGGCAGACAT,0
CTAGAAAGTTAAATCG,0
CTAGAAATAACTAGAA,0
CTAGAAATACACAAAC,0
CTAGAAATACGGCTAA,0
CTAGAAATCCGATAAA,0
CTAGAACAAGATTATA,0
CTAGAACATGCTTCAA,0
CTAGAACTTAAATACA,0
CTAGAAGAACAAACGG,0
CTAGAAGCACTATATC,0
CTAGAAGGTTAACGTT,0
CTAGAATCACCCGTGC,0
CTAGAATCACGAAAAA,0
CTAGAATCTTCACTTA,0
CTAGAATGATGTGATA,0
CTAGAATGGAGACCTT,0
CTAGAATGTGCCAAGT,0
CTAGAATTATGGTTAG,0
CTAGACAAGAGATAAG,0
CTAGACACACACACCC,0
CTAGACATTGCGAAGC,0
CTAGACCTCCGAACGG,0
CTAGACGACTAATTAC,0
CTAGACGTAAAGAAAT,0
CTAGACGTGATTTAAC,0
CTAGACTGAAAGCAGG,0
CTAGACTGCATAAATA,0
CTAGACTTAGCTCCCC,0
CTAGAGACAGCCGCAC,0
CTAGAGAGTGACAATG,0
CTAGAGATCTATTAGG,0
CTAGAGATTTAGTAAT,0
CTAGAGCAAATAAATA,0
CTAGAGCACAAACCTA,0
CTAGAGGAAATAACAC,0
CTAGAGGCACACAATA,0
CTAGAGGCGAAGGCCC,0
CTAGAGGTCTAACTGA,0
CTAGAGGTCTCTAGAA,0
CTAGAGGTTTGATAAA,0
CTAGAGTAAAGCAAGC,0
CTAGAGTCAAGGCCGC,0
CTAGAGTGTTAGCTGA,0
CTAGAGTTAGACCCAA,0
CTAGATAAACCCAGGC,0
CTAGATAACACTGAGA,0
CTAGATAAGATATGCT,0
CTAGATACAATCATAA,0
CTAGATAGAGCTCGGC,0
CTAGATATGAGGAATT,0
CTAGATCACACAACAT,0
CTAGATCCCGGGTGAT,0
CTAGATCGAATATTCT,0
CTAGATCTCATCCAAG,0
CTAGATGACTCCCTTG,0
CTAGATGCGTAGCGTG,0
CTAGATGGTAACAGAA,0
CTAGATTAGCAAACCG,0
CTAGATTCAAATATAT,0
CTAGATTCGACTAGAT,0
CTAGATTCGAGCGGTA,0
CTAGATTGACAACTGT,0
CTAGATTGACCCATAA,0
CTAGATTGATAACACT,0
CTAGATTGCCGTTCTT,0
CTAGATTGTCAGTGAA,0
CTAGATTTAAGAACTT,0
CTAGATTTGCTTCCAG,0
CTAGCAAAAGCTAGCG,0
CTAGCAAACTAACGAT,0
CTAGCAAACTTATAAG,0
CTAGCAATCAAACCTT,0
CTAGCAATCGAAAACC,0
CTAGCACAACTGTGAA,0
CTAGCACATCCACAAA,0
CTAGCACCATTAAAGA,0
CTAGCACGAGAAAGAC,0
CTAGCACGGATTGCAC,0
CTAGCAGTCCTTTTAT,0
CTAGCATAAGCAGTAA,0
CTAGCATATCATGAAA,0
CTAGCATCACCATTAA,0
CTAGCATGAGTATAAA,0
CTAGCATGAGTCTAAT,0
CTAGCATGGAACAGGA,0
CTAGCATTATAAAGTA,0
CTAGCCAGTTCATGCT,0
CTAGCCCAGCTATAAG,0
CTAGCCCCTAGAGAAA,0
CTAGCCCTATATCAAT,0
CTAGCCCTTACGGACT,0
CTAGCCCTTTGACGGA,0
CTAGCCTATAAAAGTT,0
CTAGCCTCTTGCCGAT,0
CTAGCGAGGACACAGA,0
CTAGCGATACGCACTG,0
CTAGCGCCGGATTTAA,0
CTAGCGGCAAAGCTTT,0
CTAGCGTAATTAGCAG,0
CTAGCTAAATTACTAC,0
CTAGCTAAGCCGAGAG,0
CTAGCTAATTGCTAAT,0
CTAGCTACTCGCTAAG,0
CTAGCTATCCTCAAGA,0
CTAGCTTGAAGTTAGT,0
CTAGCTTTAATTTGCC,0
CTAGGAACAGTCTATT,0
CTAGGAATAACACGCA,0
CTAGGAATACAATCCC,0
CTAGGAATCCGCTAAA,0
CTAGGAATCTATAATA,0
CTAGGACACAGCGATA,0
CTAGGACCACGAACAC,0
CTAGGACCATGGAAGG,0
CTAGGACCTCTAGACA,0
CTAGGACTTTGAATTA,0
CTAGGAGAAAAATTGC,0
CTAGGAGACAATGAAA,0
CTAGGAGGTATCGCGG,0
CTAGGAGTTTTTATCC,0
CTAGGATTCAACCCTG,0
CTAGGATTCAAGGCAA,0
CTAGGCACAGATAGAT,0
CTAGGCCACGGTGACA,0
CTAGGCCCATGCCGTA,0
CTAGGCCGACTGTTGA,0
CTAGGCCGATATTTTA,0
CTAGGCCTAAGCGCCA,0
CTAGGCCTCACTCCGC,0
CTAGGCTAATGAATGC,0
CTAGGGACCGCTTATA,0
CTAGGGTTACGGTGAA,0
CTAGGTATAGCGTATA,0
CTAGGTATCATACCAA,0
CTAGGTATGTCACAAT,0
CTAGGTCAATTTAGCG,0
CTAGGTCATTGAGTCT,0
CTAGGTCTATGCGTAC,0
CTAGGTGAGGTAATGT,0
CTAGGTTAATACACGA,0
CTAGGTTTTATTAAAG,0
CTAGTAAATGTTTTAA,0
CTAGTAACAACATGCA,0
CTAGTAACTACTTCCA,0
CTAGTAAGGTATAATT,0
CTAGTAAGTCTAAGCC,0
CTAGTAATAAAAGATG,0
CTAGTAATACGTAATA,0
CTAGTAATAGTGAACA,0
CTAGTAATCCATTCCA,0
CTAGTACCTACGTGTC,0
CTAGTACCTGTATCAT,0
CTAGTACGTAAAAAAT,0
CTAGTACTATTAAATT,0
CTAGTAGAATTTATCT,0
CTAGTAGACAGTGACA,0
CTAGTATAACCTCCTA,0
CTAGTATCCAACTATG,0
CTAGTATCCCGCTCAC,0
CTAGTATCGAAAAAAG,0
CTAGTATCTCTAGTAT,0
CTAGTCAAGACCCCTT,0
CTAGTCCAGCAAATGT,0
CTAGTCCCAGGATACG,0
CTAGTCCTGTTTGGAA,0
CTAGTCGATACGAAAC,0
CTAGTGAACCACGAAC,0
CTAGTGAACCATGCCA,0
CTAGTGATCGCATATA,0
CTAGTGCAACTATTAT,0
CTAGTGCCGTCAGAAG,0
CTAGTGCTTCAAACAG,0
CTAGTGTACATATAAC,0
CTAGTGTATACGTCGG,0
CTAGTGTCAAAAAAAT,0
CTAGTTACCCCGCGGA,0
CTAGTTACGAATTAAA,0
CTAGTTACTAGGTATG,0
CTAGTTCTTTATCCGT,0
CTAGTTGAGACAACTC,0
CTAGTTGTAATGTCCA,0
CTAGTTTAGGATCGCG,0
CTAGTTTATTACATCA,0
CTAGTTTCTTCTATGG,0
CTAGTTTGTAACCTGC,0
CTATAAAAAAATAAAA,0
CTATAAAAGAAACATG,0
CTATAAAAGACTTCCC,0
CTATAAAATAAGGTGT,0
CTATAAAATCTAAATG,0
CTATAAAATCTCACAC,0
CTATAAAATGTCCCCG,0
CTATAAATAGAACACC,0
CTATAAATATCGGAGC,0
CTATAAATATTTACTA,0
CTATAAATCAAGGATA,0
CTATAAATCAGGGTCG,0
CTATAACAAAGAGGGG,0
CTATAACACATAGTTG,0
CTATAACAGCTGGCAA,0
CTATAACCAATATGAT,0
CTATAACCCGCGCGAG,0
CTATAACTGATAAAGG,0
CTATAAGACATCACTA,0
CTATAAGAGTGTGTAT,0
CTATAAGCTAAACAAC,0
CTATAATAACAACAGC,0
CTATAATCATGGCCCC,0
CTATAATGGTCGTCAA,0
CTATAATGGTCTACAC,0
CTATAATGTAACGTTC,0
CTATACAACAGAATAG,0
CTATACAACCCAGAAC,0
CTATACACAGTAGAGT,0
CTATACACGCAGTGAC,0
CTATACAGACCCTCAC,0
CTATACATACACTGTA,0
CTATACATCCTGTAGC,0
CTATACATGATAAGTG,0
CTATACATTTACAGAG,0
CTATACCAAGATCAGC,0
CTATACCCATATCCGG,0
CTATACCGTGAACCGG,0
CTATACCTGTAGTATC,0
CTATACCTGTCTTCCC,0
CTATACGATACTCCAG,0
CTATACGCATAACTTC,0
CTATACTACAGATACC,0
CTATACTAGGATGAAT,0
CTATACTCACGAAGAA,0
CTATACTCCGAGATGA,0
CTATACTTGAAATTCA,0
CTATACTTGTACGGCC,0
CTATAGAAATAATGTA,0
CTATAGAACGTCCGGG,0
CTATAGACAGGTTTCA,0
CTATAGACGGCATTGA,0
CTATAGATCTTCAAAA,0
CTATAGCAACAAAGCC,0
CTATAGCACAACTAAC,0
CTATAGCCTATCCTGT,0
CTATAGCCTCTGTCAC,0
CTATAGCCTTGGGACA,0
CTATAGCTACCATCTT,0
CTATAGCTGCATGGTT,0
CTATAGGAATCGAATC,0
CTATAGTACTACACCG,0
CTATAGTACTATCATC,0
CTATAGTCGCACATTG,0
CTATATAAAAAATCTC,0
CTATATAAAGCAACCA,0
CTATATAAAGCCTCTT,0
CTATATACAGCACCCG,0
CTATATACTGGAACCA,0
CTATATAGCCAATTCC,0
CTATATAGCTATAGAA,0
CTATATATTTCGATAG,0
CTATATCAGTAATGTA,0
CTATATCGAGCCGAAG,0
CTATATCTCCAAACTA,0
CTATATGAAACATAAA,0
CTATATTAGCAGTCAA,0
CTATATTCGCTTTGCC,0
CTATATTCTAAAAGGG,0
CTATCAAAACTAGTCA,0
CTATCAAACTGTAATA,0
CTATCAAATAGCGGCA,0
CTATCAATAATATTAG,0
CTATCAATCGAAAAAG,0
CTATCAATCTACCGTA,0
CTATCAATCTATGATA,0
CTATCACACTGTAACA,0
CTATCACGACGATACT,0
CTATCACTGATGTCGC,0
CTATCACTTCTAATCG,0
CTATCAGACGAAGTTT,0
CTATCAGCCAGATAAT,0
CTATCAGTTAACCTTG,0
CTATCATAACGAGGCA,0
CTATCATATACTCTTG,0
CTATCATCCCTAAGAT,0
CTATCATCGAAAATCT,0
CTATCCAAACAGAGCG,0
CTATCCACACCTCCTT,0
CTATCCACATCGCGAC,0
CTATCCACTATCCCCA,0
CTATCCATTATGATAC,0
CTATCCCAAGGCCTAA,0
CTATCCCACCCCGGCT,0
CTATCCCGGAACCTTG,0
CTATCCGATATCATCC,0
CTATCCGGTGACTAAA,0
CTATCCTACATTTACA,0
CTATCCTGAATACAAG,0
CTATCCTGCGATGCAA,0
CTATCGAATCGTAGAT,0
CTATCGATTCTCGAGG,0
CTATCGCAAATAAATA,0
CTATCGCAAATTTTCT,0
CTATCGCCGGTAGCAG,0
CTATCGGCGCATCGTC,0
CTATCGGGAGAACGCT,0
CTATCGTCATTTACAC,0
CTATCTAAGTTGAGAA,0
CTATCTAATTTGAAAA,0
CTATCTACTAGCCTGA,0
CTATCTCACTCCAGGC,0
CTATCTCCAATAGAGA,0
CTATCTCGAACTCTAG,0
CTATCTCGATTTCATT,0
CTATCTCTTGCAACTA,0
CTATCTGATAATATGA,0
CTATCTGTAACCATCT,0
CTATCTGTGAAAACTA,0
CTATCTTAAAGAAAAG,0
CTATCTTGTATACCTG,0
CTATGAAAAGCCAGCA,0
CTATGAAACGGGACCC,0
CTATGAAAGAACAGAA,0
CTATGAACAAACACCA,0
CTATGAACAATTTGAC,0
CTATGAACCGCTGCCC,0
CTATGAAGAGCATAAG,0
CTATGAAGCATGTGCC,0
CTATGAATACAATTCA,0
CTATGAATGAATTATA,0
CTATGACAATATAAAA,0
CTATGACAATCCCGGT,0
CTATGACACTGTCTGG,0
CTATGACATCGCCCGA,0
CTATGACCGCGACTAA,0
CTATGACGCCAGTACA,0
CTATGAGATATCACTT,0
CTATGAGGAAACTAGA,0
CTATGAGGATTAAAAT,0
CTATGAGGCCCGGAAT,0
CTATGAGTAGTTGCAT,0
CTATGATAAAACAAAG,0
CTATGATAAACGTCTG,0
CTATGATAGATACGTG,0
CTATGATCATAACCCG,0
CTATGATGTACACAAA,0
CTATGATGTGACACTC,0
CTATGATTAATGCCCC,0
CTATGCAAACAATAAA,0
CTATGCAACCTCAACG,0
CTATGCAAGTTACGCG,0
CTATGCCATCATTCGA,0
CTATGCGGTCGAAAAC,0
CTATGGACATATTGCT,0
CTATGGAGACAATACC,0
CTATGTAGCCAATCCA,0
CTATGTCAAATTATAG,0
CTATGTCATGTACCCA,0
CTATGTCGAAAAAAGC,0
CTATGTCGTGAAAAAT,0
CTATGTCTGACGAGTT,0
CTATGTGAACCAAGAC,0
CTATGTGCGTAACGGA,0
CTATGTGTAAGAGGAA,0
CTATGTTATTTAAATG,0
CTATGTTCATCAAGAA,0
CTATTAAAGTAACGGA,0
CTATTAAATCCCTCGA,0
CTATTAACAGTAATTT,0
CTATTAACCAATCGTA,0
CTATTAACGGCATTCC,0
CTATTACAAAAGCTGT,0
CTATTACAGATCACGC,0
CTATTACATAATCGTT,0
CTATTACCGACTTACC,0
CTATTACGCACCTGAA,0
CTATTACGCCCCACAT,0
CTATTACTCTTCACAA,0
CTATTAGAAAGATAAA,0
CTATTAGGAGGACGAG,0
CTATTATATTTCGATA,0
CTATTATTATAGATCC,0
CTATTATTATTGCCAG,0
CTATTATTTAGACCTC,0
CTATTCACATAGTAAG,0
CTATTCCACCCAAAAG,0
CTATTCCCAGTAGCCG,0
CTATTCCGACCTGTGC,0
CTATTCCTCCATTAAG,0
CTATTCCTTACATCAT,0
CTATTCGAACATAGCA,0
CTATTCGCAGTCAAGC,0
CTATTCGGATCATCGA,0
CTATTCGTGGCCTCCG,0
CTATTCGTTACATATT,0
CTATTCTAAATTAGCA,0
CTATTCTATAATAACA,0
CTATTCTCGCTAAAAG,0
CTATTCTGCAGAATAT,0
CTATTCTTAAGCAGTT,0
CTATTGACACTAAAGG,0
CTATTGACTCGAAATT,0
CTATTGCCACACGGAA,0
CTATTGCCGTAAATTC,0
CTATTGCGTACGGCCC,0
CTATTGCGTGTCTACA,0
CTATTGTGACAATCCA,0
CTATTTAAAGAGTATG,0
CTATTTAAGACTTTTT,0
CTATTTAATTAACCCC,0
CTATTTACCGACTGGA,0
CTATTTAGAAAACACG,0
CTATTTCAAATGACTC,0
CTATTTCACGTAAGGC,0
CTATTTGAATCCAAAA,0
CTATTTGCCAGCTAAC,0
CTATTTGGACCTCTTA,0
CTATTTGGATCTTTTA,0
CTATTTGGTCCCCCAG,0
CTATTTTAAAGATAAG,0
CTATTTTCCTTATAAA,0
CTATTTTTTGGCCGCA,0
CTCAAAAACACCAGTG,0
CTCAAAAACCGCGTAA,0
CTCAAAAATAAGGGTG,0
CTCAAAAATGAAGCCG,0
CTCAAAAATTTCAATG,0
CTCAAAACACGCTCTT,0
CTCAAAACCCTTATAC,0
CTCAAAACTTAAATCC,0
CTCAAAAGAAATAAAG,0
CTCAAAAGAATGAATA,0
CTCAAAAGTGCGAGCA,0
CTCAAAAGTGGGTGCA,0
CTCAAAATAATATTAA,0
CTCAAAATACAATCAC,0
CTCAAAATCGTCATGA,0
CTCAAACAAAACAGCG,0
CTCAAACACCCTGCGA,0
CTCAAACATCCCAAAA,0
CTCAAACATCTATTTT,0
CTCAAACATTTGTGAT,0
CTCAAACCTCAGACTA,0
CTCAAACGGTGACCTA,0
CTCAAAGAAAGCAGAA,0
CTCAAAGAGTCCGCTT,0
CTCAAAGATTCCTCGA,0
CTCAAAGCATTAGCGG,0
CTCAAAGGACTAACAA,0
CTCAAAGGAGAACGCC,0
CTCAAAGGGAAATACA,0
CTCAAAGTGAAATTAA,0
CTCAAATATCTCAGGT,0
CTCAAATATTAAAGGA,0
CTCAAATTAAAACCTT,0
CTCAAATTAGTCCACG,0
CTCAAATTTCATTTAC,0
CTCAAATTTGCGGAGT,0
CTCAACAATGTCCATA,0
CTCAACACAAGCGAGT,0
CTCAACACTCTAGCTA,0
CTCAACAGGGTCGTTT,0
CTCAACATACACAGCC,0
CTCAACATTCTCTTTC,0
CTCAACCCACGACCCG,0
CTCAACCCACGCAAAT,0
CTCAACCTCCGGAGGA,0
CTCAACCTGCACAGAT,0
CTCAACGAAAAGCACA,0
CTCAACGACTAAAACA,0
CTCAACGACTACATCC,0
CTCAACGACTCTGCCA,0
CTCAACGATAAAAGAC,0
CTCAACTGTGTTGTGA,0
CTCAACTTCTCCCCCC,0
CTCAAGACCAACGCCA,0
CTCAAGACTAAACTAG,0
CTCAAGACTATTCCCG,0
CTCAAGAGACAATTCA,0
CTCAAGATAGCGTCTT,0
CTCAAGATTCAACCCG,0
CTCAAGCATAGTAATA,0
CTCAAGCCATAACATG,0
CTCAAGGATAAAAGGA,0
CTCAAGGTTTTAGCCT,0
CTCAAGTGCAACATAT,0
CTCAAGTTAGATAGAA,0
CTCAATAATGCCTGGG,0
CTCAATAATTCCGATA,0
CTCAATACAGTAATGC,0
CTCAATATTCCCTAGA,0
CTCAATCAAACGATCT,0
CTCAATCAAGACCAGT,0
CTCAATCACCACACAC,0
CTCAATCCCGTACTAC,0
CTCAATCTAACACGTG,0
CTCAATCTGTAACTGT,0
CTCAATGAAACAAAAA,0
CTCAATGCAAAAAGAT,0
CTCAATGCCTCACCAA,0
CTCAATGCGCCCACTC,0
CTCAATGGCACGCAGC,0
CTCAATTACGAATCCA,0
CTCAATTCACGTCCTA,0
CTCACAAAAGCCAAGG,0
CTCACAAAGAGTGGAA,0
CTCACAAATTCGCAGA,0
CTCACAACTATATTCT,0
CTCACAAGCGGAAGAG,0
CTCACACAAATAAAAT,0
CTCACACAAATACATA,0
CTCACACAATGGCATT,0
CTCACACCGTTCCTAA,0
CTCACACGTCGAGATG,0
CTCACACTCGGCAAAG,0
CTCACAGAATTATTGA,0
CTCACAGAGGTATATC,0
CTCACAGCACGGTAGT,0
CTCACAGGAATATGTG,0
CTCACAGGTAGAAACG,0
CTCACAGTAAAAACGA,0
CTCACAGTATGAAATC,0
CTCACATCATTAGCGC,0
CTCACATCCAGATCTC,0
CTCACCAAATACTAAT,0
CTCACCAAATAGGACT,0
CTCACCAAGAGATGCA,0
CTCACCAAGGGCAAGC,0
CTCACCAGGGCTTAAA,0
CTCACCCAGGTGAAAT,0
CTCACCCTAAACCATA,0
CTCACCCTAGTCCAAA,0
CTCACCGATACTAACT,0
CTCACCGGAACCCCCC,0
CTCACCGGGCATATTG,0
CTCACCGTTATAGTTC,0
CTCACCTCATATCGAG,0
CTCACCTCGCGAGGCT,0
CTCACGAATAACATCA,0
CTCACGACCTTAAAAG,0
CTCACGACGAAGACCG,0
CTCACGATGCAACAAT,0
CTCACGCCCTATAAAA,0
CTCACGGAACACAACC,0
CTCACGGACCTTATCC,0
CTCACGGCTAATACTT,0
CTCACGGGATGGTGAT,0
CTCACGTGTCGTAAAA,0
CTCACTAAAAAACAAT,0
CTCACTAAAACCAAAA,0
CTCACTAAATGTCGGA,0
CTCACTAATTCTCACG,0
CTCACTACGGAAATCG,0
CTCACTAGCTAGACGT,0
CTCACTCAAAAGGAAA,0
CTCACTGATTAAAAAA,0
CTCACTGTGATGCGAA,0
CTCACTGTTAAATCAT,0
CTCACTTCAATGAGTT,0
CTCACTTGTAAGCTAC,0
CTCACTTGTACCACGT,0
CTCACTTTAAAGCATA,0
CTCACTTTACGAGATC,0
CTCAGAAAACACGAAC,0
CTCAGAAAGTATCATG,0
CTCAGAATAGCAGTAA,0
CTCAGAATCACTTTGG,0
CTCAGAGGAAGGGCAA,0
CTCAGAGTATCGAAGA,0
CTCAGAGTGATAGTCT,0
CTCAGATAACAACAAA,0
CTCAGATAAGTTAGCA,0
CTCAGATGACATTTCA,0
CTCAGCAAAAAGTAAA,0
CTCAGCACTCCCACAC,0
CTCAGCAGGACCAACG,0
CTCAGCATGAATAAAA,0
CTCAGCGGACGATCGC,0
CTCAGCTACACTTTAT,0
CTCAGGCCATAGCAAT,0
CTCAGGCCCGATAGAT,0
CTCAGGTATATAGCGG,0
CTCAGGTCTAATCCAA,0
CTCAGGTGTGAAGCAT,0
CTCAGGTTGGCTGCTG,0
CTCAGGTTGTCGCTAA,0
CTCAGTAAACTGTAAT,0
CTCAGTACATTACTAA,0
CTCAGTATCTGAGACT,0
CTCAGTGAACACTGAC,0
CTCAGTTTATGTTTAA,0
CTCATAAAAAAGACGA,0
CTCATAAAAATCAGAC,0
CTCATAAACACTTTAA,0
CTCATAACCAACCGTA,0
CTCATAACTCCCGATT,0
CTCATAAGATCACAGC,0
CTCATAAGGTATAAAC,0
CTCATAAGTTCTAGAC,0
CTCATAATACCACACA,0
CTCATAATCTCAGGCG,0
CTCATACAAGCGATAC,0
CTCATACAGACTGGGT,0
CTCATACGCACCCATG,0
CTCATACGTCGGTACA,0
CTCATACGTGTATTAA,0
CTCATAGAAAAATGAT,0
CTCATAGTAGCCGAAT,0
CTCATATAAGACACAT,0
CTCATATACCATACAC,0
CTCATATATGGTAAGC,0
CTCATATTTACAAGGA,0
CTCATCAATTAAACCG,0
CTCATCACAAACTACA,0
CTCATCATATGTGACA,0
CTCATCATTTTTGAGA,0
CTCATCCACCCCTGAA,0
CTCATCCAGCAGGTCC,0
CTCATCCATCCCTTGA,0
CTCATCGGGAAGTTAA,0
CTCATCGTCAAATTTA,0
CTCATCTCCATCATGT,0
CTCATCTCTAGAAGCT,0
CTCATCTCTATAAATA,0
CTCATGACATTCCCTT,0
CTCATGACGCCTAGTC,0
CTCATGACGGTTGGTA,0
CTCATGCAAACACTTT,0
CTCATGCCAATGTTCA,0
CTCATGCTAAACTAGA,0
CTCATGGAATTACGCC,0
CTCATGGCAGTAAGCC,0
CTCATGGTTTCCATTG,0
CTCATGTAACGCGTAA,0
CTCATGTATTAAATTG,0
CTCATGTGTAATCAAA,0
CTCATTAAAATGTCCA,0
CTCATTACACGCAGAG,0
CTCATTACATACAACA,0
CTCATTACCCTAACAA,0
CTCATTAGAAGCCGCA,0
CTCATTAGATCCTGGA,0
CTCATTAGGCCCCCAA,0
CTCATTCCCTGACCCA,0
CTCATTCTATGATCGG,0
CTCATTGACGAAGATT,0
CTCATTGATACCCTCC,0
CTCATTGCGGAAGTAT,0
CTCATTGTATCTTATC,0
CTCATTTAACTCACCC,0
CTCATTTAGTAAAAGA,0
CTCATTTCAAGCAGCG,0
CTCCAAAACTTGCCGA,0
CTCCAAAATTGATTAG,0
CTCCAAAGTCGAACTA,0
CTCCAAATATTGAGCT,0
CTCCAAATCCGGCAGA,0
CTCCAACAAACTCCCT,0
CTCCAACCAGAAGTCC,0
CTCCAACCCTAATGTC,0
CTCCAAGAAATATTAC,0
CTCCAAGATAATTCTA,0
CTCCAAGGGCTGGCCG,0
CTCCAAGTTGTCTCAA,0
CTCCAATAATGATATC,0
CTCCAATAGGCTTCTC,0
CTCCAATATTCAATAT,0
CTCCAATTCAATTCTG,0
CTCCACACCGTATAAA,0
CTCCACAGAGAATGAA,0
CTCCACCAATAGAAAA,0
CTCCACCCACCCAACA,0
CTCCACGATAAGCCCT,0
CTCCACTAAATAGTAT,0
CTCCACTACACGCAAT,0
CTCCACTTAACTCTGA,0
CTCCACTTCAGAAAGT,0
CTCCAGAAACTCCCCC,0
CTCCAGACAGGATATT,0
CTCCAGACTACTACAA,0
CTCCAGATACCAAACG,0
CTCCAGCAACTAGGAA,0
CTCCAGCCACAAGTGG,0
CTCCAGCCGCCGACCT,0
CTCCAGGACGTCGTGG,0
CTCCAGTAAATTAATA,0
CTCCATAAAGCGAATC,0
CTCCATAAATAACGAT,0
CTCCATAGCTAAGTAT,0
CTCCATAGGTTACCCA,0
CTCCATCGGTAATGAT,0
CTCCATCGTTTAATTC,0
CTCCATGGAAAACTTC,0
CTCCATGTACCTAAAT,0
CTCCATTAAGGTATAG,0
CTCCATTCCACTTAAC,0
CTCCATTGAAAACGAA,0
CTCCATTTTACAGAGG,0
CTCCCAAACTACACAA,0
CTCCCAACACGGGGAA,0
CTCCCAACTAATAACG,0
CTCCCAACTCCCTATA,0
CTCCCAAGTACGCATA,0
CTCCCAATTGCAAGTT,0
CTCCCACCAACCGCAA,0
CTCCCATAATGGCCCC,0
CTCCCATCTAATATCC,0
CTCCCCAACAACCCAA,0
CTCCCCACAAAAGATG,0
CTCCCCAGAGAGCAGC,0
CTCCCCATTACACTAA,0
CTCCCCGCATAGTGCC,0
CTCCCCTCACATAACA,0
CTCCCGAATGATGCAC,0
CTCCCGACCACAAACT,0
CTCCCGCGAATAATAG,0
CTCCCGCTAAGAACAG,0
CTCCCGCTTAGAAAAA,0
CTCCCGGAGAAACAGT,0
CTCCCGGCTACAATCT,0
CTCCCGTTGATACTAC,0
CTCCCTACGCATGGGT,0
CTCCCTACTTGAAAAT,0
CTCCCTATAATGAAAG,0
CTCCCTCAACTTTTTA,0
CTCCCTCCTATTTAGC,0
CTCCCTCTGCTAAAAG,0
CTCCCTGTGTTACTCG,0
CTCCCTTCCGCAGCGC,0
CTCCCTTTAGTTTACC,0
CTCCGAACAGCCAATA,0
CTCCGACATAGATAAC,0
CTCCGACGAGTGAGCA,0
CTCCGACTTGCCTTAA,0
CTCCGAGTAGCTACAA,0
CTCCGATGAATAGCTA,0
CTCCGCAAATCGTAAC,0
CTCCGCAGTGCCTGTT,0
CTCCGCATACACAAGA,0
CTCCGCTGTAAAGCAG,0
CTCCGGAAAGTGCTAA,0
CTCCGGAACACTCGGG,0
CTCCGGGAACAACAAA,0
CTCCGTAACTCTAATT,0
CTCCGTAATCTACAAA,0
CTCCGTCAGTTAATGA,0
CTCCGTGACTACGCAT,0
CTCCGTGCAACCAAGA,0
CTCCGTTAAATCCAAG,0
CTCCGTTATGCATCAC,0
CTCCGTTGGGTGGCAT,0
CTCCTAAAGCTATCAA,0
CTCCTAAGCCGATTAA,0
CTCCTAAGTACAAAAA,0
CTCCTAATAGCGGGTC,0
CTCCTACCAATGAAAG,0
CTCCTACGCAGAGCGA,0
CTCCTACTCAAAGTCG,0
CTCCTAGAATGCGAAT,0
CTCCTAGACAATAAAT,0
CTCCTAGTGTATGAAC,0
CTCCTATCTGTAGCTA,0
CTCCTCATACAGATCT,0
CTCCTCATCTCTCTAT,0
CTCCTCCCTTAAACGT,0
CTCCTCCGTAAGTTAT,0
CTCCTCTGGGACTACG,0
CTCCTGAGCGATTGAC,0
CTCCTGCTCCAGAAAA,0
CTCCTGTAAACTGTCA,0
CTCCTTAAAATGTGTA,0
CTCCTTAATTAATACG,0
CTCCTTACCAAAGTCG,0
CTCCTTATATCGAAAT,0
CTCCTTGCAAAAGCCG,0
CTCCTTGCCCTTGAAA,0
CTCCTTGGACAATAGG,0
CTCCTTTAATGGGCCC,0
CTCCTTTATGTTCTGT,0
CTCGAAAAAAAAGCGC,0
CTCGAAACAGGCGAGG,0
CTCGAAATCTATTATG,0
CTCGAACCATTCGCCT,0
CTCGAACGATAAAAAC,0
CTCGAACTAATAGACA,0
CTCGAACTATGCATTT,0
CTCGAACTTGCGAGTC,0
CTCGAAGATGGCCGGT,0
CTCGAATACTAAGTAT,0
CTCGAATGTAACTACA,0
CTCGAATTGGTCATGC,0
CTCGACAAAAATACTA,0
CTCGACAACCAGCCCG,0
CTCGACAATATAATGC,0
CTCGACACAATCATAG,0
CTCGACACATTAGACC,0
CTCGACCGGAGGATTC,0
CTCGACCTATTGCTAA,0
CTCGACCTCTGGGACA,0
CTCGACGACGAGGGGA,0
CTCGACGCACGTTTGT,0
CTCGACTACCTGCTAA,0
CTCGACTCCTCGATCA,0
CTCGACTGGAGGCGGC,0
CTCGAGAAATAAATAA,0
CTCGAGAACCAACTCG,0
CTCGAGACAGCCCAAA,0
CTCGAGCACAATATCA,0
CTCGAGCAGACACTAA,0
CTCGAGCGTATATACA,0
CTCGAGCTTCCGAAGC,0
CTCGAGTAGAAGTTAA,0
CTCGAGTTAATGTAAC,0
CTCGATAAGAAGAATA,0
CTCGATAAGCATCATG,0
CTCGATAAGTTGTATA,0
CTCGATACTCATACTC,0
CTCGATAGTCAGGTTA,0
CTCGATATAATGCGAC,0
CTCGATATACTTTATT,0
CTCGATCTACTCCAAA,0
CTCGATCTTCCATGGA,0
CTCGATCTTGAAGAGA,0
CTCGATGATGGACATA,0
CTCGATTAAACTACTT,0
CTCGCAAAGTCCGTAA,0
CTCGCACAATCTACTT,0
CTCGCATTTAGCTGTG,0
CTCGCCAAAATGTACG,0
CTCGCCCAGACTACGT,0
CTCGCCCATAACAACC,0
CTCGCCCCCTATTAAC,0
CTCGCCCGGTACCACT,0
CTCGCCCTAAAAGTGT,0
CTCGCCCTAGGAAATA,0
CTCGCGATAGAGACAA,0
CTCGCGCACAACAACC,0
CTCGCTCCAGGAGTTA,0
CTCGCTTTCATCTAGT,0
CTCGCTTTTACATTAA,0
CTCGGAAAGATTACTT,0
CTCGGAAGTACTGGAG,0
CTCGGAGTTCTAAAGA,0
CTCGGAGTTTAACTAT,0
CTCGGATCTCAAAAAC,0
CTCGGATGTATCACCC,0
CTCGGCATCTGAAGAC,0
CTCGGCATTATCATAT,0
CTCGGCCATATACACG,0
CTCGGCCCGACGCTGT,0
CTCGGCCGAAACTTGC,0
CTCGGCTCCACCTAAA,0
CTCGGCTGGTCTAGGC,0
CTCGGGATTGGTTCAT,0
CTCGGGCAGCCGGCCT,0
CTCGGTAAGGAGATGT,0
CTCGGTACAATCAGAC,0
CTCGGTGGAGCCCCAA,0
CTCGGTTTCCTTCGGT,0
CTCGGTTTGATTAGAA,0
CTCGTAACACAAATTC,0
CTCGTAATTCAATGTG,0
CTCGTAATTTAACCCA,0
CTCGTACAGTGTTATT,0
CTCGTAGGCTTTTCGC,0
CTCGTAGTAATTACCT,0
CTCGTAGTTCATAATG,0
CTCGTATAAGTGAGCC,0
CTCGTATCGGTCTCAA,0
CTCGTATGTTAAACGA,0
CTCGTATTAGTGACAA,0
CTCGTATTCAATGGGT,0
CTCGTCAAACGCAGCC,0
CTCGTCAAGTATAGTT,0
CTCGTCAGAAGAATAC,0
CTCGTCCAGCTCCGAA,0
CTCGTCCCAGGTGATT,0
CTCGTCGAAAAAGCTC,0
CTCGTCGACTGATTGT,0
CTCGTCGGAATTCATT,0
CTCGTCTAATACAAGT,0
CTCGTGCTTGGAAGAT,0
CTCGTTAAATTATCAC,0
CTCGTTATAACGAGGT,0
CTCGTTATCTCATTCC,0
CTCGTTATGATCCCAA,0
CTCGTTGCGAGAACGC,0
CTCGTTTAAAAAAAAA,0
CTCGTTTCGAACAACA,0
CTCGTTTGAAGAAAAG,0
CTCGTTTTACTAACAT,0
CTCTAAAAAAGAACAT,0
CTCTAAAATAAATAAT,0
CTCTAAACAGATAATA,0
CTCTAAACTTTTATAC,0
CTCTAAAGTCATAACT,0
CTCTAAAGTCGAATGA,0
CTCTAACAAAAGTCGA,0
CTCTAACCATCAGGGT,0
CTCTAACCCACAAAGA,0
CTCTAACCCGCGAATC,0
CTCTAACGGCTTGGAT,0
CTCTAACTAAATACTT,0
CTCTAACTGACTCATG,0
CTCTAACTTAAATTCA,0
CTCTAAGAATCTGACA,0
CTCTAAGACTATGAAT,0
CTCTAAGGATATCATC,0
CTCTAAGTAAGACCGG,0
CTCTAATCATTGTTAA,0
CTCTACAATGTCTAAA,0
CTCTACACGTGTTACC,0
CTCTACACTTAAGTAC,0
CTCTACCACCACTAGC,0
CTCTACCACGTCGCCG,0
CTCTACCCTCCATTAA,0
CTCTACCGAAATCAAT,0
CTCTACCGCCTGCTAT,0
CTCTACGAAACTATTC,0
CTCTACGGTAGAAGAA,0
CTCTACTAGCAAACGC,0
CTCTACTCATAACAAT,0
CTCTAGAAAACCCTAC,0
CTCTAGAAAACTTAGA,0
CTCTAGAACAAAAAAT,0
CTCTAGAACCCGCTTT,0
CTCTAGATAAAACAAT,0
CTCTAGATAAATTGTT,0
CTCTAGATACAAACTC,0
CTCTAGGTTATTTGTA,0
CTCTAGTAACATAAAT,0
CTCTAGTACAAGAATT,0
CTCTATAAAAACACGC,0
CTCTATAAAATATTAC,0
CTCTATAAGATGGTGA,0
CTCTATAATGTGTTGT,0
CTCTATACGGATGATC,0
CTCTATACTAAAATGC,0
CTCTATAGAACCTAGA,0
CTCTATATACAGAATT,0
CTCTATCAAAGATTGG,0
CTCTATCCTCCTACGG,0
CTCTATGAAGCTTGCA,0
CTCTATGCCGATGGAA,0
CTCTATGGAACCGACA,0
CTCTATGTTCCCATAC,0
CTCTATTTCCAAATTT,0
CTCTCAACAATTTATC,0
CTCTCAACCCCATGTC,0
CTCTCAACGTGATGTA,0
CTCTCAATGATGCACT,0
CTCTCACACACACTCG,0
CTCTCACGTACAAGAA,0
CTCTCAGTAACCGAAC,0
CTCTCAGTCTCTCCAT,0
CTCTCATAAAAGTCCA,0
CTCTCATTAAAAAAAT,0
CTCTCCACGCTTTGCA,0
CTCTCCATATTGACAA,0
CTCTCCATCAATACCG,0
CTCTCCATTTCCAGAA,0
CTCTCCCAAGACGGCT,0
CTCTCCTATTCCACGT,0
CTCTCGAAAAACCAGC,0
CTCTCGAACATGAAAA,0
CTCTCGAATATCTCGG,0
CTCTCGATATTAATAT,0
CTCTCGCCGCGAATGC,0
CTCTCGGACAAGAAAA,0
CTCTCGTAAAATGAAT,0
CTCTCGTCTCAATATA,0
CTCTCGTTTTTAAATT,0
CTCTCTAAAATGAAAA,0
CTCTCTAAGAGCTAGA,0
CTCTCTAATATTGGTT,0
CTCTCTACTGATATCT,0
CTCTCTCCGAGTTACC,0
CTCTCTCTGCAGTCTT,0
CTCTCTGACCTGGTAC,0
CTCTCTGTTTTCGCGA,0
CTCTCTTCTAGTCCAT,0
CTCTCTTTAAACCCAA,0
CTCTGAAGAAAAGGAA,0
CTCTGAAGACCAACAT,0
CTCTGAAGTCAAACAT,0
CTCTGAATACGATGTC,0
CTCTGAATTGTCAGTG,0
CTCTGACATTGAGATT,0
CTCTGACTAACAGGAA,0
CTCTGATCTCGGTAAA,0
CTCTGATTCTCATTAC,0
CTCTGCAAAAAAAAAA,0
CTCTGCAAATACAGAA,0
CTCTGCAGCTGAGTAA,0
CTCTGCAGTAGTTACA,0
CTCTGCGGAGGGATAC,0
CTCTGCGGCAGGAACT,0
CTCTGCTTCAGTACCC,0
CTCTGCTTCGAGTGAA,0
CTCTGGAGAAGATAGT,0
CTCTGGAGAGAATTGT,0
CTCTGGCCTAGAAATA,0
CTCTGGTAACTTAAAT,0
CTCTGTAAAGATGTAT,0
CTCTGTAATTTTGAGC,0
CTCTGTCACATACAGA,0
CTCTGTCATTGGTCAG,0
CTCTGTCCACAGAAGT,0
CTCTGTCTCGGCTTAG,0
CTCTGTTTCACGTTAA,0
CTCTGTTTGGAAATAA,0
CTCTTAAAACCCTGTA,0
CTCTTAAAGTCGAAAA,0
CTCTTAACAAAGACAT,0
CTCTTAAGTGAATGGA,0
CTCTTACAGACGGAAA,0
CTCTTACTAGCTTACA,0
CTCTTAGAACATGCAC,0
CTCTTAGACACCGGCA,0
CTCTTAGGTCATAATA,0
CTCTTAGTAAAGACGA,0
CTCTTATAATCAAAGT,0
CTCTTATGCTAGCGCA,0
CTCTTCTGCCTCATTC,0
CTCTTGACATAGGGGA,0
CTCTTGAGTCCAATAC,0
CTCTTGATGCGGTCAG,0
CTCTTGCATACCGTAA,0
CTCTTGCCTCAGAAAC,0
CTCTTTAATTCCAGAT,0
CTCTTTAGTGAATGAA,0
CTCTTTATCATGATAT,0
CTCTTTCGACTTACTA,0
CTCTTTCGATATACGA,0
CTCTTTCGTGACTAAT,0
CTCTTTCTAAAGTAGA,0
CTCTTTCTCGAGATTA,0
CTCTTTGAAAACCGAC,0
CTCTTTGCCAAAGTAA,0
CTCTTTGCGAAATAAA,0
CTCTTTGTAGTTAAAC,0
CTCTTTTCTGAAACTA,0
CTCTTTTTTCCTAAGC,0
CTGAAAAAAATGAATA,0
CTGAAAAAAGTATTCA,0
CTGAAAAATGAGGAGG,0
CTGAAAACATCTACTG,0
CTGAAAACGCAAAATG,0
CTGAAAACGGCTTTCG,0
CTGAAAAGGAGTAGAC,0
CTGAAAAGGCTCTCGA,0
CTGAAACACAGAGAGA,0
CTGAAACACGGATATC,0
CTGAAACCATAACGAC,0
CTGAAACCGAGCATAA,0
CTGAAACCGTAATAAA,0
CTGAAACCTAGAATAG,0
CTGAAACGCCCAAGAG,0
CTGAAACGCTGATAGA,0
CTGAAACTGCACATTC,0
CTGAAATCAAGAAAAA,0
CTGAACAAACCAACTA,0
CTGAACACCCTCTTTA,0
CTGAACAGCGGATATA,0
CTGAACAGGTCCTTGC,0
CTGAACCACCTTCTAC,0
CTGAACCAGTACAGAA,0
CTGAACCCTTCGACCA,0
CTGAACCGCATCGAAT,0
CTGAACCTACTCATAA,0
CTGAACCTCATTTTTA,0
CTGAACCTGCCCTGAC,0
CTGAACGACAACTATC,0
CTGAACGATTGACGAT,0
CTGAACGCATAACTTA,0
CTGAACGGTTTACTCA,0
CTGAACGTAAAGGGAT,0
CTGAACTAAATATATA,0
CTGAACTATGGTCTTT,0
CTGAACTATTATACTA,0
CTGAACTGTGCGCTTA,0
CTGAACTTGCTTCTAT,0
CTGAAGAACGCTGGGT,0
CTGAAGAACTCCATAT,0
CTGAAGAACTCGATTG,0
CTGAAGACATACTCGA,0
CTGAAGACCTAGTCAT,0
CTGAAGAGAATGTGGC,0
CTGAAGAGACGTACCA,0
CTGAAGATTGAACATC,0
CTGAAGCAGAATAACC,0
CTGAAGCCACGACAAA,0
CTGAAGCCCCACTATT,0
CTGAAGCTGCAAATAC,0
CTGAAGGAATTAAGTC,0
CTGAAGGCCACACCAC,0
CTGAAGTAAATGGAAA,0
CTGAAGTAATCATTTG,0
CTGAAGTCCGTTCTAA,0
CTGAATACAAACATGC,0
CTGAATATAACATTAG,0
CTGAATATGACAATAC,0
CTGAATATGATGAAAC,0
CTGAATATGCATACGA,0
CTGAATCGCATTAGAA,0
CTGAATGCACACAAGA,0
CTGAATGTTCACTGTT,0
CTGAATTAATAATAGG,0
CTGAATTAGTTACTAA,0
CTGAATTCATAAGTTC,0
CTGAATTTTTGACTGT,0
CTGACAAAAAAGAACC,0
CTGACAAAAAGACTGG,0
CTGACAAGAGTTTTGT,0
CTGACAATACAAAGGA,0
CTGACAATTATCGACA,0
CTGACACAATATGTAC,0
CTGACACCCCCCGAAG,0
CTGACACTAACAAATG,0
CTGACACTATTCTCAT,0
CTGACAGACCCGAAAT,0
CTGACAGGCCGTCGAT,0
CTGACCAAGTAACAAT,0
CTGACCACATATTCGG,0
CTGACCATGACATGAA,0
CTGACCGAATGATGGT,0
CTGACCGCAACGCAGT,0
CTGACCTAATACCGCA,0
CTGACCTGCGCTTGTA,0
CTGACCTTCAAACTTA,0
CTGACGAACCATACGA,0
CTGACGATATGTCCCA,0
CTGACGCAAGCCCGAA,0
CTGACGCCCTTGCTAA,0
CTGACGCTAAAGCCCA,0
CTGACGCTACGAACAA,0
CTGACGGGCCGTGCCC,0
CTGACGGTATTTTTAA,0
CTGACGTAACGCCTTA,0
CTGACTACTAGAAAAC,0
CTGACTACTATAAGAA,0
CTGACTAGAATCTAAA,0
CTGACTAGACTTGTTT,0
CTGACTAGGCCACGTT,0
CTGACTATATGAAGGT,0
CTGACTATCTTGAACA,0
CTGACTCATATCCCTG,0
CTGACTCTCGAATATG,0
CTGACTGAGAGCACAA,0
CTGACTGGGTCACTCA,0
CTGACTTAAGGTTGCG,0
CTGACTTAGTCCCTGC,0
CTGACTTAGTTGAACC,0
CTGACTTGCGAAGTCG,0
CTGACTTTCTAAACAC,0
CTGAGAAACTTCACAA,0
CTGAGAAATGGGTAGA,0
CTGAGAAATGTTAAAC,0
CTGAGAACGATGACGG,0
CTGAGAAGCGTAAACT,0
CTGAGAAGTTGCAACT,0
CTGAGAATAGGGATCC,0
CTGAGACATAACCACC,0
CTGAGACTACACATAA,0
CTGAGACTCTAACAAT,0
CTGAGACTGCGTATAA,0
CTGAGATAAGCCCACA,0
CTGAGATAATAGCCGT,0
CTGAGATCAAAACTCA,0
CTGAGATCAAATTCTC,0
CTGAGATCGTGACAAT,0
CTGAGATTGCACTTAC,0
CTGAGCAAAGGTGATG,0
CTGAGCACTATGAAAA,0
CTGAGCGAGATATCAT,0
CTGAGGAGCTTTTATT,0
CTGAGGCCTGCGACGA,0
CTGAGGCGTAAATAAG,0
CTGAGGTATCCTTTCA,0
CTGAGTAACCCACCGG,0
CTGAGTACGCACATGA,0
CTGAGTCAACTCCATC,0
CTGAGTCAATTTTCCC,0
CTGAGTCCCAAGATTA,0
CTGAGTGGTAATATTT,0
CTGAGTTATGGCCCCA,0
CTGATAAAAAACCCGG,0
CTGATAAATTAGAACC,0
CTGATAACATCCAGTC,0
CTGATAACGCCCTACA,0
CTGATAATACCGCCGT,0
CTGATACAATAATAAC,0
CTGATACCACCCGCCG,0
CTGATACCAGGTATAC,0
CTGATACCATCACAGC,0
CTGATAGATTACAGGT,0
CTGATATAAATAATGG,0
CTGATATATACCCTTC,0
CTGATATTAGATTGAT,0
CTGATCAGATGACAGA,0
CTGATCAGCCTTAATT,0
CTGATCCCTACATTCG,0
CTGATCCGCAACAACA,0
CTGATCCTTGACCTAA,0
CTGATCGATAACTTTT,0
CTGATCGATTAATACG,0
CTGATCGCCTTCTAAC,0
CTGATCGGAAGGACAC,0
CTGATCTAGTAAAGTA,0
CTGATCTGGCCCCCGC,0
CTGATGAACGAAAGCT,0
CTGATGAAGACTAGCC,0
CTGATGAATGTATTGA,0
CTGATGACACAAGAGA,0
CTGATGACCTAACAAA,0
CTGATGCATGTGATAA,0
CTGATGGAGAACAACC,0
CTGATGGATTAGCTGC,0
CTGATGGATTCTGAAC,0
CTGATGGGTGGGTACG,0
CTGATGGTGTGTGCCT,0
CTGATGTCTGTCAAAG,0
CTGATTAAATATACAA,0
CTGATTAACAACAACG,0
CTGATTACCGGACGTA,0
CTGATTAGATTACTAA,0
CTGATTAGCCTCTTTC,0
CTGATTATACGTTGAA,0
CTGATTCATATAAACT,0
CTGATTGCAGCCATAA,0
CTGATTGCGATAGACC,0
CTGATTGGGGACTAAC,0
CTGATTTAAAGGAGAC,0
CTGATTTATCCAACAC,0
CTGATTTGTGCGAAAG,0
CTGATTTTATACCCGA,0
CTGCAAAACAAAACTA,0
CTGCAAAACGCATGAA,0
CTGCAAACCATGGGCC,0
CTGCAAATGCACTATA,0
CTGCAAATGGTGTACC,0
CTGCAAATTCACACCA,0
CTGCAACGATGACTAC,0
CTGCAACGGACCAATG,0
CTGCAAGAGCAGTAAC,0
CTGCAAGATTAAAATC,0
CTGCAAGCCTAAAAAA,0
CTGCAAGTAATGAATA,0
CTGCAATAACCCCCGA,0
CTGCAATCATATAATT,0
CTGCAATCTGAATATC,0
CTGCACAATAACTATA,0
CTGCACATAATTAGAG,0
CTGCACCGCGTTTGCG,0
CTGCACCTAGCATAAA,0
CTGCACGGAAAATAAA,0
CTGCACGTATTTTAAC,0
CTGCACTATAATACAC,0
CTGCAGAAGTCTCAAT,0
CTGCAGACATTGTGAC,0
CTGCAGCAAAAAATTG,0
CTGCAGGTTTGCCATT,0
CTGCATAACATCGATC,0
CTGCATAAGTCTAACC,0
CTGCATACGTGCAAGA,0
CTGCATAGATCTTACA,0
CTGCATATGAACCATT,0
CTGCATGATGCAATTC,0
CTGCATTAACTTATGG,0
CTGCATTATCCATTAA,0
CTGCATTGTAAAAAAC,0
CTGCCAAATTAAGCAC,0
CTGCCAAGAAGTATCC,0
CTGCCACAAACTAACC,0
CTGCCACCCCACCAAT,0
CTGCCAGAACGGCAAT,0
CTGCCAGCTAAATCCT,0
CTGCCATAACCTAAAG,0
CTGCCATAATACGTTG,0
CTGCCATAGTCCTCTA,0
CTGCCATCTAGAGAAG,0
CTGCCATTAATCACGA,0
CTGCCATTCCGACATC,0
CTGCCCAAACGAGTGT,0
CTGCCCTATCCTTTGA,0
CTGCCCTCTTCTATGC,0
CTGCCCTTTTTTGGGT,0
CTGCCGACGTTCTAGA,0
CTGCCGCCAGTAATAA,0
CTGCCGTAACACTTGT,0
CTGCCGTTAAGTATAA,0
CTGCCTAATTTAATGC,0
CTGCCTACAAATACTT,0
CTGCCTACTCTATTAA,0
CTGCCTGAGACTTCAT,0
CTGCCTTAATCACAAT,0
CTGCCTTCGCAAAGGA,0
CTGCGAAAAAACACTT,0
CTGCGAAAAATCATAC,0
CTGCGAATTATCAACA,0
CTGCGAATTCGTGAAC,0
CTGCGAATTCTTAGCA,0
CTGCGAATTTCAACAG,0
CTGCGACCGATCATAA,0
CTGCGACTCATTATCT,0
CTGCGCACCAGCTGGC,0
CTGCGCAGACACTCAA,0
CTGCGCCACGCCAGCC,0
CTGCGCGGAGAGTACC,0
CTGCGGCCGAGTACTC,0
CTGCGGGCTATTTCTC,0
CTGCGGTATAAGTGAT,0
CTGCGGTATTCAATGC,0
CTGCGTAATGGAGACG,0
CTGCGTACGCCACGGA,0
CTGCGTGGTACATCTT,0
CTGCGTTGCTTACTAA,0
CTGCGTTGTCATAAGT,0
CTGCTAAATGCCCACA,0
CTGCTAATATTACTCT,0
CTGCTACGGAACAAAA,0
CTGCTAGAAGATGATC,0
CTGCTAGTCGAGCAGA,0
CTGCTATAGAGATCGA,0
CTGCTATGGTATGGAG,0
CTGCTCTCCCAGATAA,0
CTGCTGAAAGCTATGG,0
CTGCTGAGACCCATGG,0
CTGCTGAGTTTCGGCG,0
CTGCTGCCAAGAACCA,0
CTGCTGCGTTAGCCTT,0
CTGCTGCTTGTGTAGG,0
CTGCTGGGCACCTAAC,0
CTGCTTCAGAGCAATA,0
CTGCTTCATAAATAAC,0
CTGCTTCCCCAGTGAA,0
CTGCTTGAACCAAATA,0
CTGCTTGACCAGCCAC,0
CTGGAAAGGACTGAGT,0
CTGGAAATACCCATGC,0
CTGGAACGAAGGCAAG,0
CTGGAACTGCTCAGTA,0
CTGGAAGAGTATGACC,0
CTGGAAGTCTGATCAT,0
CTGGAATCCCACAACC,0
CTGGAATTATATAATT,0
CTGGACAAGTAGACCC,0
CTGGACAGTTGTTAAG,0
CTGGACATGCTTCTCA,0
CTGGAGTAAAGAAAAA,0
CTGGAGTGCAAATTCT,0
CTGGATAGTACATAAA,0
CTGGATCATCCATAAA,0
CTGGATGCAGCGTCAT,0
CTGGATTAATGTCTCA,0
CTGGATTACTTAGAAA,0
CTGGATTTACTCGGTG,0
CTGGCAACGCCAGTTT,0
CTGGCACGGTACTTCG,0
CTGGCAGCCAGTATAT,0
CTGGCAGTACGCGCAT,0
CTGGCATAAAAAGACA,0
CTGGCATCCATAGCTC,0
CTGGCATGATAATTAA,0
CTGGCATGTCATGCAG,0
CTGGCATTATTCCTCA,0
CTGGCCAGAACATATC,0
CTGGCGAACCATTGTG,0
CTGGCGAAGAATTAGG,0
CTGGCTAGAGTTAGCA,0
CTGGCTATACAAGCTA,0
CTGGCTGCTCTCGTCA,0
CTGGCTTAGTAATACC,0
CTGGGAAGTACAGGAA,0
CTGGGACGCAACATTG,0
CTGGGACTAGAAGAGG,0
CTGGGATCAACAAGCA,0
CTGGGATCATCAGGAA,0
CTGGGATCCAGCGACT,0
CTGGGCAAATAAGAGA,0
CTGGGCATTCTAGGTG,0
CTGGGCGAACCGTCAT,0
CTGGGCGGTGTAGACG,0
CTGGGCTAAATCTACG,0
CTGGGGAGCAAAAGAA,0
CTGGGGGTCTTCATTT,0
CTGGGGTACCGAGACT,0
CTGGGTAAATTATCCG,0
CTGGGTAATTGTTAAA,0
CTGGGTACAAACAGTC,0
CTGGGTACCCACGCAA,0
CTGGGTCAACTTAACG,0
CTGGGTCCATATTCAA,0
CTGGGTCGTGATACAA,0
CTGGGTTCCTATACAG,0
CTGGGTTTGTCATTAT,0
CTGGTAAGTCCGTGCT,0
CTGGTACAAAAATAAA,0
CTGGTACTTCAGGACT,0
CTGGTAGCCCAATTAT,0
CTGGTAGTCGGTCATT,0
CTGGTATAGTAACAGC,0
CTGGTATCAAGGGACG,0
CTGGTATGGACTGCCA,0
CTGGTCAAAAGCTTAT,0
CTGGTCAGTAAATTAA,0
CTGGTCGCCCAAAGAT,0
CTGGTCGGAACAGAGC,0
CTGGTCTATAACTTAT,0
CTGGTCTTCATCTATA,0
CTGGTGTACAGATCAA,0
CTGGTGTCACTGCAAA,0
CTGGTTAAGAACCTTA,0
CTGGTTAATAGATGTT,0
CTGGTTACAACACTGA,0
CTGGTTCTCTAAAGGA,0
CTGGTTCTGCACTCTT,0
CTGGTTGCCAGAAAAC,0
CTGGTTTATGGTTCAC,0
CTGTAAAACAAGGAAG,0
CTGTAAACCTGATAAT,0
CTGTAAATAAAAGATT,0
CTGTAAATAAGTATAA,0
CTGTAACAGTAGTGGT,0
CTGTAACATCTAAAAG,0
CTGTAACATGATGCCG,0
CTGTAACGATACATCA,0
CTGTAACGTTCAATAC,0
CTGTAACTCGAAAATA,0
CTGTAAGATGACCCAA,0
CTGTAAGCCCCAAACA,0
CTGTAAGCTCCTTAGA,0
CTGTAAGTGCTAGCCA,0
CTGTAAGTGGCTTTAG,0
CTGTAAGTTCAAGCAC,0
CTGTAATAATAAAGAA,0
CTGTAATGAACCTAAA,0
CTGTAATGAGCACAAC,0
CTGTACAAACAGAAAT,0
CTGTACAAACTGATTC,0
CTGTACACTACACTAT,0
CTGTACATTGATGACT,0
CTGTACCAAAGCATCC,0
CTGTACCTTGCCCAAA,0
CTGTACGAACCATTGT,0
CTGTACGATTATACGC,0
CTGTACTGATATTGTT,0
CTGTACTTAAAACAAT,0
CTGTACTTGTCACATA,0
CTGTAGAAGCTTTACC,0
CTGTAGAATAAATCAC,0
CTGTAGACCCTTACTA,0
CTGTAGATGTCACTAA,0
CTGTAGCGAATAAAAC,0
CTGTAGCGCCGTATCT,0
CTGTAGCTTACATAAC,0
CTGTATAGTCAGTGAA,0
CTGTATGACTGCGATC,0
CTGTATGAGTAATCCT,0
CTGTATGTTGTGACAG,0
CTGTATTAAATACGCG,0
CTGTATTACATCGACC,0
CTGTATTCACATCAGA,0
CTGTATTTTTAGCAAT,0
CTGTCAAGGGGGACCT,0
CTGTCAATGGATGTAT,0
CTGTCACAGCTACGAA,0
CTGTCACCTCACACCC,0
CTGTCATAACACCAAT,0
CTGTCATGGATCGCTT,0
CTGTCCAACATACACT,0
CTGTCCAGAACGGAGA,0
CTGTCCCCGAGAAGGG,0
CTGTCCGGCTATACCA,0
CTGTCCTAAATTTCAA,0
CTGTCTATTACCAAGC,0
CTGTCTCCAAGCAAGG,0
CTGTCTTATATCTCCT,0
CTGTCTTTATCTGGCC,0
CTGTGAAAAACACCTA,0
CTGTGAATAAAGATCA,0
CTGTGACGTTAAGGTA,0
CTGTGAGAATACGAAA,0
CTGTGATCACCATTAA,0
CTGTGCGGGATTGTAA,0
CTGTGCGGTAAAGTTT,0
CTGTGGAGCACCAAGA,0
CTGTGGCCTTTTTATA,0
CTGTGGGAAAAAAATA,0
CTGTGGGCTTATATAT,0
CTGTGTCTTATGTTCA,0
CTGTGTGTATTATGTT,0
CTGTTAATAATACGTT,0
CTGTTAATAGCTGTAC,0
CTGTTAATGTCCTATA,0
CTGTTATCGAAGAATT,0
CTGTTATCGTATATAA,0
CTGTTATGTTAATAAA,0
CTGTTATTCAGCTAGT,0
CTGTTCAAACGAACAC,0
CTGTTCCCACCAGTAA,0
CTGTTCGACTACGTCT,0
CTGTTCGTATATGTAT,0
CTGTTGACAAAGATCC,0
CTGTTGACTTTACGCA,0
CTGTTGCTACACGCAA,0
CTGTTGCTGTCCACTG,0
CTGTTGGATACTCAAA,0
CTGTTGTGTGAGATCT,0
CTGTTTAAGTGTATAG,0
CTGTTTACCTTCTTGG,0
CTGTTTAGCGACAACA,0
CTGTTTATATACGGGC,0
CTGTTTGCTAGATTAC,0
CTGTTTTAAAATTCGT,0
CTTAAAAAAACGACAG,0
CTTAAAAAAGCTAGCC,0
CTTAAAAAAGGCAAAA,0
CTTAAAAACAGAAATG,0
CTTAAAAACCTTGCAA,0
CTTAAAAAGCATAGCC,0
CTTAAAAATAATCTTG,0
CTTAAAAATTGTGATA,0
CTTAAAACCATTCATG,0
CTTAAAACGATTTCTA,0
CTTAAAACTCGCGATA,0
CTTAAAAGATCATCAC,0
CTTAAAATAAACGCTT,0
CTTAAAATGGACAGCT,0
CTTAAAATTAACCCAT,0
CTTAAAATTTTAATTT,0
CTTAAACAATGACACC,0
CTTAAACAATTACTTA,0
CTTAAACAGACATCCA,0
CTTAAACATAGGCAAA,0
CTTAAACCAGCAACTA,0
CTTAAACCCAGCACCA,0
CTTAAACCTAAGATCC,0
CTTAAACTAAATCAGT,0
CTTAAACTAAGAACAG,0
CTTAAAGAATGATATA,0
CTTAAAGACACTATTT,0
CTTAAAGAGAGACTCG,0
CTTAAAGATGGGTTCG,0
CTTAAAGCGAATGTAG,0
CTTAAAGGCACAGAGA,0
CTTAAAGTGAGGAGCG,0
CTTAAATATCAACCAC,0
CTTAAATCTACCAGTC,0
CTTAAATGTTAGTCAA,0
CTTAAATTACTAAATA,0
CTTAAATTGCCAAATA,0
CTTAAATTGTGAGTTA,0
CTTAACAAATTAAGAC,0
CTTAACAATCGATAAA,0
CTTAACAATGAAGGAA,0
CTTAACAATGAGTCAG,0
CTTAACACTAGAATGT,0
CTTAACATAAAACCCA,0
CTTAACATATTAATAT,0
CTTAACATGAATAGAG,0
CTTAACCAATGAAACA,0
CTTAACCAGCAGAATC,0
CTTAACCATGTTTTGC,0
CTTAACCCGCTTACTA,0
CTTAACCGCACGCACT,0
CTTAACCTACCTTATT,0
CTTAACCTACTAGGCA,0
CTTAACGATGCAAGTC,0
CTTAACGCGCTAGCAT,0
CTTAACGTCACTTTAT,0
CTTAACTAGAATCGAT,0
CTTAACTATTCTGTAC,0
CTTAACTCAAATAACT,0
CTTAACTGAAATACAT,0
CTTAACTGAATTACTT,0
CTTAACTTAATCTCTT,0
CTTAAGAAATAGATAT,0
CTTAAGAACCTCTATA,0
CTTAAGAATCTTCGCG,0
CTTAAGAGCAACCTCA,0
CTTAAGATAAGCATAT,0
CTTAAGATTTGTAACA,0
CTTAAGCACCCAGGCA,0
CTTAAGCCCCGTAGAA,0
CTTAAGCGCGCGTATA,0
CTTAAGCGGATGTATG,0
CTTAAGTAATACCACC,0
CTTAAGTATAAATAGC,0
CTTAAGTCTTGGCAAA,0
CTTAAGTTATACCTCT,0
CTTAAGTTGTCATCCA,0
CTTAATAAATAGCGCT,0
CTTAATAACGTCTGTC,0
CTTAATAAGTACGTAG,0
CTTAATAATACAATCT,0
CTTAATACACAAAATA,0
CTTAATACATACTAAC,0
CTTAATCTATTAACGA,0
CTTAATCTTAATATTA,0
CTTAATCTTACAAACG,0
CTTAATGACCATCTCG,0
CTTAATGCTAAGGAAT,0
CTTAATGTCTCACCAA,0
CTTAATTCGAGAAGGT,0
CTTAATTTAGAAGAAA,0
CTTACAAAGAGACCCC,0
CTTACAAATACACAAT,0
CTTACAACAAAATCTA,0
CTTACAACAAATGGCC,0
CTTACACCCAAAACCT,0
CTTACACCCGAACCAT,0
CTTACACCGAAGACCT,0
CTTACACTGAATTTTT,0
CTTACACTTCCGTAGA,0
CTTACAGAATAATAAA,0
CTTACAGACCAGCTAT,0
CTTACATAGTACTGAC,0
CTTACATCAAGACCGT,0
CTTACATCATATAGCA,0
CTTACATCCTAACATT,0
CTTACATGACATACAA,0
CTTACCAAAACATGCA,0
CTTACCAGGTCAAGCA,0
CTTACCATTATAGTGA,0
CTTACCATTTCTAAAC,0
CTTACCCGTCTCCTGG,0
CTTACCGACCCTCAGT,0
CTTACCGATAATCGGA,0
CTTACCGGCCTTTGTT,0
CTTACCTCCTTTTGAA,0
CTTACCTTAACGATGG,0
CTTACCTTCAGGAAAA,0
CTTACCTTTAACAATA,0
CTTACGAGCCACCCTT,0
CTTACGCAAAAAATAA,0
CTTACGCACGCAAGGC,0
CTTACGGCAACATTTT,0
CTTACGTATTCCTAAC,0
CTTACGTTTCTTCCAA,0
CTTACTAAAAGGTAGT,0
CTTACTAACACATCAA,0
CTTACTAAGAATAAAT,0
CTTACTAATAATGAAA,0
CTTACTACGATTGAGA,0
CTTACTCCCGCCCGGT,0
CTTACTCTACCACAAG,0
CTTACTCTAGAAATCT,0
CTTACTGAGAAAGAAA,0
CTTACTGCCATAGGTT,0
CTTACTGTGTTATTCC,0
CTTACTGTTTGTCACC,0
CTTACTTAGATATAAT,0
CTTACTTCGCTTCTGA,0
CTTACTTGAAGAAACG,0
CTTACTTTTACCACTA,0
CTTAGAAAAACTAATC,0
CTTAGAAAGAACCAGA,0
CTTAGAAATTTCGGCC,0
CTTAGAATTGGTTATG,0
CTTAGAGTAATAGTTA,0
CTTAGAGTTCGGTCTG,0
CTTAGAGTTTAAGAGG,0
CTTAGATGTCTCGAAT,0
CTTAGATTATAACAAC,0
CTTAGCAAACACGCAT,0
CTTAGCAACTACAACA,0
CTTAGCAATAGATCTC,0
CTTAGCAGTACAGTTA,0
CTTAGCATATACGCAT,0
CTTAGCATGACAAGAT,0
CTTAGCCAGAATCACC,0
CTTAGCCAGACGCTTA,0
CTTAGCCCAGGAACCA,0
CTTAGCGGAGAAGTGC,0
CTTAGGAAACATCTGA,0
CTTAGGCAAAAATTCA,0
CTTAGGCCACAACAAA,0
CTTAGGGGTAATCGGA,0
CTTAGGTTTAATAACT,0
CTTAGTAAAATCTATG,0
CTTAGTAACCCAACCT,0
CTTAGTACAATATCCG,0
CTTAGTAGATGTCCCA,0
CTTAGTCAGAATAACC,0
CTTAGTCCTAAACAAT,0
CTTAGTGGAGATGTCC,0
CTTAGTTTTTTCACAG,0
CTTATAAAACCATAAA,0
CTTATAAACACCAAAA,0
CTTATAAACAGGTCCG,0
CTTATAAACTACTTTT,0
CTTATAAAGAGTAATC,0
CTTATAAATCTCGTGA,0
CTTATAAATGCTAGAG,0
CTTATAACGCTATGAG,0
CTTATAAGAAGCGTGA,0
CTTATAAGACGAATAT,0
CTTATAAGTAGACCCG,0
CTTATAAGTATCATCC,0
CTTATAAGTTCGTGAT,0
CTTATACCACTGAGAC,0
CTTATACGACGGAAAC,0
CTTATACTAATTAAAA,0
CTTATACTCCGTACTC,0
CTTATACTGGTTAGAA,0
CTTATAGATAGAGCTT,0
CTTATAGGAGTCAATT,0
CTTATAGGTACAGGTA,0
CTTATAGTTCTCCAGA,0
CTTATATAAACGCTGT,0
CTTATATACAAAACAT,0
CTTATATCAAATGCCT,0
CTTATATCCAACTTGT,0
CTTATATCGACCACGA,0
CTTATATCTCAACAAA,0
CTTATATGCAGAGCCA,0
CTTATATGCCAATACC,0
CTTATATTACTACCCG,0
CTTATATTCGGTACTC,0
CTTATATTGATAAAAC,0
CTTATCAAACGTATCC,0
CTTATCAACAACACTG,0
CTTATCAACAGATAGT,0
CTTATCACATGAAACG,0
CTTATCACCACACTCA,0
CTTATCACTGCTAAGA,0
CTTATCAGTAAAAAGA,0
CTTATCATCTAAAATT,0
CTTATCCAAAAAAAAG,0
CTTATCCACCGATCAC,0
CTTATCCAGTCTATCT,0
CTTATCCATATCAATC,0
CTTATCCATCCTAAAC,0
CTTATCCATTGACCAA,0
CTTATCCGAACCTAGA,0
CTTATCGAACGGCAAT,0
CTTATCGGAAAGAAAA,0
CTTATCTAAAACGACC,0
CTTATCTAAGCGGTCA,0
CTTATCTACTGCATAA,0
CTTATCTCCCAGGTTA,0
CTTATGAACTACAAAT,0
CTTATGATACACCAAT,0
CTTATGATATCACACC,0
CTTATGATATCATTCA,0
CTTATGCAAAACCCAT,0
CTTATGCATGTAAACC,0
CTTATGCCAAAAATAA,0
CTTATGCGCATAGGCT,0
CTTATGCTATAAGCCA,0
CTTATGGCCAATATTT,0
CTTATGGGGCCATTTG,0
CTTATGTAAAGATTGA,0
CTTATGTATGCGACAA,0
CTTATGTGGGGCCCAT,0
CTTATGTTGTCTCGCT,0
CTTATTACTCAAATGC,0
CTTATTACTTAGCCTG,0
CTTATTATCTATTGCT,0
CTTATTCCGCAAAAAA,0
CTTATTCGAATGTCGA,0
CTTATTCTGTGTTCTC,0
CTTATTGTATCTCCTA,0
CTTATTTAAACACGTT,0
CTTATTTACGAGTCAT,0
CTTATTTCAAAAAAAC,0
CTTATTTCACGCACAT,0
CTTATTTGAGCCAAAG,0
CTTATTTGGAAACAGC,0
CTTATTTTATAGCCTA,0
CTTATTTTGAAGTTTT,0
CTTCAAAAGAAGTCAA,0
CTTCAAAATTATAAAT,0
CTTCAAACGACAACCG,0
CTTCAAAGAGACACCG,0
CTTCAAATAAAATTTC,0
CTTCAACAATACAGTT,0
CTTCAACAATATTTAT,0
CTTCAACCTATCGATG,0
CTTCAACCTTCGTGGC,0
CTTCAAGATTAATAAG,0
CTTCAAGCCCAAATTC,0
CTTCAAGGATATTAAA,0
CTTCAAGTCCATGATT,0
CTTCAATACTACCCTG,0
CTTCAATAGGACAAAG,0
CTTCAATATAAGTAGC,0
CTTCAATGTTAGCCCA,0
CTTCACAACCGTCCTA,0
CTTCACAATTAAACAA,0
CTTCACAATTTGTGCT,0
CTTCACAGCGAATGGT,0
CTTCACCGGTATATAA,0
CTTCACGAAAAAGAAT,0
CTTCACGCCGCCATCT,0
CTTCACGGGTAGCCAC,0
CTTCACGTACTCAATG,0
CTTCACGTTCTAGCAA,0
CTTCACTAGGACGACA,0
CTTCAGAAGCACTCCA,0
CTTCAGACGAATCAAA,0
CTTCAGAGCACCTATT,0
CTTCAGGTTATACCAC,0
CTTCAGGTTTTGTGTG,0
CTTCAGTAAAATTCGA,0
CTTCAGTAGATGCAGG,0
CTTCAGTCCGTCATAG,0
CTTCAGTGCATAGGAA,0
CTTCATAACTCGTACA,0
CTTCATAACTGAAAAT,0
CTTCATATAGATGATA,0
CTTCATATTATCACAA,0
CTTCATCAAGGACCGG,0
CTTCATCCATAACTAG,0
CTTCATCCCATGCATA,0
CTTCATCGATAAAAGT,0
CTTCATCTGGGCTTAT,0
CTTCATGGCGCATCCG,0
CTTCATTACATAAGCA,0
CTTCATTACGGGCTTC,0
CTTCATTATATCTTTC,0
CTTCATTGTGAAAGTA,0
CTTCATTTCAAATCAA,0
CTTCATTTGTGCACTT,0
CTTCCAACAATAAAAA,0
CTTCCAACAATGCTAT,0
CTTCCAACGGGACAGG,0
CTTCCAATCCAACAAG,0
CTTCCAATTCCAAGAG,0
CTTCCAATTGAAAGTA,0
CTTCCACACTAGAATG,0
CTTCCACACTAGAGTG,0
CTTCCACCGCTAAAAG,0
CTTCCACTAACACAAA,0
CTTCCACTTGGACTTG,0
CTTCCAGAGGATGCAA,0
CTTCCAGGAAACAATC,0
CTTCCAGTCTCCATTT,0
CTTCCATATCTATTTC,0
CTTCCCAAAGAAATAA,0
CTTCCCAAAGGGAAGC,0
CTTCCCAATAAAGATA,0
CTTCCCACATATATAA,0
CTTCCCAGAACGTGTC,0
CTTCCCAGCGTAAATG,0
CTTCCCATAAGCTTAA,0
CTTCCCCATGCTGATC,0
CTTCCCCCACAGCTAC,0
CTTCCCCGAAGACTTA,0
CTTCCCGGCCCCTTCA,0
CTTCCCTCGGCCGCAT,0
CTTCCCTGATGCGATA,0
CTTCCCTGCACCGATA,0
CTTCCGAGTCGGTAAA,0
CTTCCGTATGTAAACA,0
CTTCCTAAGCGTTAAC,0
CTTCCTACTATACCTA,0
CTTCCTATAGAACATT,0
CTTCCTGAATATCTTG,0
CTTCCTTGGAGTTCGG,0
CTTCCTTTTATAACAT,0
CTTCGAAAACAAGATC,0
CTTCGAAAATAGCAGG,0
CTTCGAACACGCGAAC,0
CTTCGAACCCATCAAA,0
CTTCGAATAAACCAGA,0
CTTCGACACGACACTC,0
CTTCGAGATTATTAGC,0
CTTCGAGTTAGTTTAG,0
CTTCGATGGGTATTTA,0
CTTCGATTATCCTTCT,0
CTTCGCAAATAGAACA,0
CTTCGCACAAAAATCA,0
CTTCGCAGGGCCCCAA,0
CTTCGCAGTGACAATA,0
CTTCGCATTAGAAAAA,0
CTTCGCGCTAGATCAA,0
CTTCGCGTTTACCTCA,0
CTTCGCTGAAGCCTAA,0
CTTCGGAATTTTTTGT,0
CTTCGGGACGACAAAA,0
CTTCGGTCGGACGCTG,0
CTTCGGTCTAAGAATG,0
CTTCGTAACTTGCAGC,0
CTTCGTAATGGACGCG,0
CTTCGTCAAATCCGAC,0
CTTCGTCCAATGGGTG,0
CTTCGTCTATTCAAGA,0
CTTCGTTAAATAGCAC,0
CTTCGTTAACAATACA,0
CTTCTAAAGCCCCTGA,0
CTTCTAAATAATTTCT,0
CTTCTAAGTTGCGCAA,0
CTTCTACACACTCTTG,0
CTTCTACATAACTTGT,0
CTTCTACATCTCTATG,0
CTTCTACCTACACCTA,0
CTTCTAGCATTTAAAC,0
CTTCTAGTAGCTCTGT,0
CTTCTAGTTACAAATC,0
CTTCTATAGTAAATGA,0
CTTCTATGAAATGCAC,0
CTTCTATTGCGGACGC,0
CTTCTATTGGAAAGCC,0
CTTCTCAAATAAGCTA,0
CTTCTCAACCACATGA,0
CTTCTCAAGAGCCGAA,0
CTTCTCAAGCTACGAC,0
CTTCTCATGTGTACAA,0
CTTCTCCGAAACACTT,0
CTTCTCCGGTATAAAA,0
CTTCTCCTGCCTTCCA,0
CTTCTCTTCCTGCCAC,0
CTTCTGAAAAACAGGA,0
CTTCTGAAGCAGCTTG,0
CTTCTGACTCATAACA,0
CTTCTGAGCCGTATGC,0
CTTCTGCCAATAATCC,0
CTTCTGTCACCAAAAA,0
CTTCTGTCTCCTAGTG,0
CTTCTTAAACAGGCCA,0
CTTCTTAAATCAGACC,0
CTTCTTATCTGGCACT,0
CTTCTTCTTCTGCCAC,0
CTTCTTTGCGGAACTT,0
CTTCTTTGGACAGTTT,0
CTTGAAAACCTAACCT,0
CTTGAAAATTACGGGA,0
CTTGAAATATGACGGG,0
CTTGAAATCATTACCT,0
CTTGAAATCCAATCAA,0
CTTGAACAACTCTTGA,0
CTTGAACACCGCGGAA,0
CTTGAACACTCCCATA,0
CTTGAACTTACACAGA,0
CTTGAACTTAGATAGA,0
CTTGAAGAGTTAAAAA,0
CTTGAAGCGAATAAAG,0
CTTGAAGCGGAATCAA,0
CTTGAAGTCCGCCCGT,0
CTTGAATACAGTATGA,0
CTTGAATACCAAATAT,0
CTTGAATATAAAGTCC,0
CTTGAATATTAATGCG,0
CTTGAATCATTCCTGA,0
CTTGAATCGTAATTAG,0
CTTGAATGAACCACAT,0
CTTGAATGATCCAATC,0
CTTGAATTTAAGTAAA,0
CTTGACAAATTTAAAA,0
CTTGACACTGCATTAG,0
CTTGACCAAACCAAAA,0
CTTGACCAGATACGTA,0
CTTGACCGCGATCCCA,0
CTTGACGTCGGGGCCC,0
CTTGACTAGGCCTAAT,0
CTTGACTATATCGATG,0
CTTGACTGGTCAGACA,0
CTTGAGAACTAAAATA,0
CTTGAGACCATGGGAC,0
CTTGAGCTCCGCGATA,0
CTTGAGGAACACAATC,0
CTTGAGTGGTTGAATT,0
CTTGAGTTGGGATTAC,0
CTTGATACAAATAAGG,0
CTTGATACAAGTCAAG,0
CTTGATAGGACAGTTT,0
CTTGATCAAAAATTAT,0
CTTGATCATATATACG,0
CTTGATCCTCAAGCAG,0
CTTGATGACTCCAAGA,0
CTTGATGATGTCATAT,0
CTTGATTATATAACAC,0
CTTGCAAATACTAATA,0
CTTGCACCCGGAAAGC,0
CTTGCACGAAGCCTAG,0
CTTGCACTTATTCGTA,0
CTTGCATACACGCATT,0
CTTGCATGATGCAAAC,0
CTTGCCCAGAAGTGTA,0
CTTGCCCATGTATGCT,0
CTTGCCCCACATTTAA,0
CTTGCCTAAATGTAGC,0
CTTGCCTCCTGAATCA,0
CTTGCCTGTAATCACG,0
CTTGCGCATTCGTAAT,0
CTTGCTCAGAACAACA,0
CTTGCTGAGTAAGTCA,0
CTTGCTTACAACTTGA,0
CTTGCTTTACCATTAG,0
CTTGGAAAGAATTAAG,0
CTTGGAACAAGGAACG,0
CTTGGAAGCAACCCCA,0
CTTGGAATACAAAGCC,0
CTTGGAATGAAATCTT,0
CTTGGATACCTAACGG,0
CTTGGATATGTCACAA,0
CTTGGATGGGACTCCA,0
CTTGGATGGGGGTATC,0
CTTGGATTAAGTACTG,0
CTTGGATTTAAACAAA,0
CTTGGCACTGCGACAA,0
CTTGGCATTATATATG,0
CTTGGCCGATGCCAGG,0
CTTGGCTTCATCCGCT,0
CTTGGGATCATGGTAA,0
CTTGGGGACGCGATCT,0
CTTGGGTTCCGAATAC,0
CTTGGTAGTTCTTAGA,0
CTTGGTATAGAGCACC,0
CTTGGTCTGACTTGTA,0
CTTGGTGCGCAACTCT,0
CTTGGTTAAACAAGAC,0
CTTGGTTATCTGATTG,0
CTTGTAAAGCTCAACC,0
CTTGTAAATTCTTCTC,0
CTTGTAACCCCAAGAA,0
CTTGTAAGATGGGCTC,0
CTTGTAATAAGGAAAA,0
CTTGTAATTACAGAAA,0
CTTGTACAGGTTAAAT,0
CTTGTATATATTTGCA,0
CTTGTATATTTCAACG,0
CTTGTCAATAGATTGA,0
CTTGTCCAACCATCTA,0
CTTGTCCCCATTTGAA,0
CTTGTCCGAATTATAG,0
CTTGTCCTATAAGTTT,0
CTTGTCCTTCCGAGAA,0
CTTGTCCTTGTTCCCG,0
CTTGTCGGTTCGGTCC,0
CTTGTCTTTTCATTGT,0
CTTGTGATACTTAAAA,0
CTTGTGCAATACTCAA,0
CTTGTGCACCCGACTC,0
CTTGTGCAGCTTGCCG,0
CTTGTGGTAATGTACA,0
CTTGTGTATAAGTTAT,0
CTTGTGTATCAACAAA,0
CTTGTTACACTTAACT,0
CTTGTTACCTCCGCTC,0
CTTGTTTACATCAGAA,0
CTTGTTTCAGCACAAA,0
CTTGTTTCATCCTGTA,0
CTTTAAAGGACTCGTT,0
CTTTAAAGGATGCTTT,0
CTTTAAATACTACGAG,0
CTTTAACAAAAACAGC,0
CTTTAACAGCAAAAAA,0
CTTTAACGTGACAACC,0
CTTTAACTGATTGTTG,0
CTTTAACTTAAACTCG,0
CTTTAAGGCCTACATT,0
CTTTAAGTGATTATAT,0
CTTTAATAGTGACCAA,0
CTTTAATATTTATCAA,0
CTTTAATCAATGAGTG,0
CTTTACAAAACCATAC,0
CTTTACAAACGGGGCG,0
CTTTACACAGGGCCAT,0
CTTTACATACTGATTA,0
CTTTACATATAGACAT,0
CTTTACCCCAGCACAC,0
CTTTACGAATGCTGAA,0
CTTTACTCGTACGATG,0
CTTTAGAAATCTGCTA,0
CTTTAGAATATGTCGC,0
CTTTAGACAAGGGCTC,0
CTTTAGATCCCCAACA,0
CTTTAGATCGCACGAC,0
CTTTAGCATGTAGAGA,0
CTTTAGCGACGATCAA,0
CTTTAGCTTTAGGCAG,0
CTTTAGGATAATAAAG,0
CTTTAGTATTGTCTCG,0
CTTTAGTCACCTAGTT,0
CTTTAGTCATATATTA,0
CTTTAGTGAGGTACTG,0
CTTTAGTGTTAGGGAA,0
CTTTAGTTGAGCTTAG,0
CTTTATAATTCGCAGA,0
CTTTATACCAGAAAAA,0
CTTTATAGAAAATTTC,0
CTTTATAGAATCTCAC,0
CTTTATAGACTTTAGA,0
CTTTATAGTTCCTGTC,0
CTTTATATAAAGGTGG,0
CTTTATATGACACCAT,0
CTTTATCATCAAAGGA,0
CTTTATCGATACTATC,0
CTTTATCTGCAAGATT,0
CTTTATGACCCTTTAA,0
CTTTATGATGTAATAG,0
CTTTATGCCACCTAGG,0
CTTTATGCGCATAGTC,0
CTTTATTATTTAAAGG,0
CTTTATTCCTCCAAGT,0
CTTTCAAAACCAAAGA,0
CTTTCACAATTAAGAT,0
CTTTCACGCCCTAGTT,0
CTTTCAGTAACGCAAG,0
CTTTCATAAAAATCAG,0
CTTTCATAGAATAAAA,0
CTTTCATATTTTTCTC,0
CTTTCATCTAACACAA,0
CTTTCATGGCCATAGA,0
CTTTCATGTAGCTTAG,0
CTTTCCATCGCTCTGT,0
CTTTCCATGTGTCCGA,0
CTTTCCCAGGTTAATT,0
CTTTCCCCAGGAGAGC,0
CTTTCCCGCTCTCTCT,0
CTTTCCGCGGATATGA,0
CTTTCCTAAAGAATAG,0
CTTTCCTGACAATCGG,0
CTTTCCTGAGGCCAGT,0
CTTTCCTTCGAGCTCT,0
CTTTCCTTTGCATCTC,0
CTTTCGAAAAAGCCCT,0
CTTTCGAACATGGGAA,0
CTTTCGAAGTCAACAT,0
CTTTCGCCTGTTCTCA,0
CTTTCGTGAAATTAAG,0
CTTTCGTTGGTTAAAT,0
CTTTCTAAAAGGGTCG,0
CTTTCTATTGAACACA,0
CTTTCTCACAACGACC,0
CTTTCTCCTCATATTG,0
CTTTCTCGATACTTGT,0
CTTTCTCTATCTATTG,0
CTTTCTTAAATGTAAG,0
CTTTCTTCGTTGAGAA,0
CTTTCTTGTTTCCATG,0
CTTTGAAAACGACGAA,0
CTTTGAAAATAAGGGT,0
CTTTGAAACTTTTGCA,0
CTTTGAAGATTTTCTT,0
CTTTGACCACCCTCCA,0
CTTTGAGCATACCTAA,0
CTTTGAGGCGATAAAA,0
CTTTGATAGAATATTG,0
CTTTGATTACCACTGA,0
CTTTGCAAAAAGACAC,0
CTTTGCACCTTACGCG,0
CTTTGCCGGCGCATCA,0
CTTTGCGCAAATCAGA,0
CTTTGCTATACGTTTA,0
CTTTGGAACTCGGTAA,0
CTTTGGACGCCATAGC,0
CTTTGGGATACATTTG,0
CTTTGGGTAAAAGAAG,0
CTTTGGTAATCCAATC,0
CTTTGTAGCACGTCCT,0
CTTTGTCAAACTTCAT,0
CTTTGTCTTCAATAAC,0
CTTTGTGACCCTGTCA,0
CTTTGTGACTAGAAAA,0
CTTTGTGCCAAACCAA,0
CTTTGTGCTCGCAAAC,0
CTTTTAATACCAGAAA,0
CTTTTAATAGTGACTA,0
CTTTTAATCTTATAAC,0
CTTTTACTTGAAATAG,0
CTTTTACTTTGCATGA,0
CTTTTAGGCTTAGTGA,0
CTTTTAGTAGACACGA,0
CTTTTATCACCAAATC,0
CTTTTATCAGATGAGC,0
CTTTTATCTGTACATC,0
CTTTTATTCCGCGTAA,0
CTTTTCACAGGCCTGA,0
CTTTTCAGGCACACTT,0
CTTTTCATCGCTTCTA,0
CTTTTCCCGCACAACA,0
CTTTTCGCGTAAAGAA,0
CTTTTCGGCGTATACC,0
CTTTTCGTACACGCAC,0
CTTTTCGTATCCGGCT,0
CTTTTGAAAACATGTG,0
CTTTTGAATTATTTCT,0
CTTTTGATAGCACTGA,0
CTTTTGATTAAAGACT,0
CTTTTGCTCAAACGAA,0
CTTTTGTAAACAGTGC,0
CTTTTGTAGTTCAACT,0
CTTTTTAATCAGTAAT,0
CTTTTTAATCTGTATA,0
CTTTTTATAGTACTGT,0
CTTTTTCAATGCTACC,0
CTTTTTCCTTCGTGTA,0
CTTTTTGCAAAAAGGT,0
CTTTTTTCCCGAAAGC,0
CTTTTTTCGACGAATA,0
GAAAAAAAACATCTAT,0
GAAAAAAAAGTCCAAA,0
GAAAAAAAATCATGAC,0
GAAAAAAACATATCTA,0
GAAAAAAACTTAACAA,0
GAAAAAAAGCATACTT,0
GAAAAAAAGTTTGGAA,0
GAAAAAAATACATCCT,0
GAAAAAAATACCTAAT,0
GAAAAAACAACTGTAA,0
GAAAAAACAGGAAGAA,0
GAAAAAACATTGGAAA,0
GAAAAAACCAAACCAG,0
GAAAAAACGATATCAA,0
GAAAAAACTCATACCC,0
GAAAAAAGAAAGAACA,0
GAAAAAAGAGCGGATA,0
GAAAAAAGATCAATTC,0
GAAAAAAGTGGCTGCG,0
GAAAAAAGTTCTCATG,0
GAAAAAATACTACGGT,0
GAAAAAATACTATCAA,0
GAAAAAATATCTATAA,0
GAAAAAATATGTAAAC,0
GAAAAAATGCAAAGGT,0
GAAAAAATGTATTATC,0
GAAAAACATGTCCCCG,0
GAAAAACCACATTGCC,0
GAAAAACCATACGGTA,0
GAAAAACCCGCGCTGA,0
GAAAAACCGAAGTTCA,0
GAAAAACCTCCTAATC,0
GAAAAACGAAAGCATG,0
GAAAAACGATCTAGAA,0
GAAAAACTAGTACATA,0
GAAAAACTTAAAATCA,0
GAAAAAGACCGCTAGA,0
GAAAAAGAGCTTTTGA,0
GAAAAAGATATACACG,0
GAAAAAGCGAGATAAC,0
GAAAAAGCGTGGACTC,0
GAAAAAGCTGGAACAA,0
GAAAAAGGGGCGGCCT,0
GAAAAAGTAAACATAC,0
GAAAAAGTGCCTAACC,0
GAAAAATAAAAATGGA,0
GAAAAATAAACTTTCT,0
GAAAAATACCCCAACG,0
GAAAAATAGCTCTCTC,0
GAAAAATAGTGACCAA,0
GAAAAATATTAAAGGA,0
GAAAAATCCGTGATAT,0
GAAAAATCGACAACAG,0
GAAAAATCTAAATCTA,0
GAAAAATGAACAGCCT,0
GAAAAATGAATAAAGA,0
GAAAAATGCAAAAAAC,0
GAAAAATGCAAAAGTT,0
GAAAAATGGACGTCCG,0
GAAAAATGTTCATTGT,0
GAAAAATTAAAATGCG,0
GAAAAATTAATACGCT,0
GAAAAATTAGAGCCCT,0
GAAAAATTAGCATTTA,0
GAAAAATTAGCCGTTG,0
GAAAAATTATATAGGA,0
GAAAAATTCGCGGTCG,0
GAAAAATTGATTCACT,0
GAAAAATTGGAAAGGA,0
GAAAAATTGGGATGCT,0
GAAAAATTTACTTAAG,0
GAAAACAAAAATGGAC,0
GAAAACAAACGACACT,0
GAAAACAAGGAGCGAA,0
GAAAACAATACATACC,0
GAAAACACATATCCGG,0
GAAAACACATGAGACC,0
GAAAACACGAATAATA,0
GAAAACACTCCCAACG,0
GAAAACAGAAAGGCAA,0
GAAAACAGGGGCCACA,0
GAAAACATACTCCTGG,0
GAAAACATATAAAGTG,0
GAAAACATATCCTGGT,0
GAAAACCAAAATTTAA,0
GAAAACCAAATGACGG,0
GAAAACCATATATTTT,0
GAAAACCTAATAGGCA,0
GAAAACCTATATTAAA,0
GAAAACCTATCCCCAG,0
GAAAACGAAAATGATC,0
GAAAACGATCCCAAAA,0
GAAAACGCCTGACGCG,0
GAAAACGGATCCTCCC,0
GAAAACGTAATAATCA,0
GAAAACGTCTGATAAC,0
GAAAACGTTAGATACT,0
GAAAACTAAAGTAGTT,0
GAAAACTAAAGTCACC,0
GAAAACTCGTTATTAT,0
GAAAACTGGAGCATTT,0
GAAAACTGGTTCGAAG,0
GAAAACTTGCAACACT,0
GAAAACTTTTGAGAAA,0
GAAAAGAAAAAACTTT,0
GAAAAGAAAAGACAGG,0
GAAAAGAACACGAAAA,0
GAAAAGAAGAATGGTC,0
GAAAAGAAGCGTGGTG,0
GAAAAGAATTTACTCA,0
GAAAAGACAAATGCAA,0
GAAAAGACAGCTTGGA,0
GAAAAGACGTTTGAAA,0
GAAAAGAGATCGGACG,0
GAAAAGAGTACTTGCT,0
GAAAAGAGTGAAAAGC,0
GAAAAGATCACAAAAT,0
GAAAAGATTTCTACCT,0
GAAAAGCAACACACCA,0
GAAAAGCAACGTTATG,0
GAAAAGCACCAGCCCC,0
GAAAAGCAGAGCAACA,0
GAAAAGCCAAAGGAAC,0
GAAAAGCGACAGCAAT,0
GAAAAGCGGCCAAAAT,0
GAAAAGCTAAAAAAAG,0
GAAAAGCTGTACCTCC,0
GAAAAGGACAGGGTGA,0
GAAAAGGCATGAGGTA,0
GAAAAGGCTACCAAGA,0
GAAAAGGGATCCCTAG,0
GAAAAGGGCCTTTTGG,0
GAAAAGGTGGCAAATA,0
GAAAAGTAGAGTGGAT,0
GAAAAGTCCTAAGAGC,0
GAAAAGTCTGAAAAAG,0
GAAAAGTCTGAAAACG,0
GAAAAGTGAAATAATA,0
GAAAAGTGCTATACCA,0
GAAAAGTTAAGATGGT,0
GAAAAGTTTATATTGT,0
GAAAATAAAAATGCAA,0
GAAAATAACGAATATT,0
GAAAATAAGAAATGGG,0
GAAAATAAGAAGAAAC,0
GAAAATAAGCAACGCT,0
GAAAATAAGTCAGAGC,0
GAAAATAATAGATAAT,0
GAAAATAATGACAATC,0
GAAAATAATGATGCGC,0
GAAAATAATGGGAGCC,0
GAAAATACAAAATACC,0
GAAAATACATGCACCA,0
GAAAATACATGCGTAA,0
GAAAATACATTGCGCC,0
GAAAATACCAAATAAC,0
GAAAATACGATAACCC,0
GAAAATACTAAAAATT,0
GAAAATAGCTAAACAT,0
GAAAATAGCTCGCAAT,0
GAAAATCAAAACACTA,0
GAAAATCACTCGTAAA,0
GAAAATCAGCCATGAA,0
GAAAATCATTAAATTG,0
GAAAATCCATCTTGCA,0
GAAAATCCATGATAGC,0
GAAAATCCCCAAATGT,0
GAAAATCCGATACCCC,0
GAAAATCCTGAGGAGC,0
GAAAATCGTTATTACA,0
GAAAATCGTTTAGTAC,0
GAAAATCTATGCTCGG,0
GAAAATCTCTCAGCAT,0
GAAAATGCCATCATAA,0
GAAAATGGCTATCCAA,0
GAAAATTAATTGCCCC,0
GAAAATTAGAAGAGCT,0
GAAAATTAGCATGATG,0
GAAAATTCGACCTTAT,0
GAAAATTGAATAAAAA,0
GAAAATTGATACAGCT,0
GAAAATTGTTTACGTG,0
GAAAATTTAAATTCCA,0
GAAAATTTAGAACAGA,0
GAAAATTTGAACGCAA,0
GAAAATTTTACCGGTC,0
GAAACAAACCCAAACG,0
GAAACAAATCTTGTCA,0
GAAACAAATTCAGAGG,0
GAAACAAATTCGTGAC,0
GAAACAACCGTAAACA,0
GAAACAACCTATCACC,0
GAAACAACTAAAGATA,0
GAAACAACTCGGTTAG,0
GAAACAAGGGCTTATT,0
GAAACACAAATCATAT,0
GAAACACAACAACATG,0
GAAACACACCACGACC,0
GAAACACAGAACTTAA,0
GAAACACAGACCAATG,0
GAAACACAGATCCGTA,0
GAAACACATGAGAAAA,0
GAAACACATGGGCTCG,0
GAAACACCACGTGCCA,0
GAAACACCCAAACAAG,0
GAAACACGAAAAAATT,0
GAAACACGCAAAATAA,0
GAAACACTCAACAAAC,0
GAAACACTGATCATAA,0
GAAACACTTGTACGAG,0
GAAACAGGAAAATAAA,0
GAAACAGGATACAAAA,0
GAAACAGGGAGTCGAA,0
GAAACAGTGTCGCTGT,0
GAAACAGTTCAAAGAA,0
GAAACATAATTCGACA,0
GAAACATACCTGTAGC,0
GAAACATAGATACTCT,0
GAAACATAGCAGTCTA,0
GAAACATCAAATACAA,0
GAAACATCTAACATGG,0
GAAACATCTGTACTTA,0
GAAACATGGTAAAAAA,0
GAAACATTAAAGCTTA,0
GAAACATTAATAAAAT,0
GAAACATTTACCGCGT,0
GAAACCAAAACCTCTT,0
GAAACCAAAATACACA,0
GAAACCAATAAACCTG,0
GAAACCAATCGTGAAA,0
GAAACCAATTATCCAT,0
GAAACCACCACAGATA,0
GAAACCACCCCAGGCC,0
GAAACCACTTAAGGCG,0
GAAACCAGCATGGGTT,0
GAAACCCACACAAACA,0
GAAACCCGAAAGTGCT,0
GAAACCGAGACGGAAT,0
GAAACCGAGACTGCAG,0
GAAACCGATTCTTGGC,0
GAAACCGCCCGTCCCA,0
GAAACCTAATGAGAAC,0
GAAACCTACTAGGTGT,0
GAAACCTCGATCAACT,0
GAAACCTGACGAATTA,0
GAAACCTGTAACATCG,0
GAAACCTTCCTGCTGT,0
GAAACCTTCGACGAGT,0
GAAACGAAACCTAGTC,0
GAAACGAAATCAGGAC,0
GAAACGAAATTGGGCA,0
GAAACGACGTACCCTG,0
GAAACGACTGGCACGT,0
GAAACGATGCATAATA,0
GAAACGCACGCAGATA,0
GAAACGCAGAACAGGG,0
GAAACGCATATTAAGA,0
GAAACGCGCCCCACGT,0
GAAACGCTGCGAGCCT,0
GAAACGCTGTACAAAT,0
GAAACGGACCCATCTG,0
GAAACGGACGGAGGGG,0
GAAACGGTATAGAACA,0
GAAACGTACAATGTGC,0
GAAACGTAGATAAAGA,0
GAAACGTGACTACACA,0
GAAACGTTTAAACAAA,0
GAAACTAAAAATATTG,0
GAAACTAAAATCTCAT,0
GAAACTAAACTGCCGA,0
GAAACTAACGCAGCTT,0
GAAACTAAGGTTTAAC,0
GAAACTAATAAAAGCA,0
GAAACTACCACAATCC,0
GAAACTACCACCACAA,0
GAAACTAGCGTGATAA,0
GAAACTATCGAGGCGA,0
GAAACTATCGCTAAAG,0
GAAACTATGCGAAAAC,0
GAAACTATTATCAACA,0
GAAACTCAGTCGTGAA,0
GAAACTCCGCGACGCA,0
GAAACTCGTTTAAATT,0
GAAACTCTACTCAAGT,0
GAAACTGAAAGCCTCA,0
GAAACTGAACATGATT,0
GAAACTGCAAAAATTG,0
GAAACTGCCTATGTTA,0
GAAACTGCTATCTATA,0
GAAACTGCTCTCCGTG,0
GAAACTGGTCGGCAGC,0
GAAACTGGTTATCTAA,0
GAAACTGTACTACAAT,0
GAAACTTAGACCTTAT,0
GAAACTTCTCAAGCCA,0
GAAACTTTGAAGGCGC,0
GAAACTTTTGCGCGCC,0
GAAAGAAACACGGAAA,0
GAAAGAAACCATATAA,0
GAAAGAAACCCTTGGA,0
GAAAGAAACTGCCAAT,0
GAAAGAAAGAGGTGAC,0
GAAAGAAAGGAATTCA,0
GAAAGAAAGGTTCTTT,0
GAAAGAACACACTACA,0
GAAAGAACCAAAACCA,0
GAAAGAATCTAATATG,0
GAAAGAATGATAAAGA,0
GAAAGAATTAACTCTT,0
GAAAGACAGCTCTGAC,0
GAAAGACCAGGTTCTT,0
GAAAGACCATATTATA,0
GAAAGACCTCAATTCC,0
GAAAGACCTTCATAGA,0
GAAAGACGAACATGAA,0
GAAAGACTCAACAAAT,0
GAAAGACTGACCAAGC,0
GAAAGAGCATAATCGG,0
GAAAGAGCTAAGCCGA,0
GAAAGAGGACAGTAGT,0
GAAAGAGGACCAGGCA,0
GAAAGAGTGAATAAAG,0
GAAAGAGTTAGCCGAC,0
GAAAGAGTTCGGAACT,0
GAAAGATACAACAAAA,0
GAAAGATACTCCCGTT,0
GAAAGATAGCAAGGAC,0
GAAAGATATGCAATTC,0
GAAAGATCTGCCTGAT,0
GAAAGATGGACTAATA,0
GAAAGATGTAAATGCG,0
GAAAGATTCACGAATC,0
GAAAGATTCTACGCAA,0
GAAAGATTGAAGAAAT,0
GAAAGATTGTAAACAA,0
GAAAGATTTTCTAAAT,0
GAAAGCAATGACCAAT,0
GAAAGCAATTAGTGCA,0
GAAAGCAATTCTATAA,0
GAAAGCACATCGGAAC,0
GAAAGCACTACTTAGC,0
GAAAGCATAGCTCAGG,0
GAAAGCATCAGCATGC,0
GAAAGCATGAGGAACT,0
GAAAGCATTTTAAGCA,0
GAAAGCCCCGCCTAAC,0
GAAAGCCGAGAACCGC,0
GAAAGCTAATCCACGA,0
GAAAGCTAGCCGTTCA,0
GAAAGCTCGTTAAAAT,0
GAAAGCTCTGATCCGG,0
GAAAGGAGTAATAGAT,0
GAAAGGATAAGTACAA,0
GAAAGGATATACTAAA,0
GAAAGGATGGCTAAGG,0
GAAAGGCACGAATTAA,0
GAAAGGCATTCCTTTC,0
GAAAGGCCATTTGTCA,0
GAAAGGCCCGTGAAAA,0
GAAAGGCGCAGAATAC,0
GAAAGGGCGACCACTC,0
GAAAGGTAAGTATGGT,0
GAAAGGTATTAGAAGG,0
GAAAGGTCTCCATCTT,0
GAAAGTAACAATTTGA,0
GAAAGTAAGCCCATAA,0
GAAAGTAATAACTCTC,0
GAAAGTACGCTCAATT,0
GAAAGTACGGATAGAA,0
GAAAGTAGATGCCAAA,0
GAAAGTAGATTCTACC,0
GAAAGTATAAAACCGT,0
GAAAGTCACATCCCGG,0
GAAAGTCAGCAAATTT,0
GAAAGTCCAGCTTTAG,0
GAAAGTCGAAGATCCA,0
GAAAGTCGGGGAATTT,0
GAAAGTCTCAAGTTTA,0
GAAAGTGAACACAAGT,0
GAAAGTGCAGTAACTT,0
GAAAGTGTCGAACTAA,0
GAAAGTTAAAAGTACT,0
GAAAGTTAAACTCAAG,0
GAAAGTTTATTAGCAC,0
GAAAGTTTGTCTAGAT,0
GAAATAAAAACCCTAA,0
GAAATAAATTATTCTT,0
GAAATAACATGATTGT,0
GAAATAACTTGGAGCC,0
GAAATAATATCTTGAA,0
GAAATAATTTAAATTG,0
GAAATACAAACAAAGA,0
GAAATACACACCTTTT,0
GAAATACACCGGTTAC,0
GAAATACATAGTCATG,0
GAAATACATGCTGCCT,0
GAAATACATTCATATT,0
GAAATACATTGATTCC,0
GAAATACCTAAAAGAT,0
GAAATACGAAGATACA,0
GAAATACGCTAGTATT,0
GAAATACGCTATTAGT,0
GAAATACGGGAAAATC,0
GAAATACTACCATACG,0
GAAATACTAGAAGTGT,0
GAAATACTCACCTCAT,0
GAAATACTGAGCCCCA,0
GAAATACTGGTACGAA,0
GAAATACTTGAACGTT,0
GAAATACTTGTATGCT,0
GAAATACTTTAACAAA,0
GAAATAGAACACTGAG,0
GAAATAGAATTGCCTA,0
GAAATAGATCGCACTC,0
GAAATAGCAAATTCGT,0
GAAATAGCTAGCGCAA,0
GAAATAGGACGCGTCT,0
GAAATAGTAAGTGCAG,0
GAAATAGTCATCTCAT,0
GAAATATAAGGGTTTA,0
GAAATATAATGTATAA,0
GAAATATACACCCCGA,0
GAAATATAGGCGACAT,0
GAAATATATACATGAC,0
GAAATATATTTAATTA,0
GAAATATCTTTCGTGA,0
GAAATATGAAATTTAA,0
GAAATATGAGATTCAA,0
GAAATATGTTAATGTT,0
GAAATATTAAACACTT,0
GAAATATTCACGTGCT,0
GAAATATTCGCTTTAT,0
GAAATATTCTAAAACT,0
GAAATATTGACAGACA,0
GAAATATTTGACCAGC,0
GAAATCAAACAACACT,0
GAAATCAAACGAGCCT,0
GAAATCAATTGGTAAC,0
GAAATCAGACTCTAAG,0
GAAATCATCTAATCGT,0
GAAATCCACTAAGAAA,0
GAAATCCACTGACCCG,0
GAAATCCAGACAAAGG,0
GAAATCCCGGACCATG,0
GAAATCCTTCGGTAAA,0
GAAATCCTTCTCAAGT,0
GAAATCGAAATTAGGA,0
GAAATCGACTTAGCAA,0
GAAATCGGTGAATTCG,0
GAAATCGTATCAACTA,0
GAAATCTAAAGATAGT,0
GAAATCTAACTTGAAA,0
GAAATCTATCTCTAAA,0
GAAATCTATTCTAGGC,0
GAAATCTCAAAGTAGG,0
GAAATCTCTATTACGT,0
GAAATCTTAACCAGGC,0
GAAATCTTAATACTTT,0
GAAATCTTATACACTT,0
GAAATCTTGCTTAGGT,0
GAAATGAACTCTGACC,0
GAAATGAAGAAAGCAT,0
GAAATGAATTCCACGA,0
GAAATGAATTTCACCT,0
GAAATGACAGGTATTA,0
GAAATGACATTTGTAG,0
GAAATGACGAAGGTGC,0
GAAATGACTAGCATGA,0
GAAATGAGACATTTAA,0
GAAATGAGCAATTTGA,0
GAAATGAGTCGCAGAA,0
GAAATGATCTATTGAG,0
GAAATGCGGCTGAGGG,0
GAAATGCTTGTATTCC,0
GAAATGGAGCTCACTT,0
GAAATGTAGCGCATAA,0
GAAATGTCAAAGGATA,0
GAAATTAACAGCAATA,0
GAAATTAAGTAACAAC,0
GAAATTAATTAGTATT,0
GAAATTACATACAAGA,0
GAAATTACCTTAGGTC,0
GAAATTAGAACCAGGA,0
GAAATTATCTACTAAC,0
GAAATTATGATTGACC,0
GAAATTATTAAACACG,0
GAAATTCAACTACATG,0
GAAATTCCATAAAGAA,0
GAAATTCCCGATAAGA,0
GAAATTCGAAAAACCT,0
GAAATTCGCTATAAAA,0
GAAATTCTGAAACAAC,0
GAAATTGCAGAAAACA,0
GAAATTGCGTTCAAAT,0
GAAATTGGAAAATACT,0
GAAATTGGCTATTTGA,0
GAAATTGTACAAATGG,0
GAAATTGTGTAAAAAT,0
GAAATTTAGTTAAATG,0
GAAATTTATAGGTAAA,0
GAAATTTGAATAATTA,0
GAAATTTTACCCAATA,0
GAAATTTTACTTTTAA,0
GAAATTTTTCGCTTAA,0
GAACAAAAAAAGTATA,0
GAACAAAAACAAGTAA,0
GAACAAAAACCGTGTC,0
GAACAAAAAGCAATCG,0
GAACAAAAGAGCGCAT,0
GAACAAAAGGTCGGAA,0
GAACAAAATAATAGCC,0
GAACAAAATGTTTTTG,0
GAACAAAATTTTGACT,0
GAACAAACACTCATGT,0
GAACAAACCCACGCCT,0
GAACAAACTAACATGC,0
GAACAAAGCTGTTAGT,0
GAACAAAGGGGTTGAA,0
GAACAAAGTAAGCCTC,0
GAACAAATAATGAACA,0
GAACAAATCAACATGA,0
GAACAAATGCAGACAC,0
GAACAAATTCCCTCAG,0
GAACAAATTGTAAAAA,0
GAACAAATTTAAACGA,0
GAACAACACGCATGAT,0
GAACAACAGAAAAGGA,0
GAACAACAGTGAACAT,0
GAACAACCAGAACGAA,0
GAACAACCCAATAACA,0
GAACAACCTTTTACGA,0
GAACAACGACTCTGAA,0
GAACAACGGCCCTGGA,0
GAACAACGTTTTTGTT,0
GAACAACTACAAAGAA,0
GAACAAGAAGCTTCAG,0
GAACAAGACCGCAATA,0
GAACAAGATTCAAGAC,0
GAACAAGGCGAGCGTA,0
GAACAAGGTCACGTGT,0
GAACAAGTGCTCTAGT,0
GAACAAGTGTGAATCA,0
GAACAATGCTCATCCA,0
GAACAATTATAAATTT,0
GAACAATTCATGATGA,0
GAACAATTCCACATAC,0
GAACACAAATAGGCAA,0
GAACACAACATAGTGT,0
GAACACAATGCCTCCA,0
GAACACACAACAGCAC,0
GAACACACAATAAACT,0
GAACACACAGTAATAT,0
GAACACACATCGATGG,0
GAACACACTAGCTAAG,0
GAACACAGTAACAGCT,0
GAACACAGTATTGATC,0
GAACACATACCTAACT,0
GAACACATTAAACGAC,0
GAACACATTACACACT,0
GAACACCACACAGGCC,0
GAACACCATCTAGCTA,0
GAACACCTATATTATC,0
GAACACCTTGGGGCAG,0
GAACACGACTGACTGT,0
GAACACGATTTCTCAT,0
GAACACGCCTTGAAAG,0
GAACACGCTTCTATCT,0
GAACACTAGATGGACT,0
GAACACTAGCTAAAGA,0
GAACACTCTTCAATTC,0
GAACACTTATAGATAC,0
GAACACTTATGTACTT,0
GAACAGACCTGAAAGC,0
GAACAGACTAACATTA,0
GAACAGAGCACAAACG,0
GAACAGAGGGTCCGTA,0
GAACAGAGTCACTGTA,0
GAACAGATTTCAGATA,0
GAACAGCAGTATTTTA,0
GAACAGCCAAATAAAC,0
GAACAGCCTGTACCTG,0
GAACAGCGACACCAAT,0
GAACAGCGACTGTTCC,0
GAACAGCTCCTTACGG,0
GAACAGGATGGTTTTA,0
GAACAGGCAAGAGTCG,0
GAACAGGCACCAGACA,0
GAACAGGCATCCATAA,0
GAACAGGTTTCGATAT,0
GAACAGGTTTTTAGGA,0
GAACAGTCCCAAAATT,0
GAACAGTCCTAAATTG,0
GAACAGTGCCGTAAAA,0
GAACAGTTTTGGGACC,0
GAACATAAAAACCACT,0
GAACATAAAAGACACA,0
GAACATAAACATAATA,0
GAACATAAGCGAGTTA,0
GAACATACAACATGCT,0
GAACATACAAGTAGTC,0
GAACATACATCAAGAT,0
GAACATACGAGAAACT,0
GAACATAGAAAGTGTC,0
GAACATAGTAAAAACG,0
GAACATCGACAAGACC,0
GAACATCTGAATCACG,0
GAACATGAAACTATGC,0
GAACATGAAAGTACCT,0
GAACATGAGTGCTTTG,0
GAACATGCTCACCTCA,0
GAACATGCTGAGAGGT,0
GAACATGTGCCAATAC,0
GAACATTAAATAGCCC,0
GAACATTAATTAACAA,0
GAACATTATTAGACTA,0
GAACATTTAAAACAAA,0
GAACCAAACGAAAGGA,0
GAACCAAAGAAGAAGA,0
GAACCAAATAAGGCAA,0
GAACCAACATATGTAT,0
GAACCAAGATTAGACA,0
GAACCAAGATTATGGA,0
GAACCAATCACAGGGC,0
GAACCAATCATAGCCG,0
GAACCAATGGATGCCA,0
GAACCAATTCCTGGAA,0
GAACCACAAATTGGAA,0
GAACCACAAGCCATTG,0
GAACCACATATCGGTT,0
GAACCACTAAATTTAC,0
GAACCAGACCGTGATA,0
GAACCAGGATGTGGGG,0
GAACCAGTGACCACCC,0
GAACCATAGCAGTAGC,0
GAACCATATGGTAATT,0
GAACCATCCATGATGC,0
GAACCATTATTAGCGT,0
GAACCATTCTTCTCAA,0
GAACCCAAAAGGATCC,0
GAACCCAAATTAACTA,0
GAACCCAGACAAGCTC,0
GAACCCAGGAAAATAA,0
GAACCCATACTCTTTA,0
GAACCCATTGATCGTA,0
GAACCCCCAACTCCGA,0
GAACCCCCATGGTAAC,0
GAACCCCCCGAGGCCT,0
GAACCCCCCTCATGCC,0
GAACCCCTTAGCGTGG,0
GAACCCGACAGTAGCC,0
GAACCCGATGACGAAT,0
GAACCCGCCCGCAACC,0
GAACCCGGTTATTCGG,0
GAACCCGTATAAAGAT,0
GAACCCTAACTGTTAC,0
GAACCCTACAGTAGCT,0
GAACCCTGATCATTAT,0
GAACCGACCGAGAGAA,0
GAACCGACGTATTGAT,0
GAACCGAGACCACTCT,0
GAACCGAGGCCAATAA,0
GAACCGATCGAATATT,0
GAACCGATTGATAGCC,0
GAACCGCGACGACCGG,0
GAACCGCGCTAACCTA,0
GAACCGCTCACCATAT,0
GAACCGGAATACTATG,0
GAACCGGATAGCTGAA,0
GAACCGGCATGAGAAA,0
GAACCGGCCCGGTGTG,0
GAACCGGTAAATTAAA,0
GAACCGGTCGAACTCA,0
GAACCGTAAAAAAGAG,0
GAACCGTACAGTGATT,0
GAACCGTAGCGGGCTC,0
GAACCGTCGATACGCC,0
GAACCGTTCGCTCTAA,0
GAACCGTTGAGGATAC,0
GAACCTAAAGACGTGG,0
GAACCTAAGACACGGG,0
GAACCTAATACATGAC,0
GAACCTAATGTCAATC,0
GAACCTACGGGCTCGG,0
GAACCTAGCTCCTGTT,0
GAACCTAGTCCCCCCA,0
GAACCTATCTCAGGCA,0
GAACCTCCACATGGAC,0
GAACCTCGGGGCCAAC,0
GAACCTCTCACCGAAA,0
GAACCTCTTAATGAAA,0
GAACCTGAAAAAAATG,0
GAACCTGAAGACACAG,0
GAACCTGAAGGTCCGC,0
GAACCTGCTCAATACT,0
GAACCTTACCGTGTTA,0
GAACCTTATTCGGATA,0
GAACCTTCAAGTAGAA,0
GAACCTTCTACCACAT,0
GAACGAAAATTCCGAA,0
GAACGAAACCTCAATG,0
GAACGAAAGGTTTTCT,0
GAACGAAATGAAGCTC,0
GAACGAACATAGCTAA,0
GAACGAACATTCTATA,0
GAACGAACGCGAGAAA,0
GAACGAACGTTCAAAT,0
GAACGAAGAAGTTATT,0
GAACGAAGACCCACAA,0
GAACGAAGATCGCCGC,0
GAACGAAGATTTTTCT,0
GAACGAAGGTAATCCA,0
GAACGAATCCGGCGGC,0
GAACGACCTGGAATCA,0
GAACGAGAAAGATATA,0
GAACGAGAATTAAAAT,0
GAACGAGACTATTTGG,0
GAACGAGTCGATTCTA,0
GAACGATACAAGGCAT,0
GAACGATACACAATAA,0
GAACGATACATGGCGA,0
GAACGATCCCAAAAGG,0
GAACGATTATATATAC,0
GAACGATTTTCAAAAC,0
GAACGCAAGTGGTGCA,0
GAACGCACGTTAACGA,0
GAACGCATAAAAATGG,0
GAACGCATATAATAGA,0
GAACGCATGATCACAA,0
GAACGCCAAAAAGGTC,0
GAACGCCAAAACTATT,0
GAACGCCGCAGCTGAT,0
GAACGCCTCAGCCCAT,0
GAACGCCTGCAAAGCA,0
GAACGCGAAGGAACAG,0
GAACGCGACTTGTATC,0
GAACGCTAAAACTAAG,0
GAACGCTATGGTACAA,0
GAACGCTGCAATAGAT,0
GAACGCTTACTATTGC,0
GAACGCTTCAATTAAC,0
GAACGCTTGATATTGC,0
GAACGGAAAACCGCGT,0
GAACGGAAACCGGTTA,0
GAACGGAAATTCAACC,0
GAACGGAACCAATACT,0
GAACGGAATATCATAC,0
GAACGGAATGTAAAAG,0
GAACGGATCGGGCCGT,0
GAACGGATGCGAATAA,0
GAACGGCAGTAGAAAA,0
GAACGGCCATAAATAA,0
GAACGGCCGCTTAAAA,0
GAACGGCGTTCAACGT,0
GAACGGTAATACTCTA,0
GAACGGTGATGCAACA,0
GAACGGTGGATGATAC,0
GAACGTCCTAAAATCA,0
GAACGTCGGAATGTAC,0
GAACGTCTGCAACCAT,0
GAACGTGACTGACCGT,0
GAACGTGTAAAACGAC,0
GAACGTGTTATCTCTA,0
GAACGTTAAATTTCTA,0
GAACGTTAGCACTTAA,0
GAACGTTGAAAATTCG,0
GAACGTTTAAATCAAT,0
GAACGTTTCAATCATA,0
GAACGTTTCAATGGAC,0
GAACTAAAAAATAAAC,0
GAACTAAAACTACTTA,0
GAACTAAAACTGCAAA,0
GAACTAAACCATTAGA,0
GAACTAACACCAAAAT,0
GAACTAACCATTTTGA,0
GAACTAATAATAGGTG,0
GAACTAATCCCCCTCA,0
GAACTAATGATTAAAC,0
GAACTAATTAATCAGT,0
GAACTACAAACTGCAA,0
GAACTACAGCCACCTG,0
GAACTACCTAACAAAT,0
GAACTACGAAAAAGAC,0
GAACTACTACGATACC,0
GAACTACTATCTGCTA,0
GAACTACTGGTATCTG,0
GAACTAGAAAATCCCT,0
GAACTAGACGCAGCGT,0
GAACTAGCGCTAATAA,0
GAACTAGGTAAATTAA,0
GAACTAGTTCATGATA,0
GAACTAGTTCCAGAGA,0
GAACTAGTTCGCTGAA,0
GAACTAGTTGGGCTTA,0
GAACTATAAACAGTTG,0
GAACTATAAATACAAA,0
GAACTATACGAGATTC,0
GAACTATACGTATGAT,0
GAACTATCTACAGAGC,0
GAACTATGAAAAAACG,0
GAACTATGACGTAGTC,0
GAACTATGAGTGTAAC,0
GAACTATGATTAAGAT,0
GAACTATGCACTTCAA,0
GAACTATTATAACGAG,0
GAACTATTCCCGATCT,0
GAACTCAATCATGAGA,0
GAACTCAGACAAAACC,0
GAACTCAGAGCAGTGA,0
GAACTCCAGCCGTCAC,0
GAACTCGTTAACATAA,0
GAACTCTAACGTCCAT,0
GAACTCTATAGACAAA,0
GAACTCTCAACTCGCA,0
GAACTCTCTTACGATT,0
GAACTGAAAAATTACA,0
GAACTGAAGTTTAACA,0
GAACTGACAATCAAAA,0
GAACTGACAGTAATTA,0
GAACTGAGAAAACACT,0
GAACTGAGAGCCTATA,0
GAACTGATATAAACTG,0
GAACTGCAAAAATACA,0
GAACTGCGTTAACATG,0
GAACTGCTTTCTCATC,0
GAACTGGAAGTCTCGC,0
GAACTGGACCAAACCG,0
GAACTGGCATTAAAAA,0
GAACTGGTAACGCAAA,0
GAACTGGTAGGTAGAG,0
GAACTGTAACTGGCCT,0
GAACTTAAAAGCACGG,0
GAACTTAAAAGTAGAC,0
GAACTTAAGTGTAAGG,0
GAACTTAATTCATAGA,0
GAACTTACGATCCAAA,0
GAACTTAGCACGGAGA,0
GAACTTAGCTGCTCGG,0
GAACTTAGTAAATGTA,0
GAACTTATAAAATTCC,0
GAACTTATAAGTTGCA,0
GAACTTATGTAGAAAC,0
GAACTTCACTATCAAA,0
GAACTTCATAGGCTTT,0
GAACTTCCTATAATCG,0
GAACTTCCTTCAACAC,0
GAACTTCTATGTTACC,0
GAACTTCTGTTACGAC,0
GAACTTGCTCGCAAAC,0
GAACTTGGGCGTCTTA,0
GAACTTGGTATAACAC,0
GAACTTTAAGCTTGAG,0
GAACTTTACCTCTACA,0
GAACTTTCATTGATCA,0
GAACTTTGAGAGAACA,0
GAACTTTGCTTTAATT,0
GAACTTTTCCCAATGC,0
GAAGAAAAAACACCTA,0
GAAGAAAAAACTCCTG,0
GAAGAAAAACATAGCG,0
GAAGAAAAGAGCGCTC,0
GAAGAAAATCATACAT,0
GAAGAAACCACGGAAA,0
GAAGAAAGGGATATAA,0
GAAGAAAGTCAAGAAA,0
GAAGAAATTCATCCAT,0
GAAGAACATCAAACAG,0
GAAGAACCTTACATGG,0
GAAGAACCTTGCTACA,0
GAAGAACGCCGAACGT,0
GAAGAACTAGATTTAA,0
GAAGAAGAAAATTAAT,0
GAAGAAGAACCCTCCT,0
GAAGAAGACACGACGA,0
GAAGAAGAGCGTTATG,0
GAAGAAGATAGAGGCA,0
GAAGAAGCAAAACTAC,0
GAAGAAGCATCGATGA,0
GAAGAAGCCCGGCGAG,0
GAAGAAGGTACTAATT,0
GAAGAAGGTACTACAC,0
GAAGAATAACTCCCAG,0
GAAGAATAATAAGATC,0
GAAGAATAGCTAAAGA,0
GAAGAATAGTTACTCA,0
GAAGAATATGGGTCAC,0
GAAGAATCATCCGACT,0
GAAGAATCTAAGATTA,0
GAAGAATTATATCGCC,0
GAAGAATTCTTCCACT,0
GAAGAATTGCAGATAA,0
GAAGAATTTGTCTATC,0
GAAGACAAAAGTCAGT,0
GAAGACAAAATAGTTA,0
GAAGACAAAATTGTGA,0
GAAGACACAAAAGAAA,0
GAAGACACTAACTATA,0
GAAGACAGGACACCGA,0
GAAGACATAGTAAGAA,0
GAAGACATTTAACCCT,0
GAAGACCAAACCAATC,0
GAAGACCCAAGCGCGT,0
GAAGACCCCGCCAATG,0
GAAGACCGGTAGGACT,0
GAAGACGAACTTAAGA,0
GAAGACGAGACAGAAG,0
GAAGACGCACTGACAA,0
GAAGACGCGCTACTGC,0
GAAGACTAAAATACTA,0
GAAGACTAATTAGTCG,0
GAAGACTACCTCAGCA,0
GAAGACTCGCCCCAAT,0
GAAGACTGAAAGAAAA,0
GAAGACTGACCCCTAA,0
GAAGACTTAAATATAG,0
GAAGACTTTTGTTTAT,0
GAAGAGAAATAAAATT,0
GAAGAGAAGAAATCGG,0
GAAGAGACAACAGAGA,0
GAAGAGAGCCGCCGCA,0
GAAGAGATCCGTTACA,0
GAAGAGATGCCCGGTC,0
GAAGAGATTTCGACCA,0
GAAGAGGACGAAATGC,0
GAAGAGGTATCGTCTT,0
GAAGAGTAATTAAAAC,0
GAAGAGTACAACAATA,0
GAAGAGTATCAGAAGT,0
GAAGAGTCTCCGATAT,0
GAAGAGTTACCAAATG,0
GAAGATACAATAGGGC,0
GAAGATACCGTATAGA,0
GAAGATACCTAAACTC,0
GAAGATACGCAGAGCA,0
GAAGATAGAATAATCA,0
GAAGATAGATTGCCTG,0
GAAGATATAAATAAGT,0
GAAGATATACGGAGTT,0
GAAGATCAACGTTATA,0
GAAGATCACAATCCTC,0
GAAGATCACACGCAAT,0
GAAGATCCAGATGGTT,0
GAAGATCCCCTCTTAG,0
GAAGATGAGCAGCAAC,0
GAAGATGAGCTAAATG,0
GAAGATGGCCTCGGTG,0
GAAGATGGCTCAAAAA,0
GAAGATGTAAAAAAAC,0
GAAGATGTTCAGAATA,0
GAAGATTAAAAAAAAA,0
GAAGATTAAACGAGAT,0
GAAGATTAACTGAAAT,0
GAAGATTACGTGAAAG,0
GAAGATTGGGACGACA,0
GAAGCAAATTAGAAGT,0
GAAGCAACCATAGACG,0
GAAGCAAGCTAGACAT,0
GAAGCAATAAATACCG,0
GAAGCAATAGATATGT,0
GAAGCAATTCCTGTAG,0
GAAGCACATCTTCACG,0
GAAGCACATGAACAGA,0
GAAGCACCAAATAATG,0
GAAGCACCACGATCGT,0
GAAGCACGAGAGCCAT,0
GAAGCACTACTTACTT,0
GAAGCAGAAAAATTCA,0
GAAGCAGCTGCACTGC,0
GAAGCAGGGTTCACGT,0
GAAGCATAAAATTGTT,0
GAAGCATAAACGTCTT,0
GAAGCATACGTGCAGT,0
GAAGCATACTGTCCTT,0
GAAGCATATTTATAAA,0
GAAGCATGACAAAATG,0
GAAGCATTATATCCTT,0
GAAGCCAAAACGCTAT,0
GAAGCCAACAGTGTAC,0
GAAGCCAATGAAGCCC,0
GAAGCCATAAACGCTA,0
GAAGCCATGTGACTGG,0
GAAGCCCACAACGGAA,0
GAAGCCCACACCAGTA,0
GAAGCCGAAAAATACT,0
GAAGCCGAAGATTAAA,0
GAAGCCGCATAATACC,0
GAAGCCGTTAAATGTG,0
GAAGCCTATATGGGTT,0
GAAGCCTCTCAGCCCG,0
GAAGCCTCTGCCCCCG,0
GAAGCCTGTACATCCT,0
GAAGCGAAACTCTTAA,0
GAAGCGAAGCAACGGC,0
GAAGCGATCCAGATAG,0
GAAGCGCACAGTTTTC,0
GAAGCGCACCACGATG,0
GAAGCGCATGCCGAAC,0
GAAGCGCCCGTGCACT,0
GAAGCGGAAAGTATAA,0
GAAGCGGGATCCAGCC,0
GAAGCGTTAACCCTTC,0
GAAGCGTTTCACCTCA,0
GAAGCTAAAACCTCCA,0
GAAGCTACGGCAACTC,0
GAAGCTAGGAAATCTT,0
GAAGCTATGTCACAGC,0
GAAGCTCTCTATAGTA,0
GAAGCTGTCAACGCAA,0
GAAGCTTAAGGCAGCG,0
GAAGCTTAGGAAACAA,0
GAAGCTTTCAGAGAGT,0
GAAGGAAAAACAGCTA,0
GAAGGAAACTAAGCTA,0
GAAGGAAATAAATTGG,0
GAAGGAAATATGGTTT,0
GAAGGAACAACCACTT,0
GAAGGAATACAAGGAC,0
GAAGGAATATACTTTA,0
GAAGGACACAAGCCTT,0
GAAGGAGCCAAAATAA,0
GAAGGAGTAAGATGAT,0
GAAGGATAATTTTAAT,0
GAAGGATCAAAGACCT,0
GAAGGATCTGTAATAT,0
GAAGGATGAATAAACT,0
GAAGGCAAATCTGGCT,0
GAAGGCAACAGAGATG,0
GAAGGCAGACATAAAT,0
GAAGGCAGCGGGACAA,0
GAAGGCAGGAACCAAA,0
GAAGGCAGGCCACTTA,0
GAAGGCATAACCATGT,0
GAAGGCCACAGTAGAT,0
GAAGGCCGCTGTGAAA,0
GAAGGCCTCAATGGAC,0
GAAGGCCTGAAGCCAT,0
GAAGGCGATCCACGTT,0
GAAGGCGTGTACATAG,0
GAAGGGATCCTGAAGG,0
GAAGGGCCCAAAAACT,0
GAAGGGCGATCAGAGG,0
GAAGGGCTTAGGAACG,0
GAAGGGGAAAATTAAA,0
GAAGGGTGCTAAAACA,0
GAAGGGTTCATGAAGT,0
GAAGGTAACATCAAAA,0
GAAGGTACCGCCAAAA,0
GAAGGTATATAATAGA,0
GAAGGTCACCTCGACT,0
GAAGGTCTTTTGAGTC,0
GAAGGTGTTACGAACC,0
GAAGGTTCGACGTACG,0
GAAGGTTTACACGTCT,0
GAAGTAAAGAAATTTT,0
GAAGTAAAGGTTACGA,0
GAAGTAAATAAATCGA,0
GAAGTAACAAGTAGGA,0
GAAGTAACAATTGACG,0
GAAGTAACACTTCTCG,0
GAAGTAAGACGTTAGT,0
GAAGTAAGGGAATCAG,0
GAAGTAATATCGAAAG,0
GAAGTAATCCTGCATA,0
GAAGTAATCTACGACA,0
GAAGTAATGCCAGGAA,0
GAAGTACCCTGCTCAT,0
GAAGTACCGACCAGAA,0
GAAGTACCTAAATCGT,0
GAAGTACGAGAAAAAC,0
GAAGTACTGCCCGTAA,0
GAAGTAGATGCCATTT,0
GAAGTAGGGTACACAT,0
GAAGTATAAGTCCAAA,0
GAAGTATACCATTAAG,0
GAAGTATATAAGGTGG,0
GAAGTATTGCCTTGCG,0
GAAGTCAAAAACATAC,0
GAAGTCAAACCTTGCA,0
GAAGTCAAGATAAAAT,0
GAAGTCAGTTCAATAG,0
GAAGTCCAATGTAAAT,0
GAAGTCCGAACATAAA,0
GAAGTCGATGCAATTG,0
GAAGTCGCTCTGAGTC,0
GAAGTCTAAAGTCATT,0
GAAGTCTACATTCAAT,0
GAAGTCTGAGTCTTAC,0
GAAGTCTGCTTAGAGC,0
GAAGTCTTAATTCGCT,0
GAAGTGAACTAATCAG,0
GAAGTGACAATGACAA,0
GAAGTGATTCTTCGAC,0
GAAGTGCAACATCCAC,0
GAAGTGCTAAATTACT,0
GAAGTGCTCATGGCGC,0
GAAGTGGGTATAATGT,0
GAAGTGTGGACTAGAC,0
GAAGTTAGAAAATGCT,0
GAAGTTAGCAACAAAG,0
GAAGTTAGGGTACATT,0
GAAGTTCAAACAGTAC,0
GAAGTTCACCATAACT,0
GAAGTTCCATAGCACA,0
GAAGTTCCATGTTCCA,0
GAAGTTCCCACACCTG,0
GAAGTTCCTTGACTTC,0
GAAGTTGCATGCGAAA,0
GAAGTTGCGATTAATA,0
GAAGTTGCTTGGACCA,0
GAAGTTTAGCAATATA,0
GAAGTTTTGTAGCTGC,0
GAATAAAAAAAAAAAA,0
GAATAAAAACTCAAAA,0
GAATAAAAATAATGAA,0
GAATAAAACACAGAGC,0
GAATAAAACTCGAACT,0
GAATAAAAGAAGACAT,0
GAATAAAAGATAAAGA,0
GAATAAACACTCTACC,0
GAATAAACTGTGAGAA,0
GAATAAACTTATTGAC,0
GAATAAAGATCTACAT,0
GAATAAATATGTTAAG,0
GAATAAATCTGGAGAA,0
GAATAAATCTTTAACT,0
GAATAAATGAATGTTG,0
GAATAAATTAGCTACT,0
GAATAAATTCACATCC,0
GAATAAATTCACCAAG,0
GAATAAATTTTAACAT,0
GAATAACAAAGAAAAA,0
GAATAACACACTATCT,0
GAATAACATAAAGAAG,0
GAATAACATGTGCCCA,0
GAATAACATGTTGAGC,0
GAATAACCTTAGTATA,0
GAATAACGAGATAAGT,0
GAATAACGTAAGTTAT,0
GAATAACGTCAACCAT,0
GAATAACTAAATTGTG,0
GAATAACTATCGTCTC,0
GAATAACTTATGACGC,0
GAATAACTTCATAATC,0
GAATAAGAAGTCCCTC,0
GAATAAGAATTCATTA,0
GAATAAGAATTTCATT,0
GAATAAGATATAAAAA,0
GAATAAGCTGAGTAAG,0
GAATAAGCTTATACTC,0
GAATAAGGGACTGCCG,0
GAATAATAAATATGTA,0
GAATAATAAATCAGAT,0
GAATAATAATATTTAC,0
GAATAATAATCTATAA,0
GAATAATAATGTCTAC,0
GAATAATACAAAATAA,0
GAATAATACCTACATT,0
GAATAATATCATGGGG,0
GAATAATCCATGGGCC,0
GAATAATCCCAATAGA,0
GAATAATCTGTCAAGA,0
GAATAATGGGGCTGTC,0
GAATAATGTACTTTTT,0
GAATAATTATGTTTCG,0
GAATAATTCCACCCTA,0
GAATAATTCCAGTGAC,0
GAATACAAAAAGGCTT,0
GAATACAAATACCTAT,0
GAATACAAGACAAAAT,0
GAATACAATTAACCAG,0
GAATACACGACCCAAG,0
GAATACACGGGCCTCA,0
GAATACACTGTTATGG,0
GAATACAGGAAAATTA,0
GAATACATATGGCACT,0
GAATACATCCAAACCG,0
GAATACATCCAACTTG,0
GAATACATGAGTCCCA,0
GAATACATTAAGCATT,0
GAATACCAAAAATTCA,0
GAATACCACGAAAAAC,0
GAATACCATAAAAGCT,0
GAATACCGATTTAACC,0
GAATACCGTTGTTAAC,0
GAATACCTAGACGAAG,0
GAATACGAGCAAGCAT,0
GAATACGATGGTACCT,0
GAATACGATTTGGTTA,0
GAATACGCGAAACCCC,0
GAATACGTAATTCAAA,0
GAATACGTACCGGTAA,0
GAATACGTCCTAACTG,0
GAATACTCAATACCCA,0
GAATACTGAACAATCT,0
GAATACTGCAGCATCG,0
GAATACTTTTACGGTA,0
GAATAGAAAAATTTCC,0
GAATAGAACGCCCGAC,0
GAATAGAAGCAATTAG,0
GAATAGAATTCCGCCT,0
GAATAGACTATATGAT,0
GAATAGACTCCGGCAA,0
GAATAGACTGTTAAAA,0
GAATAGAGCCGCATCA,0
GAATAGAGCTCTAACC,0
GAATAGAGTTACTGTA,0
GAATAGATACATCGAT,0
GAATAGATCTAGTATG,0
GAATAGCAATGAGAGC,0
GAATAGCACAATTACA,0
GAATAGCACTAAATTA,0
GAATAGCCCATGTACA,0
GAATAGCCGTCCACTT,0
GAATAGCTAGTATGCT,0
GAATAGGAACGAGGAG,0
GAATAGGATAAAAATT,0
GAATAGGCACCTACGC,0
GAATAGGGTGAAATAC,0
GAATAGGTCAAAACAG,0
GAATAGGTCTACACGA,0
GAATAGTATTGAAACT,0
GAATAGTCAAAAAGAT,0
GAATAGTTATTCTGGG,0
GAATAGTTCAAAGAAA,0
GAATAGTTCACTAATT,0
GAATATAAAATTTAAA,0
GAATATAAACAACAAT,0
GAATATAAATGGGAGG,0
GAATATAACCTTTTTC,0
GAATATAAGGACAATG,0
GAATATAAGGCAATAT,0
GAATATAATAAAGAAT,0
GAATATACAAAACGGG,0
GAATATACACTCGGAC,0
GAATATATAATAAGAG,0
GAATATATCCGTACGC,0
GAATATATCTGAATAT,0
GAATATCACGTTGCAA,0
GAATATCCACTAGTAG,0
GAATATCGATAGCACA,0
GAATATGAATGTACCC,0
GAATATGACAGTCATC,0
GAATATGAGTCGTCCG,0
GAATATGATAATTTCT,0
GAATATGCCCCGAACA,0
GAATATGTAACTTGAC,0
GAATATTAAAAACTAC,0
GAATATTATATAACTA,0
GAATATTATTACCCAC,0
GAATATTATTACGAGC,0
GAATATTATTCATAGT,0
GAATATTCCGAAAAAA,0
GAATATTCGAATGCCA,0
GAATATTTCTCGGGGA,0
GAATATTTGGCGTTGG,0
GAATCAAAATTTCCTG,0
GAATCAAACAGCAAAC,0
GAATCAAAGCATCCTT,0
GAATCAAAGGACTTTC,0
GAATCAACACGTGTGT,0
GAATCAACCGAAACTC,0
GAATCAACGATTCTCA,0
GAATCAAGAGAGGACT,0
GAATCAATACACCCGG,0
GAATCAATCATCACGT,0
GAATCAATCCTAACAA,0
GAATCACAAGACGATA,0
GAATCACAGAAATGAA,0
GAATCACTGTACCACC,0
GAATCACTTCGTCAGT,0
GAATCAGAGAACCCAA,0
GAATCAGCAACCACGA,0
GAATCAGCATCACAAA,0
GAATCAGGACAAAGGC,0
GAATCATAATCACGTA,0
GAATCATCAACATCAA,0
GAATCATGAACAAAAG,0
GAATCATTAAGCATAA,0
GAATCCAAATTATCTC,0
GAATCCAAGCGTTCTA,0
GAATCCAATTAGGATT,0
GAATCCACCACAGAAC,0
GAATCCACGTGGGCTT,0
GAATCCAGACTACAAT,0
GAATCCAGGATTATAA,0
GAATCCATTACCTAAA,0
GAATCCATTAGTGAAG,0
GAATCCCAAATTATTG,0
GAATCCCCAAATTTAA,0
GAATCCCGATCGAGCC,0
GAATCCGAAAAAACCC,0
GAATCCGCAAACGGAA,0
GAATCCTCTGACATTC,0
GAATCCTGCTGAATTG,0
GAATCCTGGTATAATT,0
GAATCCTTAAAACAAA,0
GAATCCTTACGAATTT,0
GAATCCTTCAATCAGA,0
GAATCGAAAAAAATCA,0
GAATCGAACATCAAGT,0
GAATCGACTCAAACAT,0
GAATCGAGGGTTGACT,0
GAATCGATCAAAATAA,0
GAATCGCACGACGGGA,0
GAATCGCGAACCAGCT,0
GAATCGGAATATACCG,0
GAATCGGCAGCAAGAG,0
GAATCGGGAATATATA,0
GAATCGTAAGTATTAG,0
GAATCGTGAACCCAAC,0
GAATCTAGGCGCTCAT,0
GAATCTATCATCCGGT,0
GAATCTATTGGTAAGG,0
GAATCTCAGCCCTCAA,0
GAATCTCCGAGTGGAG,0
GAATCTCGTAGTAGAA,0
GAATCTCTAAAGTGTG,0
GAATCTCTTAAGATGC,0
GAATCTGAATAGTAAG,0
GAATCTGCGATCTACG,0
GAATCTGGACCATTGC,0
GAATCTGTAAACTCTC,0
GAATCTTAATGACCAT,0
GAATCTTATGTTCGTA,0
GAATCTTCCTGATAAC,0
GAATCTTTCATTAATA,0
GAATGAAAGTAAGTAA,0
GAATGAAATTGAAACA,0
GAATGAACAAGCACGT,0
GAATGAACCAGACTAA,0
GAATGAACGTTCTCAG,0
GAATGAAGAAACCTTA,0
GAATGAAGGAGAATTA,0
GAATGAAGTTCCATCA,0
GAATGAATATCTAAAC,0
GAATGAATTTAAAAAC,0
GAATGACCGGTACTCT,0
GAATGACTTAGGTAGC,0
GAATGACTTGTACATG,0
GAATGAGGTACCGTGA,0
GAATGATAAACCACTG,0
GAATGATATGGCAGGT,0
GAATGATATGTCTATA,0
GAATGATCATTCGCTA,0
GAATGATTCATTATAC,0
GAATGATTTAACACTA,0
GAATGCAACGTTATAA,0
GAATGCAATTCACCCA,0
GAATGCACAAGTCACA,0
GAATGCACCGGCTAAC,0
GAATGCATATATACAC,0
GAATGCATCAGTGAAT,0
GAATGCATGGTGTAAA,0
GAATGCATTCGAGCAG,0
GAATGCCACGATCCAC,0
GAATGCCACTCCAACG,0
GAATGCCCCACCCAAC,0
GAATGCCGGCCATTAA,0
GAATGCCGTTACGTTA,0
GAATGCGCGAAACGGA,0
GAATGCGCTTAATACA,0
GAATGGATTCACCCTC,0
GAATGGCAATTGACCA,0
GAATGGGCCTACACAT,0
GAATGTAAGCCTGACC,0
GAATGTACCAATCTAA,0
GAATGTACGAAGATTA,0
GAATGTACGAATGTGT,0
GAATGTACGTATGGTG,0
GAATGTAGAATATCGT,0
GAATGTATAGAATGAA,0
GAATGTCAACTATTCT,0
GAATGTCCTGGCATGC,0
GAATGTCGAAAACACT,0
GAATGTCGTTATTGAG,0
GAATGTGAGAATACCA,0
GAATGTGAGGGTGCAC,0
GAATGTGCCATCCTAC,0
GAATGTGTACTGTTCA,0
GAATGTTACGAGTTTG,0
GAATGTTACTAAAACG,0
GAATGTTTCTCACAAA,0
GAATTAAAAAGTCGCA,0
GAATTAAAACTAGGAA,0
GAATTAAACAGGCACC,0
GAATTAAACGAAAAAC,0
GAATTAAATACCGTGT,0
GAATTAACCCAACACT,0
GAATTAACTATATACC,0
GAATTAAGACGGCCAG,0
GAATTAAGACTTATGA,0
GAATTAAGCCAGGTGA,0
GAATTAATAGCAATAA,0
GAATTAATCTAGACCG,0
GAATTAATTTAAACTG,0
GAATTACAATAAAGTC,0
GAATTACATACGGTGG,0
GAATTACCAATGTGTG,0
GAATTACCCAAGATAA,0
GAATTACGAAATGCTA,0
GAATTACTGAAAGACA,0
GAATTACTTACAAGAT,0
GAATTACTTTAAGTGA,0
GAATTAGACGAAAAAA,0
GAATTAGCAACCGCCA,0
GAATTAGCATACTCCA,0
GAATTAGCGACTGCCG,0
GAATTAGTGCACTTAT,0
GAATTAGTGCTACAAA,0
GAATTAGTTTTATATA,0
GAATTATACTATACTG,0
GAATTATACTCTTTCT,0
GAATTATCGTTAGCGG,0
GAATTATGCCATGCCC,0
GAATTATTAAAAAACT,0
GAATTATTAAAAACGA,0
GAATTCAAAATCGATA,0
GAATTCAAAATTTCCA,0
GAATTCAACGGATCCA,0
GAATTCACCATAGATA,0
GAATTCACTGACACGG,0
GAATTCAGACCTCTGG,0
GAATTCATATAAGTAT,0
GAATTCCTAGATGTAC,0
GAATTCGACGTTTAAG,0
GAATTCGGTCCCAGTA,0
GAATTCGTTATTCCGA,0
GAATTCTACAAGTGTA,0
GAATTCTACCAAGATT,0
GAATTCTACGTCGATT,0
GAATTCTCGAAGATCG,0
GAATTCTGCTAACTTG,0
GAATTCTTGGCATTGC,0
GAATTGAAATTACTGA,0
GAATTGAACGTCGATC,0
GAATTGAATCGAAACC,0
GAATTGAATTAGACAT,0
GAATTGACGTACTACT,0
GAATTGACTCGACAGC,0
GAATTGATAAATATGT,0
GAATTGCATAACTAAC,0
GAATTGCATCCTAGCA,0
GAATTGCCGTATTTTT,0
GAATTGCGCATTAACA,0
GAATTGGCATTCATCA,0
GAATTGGCTTGCCTTT,0
GAATTGTATGACTTGA,0
GAATTGTGAGCAAGAT,0
GAATTGTGAGGAATTC,0
GAATTTAACCACAATA,0
GAATTTAATCGGTCTG,0
GAATTTATCAGTAACA,0
GAATTTATCTTGACAT,0
GAATTTCAACCAAAGT,0
GAATTTCATGAAATTC,0
GAATTTCCGATACAGT,0
GAATTTCCGTCGCAAG,0
GAATTTCCTATGAATC,0
GAATTTCGTGGTAACT,0
GAATTTCTTATCACCA,0
GAATTTGCACAAACAT,0
GAATTTGCTTACAATT,0
GAATTTTCACCTCCTA,0
GACAAAAAAGGATCGA,0
GACAAAAAATTGTTCA,0
GACAAAAAGTAACTGC,0
GACAAAAATAGATACC,0
GACAAAACATAAAGCT,0
GACAAAACTAAACTGC,0
GACAAAACTTCACCAG,0
GACAAAAGATATAATG,0
GACAAAAGGTGCGGAA,0
GACAAAATAATGCACA,0
GACAAAATATGATCCC,0
GACAAACAACCAAAAG,0
GACAAACATCTAACTC,0
GACAAACCCCATAACG,0
GACAAACCGCATATTC,0
GACAAACGAAAACATG,0
GACAAACTAGAGTGAA,0
GACAAACTCGGATAAA,0
GACAAAGACTCAAACG,0
GACAAAGAGACCTCAA,0
GACAAAGAGAGTAGCA,0
GACAAAGAGCGGCAGC,0
GACAAAGATCGGGAAA,0
GACAAAGCACCTACAT,0
GACAAAGCTAATGATT,0
GACAAAGGAAATCGGG,0
GACAAAGGATGTACGG,0
GACAAAGGTTTAATTC,0
GACAAAGTATTGGCGG,0
GACAAATATATAAATT,0
GACAAATATTAAATGA,0
GACAAATATTCGTCAA,0
GACAAATATTGAACAC,0
GACAAATCGATAGACT,0
GACAAATGAAAAATCT,0
GACAAATGCCCTATGT,0
GACAAATGGTCCGATT,0
GACAAATTGGATATAG,0
GACAAATTTCTGCAAC,0
GACAACAAAACAGACT,0
GACAACAATATCACAT,0
GACAACACACAACACC,0
GACAACACATTAATGC,0
GACAACACCAATCCAC,0
GACAACACTTACAACA,0
GACAACAGATCCCTAT,0
GACAACCACTCATGGG,0
GACAACCGCTCAATCC,0
GACAACCTGAGTTCCG,0
GACAACGGAACACTAC,0
GACAACGGGTGTCGAC,0
GACAACGTTGTGTCAA,0
GACAACTAACACTACA,0
GACAACTTGCAATTTC,0
GACAACTTTATCGCAA,0
GACAAGAACCCTATGC,0
GACAAGAACGTAAGGC,0
GACAAGAATCACTTCA,0
GACAAGACTTAAAAAC,0
GACAAGAGATTTTAAT,0
GACAAGATTAGGGACA,0
GACAAGATTCGAAACT,0
GACAAGCAGAACACGA,0
GACAAGCATCAGCAAG,0
GACAAGCCAAAAAATT,0
GACAAGCCCGTATGAA,0
GACAAGCTAATTTAAT,0
GACAAGCTCAATCTTA,0
GACAAGGAATAATCCT,0
GACAAGGATAGATCCG,0
GACAAGGGCTGGACTA,0
GACAAGGGGCATGTGT,0
GACAAGGTAGTTCCCT,0
GACAAGTATGGCACTA,0
GACAAGTCCCACGCAC,0
GACAAGTCTAACAAAC,0
GACAAGTGTCATAATA,0
GACAAGTTTTATTTGG,0
GACAATAAAAAACAAA,0
GACAATAAAAAACGAT,0
GACAATAAATTACCTC,0
GACAATAATATAAGTA,0
GACAATACTCGAAAAT,0
GACAATAGCTTGTGAC,0
GACAATATAAGTATCC,0
GACAATATCACAGGTA,0
GACAATCAACAACTCC,0
GACAATCACTCTCAGA,0
GACAATCGAATCCTAG,0
GACAATCGGCGATATT,0
GACAATGAGTAGAAAG,0
GACAATGATAAACGTC,0
GACAATGGGGAAATTC,0
GACAATGTACCTCTGG,0
GACAATTAATAGGAAT,0
GACAATTAGAGCCTTC,0
GACAATTCGATTCCCA,0
GACAATTTTTCATAAA,0
GACACAAAAACCGCTA,0
GACACAAACTGACTAC,0
GACACAAAGAATAATA,0
GACACAAGGTCAATTA,0
GACACAATTATACACT,0
GACACACACTTCCCCC,0
GACACACAGTATAGAC,0
GACACACATTAGAGGT,0
GACACACCTCGAATCA,0
GACACACGCAAAGGCC,0
GACACACTATTGAGAA,0
GACACACTCTGACTGA,0
GACACAGAATACCTGA,0
GACACAGAATTAATAC,0
GACACAGAGAATATCT,0
GACACAGCATGGTATC,0
GACACAGGAAAGACGA,0
GACACATAAAAAAAAA,0
GACACATAGAAGTCAG,0
GACACATCAACAAGCC,0
GACACATCAGTGGACT,0
GACACATGCAATAAGC,0
GACACATGCCAATTAA,0
GACACATTGTATCTCC,0
GACACCAACTGTAACG,0
GACACCAAGTCTACCC,0
GACACCAATGCGAAAG,0
GACACCACGACCTTCA,0
GACACCAGCAAAGAAA,0
GACACCATGAGTAGCG,0
GACACCATTTCTACCT,0
GACACCCAATGACAGA,0
GACACCCACATCACTC,0
GACACCCCTTCTCAAA,0
GACACCCTATCATAAC,0
GACACCGCAAAACTCC,0
GACACCTAAGGAAGCA,0
GACACCTGATCTCCTG,0
GACACCTGTCTCCAAA,0
GACACGAACCACCATG,0
GACACGACGAGATAAA,0
GACACGAGCTAACCCG,0
GACACGCAACATAACA,0
GACACGCAATCTAACT,0
GACACGCCAAGAAACT,0
GACACGCCAAGGCGTA,0
GACACGCGCACACTTA,0
GACACGCTTATCATTT,0
GACACGTACGCACATG,0
GACACGTTTAACTATG,0
GACACTAAACATTACA,0
GACACTAACGGAAACT,0
GACACTAAGATAAACC,0
GACACTAATTATCCAC,0
GACACTACGCCCTGAA,0
GACACTCACACGGTTT,0
GACACTCACATGTTAT,0
GACACTCAGCAAACTA,0
GACACTCAGCGGCCCA,0
GACACTCAGTCTACGA,0
GACACTCCTCGATAAT,0
GACACTCTACTTTCAG,0
GACACTGAGAATTGTC,0
GACACTGGAGGACGTA,0
GACACTGTGCAACATG,0
GACACTTACCCTTGAC,0
GACACTTATTTTCGAA,0
GACACTTGCTAACGAT,0
GACACTTTAACAAGAT,0
GACACTTTAGGATACG,0
GACACTTTGAGGACAT,0
GACAGAAAACCGTCTC,0
GACAGAAATGGCAGGA,0
GACAGAAGAAATACAC,0
GACAGAAGCTTGTCAG,0
GACAGAATTGGGTTCT,0
GACAGAATTGTGCACG,0
GACAGACAATCAAATT,0
GACAGACACCTTCCAG,0
GACAGACAGATTCACC,0
GACAGACCGGAGACAA,0
GACAGAGATGGAGCTG,0
GACAGAGCCTTTATAA,0
GACAGAGCGATCCAAG,0
GACAGAGTTTTAGAAT,0
GACAGATAAAAACCAA,0
GACAGATAAAAGGGAG,0
GACAGATAACAGGACT,0
GACAGATAACTATATG,0
GACAGATCCGAGATGT,0
GACAGATGCCAACAAG,0
GACAGATTCAATTAGG,0
GACAGCAAAGGTTAAA,0
GACAGCACGCATGCAA,0
GACAGCATAGCAATTA,0
GACAGCATGAAATGAA,0
GACAGCCAAATCAAGG,0
GACAGCCGCTTCTAAC,0
GACAGCTAACTCCGGC,0
GACAGCTAAGACCCAA,0
GACAGGAACACTCCCA,0
GACAGGAAGAACTCCA,0
GACAGGCAATAGGCAA,0
GACAGGCCGAACATAA,0
GACAGGCTATACAAGC,0
GACAGGGCAAAAGGGC,0
GACAGGGGACTAGGAA,0
GACAGGGTTCGCAAAG,0
GACAGGTCCTTTTAGG,0
GACAGTAAACACGTTC,0
GACAGTAAACGGGGAA,0
GACAGTAAAGATTAAT,0
GACAGTACAAATTATG,0
GACAGTATCACAGGAA,0
GACAGTCATAAACCCA,0
GACAGTCCCTTAAAGT,0
GACAGTCCGCATATCG,0
GACAGTCCGCATCGAC,0
GACAGTGAAACGATCG,0
GACAGTGAAGTTGATG,0
GACAGTGGAGTTGAGG,0
GACAGTGTGGAGCGAC,0
GACAGTTTCTGTCAAT,0
GACATAAAAACAAATT,0
GACATAAAAAGTCGAA,0
GACATAAAGCAAGACA,0
GACATAAAGCAATACT,0
GACATAAATTACCTTA,0
GACATAACGATGAATG,0
GACATAAGATGTAACT,0
GACATAAGCTGACCAA,0
GACATACAGACGACAA,0
GACATACCCACAATTA,0
GACATACCTACAAGCT,0
GACATACTCACATTTC,0
GACATAGAAGAACATA,0
GACATAGATTGATTAC,0
GACATATAATGGCAAC,0
GACATATAGACACTTC,0
GACATATATGTATAAG,0
GACATATATTGCATAC,0
GACATATCGAGGATGC,0
GACATATGTTTTCGAT,0
GACATATTAATCCCAT,0
GACATATTTGATAAAA,0
GACATCAAATGTTAAC,0
GACATCAAGGCGACAC,0
GACATCCACGTCCTTC,0
GACATCCATCCTTATT,0
GACATCCGCCAGGATC,0
GACATCCTCAATTGGT,0
GACATCGAGAGAATCT,0
GACATCGCAAACCTTC,0
GACATCGCAGACGAAT,0
GACATCGCTTATTGTC,0
GACATCGGAATGAAGT,0
GACATCTCGAGCTAAT,0
GACATCTTACTCTATA,0
GACATCTTACTGTGGA,0
GACATCTTGGAACAAC,0
GACATGAAAACTACGT,0
GACATGAAAATATCTC,0
GACATGAACACTAAGC,0
GACATGAACTGGAGTT,0
GACATGAGGACTTAAG,0
GACATGAGTAACAGCG,0
GACATGATATTAGCCT,0
GACATGCAAGTTTGCC,0
GACATGCATGTTTCGC,0
GACATGCGGTTCCATC,0
GACATGGCTTCAAGGT,0
GACATGGTCAGACATA,0
GACATGTACAATGAGT,0
GACATGTACTATGCTG,0
GACATGTATGTTGGAA,0
GACATGTCACATCTGT,0
GACATGTCTCTAGGCA,0
GACATGTGTGCCGACT,0
GACATGTTTACAGAGC,0
GACATTAACTACAAAA,0
GACATTACGAGTCAGA,0
GACATTACTATCAACT,0
GACATTAGTACACCCT,0
GACATTATACTTTTGC,0
GACATTCATAAACTAA,0
GACATTCATACGCAAG,0
GACATTCCAAAACAGA,0
GACATTCCACTCCAGA,0
GACATTCTGACACAAC,0
GACATTGAATCAAACC,0
GACATTGCAACTTGTA,0
GACATTTAACGTCTTA,0
GACATTTATAAATTCG,0
GACCAAAAAAACTCAC,0
GACCAAAAAAATTATG,0
GACCAAACAAGTTCAT,0
GACCAAACCATAGATG,0
GACCAAACCGAATGAT,0
GACCAAACGGTGAATA,0
GACCAAAGATACGCGG,0
GACCAAAGTATGTTGA,0
GACCAAATAGTGTTAC,0
GACCAAATGATCTGAT,0
GACCAAATGGAATAAG,0
GACCAACATTTGCAGT,0
GACCAACCAGATTTGT,0
GACCAACCCAGTATAA,0
GACCAACGACAACCCA,0
GACCAACGACTACATA,0
GACCAACTAACAACGG,0
GACCAACTATGAAAAT,0
GACCAACTTCCTCACT,0
GACCAACTTGCCATCC,0
GACCAAGACGCGTCTT,0
GACCAAGCAGAAAGAG,0
GACCAAGCTCACTTGA,0
GACCAAGGAGGCACCG,0
GACCAATAGCAGTTCC,0
GACCAATATCAGCGTA,0
GACCAATCCTCCGAAG,0
GACCAATGCGTGCCTA,0
GACCAATTTAAGTCCC,0
GACCACAACCGTAACA,0
GACCACAACTCATGTA,0
GACCACAATGAGTCAA,0
GACCACCAGGCTATGT,0
GACCACCATAGAGAGC,0
GACCACCGAACATGCT,0
GACCACCGGATAGGAA,0
GACCACGCATACCAGG,0
GACCACGGTATTTTAT,0
GACCACGTCGTAAATT,0
GACCAGAAAAACTAGA,0
GACCAGAACAACCTGG,0
GACCAGAACCAGTTAG,0
GACCAGACCAGCGTGC,0
GACCAGAGAAAAAATA,0
GACCAGAGTCAGACCG,0
GACCAGATATGGCACT,0
GACCAGCAATTTGCAT,0
GACCAGCCTGAAATCA,0
GACCAGCGATAGTCTG,0
GACCAGCGATTAGAGA,0
GACCAGCTATATTGAA,0
GACCAGGACACATTGA,0
GACCAGTACTGATTTG,0
GACCAGTCGAGTCCGA,0
GACCAGTTATATCTTA,0
GACCAGTTTACGGATC,0
GACCATACAGAAGAAT,0
GACCATACGATACAGA,0
GACCATAGACTAGGGA,0
GACCATAGATTTAACA,0
GACCATAGCGCAAAAG,0
GACCATCAACGAGTAC,0
GACCATCAGAAATGAC,0
GACCATCATAAGTCAA,0
GACCATCGCGAATAGG,0
GACCATGAAAACACGG,0
GACCATGAAGCGATTA,0
GACCATGACAGGACCT,0
GACCATGCTAATACAA,0
GACCATGCTTATAGTA,0
GACCATTACAAAACAC,0
GACCATTACTAAAGTA,0
GACCATTGGAAGCGCA,0
GACCATTGGTGAATTT,0
GACCATTTCGGTCGCA,0
GACCCAAAAAACTTGC,0
GACCCAAAACAACGAC,0
GACCCAAAGCAGACAC,0
GACCCAAAGTCCCATG,0
GACCCAACAAAAAGTT,0
GACCCAACAGTGTACG,0
GACCCAACGACAATTA,0
GACCCAAGCCGAGAAG,0
GACCCAATCATTTCCA,0
GACCCAATCTTGCGTC,0
GACCCAATTTGAGGCA,0
GACCCACAAAAAACCC,0
GACCCACACAACATCA,0
GACCCACCCGTGTCTA,0
GACCCACCTGTAATGA,0
GACCCACGGAATAGGA,0
GACCCACGGTACAGAA,0
GACCCACTTCGGACAA,0
GACCCACTTGCTGGAA,0
GACCCAGAAAAACAAA,0
GACCCAGAATAAGAGA,0
GACCCAGCATTCAAGA,0
GACCCAGCTTGATGAT,0
GACCCAGTAAATACCC,0
GACCCAGTAGTATCAA,0
GACCCATAGTATGAGA,0
GACCCATCCTATGACT,0
GACCCATGCCTATACC,0
GACCCCAACTGTGATT,0
GACCCCAAGCAAAACG,0
GACCCCAAGGTAGTAA,0
GACCCCAATCGAAAAT,0
GACCCCACCTACACAA,0
GACCCCAGACCCCAGA,0
GACCCCATATCAAACG,0
GACCCCATTAATAATG,0
GACCCCCGAAATAACC,0
GACCCCCGATCCGCCT,0
GACCCCGACCCTTATA,0
GACCCCGGTCGACGCT,0
GACCCCTAATCCAGCA,0
GACCCCTACGCAAACA,0
GACCCCTCCAGTTAGT,0
GACCCCTTCATTGCGT,0
GACCCCTTCGAGTCAC,0
GACCCGAGCTGGATCC,0
GACCCGATTACTCTAT,0
GACCCGCAGGATCAGC,0
GACCCGCATACTCGAG,0
GACCCGCTCATTAGGA,0
GACCCGTAATCAGTCT,0
GACCCGTACTAAAATG,0
GACCCGTGAAATGCTT,0
GACCCGTGCTCTCGTA,0
GACCCTAAATATTTAA,0
GACCCTAATTACTAGA,0
GACCCTACATTAAACT,0
GACCCTACCGAACGCA,0
GACCCTAGTAATGTTT,0
GACCCTATAACCTAAA,0
GACCCTATCGGACCAC,0
GACCCTGCTACTCATA,0
GACCCTGGATACGGCA,0
GACCCTGGCAAAGCAA,0
GACCCTTAAAATCCAC,0
GACCCTTACCGGCAGA,0
GACCGAAAACCTGTCA,0
GACCGAAACGGAATTC,0
GACCGAAACTTAGATA,0
GACCGAAATTCAGCTC,0
GACCGAACGACCTACG,0
GACCGAAGGACAAATT,0
GACCGAATATCCCATT,0
GACCGAATTATTAATC,0
GACCGACCAGTGACAC,0
GACCGAGCCGGTTCTA,0
GACCGATCTAAAGGTG,0
GACCGATGAGTCTTCC,0
GACCGATTACTGAAAT,0
GACCGCAAACGCTAAT,0
GACCGCAAAGTGAACA,0
GACCGCCACACCATGA,0
GACCGCCTCATGAATA,0
GACCGCTATAGATTTC,0
GACCGCTCATGGGAAC,0
GACCGCTCCCAGATGT,0
GACCGCTTGTTACGGC,0
GACCGGCACCAGTTGC,0
GACCGGGGAACACAAA,0
GACCGGTATTATATCC,0
GACCGTAACTGAAGGT,0
GACCGTACTTAACACA,0
GACCGTATCTTTCAAA,0
GACCGTCAATCCAATA,0
GACCGTCTAATTGCGA,0
GACCGTCTCCCAGACT,0
GACCTAAACGGCATTG,0
GACCTAAAGCCTAAAA,0
GACCTAAAGTGGCGTT,0
GACCTAAATAACTATG,0
GACCTAACTGAGATCC,0
GACCTAAGACAACTCA,0
GACCTAAGATACCATA,0
GACCTAAGATGAGATT,0
GACCTAAGGAAGATTT,0
GACCTACAGATAGAAC,0
GACCTACGAAAACGAT,0
GACCTACGATCTAGCA,0
GACCTACTGAAAGGTG,0
GACCTACTTACCGAAT,0
GACCTAGACTCAGTTC,0
GACCTAGATCGAGCTG,0
GACCTAGCGAGTAGCT,0
GACCTATGCCCAAGAA,0
GACCTATTCTTCCGCC,0
GACCTCAAATACTCAG,0
GACCTCAAATGTACCC,0
GACCTCATATATCACA,0
GACCTCATCGTTTAAT,0
GACCTCCAAACCTTTG,0
GACCTCCGACAATGTT,0
GACCTCGATAATAACA,0
GACCTCGGTCGATAAC,0
GACCTCTTAACTAGTA,0
GACCTGAATGCATCTG,0
GACCTGAGTAAGCGAT,0
GACCTGCAGAGAATCC,0
GACCTGCCATGGATAC,0
GACCTGCCTAACCACA,0
GACCTGGACAGTCCCG,0
GACCTGGCAAAAGGGA,0
GACCTTAAACCACAAC,0
GACCTTAACCACCGAG,0
GACCTTACGGTGACAT,0
GACCTTACTGACAGCA,0
GACCTTAGCCATTTCC,0
GACCTTCCAAAATGAG,0
GACCTTCTACCAGAAG,0
GACCTTGAGCATACAG,0
GACCTTGCATGGTCAC,0
GACCTTTAAACCATCA,0
GACGAAAAATAAGAGA,0
GACGAAAAGTATTACC,0
GACGAAAATGGAACTC,0
GACGAAACAGCTAACA,0
GACGAAACATAAGCAC,0
GACGAAAGTACCGTAT,0
GACGAAATATAAAAAA,0
GACGAACAATAATACG,0
GACGAAGAAAGGAGAT,0
GACGAAGATATTATAG,0
GACGAAGCACAGATGG,0
GACGAAGCCCCTATGT,0
GACGAAGCTGGCCTAG,0
GACGAAGGGAAGTCTA,0
GACGAATACCATGGAC,0
GACGAATATCCCTTAT,0
GACGAATGAATTTAAG,0
GACGAATGTTTAAAGT,0
GACGACAATAATACGT,0
GACGACATAATCTTTA,0
GACGACATCATAGTAA,0
GACGACATCCGTGTAC,0
GACGACATCGGTAATC,0
GACGACCATCTCGGTA,0
GACGACCATTCTAATA,0
GACGACCTGACATGAA,0
GACGACCTTACGAACC,0
GACGACGAATGGGATT,0
GACGACGCCCAAAGCC,0
GACGACTACCAGTAAA,0
GACGACTACTGATCTA,0
GACGAGAAAAAATTAA,0
GACGAGAAGCACGTCT,0
GACGAGAATCATATTC,0
GACGAGACACCCTATC,0
GACGAGACATAAAACG,0
GACGAGAGAATACGAA,0
GACGAGCCCAACCGCA,0
GACGAGCCCGTACACT,0
GACGAGGCAACTCGTA,0
GACGAGTACGCTCAAT,0
GACGAGTCGTACCGAA,0
GACGAGTTAAACCTTT,0
GACGATAACGAACCGA,0
GACGATACGTAGACCA,0
GACGATATATGATTCA,0
GACGATCGTTGCAAGA,0
GACGATCTTCGTCGAC,0
GACGATCTTGAGAGTA,0
GACGATGATCCCAAGC,0
GACGATGGGTCGACGA,0
GACGATGTCTAAGGCG,0
GACGATTAAAAGTAAT,0
GACGATTACTCGAGAA,0
GACGATTAGGTCAACA,0
GACGATTCCACTCGGA,0
GACGATTTGCACTGAA,0
GACGCAAACATACGAA,0
GACGCAACAATAATGT,0
GACGCAATCAAAACAT,0
GACGCACAAACCGTGC,0
GACGCACGGTTTGACG,0
GACGCACTGACTTGAT,0
GACGCAGAGACTAACT,0
GACGCATATGAGTCTG,0
GACGCATGTCCCTCAT,0
GACGCATTTCTAATTA,0
GACGCCAAGAAATCTA,0
GACGCCACACAAAGAA,0
GACGCCATAAACCAGT,0
GACGCCATCCGGCACG,0
GACGCCGATATCTCCA,0
GACGCCTACCCAAGCA,0
GACGCCTCACTATGCG,0
GACGCCTTAATGAGGC,0
GACGCGAACTAGATGC,0
GACGCGACAGGTATAT,0
GACGCGAGAATTTGTA,0
GACGCGAGTTTTTCCT,0
GACGCGATCAAAGTCT,0
GACGCGCTTAGTCAGA,0
GACGCGGCGGGAGAGA,0
GACGCGTAAATTCGTA,0
GACGCGTCAACGGTAA,0
GACGCGTGACATTACA,0
GACGCTAATAACTCTA,0
GACGCTAGTAATTTAG,0
GACGCTATACTTAACT,0
GACGCTGTAGTACAAA,0
GACGCTTAGTACACAA,0
GACGCTTGACGCGACC,0
GACGCTTGACGGACTT,0
GACGGAAAAAATTGAA,0
GACGGAAAACGGCTAA,0
GACGGAAATAACCAAT,0
GACGGAAATTTCAACA,0
GACGGAACATGACAAC,0
GACGGACCTACATAAG,0
GACGGACTTTGTTCTA,0
GACGGATACAAAACAT,0
GACGGATATCACACGG,0
GACGGATCGTAATTAT,0
GACGGATTAATTCGGA,0
GACGGCATAGGGACGT,0
GACGGCCAAATCAATA,0
GACGGCCTCGTATCAT,0
GACGGCGTTATAACTA,0
GACGGGCCTAGGCGCA,0
GACGGGTAAAACTAAT,0
GACGGGTACATAACAT,0
GACGGTAGATAACATT,0
GACGGTATACCAATAT,0
GACGGTCGCGATGTCA,0
GACGGTGAAACAGACA,0
GACGGTTAAGATAAAA,0
GACGTAAGATTTAATA,0
GACGTACAAGTAACGA,0
GACGTACCCGCTGATT,0
GACGTACTCAAACGAA,0
GACGTACTGAAAACAA,0
GACGTAGCAAGCCTTG,0
GACGTATAATACAATA,0
GACGTATGATTCTGAC,0
GACGTCAAAGTTAACA,0
GACGTCACCCAATGTA,0
GACGTCCCATAAGAAC,0
GACGTCCGGAAAAAGG,0
GACGTCCTCAATGCCA,0
GACGTCGAACCAAATA,0
GACGTCTATGATACCA,0
GACGTCTGTGTGCAAA,0
GACGTGAAATGAGATC,0
GACGTGAATAAAGGAA,0
GACGTGAATTGAAATC,0
GACGTGACCCTTCCAT,0
GACGTGACGAGTCATC,0
GACGTGATAATTAAGA,0
GACGTGGCTGACTGCA,0
GACGTGGTTATATGAA,0
GACGTTAGTTCACCCA,0
GACGTTATAAAACGCA,0
GACGTTATACTGACTA,0
GACGTTATCAATAAGA,0
GACGTTGAATAACAAT,0
GACGTTGACTCGAACC,0
GACGTTTAACTACGAT,0
GACGTTTCACGGGCAA,0
GACTAAAATAATCTAC,0
GACTAAAATCGGTTTC,0
GACTAAACATGCAACC,0
GACTAAAGATAACCAA,0
GACTAAATATCTGCCT,0
GACTAAATCACCACAT,0
GACTAAATGTCATAAG,0
GACTAACAACTCGGCA,0
GACTAACCCCACGAAC,0
GACTAACGAAAAAATG,0
GACTAACGCGCATAGA,0
GACTAACGGATACAGA,0
GACTAAGAGGCCAGAG,0
GACTAAGCAAAAGAAA,0
GACTAAGCCAGGTGTT,0
GACTAAGCGCCTTTAG,0
GACTAAGGCAGCCTTG,0
GACTAAGGTAAGGGCC,0
GACTAATAAAACCAAA,0
GACTAATAAGGAATAT,0
GACTAATCCGATCATA,0
GACTAATCGGATTTAT,0
GACTAATCTATTCATG,0
GACTAATCTCCCACAG,0
GACTAATGATGAACGA,0
GACTAATGCACCCTGT,0
GACTAATGTAGTGAAA,0
GACTAATTCACGTACT,0
GACTAATTGCATTTCA,0
GACTAATTTAGATATC,0
GACTAATTTGTACGAG,0
GACTACAAATTAAAAT,0
GACTACACATACGAGC,0
GACTACACCATATCAC,0
GACTACATAATCTACT,0
GACTACATCAAAGGTT,0
GACTACCAGCAACACA,0
GACTACCCACTAAGAA,0
GACTACCCCGAAATTT,0
GACTACGTGCAAATTA,0
GACTACTACTTTGATA,0
GACTACTCTTCACGTT,0
GACTACTTCTAGGCCA,0
GACTAGACGACCACTA,0
GACTAGACTTGAGTTA,0
GACTAGAGACAAGATT,0
GACTAGAGCAGGGGTC,0
GACTAGCACATCATCG,0
GACTAGCATATTTCAC,0
GACTAGCTAACGTTTA,0
GACTAGCTAGCACGAC,0
GACTAGCTCAAATGAT,0
GACTAGGATCTCTTCA,0
GACTAGGTTCTCAACT,0
GACTAGTGAACTTTAG,0
GACTATAACCACAGGT,0
GACTATAACTCGAACA,0
GACTATAGTATCCCAA,0
GACTATATCAACTCCA,0
GACTATCAGTACTATG,0
GACTATCTGGGGCCTG,0
GACTATGAATCTGGGA,0
GACTATGGCCTAAACA,0
GACTATGGCCTCATAA,0
GACTATTACAAGTACT,0
GACTATTCATCCAATA,0
GACTATTCCATCACCA,0
GACTATTTCAACCAGC,0
GACTATTTGTCATAAA,0
GACTCAAAACAAAGCC,0
GACTCAAAGGAGTACG,0
GACTCAATATGGGTGA,0
GACTCACAAGGGAGAG,0
GACTCACGTATCAATC,0
GACTCAGATATGATTT,0
GACTCAGCGTACTTCT,0
GACTCAGCTGTACCAT,0
GACTCAGTACGTATCA,0
GACTCATATCTCCAAG,0
GACTCATGAATTCCTA,0
GACTCATGATAAATCG,0
GACTCATGTATTTACT,0
GACTCATTGAAGACCG,0
GACTCATTTAGTAACA,0
GACTCATTTTATAGAT,0
GACTCCAATAAACCCG,0
GACTCCACAGGTGCAT,0
GACTCCATTCGTGCAG,0
GACTCCGAATGACAAC,0
GACTCCGATGCTGGCA,0
GACTCCGGTCGAATGT,0
GACTCCTAACACGGGA,0
GACTCCTACCATATGT,0
GACTCCTATCGGACGA,0
GACTCCTTGCGCTTTC,0
GACTCGAAAACCCTTG,0
GACTCGAAAATTAGAC,0
GACTCGATCAACATTG,0
GACTCGATGAAAAAAC,0
GACTCGATTATCGTGT,0
GACTCGCCTCCCCAAT,0
GACTCGGACCCTCATA,0
GACTCGGCCAGTTAAT,0
GACTCGTCTTCCTCCC,0
GACTCTATATCTGTCG,0
GACTCTATGATACAAT,0
GACTCTATTTATACAA,0
GACTCTGAGACTGAGT,0
GACTCTGCAGTAATGC,0
GACTCTGGATATAGGA,0
GACTCTGTTCTTCACA,0
GACTCTTAATAAAATA,0
GACTCTTCAATCGTTC,0
GACTCTTCCACCAGGA,0
GACTCTTGCATAACCA,0
GACTCTTTATTATACA,0
GACTCTTTTTAGTATA,0
GACTGAAATGGCGCGC,0
GACTGAACTAAGGCAC,0
GACTGACATTCCAAAA,0
GACTGACCAAAAGACT,0
GACTGACGGTCAAGTT,0
GACTGAGAACAATTAC,0
GACTGAGAGAGACCAA,0
GACTGAGTATGGCGGA,0
GACTGATTTTGAATAA,0
GACTGCAAAAGCGCAG,0
GACTGCAAGCTTAAGA,0
GACTGCACATACAGAA,0
GACTGCAGGAATTAAT,0
GACTGCCCAAACTGCA,0
GACTGCCGTAGGATAG,0
GACTGCGCTCCCATTG,0
GACTGCTAGCACGTAA,0
GACTGCTGTACGCTCT,0
GACTGGATGCGTAAGA,0
GACTGGCAAACCAAAG,0
GACTGGCCAAAACCCG,0
GACTGGGGTAGAATCC,0
GACTGGTAGCAACCGG,0
GACTGGTCAGCCGCGC,0
GACTGGTCCGTAAGAA,0
GACTGGTCTAATACTG,0
GACTGGTTTCAAAACT,0
GACTGTAAAATGACAC,0
GACTGTCAATAGAGAA,0
GACTGTGCCCTCGACA,0
GACTGTTATTTAAACG,0
GACTGTTTAAACTCAA,0
GACTGTTTCGCATGAA,0
GACTTAAAAACGTGAA,0
GACTTAAAACGCATTA,0
GACTTAAATCCATTAG,0
GACTTAAGTTCGCATC,0
GACTTACAGGCAATAA,0
GACTTACAGTCACCAT,0
GACTTACCGTCGACAT,0
GACTTACCTAACACTA,0
GACTTACTACCCCGGA,0
GACTTAGACGAATAAG,0
GACTTAGTTCCCCCGA,0
GACTTATATGGGTTAC,0
GACTTATCATTCATCT,0
GACTTATGAATAGATC,0
GACTTATTCTGCCGGA,0
GACTTATTGCATTGTT,0
GACTTATTGTAATTAG,0
GACTTATTTAGTCGGC,0
GACTTCACACTTTCAA,0
GACTTCACCAAAAAAT,0
GACTTCACTAATGACA,0
GACTTCCATGCTCTAC,0
GACTTCCCTCTCTACT,0
GACTTCGAGGTGTGAT,0
GACTTCGTACTAAAAA,0
GACTTCTATAGTAGAG,0
GACTTCTGCCAGCCGG,0
GACTTCTGCGCAAGAA,0
GACTTCTTAACGCGAA,0
GACTTGAAGGGTCCGG,0
GACTTGACGGAGGTAT,0
GACTTGCTTTCGGCGT,0
GACTTGTAAACCAGTT,0
GACTTGTTCGGGGGAA,0
GACTTTAAAAACAATA,0
GACTTTAAATAAGAAA,0
GACTTTACTGAATAAC,0
GACTTTAGAAGTCAAT,0
GACTTTATGCTTGGGT,0
GACTTTCCTAAAATAG,0
GACTTTGAACAAGTCT,0
GACTTTGAATGAGAGT,0
GACTTTGAGACTACCA,0
GACTTTGTGCAAACTG,0
GACTTTTCTACATAAA,0
GAGAAAAACAAAATTA,0
GAGAAAAAGAGAAAAA,0
GAGAAAAATAACTGCA,0
GAGAAAAATACACTCT,0
GAGAAAAATGACGCCG,0
GAGAAAACACAGAAAT,0
GAGAAAACACCCAATA,0
GAGAAAACATCCTCGA,0
GAGAAAACTCAGGCTA,0
GAGAAAACTGTGGGTA,0
GAGAAAAGGGACAAGG,0
GAGAAAAGTGCCTCAC,0
GAGAAAATAAAAACTC,0
GAGAAAATAAACCTAA,0
GAGAAAATACCCCTCC,0
GAGAAAATAGGATAAC,0
GAGAAAATCTCATACT,0
GAGAAAATGACAGGAC,0
GAGAAACAAACGAATA,0
GAGAAACAACGTCATT,0
GAGAAACATCCAAACT,0
GAGAAACATGAAAGAC,0
GAGAAACCGCCACAGA,0
GAGAAACGCTGAATAT,0
GAGAAACTGTGTGTCC,0
GAGAAAGAAGCCTAAA,0
GAGAAAGAATAAACCC,0
GAGAAAGATGAAAAAA,0
GAGAAAGCTTGGACAT,0
GAGAAAGGAACATCCT,0
GAGAAAGGCTATAATC,0
GAGAAAGTAATAGTAA,0
GAGAAATAACCTCCAC,0
GAGAAATAATTAGGGA,0
GAGAAATACCAAAAGA,0
GAGAAATATAAACAGT,0
GAGAAATATAAAGATT,0
GAGAAATCTCTCTAAG,0
GAGAAATTCACACTTT,0
GAGAAATTGAGCCCTA,0
GAGAAATTGCTGCCCT,0
GAGAACAAACGGATAG,0
GAGAACAACCAGGTAC,0
GAGAACAAGTGTCGAT,0
GAGAACAATTAAAGCA,0
GAGAACATCTAAGTCC,0
GAGAACATCTAGGAAG,0
GAGAACATGTTGACAG,0
GAGAACATTTTAACTT,0
GAGAACCAAGACTACA,0
GAGAACCAAGAGATAG,0
GAGAACCACTGACGTC,0
GAGAACCAGGAAACGA,0
GAGAACCCAGACCTCC,0
GAGAACCGGTATCAAA,0
GAGAACCTATACGGTA,0
GAGAACCTGATAATCA,0
GAGAACCTTAAAAATT,0
GAGAACGAACACTAGG,0
GAGAACGACATCACTG,0
GAGAACGACGGACCCT,0
GAGAACGGTTATTCTA,0
GAGAACTACCGAAATT,0
GAGAACTTAACCGACC,0
GAGAACTTAAGGCAAA,0
GAGAACTTTTACACTA,0
GAGAAGACTAGCAAAT,0
GAGAAGAGAAAACAAG,0
GAGAAGAGCGATTGAT,0
GAGAAGCAATAATAAA,0
GAGAAGCGTAAGGCCA,0
GAGAAGCTCACGATAT,0
GAGAAGCTGCGCTAAC,0
GAGAAGGGTTTCGGCA,0
GAGAAGTCAACGGTAA,0
GAGAAGTCAGTAAACC,0
GAGAAGTGATATTAAG,0
GAGAATAACTAATGAA,0
GAGAATAAGGAGTCCT,0
GAGAATAAGTGAGGAT,0
GAGAATAATCCTCTAA,0
GAGAATAATCGAGGGT,0
GAGAATAATGCGAAAG,0
GAGAATAGTGCTCATC,0
GAGAATATGATCGATC,0
GAGAATCAAAAAACAA,0
GAGAATCACCATAAAG,0
GAGAATCATGAAGAGG,0
GAGAATCCATCACGAT,0
GAGAATCGATTAAAAA,0
GAGAATCGGGATTTGA,0
GAGAATCGTCTTGGAA,0
GAGAATCTTAAGATAC,0
GAGAATCTTTACTTTG,0
GAGAATGAGGGATTAT,0
GAGAATGCATTCCGCC,0
GAGAATGGACCAACTT,0
GAGAATTATTCCAAAA,0
GAGAATTTAAACAACG,0
GAGAATTTACTGCTGC,0
GAGACAAAACTACGGG,0
GAGACAACAGTATGAA,0
GAGACAATATATATAA,0
GAGACAATATCATCTC,0
GAGACAATGACCAAAA,0
GAGACACAAATATTGA,0
GAGACACAACAATAAA,0
GAGACACCTGTCCGAG,0
GAGACACTGCACTATC,0
GAGACACTTAATCACA,0
GAGACAGAATCCACTC,0
GAGACAGAGATGGAGG,0
GAGACATAGATCACAG,0
GAGACATAGGTTGCAT,0
GAGACATGGAGTACCT,0
GAGACATTAAACCAAG,0
GAGACATTGCGGAACA,0
GAGACCAACTTTAGGG,0
GAGACCAATTAGACCA,0
GAGACCACCTCAAATG,0
GAGACCACTTGAAAGA,0
GAGACCATAACACAGG,0
GAGACCATCCTAAAAT,0
GAGACCCACGCACTAG,0
GAGACCCAGCTCGAAA,0
GAGACCGAATCATTAT,0
GAGACCGACACAGAAA,0
GAGACCGAGATATTAC,0
GAGACCGAGTCTAAAC,0
GAGACCGGTTCGCAAC,0
GAGACCTCCACCACTC,0
GAGACCTTAAGTGAGA,0
GAGACGAAATAGGAGC,0
GAGACGATTCGTTCTA,0
GAGACGCAACCAAAGC,0
GAGACGTAAACACGAC,0
GAGACGTATGATCAAG,0
GAGACGTCGAAGCACA,0
GAGACTATAAGTATAA,0
GAGACTCGAAAACGAA,0
GAGACTGAAAAAATGC,0
GAGACTGGAGTAGCTA,0
GAGACTTAGATAAACA,0
GAGACTTTATACTAAC,0
GAGAGAAACTAGTCGA,0
GAGAGAACAGGAAATA,0
GAGAGAACGGCCTATT,0
GAGAGAACGTGTCAAA,0
GAGAGAACTAACACGA,0
GAGAGAAGTCTAAGCA,0
GAGAGAATCAAGGACG,0
GAGAGAATTAAAATCA,0
GAGAGACCAATCATTC,0
GAGAGACCATGGCCTT,0
GAGAGACCGTGTTCTT,0
GAGAGACTCGTAACCC,0
GAGAGAGAGACGTATA,0
GAGAGAGGCATGAACA,0
GAGAGAGGTGCATATA,0
GAGAGATACTCGATTA,0
GAGAGATATACAAAGC,0
GAGAGATTCCCGATAC,0
GAGAGCAAACGACTAA,0
GAGAGCCTATCAACAA,0
GAGAGCCTTAGCAACA,0
GAGAGCGAAATCCCGG,0
GAGAGCGCTATAAGGT,0
GAGAGCTCCTCCGCCA,0
GAGAGCTTTTCTAGTG,0
GAGAGGATCTGATCAC,0
GAGAGGCCAAATAAGG,0
GAGAGGCTTATAGGTA,0
GAGAGTAACAACATAC,0
GAGAGTAACTGCACCA,0
GAGAGTAAGCTTCAAA,0
GAGAGTACGGATGAAC,0
GAGAGTACTAAATGTT,0
GAGAGTCCGATCGACC,0
GAGAGTCTGTCAAAAT,0
GAGAGTGGGATGTCAT,0
GAGAGTTAAGTAACAC,0
GAGAGTTAGTGTTTAT,0
GAGAGTTTCAAAGCTC,0
GAGATAAACAAGAGAA,0
GAGATAACCAATCGGA,0
GAGATAACGTACACGG,0
GAGATAACTAAAAACA,0
GAGATAACTCCATGGT,0
GAGATAAGGCTCACTC,0
GAGATAATAATCAAGT,0
GAGATAATATGAGCCA,0
GAGATAATCTCGACCA,0
GAGATACACCGGGGTA,0
GAGATACATTACCAAG,0
GAGATACGAAAGGGGT,0
GAGATACTATCCCCAA,0
GAGATACTCCTTACCC,0
GAGATACTTATACACA,0
GAGATAGATTGTCATA,0
GAGATATAAATACTCG,0
GAGATATATCGAATTA,0
GAGATATCCAAACTCG,0
GAGATCAAAAAGTCTA,0
GAGATCAACGAATCCA,0
GAGATCACTAAGTGCC,0
GAGATCAGATAATGAG,0
GAGATCATTGAGACCG,0
GAGATCCCCATTTTAC,0
GAGATCCGCCGATTGT,0
GAGATCCGGTCTATGT,0
GAGATCCGTCTTAGTC,0
GAGATCCTGGCAGGTT,0
GAGATCGATAGGACTG,0
GAGATCGCCTGATTGC,0
GAGATCGGTCTGACAG,0
GAGATCTATACATAAA,0
GAGATCTCGCTGAAGA,0
GAGATCTCTAATTCTA,0
GAGATGACTTGAATTT,0
GAGATGCAAATTCTAT,0
GAGATGCCCACTAATG,0
GAGATGCTCTCTAAGT,0
GAGATGCTTATAATAC,0
GAGATGTCAGCACAAC,0
GAGATGTTCACACAGA,0
GAGATGTTTAGGTGGA,0
GAGATTAAACGGTATA,0
GAGATTAGCAAACAAC,0
GAGATTATTAACGAAT,0
GAGATTATTACAACGT,0
GAGATTCAACGAAGTG,0
GAGATTCACTTGTACT,0
GAGATTCCTGGGTACA,0
GAGATTCTATCTTCGA,0
GAGATTCTTCGGTCTG,0
GAGATTGACGGACCAA,0
GAGATTGCAACCACAG,0
GAGATTTGTCTCGAGC,0
GAGCAAAAAGACCTTA,0
GAGCAAAACTATCAAG,0
GAGCAAAATCTCCCCA,0
GAGCAAAATGACGTGG,0
GAGCAAACCAGATATT,0
GAGCAAACGGAATTCC,0
GAGCAAACGGTGAAAA,0
GAGCAAAGAGCAGGAA,0
GAGCAAAGCAATTTAA,0
GAGCAAAGTTTGATCA,0
GAGCAACTTAACAGGA,0
GAGCAAGACATAACTG,0
GAGCAAGATCAGGAAA,0
GAGCAATACGTCAATA,0
GAGCAATCTTACCGGG,0
GAGCACAATATAGATA,0
GAGCACACCTTATGCA,0
GAGCACATTACCTTAA,0
GAGCACCAAGGGACAT,0
GAGCACCAGAGGCAGT,0
GAGCACCATACGCACT,0
GAGCACGACTAAGAAC,0
GAGCACGCGTGCACTG,0
GAGCACGGTCGTAAAT,0
GAGCAGAGAAGCCGCA,0
GAGCAGCAAATAATTA,0
GAGCAGGCTTTCTTTA,0
GAGCAGGGCTACAACA,0
GAGCATAACTATATTC,0
GAGCATAAGAGACTCG,0
GAGCATATATACTAAC,0
GAGCATCAACTAAACA,0
GAGCATCATCAAACCC,0
GAGCATGCGTATTTGA,0
GAGCATGTACATCATG,0
GAGCATTCTCGCGAGT,0
GAGCCAAAAATCGCAG,0
GAGCCAAACTGTGTTA,0
GAGCCAACAGACCCAA,0
GAGCCAACCCACAGGG,0
GAGCCAAGAAATCACA,0
GAGCCAATAAAACATT,0
GAGCCACAACCACTTT,0
GAGCCACACAATAAAA,0
GAGCCACTCTACGCAC,0
GAGCCAGATTCGATTT,0
GAGCCAGCCGAGTACG,0
GAGCCATAGTGGAAGG,0
GAGCCATCAAAAGGAA,0
GAGCCATCACACGTAA,0
GAGCCATCCTGAAATG,0
GAGCCATTCCTACCAA,0
GAGCCCAACGAGCAGA,0
GAGCCCACCAGATCTT,0
GAGCCCACTATAACAA,0
GAGCCCACTGTCCAAA,0
GAGCCCAGATCATACG,0
GAGCCCATCCTACGAA,0
GAGCCCATTTAGTCCC,0
GAGCCCATTTTCCAAT,0
GAGCCCCCCATAATAA,0
GAGCCCCGATTGTGGC,0
GAGCCCCGGGAGACAC,0
GAGCCCCGGTAGTGTC,0
GAGCCCTGAAGTGCCA,0
GAGCCGAAAATACGGA,0
GAGCCGAATGGTCCCT,0
GAGCCGATACAAGCAA,0
GAGCCGCAGTTTATAC,0
GAGCCGTTCGAAGAAT,0
GAGCCGTTTTGGAGAA,0
GAGCCTACATACTAAG,0
GAGCCTCTAGGCGGGA,0
GAGCCTGAAGCGTGTT,0
GAGCCTGAGTTCACTC,0
GAGCCTGCTAGGGACG,0
GAGCCTGGAAACATAT,0
GAGCCTGTGCTAACTT,0
GAGCGAAAAAATAATC,0
GAGCGAAAAACATTGC,0
GAGCGAAGTGAAGATA,0
GAGCGAATGTGAACCA,0
GAGCGACGAGAACCCC,0
GAGCGATGGCTCCTAC,0
GAGCGATTCTAGAAAT,0
GAGCGCACTCTATTCA,0
GAGCGCAGAAATCAAC,0
GAGCGCATATATTTGT,0
GAGCGCCAAGACATGA,0
GAGCGCCACCACAAAC,0
GAGCGCCCAGACACCC,0
GAGCGCCCCACGTAAA,0
GAGCGCGAATCGAATG,0
GAGCGCGAATTTAAAG,0
GAGCGCTACAGAAAGG,0
GAGCGCTTATCAACCA,0
GAGCGCTTATCAAGGA,0
GAGCGCTTTACAAACA,0
GAGCGCTTTCGAACTA,0
GAGCGGAAAAAAAGTA,0
GAGCGGATGCTAATAA,0
GAGCGGCACCGCCAAA,0
GAGCGGCCCTTCATTG,0
GAGCGGCCTCAAAACC,0
GAGCGGCGTTAATTGA,0
GAGCGGGTTAACGCGA,0
GAGCGTAAACATGTCA,0
GAGCGTACGAGCTTTA,0
GAGCGTATAATAAACT,0
GAGCGTATGCATGAGC,0
GAGCGTGATCTAGAAA,0
GAGCGTTATGAACCAG,0
GAGCGTTCAACCATTA,0
GAGCGTTGAAAATATA,0
GAGCTAAAACAGCTTC,0
GAGCTAAACAAGCATG,0
GAGCTACCAACTAACC,0
GAGCTACCACGAGCTT,0
GAGCTACCGTTGGCAT,0
GAGCTACTACACTGAT,0
GAGCTATATTAAAGAC,0
GAGCTCAAAACCTTTT,0
GAGCTCAAAAGCAACT,0
GAGCTCAAGCAGAACT,0
GAGCTCACATATTGTT,0
GAGCTCACTGCTTAGA,0
GAGCTCATAATACCAT,0
GAGCTCCATTTGAACT,0
GAGCTCTCCAAGATAA,0
GAGCTCTCTAACAGGG,0
GAGCTCTCTATCAGCT,0
GAGCTCTGGACCCAAG,0
GAGCTGAAATAACATT,0
GAGCTGAAGCAGGATT,0
GAGCTGAATTAGTCTA,0
GAGCTGGATTAGCATC,0
GAGCTGTTACGTAGAG,0
GAGCTTACGTACACTG,0
GAGCTTACTAGATGCC,0
GAGCTTATTGATCGCA,0
GAGCTTCACAACGCAT,0
GAGCTTCCAACATAAT,0
GAGCTTCGAAAATATA,0
GAGCTTCTGAGTCGGA,0
GAGCTTGAATACGAGG,0
GAGCTTGTCTGGCAGT,0
GAGCTTTTGAGCTATA,0
GAGGAAAGATCGGTAC,0
GAGGAAATCTACGCGA,0
GAGGAAATTCGTAGTT,0
GAGGAACCATGAAGTA,0
GAGGAACCCTCGGTTT,0
GAGGAACCGGAGTCAA,0
GAGGAACTATTGGCAG,0
GAGGAAGACAATCAAA,0
GAGGAAGCCAGCGTAA,0
GAGGAAGGCTAAGAAA,0
GAGGAAGTATAACTCT,0
GAGGAATTCAAACAAT,0
GAGGAATTCCAATGAA,0
GAGGAATTTGGTCGCA,0
GAGGACAAACTTATAC,0
GAGGACAAATCCATCT,0
GAGGACAAGTCGCAGT,0
GAGGACACAAATACTG,0
GAGGACACGAAGCCAG,0
GAGGACCACAAAACAC,0
GAGGACCCAAGGGTGA,0
GAGGACCCAGCGCCCT,0
GAGGACCTACCGACTA,0
GAGGACCTTTCTAACC,0
GAGGACTATCTGCCTG,0
GAGGACTCAGTAACTT,0
GAGGACTGAGGTAGCA,0
GAGGAGAAGCCCAAAT,0
GAGGAGAATGAAAGAT,0
GAGGAGACTATGATAT,0
GAGGAGATCAGAGACA,0
GAGGAGATTAAAATCT,0
GAGGAGCGTTGTATGC,0
GAGGATAGAGTTCTTT,0
GAGGATAGTCCCTGTG,0
GAGGATCAATCGAACG,0
GAGGATCCAAATTCGC,0
GAGGATGATTCCCCCT,0
GAGGATGCATCAAAAT,0
GAGGATGCCCTCTCGA,0
GAGGATTCATTATTTC,0
GAGGATTTAACACTGA,0
GAGGCAAACACCTGAG,0
GAGGCAAATCAGTTCA,0
GAGGCAACATGAAGTA,0
GAGGCAACTTAAGTCT,0
GAGGCAATCAAACATA,0
GAGGCACAATATGTAA,0
GAGGCACTCGTTACCC,0
GAGGCAGACAGGCTTA,0
GAGGCATACTGGTGGG,0
GAGGCATCGCCTTGTC,0
GAGGCCAAACCTAACG,0
GAGGCCCAAAGGCGAA,0
GAGGCCGCAGACAGAT,0
GAGGCCGCATTCACCC,0
GAGGCCGGACGTTGTG,0
GAGGCCTCTGGAACCC,0
GAGGCCTTATGTTACA,0
GAGGCCTTTAGAGCGA,0
GAGGCGAATTAATGAA,0
GAGGCGACAAAAACTG,0
GAGGCGCAGTTACAAA,0
GAGGCTAACGTAAATA,0
GAGGCTAGCTCGCGGT,0
GAGGCTGTACTCAATT,0
GAGGCTGTAGATATAA,0
GAGGCTTAAAAATATC,0
GAGGCTTAGCCTCACT,0
GAGGCTTTGTACATCA,0
GAGGGAACCTATGAAC,0
GAGGGAACGATCAAAT,0
GAGGGAATAGTTCAAG,0
GAGGGACGCCCGTACG,0
GAGGGATACATCAATG,0
GAGGGATCTAAAGTGT,0
GAGGGCACAGAAAACA,0
GAGGGCACCAAGAAAC,0
GAGGGCCTACATCTGA,0
GAGGGGAAAATACGCG,0
GAGGGGAACGGAAAGT,0
GAGGGGAATATTAATG,0
GAGGGGCAAAGACCAC,0
GAGGGGTCGTATGTCA,0
GAGGGTAAACCGTTAA,0
GAGGGTAAGCTGGCAA,0
GAGGGTATAAGCTTAT,0
GAGGGTATAGTCATGG,0
GAGGGTATGCAGCACG,0
GAGGGTCAAAATATGT,0
GAGGGTCCCGAGTAGG,0
GAGGGTCGCGAAAATC,0
GAGGGTTGGAACGCAA,0
GAGGTAAACAGACCCC,0
GAGGTAACTCCAGCAA,0
GAGGTAATTGTATAAA,0
GAGGTACAAAAGGGAT,0
GAGGTACACAACGAAA,0
GAGGTACTGTCACGCC,0
GAGGTAGATAAGCCTT,0
GAGGTATCTAAATTTC,0
GAGGTCAAAACTGGAT,0
GAGGTCAGGATTTGTT,0
GAGGTCGGGACTCTGT,0
GAGGTCGTTGAGATAG,0
GAGGTCTTTTTTCAGC,0
GAGGTGAAGAATAGAA,0
GAGGTGGCGGCTCTAC,0
GAGGTGGGTACCTTAC,0
GAGGTTAAGATCAAGA,0
GAGGTTGGCACAACGG,0
GAGGTTGTTATGAGAG,0
GAGGTTTCACTCTCCT,0
GAGTAAAAAAGAGGAG,0
GAGTAAAATCTTTAAC,0
GAGTAAAGACCGAATA,0
GAGTAAATAAGCCTTA,0
GAGTAAATCCAATGAC,0
GAGTAAATGCACATTA,0
GAGTAAATTCAACAAT,0
GAGTAACAAGGCGAAA,0
GAGTAACAGAGTCCTG,0
GAGTAAGAGAGTGCAT,0
GAGTAAGATTGTATAC,0
GAGTAAGCAAACACTT,0
GAGTAAGCACCATAGT,0
GAGTAAGCCCCCCTTT,0
GAGTAATAATAAACTG,0
GAGTAATACCTGATTT,0
GAGTAATCGCTTTTTC,0
GAGTAATTGAACAATA,0
GAGTAATTGAGACGCT,0
GAGTACAAAACGGAAA,0
GAGTACAGATTGTCAA,0
GAGTACAGTTACTACC,0
GAGTACCGCCAAGATT,0
GAGTACCGTTGCTTGA,0
GAGTACGAAGTCTATG,0
GAGTACGCTAAACTTG,0
GAGTACGTCTTGATAA,0
GAGTACTATTAGATAA,0
GAGTAGAAAAAATATG,0
GAGTAGACAAAAATGT,0
GAGTAGACGGAGCACT,0
GAGTAGAGTCTTAAAC,0
GAGTAGATCGACTATC,0
GAGTAGGGCCATCTAA,0
GAGTAGTGACATTTAT,0
GAGTATAACAACTAAA,0
GAGTATACCCGCAGTG,0
GAGTATAGTTCACAAC,0
GAGTATCAACAAACTA,0
GAGTATCAGAGGAATA,0
GAGTATCCGAAACAAC,0
GAGTATCCTCAAGGTA,0
GAGTATGACGGTTATG,0
GAGTATGAGATGAGCG,0
GAGTATGGGTTAAAAA,0
GAGTATTAACGAGCAA,0
GAGTATTACGATCGAC,0
GAGTATTATTCTCCAA,0
GAGTATTCACCTCGGG,0
GAGTATTTCTTAATTC,0
GAGTCAAATCACCAGG,0
GAGTCAACGCCCACCA,0
GAGTCAATCCCTTTAC,0
GAGTCAATGAACTTTC,0
GAGTCAATGCTCACCT,0
GAGTCACCTCTTAGTA,0
GAGTCACTAGCCATGG,0
GAGTCAGGATCTTGTG,0
GAGTCAGTGACTGTCA,0
GAGTCATTAACCAAGC,0
GAGTCATTACGGAATA,0
GAGTCATTCACATCAC,0
GAGTCCAAAAGCCACC,0
GAGTCCAATAATTACT,0
GAGTCCCGAAAATTGC,0
GAGTCCCGCAAGAGAT,0
GAGTCCCTGAAAACAT,0
GAGTCCGTTACATTAA,0
GAGTCCTCCGACCGAA,0
GAGTCCTTGACTAAAA,0
GAGTCCTTGGCAGGGA,0
GAGTCGCATCAGTGAT,0
GAGTCGTATCAGGATG,0
GAGTCGTATGAAAGGC,0
GAGTCTAAGTCTAGAT,0
GAGTCTACAATACCTT,0
GAGTCTACCGAGTGTC,0
GAGTCTACCTAAGGAC,0
GAGTCTACTACAGCCA,0
GAGTCTAGGATCCTCC,0
GAGTCTCGCGTAACAA,0
GAGTCTCGTGCTGCTC,0
GAGTCTGTCGGAACCA,0
GAGTCTTTACGGTATA,0
GAGTGAAAAACCTATA,0
GAGTGAATATGCCGCT,0
GAGTGACTAATTTGCT,0
GAGTGATATATAAAAG,0
GAGTGCAAACTGATTC,0
GAGTGCAGCATACCAG,0
GAGTGGCAACTACGTA,0
GAGTGGCATCGAGCGA,0
GAGTGGCATGTTAAAC,0
GAGTGGCCAACGATGA,0
GAGTGTAAAAACCCTG,0
GAGTGTCGACTATAGA,0
GAGTGTCGCTTTTTAA,0
GAGTGTGCTATTCATG,0
GAGTGTGGCACAACAA,0
GAGTTAAATAAGGATT,0
GAGTTAACCGTTAACT,0
GAGTTAATACACAAGG,0
GAGTTACAATACTCTT,0
GAGTTACGTGTGTATG,0
GAGTTAGAAACGATAA,0
GAGTTAGCGCAATCCA,0
GAGTTAGGTATCGTAA,0
GAGTTAGTCAAACCAG,0
GAGTTATGATAATAAC,0
GAGTTCAAGCGAAATA,0
GAGTTCATCTACCACA,0
GAGTTCCCATATTCAA,0
GAGTTCCCGTACTGGC,0
GAGTTCGATCGGTAAT,0
GAGTTCGCTGAAACCG,0
GAGTTCGGTAGCCAGC,0
GAGTTCTGTAGCAGCT,0
GAGTTCTTTCAATGTC,0
GAGTTGAAGCAATAAA,0
GAGTTGACCCAACAGC,0
GAGTTGACGTCCAAGG,0
GAGTTGATAGAAGATT,0
GAGTTGCTAAAACTTA,0
GAGTTGTAGGATAATA,0
GAGTTGTATACCCTAT,0
GAGTTGTCCCGGTTTC,0
GAGTTGTGTAGTTTAC,0
GAGTTGTTATTATAAT,0
GAGTTTAAGAAGAGAA,0
GAGTTTGAACAGGGAC,0
GAGTTTGAAGATCTCA,0
GAGTTTGTGATCCCAT,0
GAGTTTTCAAGATTCA,0
GAGTTTTCAATCCGAC,0
GAGTTTTTCGAAAAGT,0
GATAAAAAAATTATAC,0
GATAAAAAACATAAAA,0
GATAAAAACAAAGGAT,0
GATAAAAACAGATGCC,0
GATAAAAACTGGCTCT,0
GATAAAAAGATAGCGA,0
GATAAAACACCAAACA,0
GATAAAACCAAATACA,0
GATAAAACCAGTGAAG,0
GATAAAACCGGATATA,0
GATAAAACGTACCAAT,0
GATAAAACGTATCGAA,0
GATAAAAGTATAACAG,0
GATAAAATACTAATTG,0
GATAAAATATAGGAGC,0
GATAAAATTAAACAAC,0
GATAAAATTCTTAATA,0
GATAAACAAAGCCTAA,0
GATAAACATAAAGTAG,0
GATAAACCAAATTTAT,0
GATAAACCAGCTCGAG,0
GATAAACGACGTTATT,0
GATAAACGCTCTGCTA,0
GATAAACTAAAAGTCG,0
GATAAACTCCGATATG,0
GATAAAGAAATTATCC,0
GATAAAGACAAAGCCA,0
GATAAAGATAACACTG,0
GATAAAGCACCGCTAG,0
GATAAAGGTAGTTCTC,0
GATAAAGTAGCATGGT,0
GATAAAGTCACCGTAA,0
GATAAAGTCGTGCCTA,0
GATAAAGTTTTTTGGA,0
GATAAATAGAACAAAT,0
GATAAATCACATTATA,0
GATAAATCTTCCGAAC,0
GATAAATTCACGCACA,0
GATAAATTGATGCCGA,0
GATAACAAACTCAACA,0
GATAACAAATTTGCCT,0
GATAACAATAAAGTTC,0
GATAACAATAAGGTAA,0
GATAACACAATTGCAG,0
GATAACATAAACCTAC,0
GATAACCACAGCTGAA,0
GATAACCCAGCTCCCG,0
GATAACCCTAGAGACT,0
GATAACGACCCGAACC,0
GATAACGATTTTGAAA,0
GATAACGCTAGATTCT,0
GATAACGGACGGGCAA,0
GATAACGGGCAAATCG,0
GATAACGGTAAGAACA,0
GATAACGTAGCGACGA,0
GATAACGTGAATCGTA,0
GATAACTACAACCTTA,0
GATAACTATGCGGCAC,0
GATAACTCCGTAATCA,0
GATAACTCTTCATAAC,0
GATAACTGTCCATCGA,0
GATAACTGTGCCATGC,0
GATAACTTATGTGACC,0
GATAACTTTAAATCAT,0
GATAAGAACATTCATC,0
GATAAGACAAGCGGGG,0
GATAAGACATTGTAGT,0
GATAAGACCGAGCTTC,0
GATAAGACGTCTAGTC,0
GATAAGAGTCTTTAAC,0
GATAAGATGTATTATC,0
GATAAGCTATCGCAGA,0
GATAAGGTATATTAAC,0
GATAAGTAAAAAAAAC,0
GATAAGTAAGCCGAAT,0
GATAAGTCAGAATGAA,0
GATAAGTGCACGACAC,0
GATAAGTTCAAAGAAA,0
GATAAGTTTGCGTTCA,0
GATAATAAAACAAAAG,0
GATAATAATACTATAC,0
GATAATAATTAATCAA,0
GATAATACAACAAACA,0
GATAATACACTCGACC,0
GATAATACCAAGTGTA,0
GATAATAGCTAATACA,0
GATAATATATGAAAAA,0
GATAATATTTTAAGAT,0
GATAATCAATCAAAGG,0
GATAATCATTTATACA,0
GATAATCTAAGCGAAT,0
GATAATGAAAGTAGCT,0
GATAATGAGATCGAAT,0
GATAATTATAGATTAC,0
GATAATTATTACACTG,0
GATAATTCAACCGTAA,0
GATAATTGAGAAATGT,0
GATAATTTATATTTGT,0
GATAATTTCATTGAAA,0
GATAATTTTTAAAATA,0
GATACAAAAAAATAAG,0
GATACAAATTAAAATA,0
GATACAACTCTTTCCG,0
GATACAAGCTAGGGGA,0
GATACAAGTGCAACAT,0
GATACAATACTACTAA,0
GATACAATAGATGACA,0
GATACACAAAACATCT,0
GATACACACCCACCTA,0
GATACACACTCTAAAC,0
GATACACATGGCACGG,0
GATACACCCACCTTCG,0
GATACACTTTGATTAC,0
GATACAGAGGCTAATA,0
GATACATAGGCACAGC,0
GATACATCAAGTACCT,0
GATACATGCACAACAA,0
GATACATGTACCCTCG,0
GATACATTAGTCTATA,0
GATACCAACGAGAAGA,0
GATACCCAAATGATAG,0
GATACCCACAGAAGAG,0
GATACCCAGTAAACGG,0
GATACCCCACCCATAC,0
GATACCCCACTGAATA,0
GATACCCCATATCGCA,0
GATACCCGGAAGGACG,0
GATACCGAAATCAGAC,0
GATACCGATTATGCCA,0
GATACCTATATCCCCA,0
GATACCTATTAATAAC,0
GATACCTCCGGGACGT,0
GATACCTGCCATGCGC,0
GATACGAGAACAAACC,0
GATACGAGAATCTTGG,0
GATACGAGAATGACGC,0
GATACGATTGCGCAAG,0
GATACGCAAACCATAT,0
GATACGCAATCGTTCT,0
GATACGCTATGAGCTG,0
GATACGCTTGGCGTTC,0
GATACGGGGACTTACC,0
GATACGGTGCCGGCCT,0
GATACGTAAACAAAGA,0
GATACGTCTTAACGCT,0
GATACGTGAAGAATAT,0
GATACGTGACCTTCGA,0
GATACTAAATCACGGT,0
GATACTACTGATGCTT,0
GATACTAGGTACACGA,0
GATACTAGTGATCGTA,0
GATACTCAACCAGAAT,0
GATACTCAATATTTTC,0
GATACTCACTTATGTC,0
GATACTCCACCATCTA,0
GATACTCGTAAAATAC,0
GATACTCTCGAATTAA,0
GATACTGTATGATCAC,0
GATACTTCACTTTTGG,0
GATACTTGATACTCTA,0
GATACTTGGGAACTAA,0
GATACTTTTACATCTA,0
GATAGAAAACTCATAC,0
GATAGAAACCCTACAG,0
GATAGAAATCAAAGTT,0
GATAGAAATCTATGGG,0
GATAGAAGAACTATTA,0
GATAGAAGGCCTTGGA,0
GATAGAATAGATTTAA,0
GATAGAATGATACCAT,0
GATAGACACGTATAGA,0
GATAGACTGCAATGAT,0
GATAGAGAAATAGGCA,0
GATAGAGAAGCTAGGC,0
GATAGAGGACCCATAT,0
GATAGAGTAGTTTCAT,0
GATAGAGTGAAATTGT,0
GATAGAGTTATAAAGA,0
GATAGATACAGTTAGC,0
GATAGATCATCAAATC,0
GATAGATCTTAGACTT,0
GATAGATTGGTTTATT,0
GATAGCAAAACGAAAG,0
GATAGCAAATTTAGGA,0
GATAGCAATATTAGCA,0
GATAGCACATCAAAGG,0
GATAGCACTAGAAGAA,0
GATAGCATATTAATAC,0
GATAGCCAAAGTTTCG,0
GATAGCCAGGCAACTC,0
GATAGCCATGCAAACC,0
GATAGCCGATAAAAAA,0
GATAGCGCACGCAGAA,0
GATAGCTAAAAGACGT,0
GATAGCTAATAAAATA,0
GATAGCTATCTCAAAC,0
GATAGCTCCAAGACAC,0
GATAGCTGATACACTA,0
GATAGCTTAGAAAAGA,0
GATAGCTTGTAGGAGC,0
GATAGCTTTCTAGCGT,0
GATAGGAAAGTGAATA,0
GATAGGACGGACAACG,0
GATAGGCCGCATAAAA,0
GATAGGCCTCAATCTC,0
GATAGGCTATCTGTTA,0
GATAGGGTAAAACGGG,0
GATAGTAACTTCAGTC,0
GATAGTAAGACAGAGA,0
GATAGTAGCAGCTCAA,0
GATAGTGTCAGCGACC,0
GATAGTTACAGCTGAA,0
GATAGTTAGTATAGGG,0
GATAGTTCAAGAATCA,0
GATAGTTTAATATAAT,0
GATAGTTTACAAATCA,0
GATATAAAACTACAAC,0
GATATAAACCTCTTAC,0
GATATAAAGAGCATTC,0
GATATAAAGATCTATT,0
GATATAAAGCTATGAC,0
GATATAAATCTACACT,0
GATATAACATATATTA,0
GATATAAGTATAAGCC,0
GATATAATACATAAAT,0
GATATAATATAAGCCA,0
GATATAATGGTGTACA,0
GATATAATTTTCAGAC,0
GATATACACAATGGAA,0
GATATACATAATAAGA,0
GATATACCCAGTAAAG,0
GATATACGAGAGTGTA,0
GATATAGAGCCTCAAT,0
GATATAGATCTGGGTT,0
GATATAGCTTAAAAAC,0
GATATAGGTTTATGGC,0
GATATAGTCTATAAAC,0
GATATAGTGGTGTGTA,0
GATATAGTTGCAGTGA,0
GATATATAAAATCTGG,0
GATATATAAAATTTGC,0
GATATATAATAGCACT,0
GATATATAGCATTACG,0
GATATATCGGCCTCAA,0
GATATATGAAACTAGT,0
GATATATGACGGACCA,0
GATATATTGACATACT,0
GATATCAATGAAAGGG,0
GATATCACATAACACA,0
GATATCAGAAAAAAAT,0
GATATCATCACGAAAA,0
GATATCATGGCCACAA,0
GATATCGACGACAACA,0
GATATCGTATACGGAG,0
GATATCTAACTGCACC,0
GATATCTAATCTTATC,0
GATATCTCAAGGTACA,0
GATATCTCACGTCAAC,0
GATATGAAACATTATG,0
GATATGAAATACAGTT,0
GATATGAACATACAAA,0
GATATGAACCACTCCA,0
GATATGAAGTGAAGGA,0
GATATGACACAAACAC,0
GATATGACCAAAATAT,0
GATATGAGTCAAAAGA,0
GATATGATAAAGATTC,0
GATATGATAGAACCTT,0
GATATGCAAGTGAAGT,0
GATATGCGTTCGCCAA,0
GATATGCTAGCACTCA,0
GATATGCTAGTTGTTG,0
GATATGCTATAGAGGG,0
GATATGGCCGTTATGA,0
GATATGGGAAGTATAC,0
GATATGTACTTCATAT,0
GATATTAAAATTAAAC,0
GATATTAAGCCGTAAC,0
GATATTAATTAAGCGG,0
GATATTACCACCAACA,0
GATATTAGGACCTAGA,0
GATATTATGGTAGTGA,0
GATATTCCGACTCAAG,0
GATATTGACTTCTTAA,0
GATATTGCCGGAAATG,0
GATATTGGTCCCAATG,0
GATATTGTATTAAAAA,0
GATATTTATATATTTG,0
GATATTTGGGTACTGA,0
GATCAAAAAGCCATTA,0
GATCAAAAATAAAGTT,0
GATCAAAAATATAAAC,0
GATCAAAAGAGAATCG,0
GATCAAAAGATCTCTT,0
GATCAAACTCGCGGTA,0
GATCAAATAGGTTCTG,0
GATCAAATGTGCTTCT,0
GATCAACAACATACAG,0
GATCAACAATCTAAGG,0
GATCAACCCCCTATAC,0
GATCAACTGTCAAGGG,0
GATCAACTTCCTATCG,0
GATCAAGAACACTTCA,0
GATCAAGATAACAACG,0
GATCAAGCTAACCACT,0
GATCAATGACGTCAGA,0
GATCAATTGACTCTGT,0
GATCACAAGATCGCAA,0
GATCACACATGGAAAC,0
GATCACAGCTTTATTA,0
GATCACATAACAGGTG,0
GATCACATGTCCTATT,0
GATCACCAACTTAGCG,0
GATCACCATCCACCCA,0
GATCACCGATCCGGTG,0
GATCACCGGAAAAATT,0
GATCACGAACCCTCGC,0
GATCACGAATAAGCCT,0
GATCACGATACGTGAT,0
GATCACGCACGTAAAC,0
GATCACTACCAATCTT,0
GATCACTAGCTGAAAA,0
GATCACTGACCGGAAT,0
GATCAGACCCAAACTA,0
GATCAGATAATACGTT,0
GATCAGATACGATCAT,0
GATCAGCATAACAAAC,0
GATCAGCGAATAGCAC,0
GATCAGGAAATACCTT,0
GATCAGGAGTATATAG,0
GATCAGGCAATCCACC,0
GATCAGTAACGCAAAG,0
GATCAGTATCACTACC,0
GATCAGTATCATAATA,0
GATCAGTTAACAAAAT,0
GATCATAAAATCCCAC,0
GATCATAAGCTAAGCT,0
GATCATACCAATAAGT,0
GATCATAGAGAATCTC,0
GATCATATAGCGTTCT,0
GATCATATGACAATAA,0
GATCATCAAATTTTAT,0
GATCATCCACACATGA,0
GATCATCGCAAACTGC,0
GATCATCGGTCATCGA,0
GATCATGAAATTAAGC,0
GATCATGATCGACTCA,0
GATCATGCTACAACAA,0
GATCATGGTAACCCCA,0
GATCATTAAAAAAATT,0
GATCATTAAAGATTGG,0
GATCATTCAACAGTTA,0
GATCATTCAAGTGAAT,0
GATCATTCTAGTAATA,0
GATCATTTGCAAAATA,0
GATCCAAATCGATACA,0
GATCCAACACCTAGAA,0
GATCCAAGAATAGACC,0
GATCCAATGGATGAAC,0
GATCCAATTCCAATTC,0
GATCCACCCTGCTCAA,0
GATCCACGAGGCGTGG,0
GATCCACTAAATATTG,0
GATCCAGACATAATCA,0
GATCCAGAGTTCAAAA,0
GATCCAGTCGATGCGA,0
GATCCATACAATAAAC,0
GATCCATATCCTTTGA,0
GATCCATTAATACTAA,0
GATCCCACGAAAAGAT,0
GATCCCATATCTGCAC,0
GATCCCATCGTGACTG,0
GATCCCCCCATTCCTG,0
GATCCCGTAGAATGCA,0
GATCCCTAATGTAAAA,0
GATCCCTATCATGCTG,0
GATCCCTCTACTAGCA,0
GATCCCTGAAATGTTA,0
GATCCGAAGGCCGAGT,0
GATCCGAATACAAACG,0
GATCCGATACCTCACA,0
GATCCGATTACTTGAT,0
GATCCGCACTTAGCAG,0
GATCCGCTAAGGTCTC,0
GATCCGTAATCGTACG,0
GATCCGTCGAAAAGGT,0
GATCCGTTGCAGAGTA,0
GATCCTACGAAGCCAA,0
GATCCTATCCGTTGAC,0
GATCCTATTATAAAAT,0
GATCCTCCTCAATTAT,0
GATCCTCGACCTTCAT,0
GATCCTCTAAGGTAAA,0
GATCCTCTACAAGTAA,0
GATCCTGATAACGGTA,0
GATCCTGCGGCGAAGG,0
GATCCTGTTATCGCTA,0
GATCCTTCTCGGCTGG,0
GATCGAAAAATATATT,0
GATCGAACGGGTAAAG,0
GATCGAATCCTGAGGG,0
GATCGAATTATTCCAA,0
GATCGACATAGAATGA,0
GATCGACCATTCTATG,0
GATCGACTTTTCAAAG,0
GATCGAGAATTATCGA,0
GATCGAGAGGATGAAA,0
GATCGAGGTCAATATG,0
GATCGATCCTCGAACA,0
GATCGATCTACTAGGA,0
GATCGATGAAGATTCA,0
GATCGCAAAAATGCCA,0
GATCGCAGAGCTGATA,0
GATCGCATCATCGTTA,0
GATCGCCTAAATCCGT,0
GATCGCTCCGAGTAGA,0
GATCGGAAGGCATACC,0
GATCGGAGAAACAGGG,0
GATCGGCAAAAAAAAA,0
GATCGGCCGACACAGG,0
GATCGGTATAATAGCA,0
GATCGTAAGGTCGCAA,0
GATCGTACCGTTCACT,0
GATCGTCGAACAAGAC,0
GATCGTTGATGAATTT,0
GATCGTTTCAGTGACC,0
GATCTAAAGCTAGAGA,0
GATCTAAATTCTAACA,0
GATCTAACCACGCCTG,0
GATCTAAGATTGTTCA,0
GATCTAATAGGACAAG,0
GATCTACACGCACATC,0
GATCTACCATAACAGA,0
GATCTACTAATGCCAG,0
GATCTAGACCCGAAAT,0
GATCTATAAAGGTTAC,0
GATCTATAGCGAACAT,0
GATCTATAGCTTGGTT,0
GATCTATATTATGTAC,0
GATCTATCGTTATAGA,0
GATCTATGAATACGAG,0
GATCTCAGGCTAGATA,0
GATCTCCGAAATCTTG,0
GATCTCCTAAAAATAG,0
GATCTCGCAATAAGAG,0
GATCTCGCTCCCGCCG,0
GATCTCTAAATACCAT,0
GATCTGAAAAAGCGGC,0
GATCTGAACACTAATC,0
GATCTGAATGAAACTT,0
GATCTGACCGTAGAGA,0
GATCTGATTCGCAAAT,0
GATCTGCATCTCTTGA,0
GATCTGCATTAGAGGA,0
GATCTGGACTGGATTG,0
GATCTGGCGTGATATA,0
GATCTGTTAACTTCAT,0
GATCTGTTCGCCCACA,0
GATCTGTTTTCTAGCA,0
GATCTTAAATACAAAC,0
GATCTTAACAGAACCT,0
GATCTTAATAACACCA,0
GATCTTAATACTAGTA,0
GATCTTCCTTGTGGCC,0
GATCTTGACGTTCGGA,0
GATCTTGATATTGACT,0
GATCTTTCAAACTAAG,0
GATCTTTTATGAATCC,0
GATGAAAAAACCGCGA,0
GATGAAAATCGCTAAT,0
GATGAAACAAAATGTG,0
GATGAAACAATCTTAC,0
GATGAACACCCAATAA,0
GATGAACAGAAACAGG,0
GATGAACTATAACAAA,0
GATGAAGAACACAAAT,0
GATGAAGACCCAAATA,0
GATGAAGCCCAATACG,0
GATGAAGGGAATACAC,0
GATGAATAAATAGATC,0
GATGAATAATATTCGG,0
GATGAATACCTCCGTA,0
GATGAATCAAATAGAT,0
GATGAATCTTTAATAA,0
GATGAATGACTAAAGA,0
GATGAATGCTAATAAC,0
GATGAATTAGAACAAT,0
GATGACAAATCATGTT,0
GATGACAAGGTACGGC,0
GATGACACATCGATGG,0
GATGACACGTATATAT,0
GATGACAGAAACTAAG,0
GATGACAGAAGAGAAT,0
GATGACAGACAAACTA,0
GATGACCAAGTATAAC,0
GATGACCATTGATGTT,0
GATGACCCAACCATTC,0
GATGACCCCTCCAACA,0
GATGACCCGCAGAAGA,0
GATGACCGAAAGAGTA,0
GATGACCTCATTACTC,0
GATGACGAGCCTAAAA,0
GATGACGCAGTTGAAT,0
GATGACGGTAAGCGAA,0
GATGACGTTCGAGTGT,0
GATGACTAATCATTCA,0
GATGACTCACATGTCA,0
GATGACTCATCCGTAA,0
GATGACTCATCCTGCA,0
GATGAGACACCTCAAT,0
GATGAGAGACTGATGA,0
GATGAGCATAATGAGA,0
GATGAGCGCTATATAT,0
GATGAGCTACTCAACT,0
GATGAGGTCTTAAAAG,0
GATGAGTCACATTCGA,0
GATGAGTGCATGGCAT,0
GATGATAAAAAACCCA,0
GATGATAACACAGCAA,0
GATGATAAGCGCAATA,0
GATGATAGACCTCAAG,0
GATGATAGGAACGATT,0
GATGATCAGAGATTTT,0
GATGATCCAAGATACA,0
GATGATCGCCAATAGC,0
GATGATGAAATTAATG,0
GATGATGAACATGTCT,0
GATGATGACTTACTGG,0
GATGATGCACCCCAAA,0
GATGATGCCCGATAAA,0
GATGATTACGTTAATA,0
GATGATTCTTTAAGAA,0
GATGATTGGAAGAAAG,0
GATGATTGTACAAAAA,0
GATGCAAATAAAGCTA,0
GATGCAACAGGTACAC,0
GATGCAAGAATCCAGA,0
GATGCACAGAAATAAA,0
GATGCAGTTTGCGCCT,0
GATGCATGGTGCATTA,0
GATGCCAAAACAAGAA,0
GATGCCACGAAGACAA,0
GATGCCCCCCTGTCAA,0
GATGCCCGCTCTACGT,0
GATGCCCGTGATTAAA,0
GATGCCCTAACACATA,0
GATGCCCTCTCAAAGC,0
GATGCCGAAACAGTTG,0
GATGCCGACCGAAAGA,0
GATGCCGGGACAGCCA,0
GATGCCGTGGAGCCTT,0
GATGCCTAAAAAAATT,0
GATGCCTAATAAAGTA,0
GATGCGAAAGGATTGC,0
GATGCGATGCATGAAC,0
GATGCGATTAAGATAT,0
GATGCGCGTTCTCTTA,0
GATGCGTATGATCCCC,0
GATGCGTTGATAGATA,0
GATGCTATTGCTTCTG,0
GATGCTCCCAGATGGA,0
GATGCTTTGACATGGA,0
GATGCTTTGGCAACGC,0
GATGGAAAACTAATCA,0
GATGGAACATAGATCT,0
GATGGAATAGCCATTT,0
GATGGACATGCATTAA,0
GATGGACGGACACAGA,0
GATGGACGTAACAATA,0
GATGGAGAGGATTACA,0
GATGGAGCCGTATAGA,0
GATGGAGCCTAGCAAA,0
GATGGAGGACTAACGC,0
GATGGATAGTGTTTTT,0
GATGGATTAATTTAGA,0
GATGGCCACTCATGAA,0
GATGGCCACTTCGACC,0
GATGGCGAATAAAATC,0
GATGGCGACTAACTAG,0
GATGGGAACTAGTCGC,0
GATGGGAACTGCTCAT,0
GATGGGACATACAAGC,0
GATGGGCGCGATCGAA,0
GATGGGCTGATATCAA,0
GATGGGTGGTTACTCC,0
GATGGTACATTAATCA,0
GATGGTATCCAGATCA,0
GATGGTCACCATAAGG,0
GATGGTCATACCTTCG,0
GATGGTGTTAGCTACA,0
GATGTAAACAAACCCA,0
GATGTAACATAGCCAG,0
GATGTAACATCCATAG,0
GATGTAAGATTTACAC,0
GATGTAAGTCCAACAC,0
GATGTAATAAGGACTT,0
GATGTACATTCTCTAA,0
GATGTACGGATTTGAA,0
GATGTACTAGCTTTCT,0
GATGTAGAAGAAGCGC,0
GATGTAGTCAACAATA,0
GATGTATGAATGAATC,0
GATGTCAGCGGAATAC,0
GATGTCCAGTCTCATC,0
GATGTCCCTGTTACCT,0
GATGTCCGACTGAACA,0
GATGTCGCTATAGTTC,0
GATGTCTAAAGCCGTA,0
GATGTCTCTACATTAT,0
GATGTGACCCCAAAAT,0
GATGTGACTACTACCC,0
GATGTGCGCGCGCAAA,0
GATGTGCTAAAAACAG,0
GATGTGGAAATTTATT,0
GATGTGGTTTATGTAT,0
GATGTGTAAACATCTT,0
GATGTGTGCTTGAATG,0
GATGTTAACAAACACA,0
GATGTTATAAAAGCAT,0
GATGTTATTAGGTTTC,0
GATGTTCGGGTCGAAA,0
GATGTTCTCTGACTAC,0
GATGTTTAGCCTATCG,0
GATGTTTCGCAAGCTT,0
GATGTTTGTCTTGGCG,0
GATTAAAAAAATTGCC,0
GATTAAAACGGGGATG,0
GATTAAAAGAAAGCAC,0
GATTAAAAGACCACTT,0
GATTAAAATCTTTAGT,0
GATTAAAATTATTCAC,0
GATTAAACACTAAATC,0
GATTAAACATTACACT,0
GATTAAACTCCTCAAA,0
GATTAAAGCAAGACAA,0
GATTAAATATAGAGAG,0
GATTAAATTCTATAAA,0
GATTAACAGGCATACA,0
GATTAACATACATAAA,0
GATTAACATCCTGGGC,0
GATTAACCAGTTTATG,0
GATTAACCCCCCACGC,0
GATTAACGAGACCGTT,0
GATTAACGATTATAAT,0
GATTAACGTTACAATA,0
GATTAACTATACATCT,0
GATTAACTCAATACCT,0
GATTAAGAAAAACCGA,0
GATTAAGAAAGCCTCA,0
GATTAAGAATAGATCC,0
GATTAATAACCATCTG,0
GATTAATAGAACCCAC,0
GATTAATATAAGTGCA,0
GATTAATCGCAACAAA,0
GATTAATCTAAGAAAC,0
GATTACAAACACTCCC,0
GATTACAAACTACCTT,0
GATTACAACAGAATCA,0
GATTACAACAGTCAGC,0
GATTACAATAACCGCT,0
GATTACAATCATAAAT,0
GATTACAATTCTAACA,0
GATTACACCAGTATAT,0
GATTACACCCGCTACG,0
GATTACACTCAACTGT,0
GATTACAGCACCGACA,0
GATTACATAAGATCGT,0
GATTACATAGCTAAGA,0
GATTACATATGGGAAT,0
GATTACATCACTATAA,0
GATTACCAAGTATGCA,0
GATTACCGGTCTTCGC,0
GATTACGACTTTCAGA,0
GATTACGATGCAGTTG,0
GATTACGGTTGGAAAC,0
GATTACGTGCAAACCA,0
GATTACTGCATAAACA,0
GATTACTTCAACAATA,0
GATTAGAAAGACCCAG,0
GATTAGAACATAACGA,0
GATTAGAACCTCCCAA,0
GATTAGACACCTTACA,0
GATTAGACAGATGTAA,0
GATTAGAGACTGCCCA,0
GATTAGATCAATAGTA,0
GATTAGATTTAAAACC,0
GATTAGCATTACATAT,0
GATTAGCTTACGATAT,0
GATTAGGCGTGACCCC,0
GATTAGGGCGATTCCA,0
GATTAGGTCATATGTT,0
GATTAGTATTACCCAC,0
GATTAGTGGGTTCATG,0
GATTATAAACGAACAT,0
GATTATAACAAATCCC,0
GATTATAACCCAAATT,0
GATTATAATGATGGGG,0
GATTATAGTATAAAGC,0
GATTATATCATATCAA,0
GATTATCATCCAGGTA,0
GATTATCCCCACGACG,0
GATTATCGTAAAAGGT,0
GATTATGAACATTCAA,0
GATTATGAATCGCCAG,0
GATTATGCAGCGTCTC,0
GATTATGGAGTTACAA,0
GATTATGGATATATAG,0
GATTATGGTTCGAGGC,0
GATTATTAATATATGA,0
GATTATTATATGTGTA,0
GATTATTCGATACCAA,0
GATTATTGATGGACAG,0
GATTATTTAGTTCTCT,0
GATTATTTGATTGATG,0
GATTCAACGAGCCTGT,0
GATTCAATATAAACAA,0
GATTCAATCATCCGTG,0
GATTCAATCGAATGAC,0
GATTCACAATGAGTAA,0
GATTCACTCCCAATAG,0
GATTCACTTTCGAAGT,0
GATTCAGAAAGAAGGA,0
GATTCATAGATCTAAT,0
GATTCATCGTTGAAGA,0
GATTCCAAAGGTCGTA,0
GATTCCACCTGACTGC,0
GATTCCAGATAATAAT,0
GATTCCATCCTAGTGC,0
GATTCCCAATACTCGT,0
GATTCCCCATTAACTT,0
GATTCCCTAACGTGCT,0
GATTCCGCATATTAAA,0
GATTCCGGTCTACTCA,0
GATTCCGTGTACAGCG,0
GATTCCTAGATTGGTA,0
GATTCCTATACGATCA,0
GATTCGAATTACTGAT,0
GATTCGAATTCGACCT,0
GATTCGCATTAGTGTA,0
GATTCGGAAGCTCTAA,0
GATTCGGACTCATACT,0
GATTCGGCGAAAATTA,0
GATTCGGGGGCTTATA,0
GATTCGTGCACCAGAG,0
GATTCTATAAACGAAC,0
GATTCTATGCCATTAA,0
GATTCTCTCAGGGAGA,0
GATTCTGATGTAATTA,0
GATTCTGTCTTTAGAA,0
GATTCTTGCCCCTTAA,0
GATTGAAACACAATAT,0
GATTGAACAATAGACT,0
GATTGAATCGTCAACA,0
GATTGACAAAGACGCA,0
GATTGAGAGTGTCAAG,0
GATTGATAACTGGGCA,0
GATTGATAGCGAGAAA,0
GATTGATCGAACCCCG,0
GATTGATTTAGAAAAG,0
GATTGCAAACACATAT,0
GATTGCACAGTATTCA,0
GATTGCACCCTAAATT,0
GATTGCACTACCTGCG,0
GATTGCCCCGACAACA,0
GATTGCCCTATTAAGC,0
GATTGCCTCTATATAA,0
GATTGCGGCCTTAATC,0
GATTGCGTGACGATAG,0
GATTGCTACGATAGAA,0
GATTGCTCAGACTCAC,0
GATTGGAACAACTCGG,0
GATTGGAAGACCGCTC,0
GATTGGAAGGATGACT,0
GATTGGAATTCAACTG,0
GATTGGACCATGCGAT,0
GATTGGGATACAACTC,0
GATTGGGTGGCTAACT,0
GATTGGTAAGGCAAGA,0
GATTGGTACGGGGTTC,0
GATTGTACATCTTTAG,0
GATTGTACGCCAAACT,0
GATTGTCAGAAGAAAC,0
GATTGTCGAAATAACC,0
GATTGTGTGACAACCA,0
GATTGTTCACGGTAGA,0
GATTGTTCAGCACAAA,0
GATTGTTCGTCGACCC,0
GATTTAAAAAAAGTAT,0
GATTTAAACTTATTTC,0
GATTTAAAGCTAAAGT,0
GATTTAAATACTTTAA,0
GATTTAACATAACTAA,0
GATTTAATAAAAAATT,0
GATTTACAACGGCTAT,0
GATTTACCACAATCCA,0
GATTTACCGTAAAGCA,0
GATTTACGAATAAAAA,0
GATTTACGGCTTTTGG,0
GATTTACGGTTACAAA,0
GATTTAGAAGACGTCA,0
GATTTAGAAGCACGGC,0
GATTTAGACTATAGTC,0
GATTTAGCTAAACATA,0
GATTTAGGCAGGATGA,0
GATTTAGGTCCCCGTC,0
GATTTAGTGAAGCAAT,0
GATTTATAAGTAAACT,0
GATTTATACTGAAAAG,0
GATTTATGGTATAATG,0
GATTTATGTCGATGAC,0
GATTTCAAACAATGCA,0
GATTTCAATTTAATCC,0
GATTTCATTGATGCCT,0
GATTTCCAGCCGTGTT,0
GATTTCCTCACATGAA,0
GATTTCGACCTACCTA,0
GATTTCTCTTAACATG,0
GATTTCTGGTCCAACA,0
GATTTCTTGTTGCAGC,0
GATTTGAAATATAACA,0
GATTTGACGGTTACAG,0
GATTTGAGCCCAAATA,0
GATTTGAGGATCATCA,0
GATTTGATCGAAAATC,0
GATTTGCAGCCTTCAG,0
GATTTTAAACCCCACT,0
GATTTTAAATCTATCA,0
GATTTTAACAGGCGAT,0
GATTTTAACAGTAGAG,0
GATTTTAACCGCAGAG,0
GATTTTAAGCAACTAA,0
GATTTTCATATCGATA,0
GATTTTCCACCATATG,0
GATTTTCCCAAGATAA,0
GATTTTCGAGAATAAC,0
GATTTTCTAGTATATA,0
GATTTTGGCTGTCAGC,0
GATTTTTAGCAACATC,0
GATTTTTATTACGACA,0
GATTTTTCCTCAGCAC,0
GATTTTTCGGATGTCA,0
GATTTTTTGTCTAACC,0
GCAAAAAACAAATATT,0
GCAAAAAACACAGACT,0
GCAAAAAACATAAAGC,0
GCAAAAACAAACCTCT,0
GCAAAAACATAATGCA,0
GCAAAAACATCGAATG,0
GCAAAAACGTAAGAAA,0
GCAAAAAGTCAAGAAG,0
GCAAAAATATACAACC,0
GCAAAAATATACGGCT,0
GCAAAAATTACGAGTA,0
GCAAAACAAAAATATG,0
GCAAAACAAGGATACC,0
GCAAAACACGTAATTA,0
GCAAAACAGTTTCAGG,0
GCAAAACATACTAAGA,0
GCAAAACATTACAGCT,0
GCAAAACCAACGTGAC,0
GCAAAACCTAACCAAT,0
GCAAAACGCGTAAAAG,0
GCAAAACGCTGCACAC,0
GCAAAACTCGTAATAG,0
GCAAAACTGGACAAAA,0
GCAAAACTGTATAGAA,0
GCAAAAGAATCAGTAA,0
GCAAAAGAGTAAGCAG,0
GCAAAAGATAAAACAT,0
GCAAAAGCATCAGAGC,0
GCAAAAGGGTAACGGA,0
GCAAAAGTAGATACTA,0
GCAAAAGTCATAACGC,0
GCAAAAGTCATGATGA,0
GCAAAATATGAATTAA,0
GCAAAATCATCTGAAC,0
GCAAAATCGTTGTGTG,0
GCAAAATGGAGCCATA,0
GCAAAATGTGATTGAT,0
GCAAAATTTGAGTAGT,0
GCAAACAAAAAGTACG,0
GCAAACAAATCTGGGC,0
GCAAACAAGCAAATGA,0
GCAAACAAGCAATGAG,0
GCAAACAATCAAACTT,0
GCAAACAATTTACGAA,0
GCAAACACGCTAAGTT,0
GCAAACAGAAACGAAA,0
GCAAACAGCGTATACC,0
GCAAACAGCTTGAACA,0
GCAAACAGGGTTTAAA,0
GCAAACAGTTCCAGTA,0
GCAAACCAAGAACCAT,0
GCAAACCAGATAAGTC,0
GCAAACCCCAACTGAC,0
GCAAACCGCAGTCATT,0
GCAAACCTCGTTAACT,0
GCAAACGAGAACATCA,0
GCAAACGAGAGTAGAT,0
GCAAACGCATCCATTT,0
GCAAACTAAAATTAAT,0
GCAAACTAGGCACAAT,0
GCAAACTAGTAATTAA,0
GCAAACTCAAAAACTT,0
GCAAACTCACGTAAAA,0
GCAAACTCTAGGTCCC,0
GCAAACTGAGAGACAA,0
GCAAACTTAACAACAA,0
GCAAAGAATCGTTGAA,0
GCAAAGACGAAATCTC,0
GCAAAGAGGATACCTG,0
GCAAAGATATCATGAT,0
GCAAAGCTAAGGTCAA,0
GCAAAGGCTTGCATTA,0
GCAAAGGGCACTCCGT,0
GCAAAGGTATCGAAAT,0
GCAAAGTCCAAAGACG,0
GCAAAGTGCATCAAAA,0
GCAAAGTTACTTAATC,0
GCAAATAACCGAATAT,0
GCAAATAACTATTCAG,0
GCAAATAAGGACGAAC,0
GCAAATAATTACAGGT,0
GCAAATACCTACAGAT,0
GCAAATACCTATCACA,0
GCAAATACGGTGCCGA,0
GCAAATAGAAAGGATA,0
GCAAATCATTTAAGTA,0
GCAAATCGTCTTGCAT,0
GCAAATCTAATTGAAA,0
GCAAATCTCTTTAATT,0
GCAAATGAACGATTTA,0
GCAAATGTGTGGTTAG,0
GCAAATGTTAACAACA,0
GCAAATTAAAACGGAG,0
GCAAATTACATCTGTC,0
GCAAATTACGCAAAAG,0
GCAAATTGGCTTATGT,0
GCAACAACGTAACCGT,0
GCAACAACTATGCACC,0
GCAACAAGACCATACT,0
GCAACACACAAGATAG,0
GCAACACACGTAGTAA,0
GCAACACCAAGATAAA,0
GCAACACGGAAATTCT,0
GCAACAGAAGGGTACG,0
GCAACAGATACCCCTA,0
GCAACAGCATACAAAA,0
GCAACATAAAAATCGG,0
GCAACATAATATCTGA,0
GCAACATAATGAAATA,0
GCAACATGAAGACCAA,0
GCAACATGACCAACCG,0
GCAACATTAATATCCC,0
GCAACATTCTAGCCCT,0
GCAACATTGAATGATT,0
GCAACCAATAAGTCAT,0
GCAACCACTGAAATTA,0
GCAACCAGTCCTAATT,0
GCAACCATCGTCGAGA,0
GCAACCATGTATAAAT,0
GCAACCCAACTTTAAA,0
GCAACCCAATCTCCTT,0
GCAACCCAGTAAAAAT,0
GCAACCCGCACGCCAA,0
GCAACCCTCGCATGGA,0
GCAACCCTGCAGAAAC,0
GCAACCCTTACCCTAT,0
GCAACCGACAGAGACC,0
GCAACCGATAAAAGCG,0
GCAACCGCAGTGAACG,0
GCAACCGCGATCATAC,0
GCAACCTCGAACCTAG,0
GCAACGAGTACATAGT,0
GCAACGATCCCATGCA,0
GCAACGCACATGAACA,0
GCAACGCAGCTAAATG,0
GCAACGCATTGACTTA,0
GCAACGCGTCAATGCC,0
GCAACGCTTACTTATA,0
GCAACGGAAACGCTTT,0
GCAACGGGCTACATGA,0
GCAACGGGTACCACCG,0
GCAACGGTAAGATAGT,0
GCAACGGTACAAGAAG,0
GCAACGTATTCAATTA,0
GCAACGTGAGGTCGTA,0
GCAACTAACATAATTA,0
GCAACTAACTAAAATG,0
GCAACTACATGAAACG,0
GCAACTCAAGAAAAGA,0
GCAACTCCTAAGAAGT,0
GCAACTCTTTGAATCG,0
GCAACTGACACCCCCG,0
GCAACTGAGGTAAAAT,0
GCAACTGTAGACGTTC,0
GCAACTGTTCTTGACA,0
GCAACTGTTTGAGTAT,0
GCAACTTACTAATGCG,0
GCAACTTATCGTGAGT,0
GCAACTTCATACGCCC,0
GCAACTTCCCATAAGG,0
GCAACTTTAACGATTG,0
GCAACTTTTTTAAAAC,0
GCAAGAAAAGGGTGTA,0
GCAAGAAAGTTTGAAA,0
GCAAGAACCTCTCAAA,0
GCAAGAAGAAAGCTAC,0
GCAAGAAGAGCGCAGG,0
GCAAGACACCTATACA,0
GCAAGACATAAATTAT,0
GCAAGACTAAACTAAG,0
GCAAGAGATGCGTAAC,0
GCAAGAGCAACCAGCT,0
GCAAGAGCAGCCGTTG,0
GCAAGAGCTCGTCTAG,0
GCAAGAGCTGGCAGAA,0
GCAAGATACAAAGGAA,0
GCAAGATCAGATAAGA,0
GCAAGATCCCCAAGAG,0
GCAAGATTCTATGTCC,0
GCAAGCACAAATCCAA,0
GCAAGCATTAAAGGAC,0
GCAAGCCAAAAACTCA,0
GCAAGCCACGTCCAGG,0
GCAAGCCAGTTATTTT,0
GCAAGCGACGTTGCGC,0
GCAAGCGCATTTGTGT,0
GCAAGCTAACGCCATG,0
GCAAGCTCCGGAGCCA,0
GCAAGCTCGGCTGCAG,0
GCAAGCTGACCACTAG,0
GCAAGCTGAGAATAAC,0
GCAAGCTTAAAAAGTA,0
GCAAGCTTTGAGATCC,0
GCAAGGACAATTCCAG,0
GCAAGGACATAACTAT,0
GCAAGGCAACTGCAGG,0
GCAAGGCTTTCTTAAG,0
GCAAGGGGCATAACAA,0
GCAAGGGTGTCACTCC,0
GCAAGGTAATGCGATG,0
GCAAGGTCTCACCTGC,0
GCAAGTAATCTTTGAA,0
GCAAGTATTTCGCGCA,0
GCAAGTCAGTCTATAG,0
GCAAGTCATTATGGCG,0
GCAAGTCGACAACATT,0
GCAAGTCGTAGCTCCG,0
GCAAGTGCATTCAGAC,0
GCAAGTTCCCTATGCG,0
GCAAGTTCGTAATAGG,0
GCAAGTTGAGCACTAA,0
GCAATAAAAGGCTGGC,0
GCAATAAAAGGGTGAT,0
GCAATAAACTGCTACT,0
GCAATAAATGACAATT,0
GCAATAACTTAGAATT,0
GCAATAATAGATTTGT,0
GCAATAATTTTAAAAA,0
GCAATACACATAGATA,0
GCAATACGTGTCCAGA,0
GCAATAGACCAAACAA,0
GCAATAGTATCTCTCC,0
GCAATAGTCGCCCCAG,0
GCAATAGTGCCTCGTG,0
GCAATAGTTACAAAAA,0
GCAATATACGAAGACG,0
GCAATATACGAGGTGA,0
GCAATATAGAAACGAA,0
GCAATATATTATGTCT,0
GCAATATATTCAGTAT,0
GCAATATCAGATAATA,0
GCAATATTCGGACAAG,0
GCAATCAAAGGCTTAA,0
GCAATCAACTCAAGAT,0
GCAATCAATACAAACA,0
GCAATCACAAAAGGGA,0
GCAATCATAGATACGA,0
GCAATCCCCAACAAAT,0
GCAATCCTATAAGACC,0
GCAATCGTACTCTAGA,0
GCAATCTAAAAGCGAC,0
GCAATCTATGAACTAC,0
GCAATCTCGAAGGACC,0
GCAATGACCAAGAAAT,0
GCAATGCCAGAAGTCA,0
GCAATGCGAAGAAACG,0
GCAATGCTAGAATCGA,0
GCAATGCTATTGATAT,0
GCAATGGAAAAATAAA,0
GCAATGGATGAAGCGT,0
GCAATGGGACGAGAAC,0
GCAATGGTCTCACGTA,0
GCAATGTAACTCGATG,0
GCAATGTAAGCCCGAC,0
GCAATGTACCAAATAA,0
GCAATGTGAGTTCATT,0
GCAATGTGCAAGCTAA,0
GCAATGTTAACCGAGC,0
GCAATTAAACGTAATC,0
GCAATTAAGCTTAAAC,0
GCAATTACAGCCCATG,0
GCAATTCAAATGACTT,0
GCAATTCAAGAGACCA,0
GCAATTCACCCTAACA,0
GCAATTCAGAAATACA,0
GCAATTCATTAATAAG,0
GCAATTCCATATAACG,0
GCAATTCCCTACCCCG,0
GCAATTGAAATGAACA,0
GCAATTTATCAAAAGA,0
GCACAAAAACCTAAGA,0
GCACAAAACAAAATTG,0
GCACAAAACAGTTTGT,0
GCACAAAATACCGTAC,0
GCACAAAATATAAAAT,0
GCACAAAATCTGTACG,0
GCACAAAGAAGTTAAC,0
GCACAAAGCCTTAAGG,0
GCACAAAGGATTTCGG,0
GCACAACCTTTTAATT,0
GCACAAGAAGAACTCA,0
GCACAAGACTATAATT,0
GCACAAGACTCTCAAT,0
GCACAATACCAAACCT,0
GCACAATGTAAATACC,0
GCACACACAGCTTGTA,0
GCACACACATGATCTA,0
GCACACACTACGAAAA,0
GCACACATGAACAATA,0
GCACACCAAATAGTCA,0
GCACACCAATGATACG,0
GCACACCACAACAAAA,0
GCACACCACTAAGCGC,0
GCACACCAGTGAACTG,0
GCACACCGACATTTAC,0
GCACACCTCCCTATTT,0
GCACACTAGAATAACC,0
GCACACTATTCCCTAC,0
GCACACTCCGTAGCAA,0
GCACACTGGTACACTC,0
GCACACTGTGAAGAGA,0
GCACACTTAAAACCTA,0
GCACAGAAAAATATTG,0
GCACAGAAGGTTGACA,0
GCACAGACGACTAAGA,0
GCACAGACTAAGTTTT,0
GCACAGATATACGCCG,0
GCACAGTAAAGGGGGT,0
GCACAGTAAATACAAC,0
GCACAGTACGCTTTAC,0
GCACAGTTCAAAACGC,0
GCACATAACAGGCGGG,0
GCACATAACGGCATAT,0
GCACATAGCAACCGTG,0
GCACATATACACGGGG,0
GCACATATATATTTGC,0
GCACATATGGGTAAGA,0
GCACATCCAAGATATT,0
GCACATCGCCCGAACT,0
GCACATGCCTGCAGGT,0
GCACATGGGGTAAAAA,0
GCACATGGTCTCAAAA,0
GCACATGTCCTTTTAG,0
GCACATGTCTTCGTAC,0
GCACATTAGACCTACA,0
GCACATTCCTTGATTT,0
GCACATTCTAAGTTTC,0
GCACATTGATGCAGCA,0
GCACATTGGTCAACAC,0
GCACCAAAACGCAAAC,0
GCACCAAAGGGCTACA,0
GCACCAACCAAAAAGA,0
GCACCACCAACCTTGG,0
GCACCACCAGGATATG,0
GCACCACCGCTTCCGC,0
GCACCACGAATTCACC,0
GCACCACTACCACGCA,0
GCACCATAACCTTTCC,0
GCACCATATATATCTA,0
GCACCATCATAAAAAC,0
GCACCATCTAACTCAG,0
GCACCATTATATATAA,0
GCACCATTCGCGGACA,0
GCACCCACCCCATCTA,0
GCACCCACTCTAATTA,0
GCACCCACTGAGCAAT,0
GCACCCCAGATCCAGA,0
GCACCCCTTTCGCACT,0
GCACCCGGCCGAACCT,0
GCACCCTACCAGGAGG,0
GCACCGAAATGTTGTC,0
GCACCGAGAGAATAGG,0
GCACCGATAAGGTATA,0
GCACCGCAGTTAGTGA,0
GCACCGCGAACGTGTA,0
GCACCGGAATCCACTA,0
GCACCGGGTTTACCTA,0
GCACCGTCTTTATTAG,0
GCACCTAAATAAGACA,0
GCACCTCCGCAATTTA,0
GCACCTCTTGCTCTAA,0
GCACCTGTATACAAAA,0
GCACCTTCCTACCTGT,0
GCACCTTCGTTCAGAG,0
GCACCTTGCATTACGA,0
GCACCTTTAGGGAAAA,0
GCACGAAAGAACGGAA,0
GCACGACATCTCATGT,0
GCACGACCAAGATTTG,0
GCACGAGAAAACAAGA,0
GCACGAGAGCATATTC,0
GCACGAGCAGAACCAA,0
GCACGAGCATCATTAC,0
GCACGAGCCAAAGTAA,0
GCACGATGGTCAACTT,0
GCACGATTAAAGAACT,0
GCACGATTACATTAAC,0
GCACGATTACCAGTTA,0
GCACGCAAAAGAAAAA,0
GCACGCCGGTATAGAA,0
GCACGCCTAGTATTGA,0
GCACGCGGAACGACTA,0
GCACGGATTCTTCAAG,0
GCACGGGACACAAGAT,0
GCACGGGGCTCCCTAA,0
GCACGTAATGTCAGCT,0
GCACGTCACCCAGGAA,0
GCACGTCCAGATTTCC,0
GCACGTCCCCACAAAG,0
GCACGTCCTAAGGACC,0
GCACGTCGGAGCAAAG,0
GCACGTGGATTCACAA,0
GCACGTTACGCTTACA,0
GCACGTTCCATGGGCA,0
GCACGTTCCCTTGAAT,0
GCACTAAAAGGTACTC,0
GCACTAAACTAGCGAT,0
GCACTAAGATTCGAAA,0
GCACTAAGTAAATAAT,0
GCACTAAGTCTGCCAA,0
GCACTAATACACGAAA,0
GCACTAATCAGCTAAA,0
GCACTACAAATCTATA,0
GCACTACAGAGAGAAA,0
GCACTACCGAGCTTTA,0
GCACTACTGATTGCTT,0
GCACTAGATTTTCGAG,0
GCACTAGCAAGCAACT,0
GCACTAGCTTTGGCAT,0
GCACTATAAACCGTAT,0
GCACTATACTATTAAA,0
GCACTATTCCAATTTT,0
GCACTCACGTTAATAT,0
GCACTCATACACTTAG,0
GCACTCCAAGCAGTAA,0
GCACTCCGTGTTCCGC,0
GCACTCGCTAGCTATC,0
GCACTCGGAGGCGCGG,0
GCACTCGTCACGAAAA,0
GCACTCTGATATTACA,0
GCACTCTTAGTCTGCG,0
GCACTCTTGCAGCAAT,0
GCACTGAATGCACCGC,0
GCACTGCCCAGATCCC,0
GCACTGCTATCATCCT,0
GCACTGGAACGAATAC,0
GCACTGGAAGATCCCC,0
GCACTGGAAGGTGCCC,0
GCACTGGGCAATTATG,0
GCACTTAAGTGGACTG,0
GCACTTAGAAAACTTT,0
GCACTTCACGATACGG,0
GCACTTCAGGACGCAA,0
GCACTTCATAAAGCTC,0
GCACTTGCCCTTTAAT,0
GCACTTTCACAATTCG,0
GCACTTTTTGGCACTT,0
GCAGAAAAAGCCCCAA,0
GCAGAAAACCAAGGGG,0
GCAGAAAAGTTAATAG,0
GCAGAAACCGGACACT,0
GCAGAAATATGGCCAG,0
GCAGAAATCTGGTGTA,0
GCAGAACAAACACACG,0
GCAGAACACAAAAAAT,0
GCAGAACGAAAGAAAA,0
GCAGAAGACGCGTAAA,0
GCAGAAGATGAGTCTC,0
GCAGAAGGACAGAGAT,0
GCAGAATAACACGGAT,0
GCAGAATAAGTCAATA,0
GCAGAATCATGATTCA,0
GCAGAATCCCCTCTAC,0
GCAGAATGAACACACC,0
GCAGAATGCATAGTTA,0
GCAGAATTTCTGAGAA,0
GCAGACAATAGCGAAA,0
GCAGACACACGTTACA,0
GCAGACACGACCGTTG,0
GCAGACATTATGCGGC,0
GCAGACCAAAGCAGGA,0
GCAGACCTACTGGATA,0
GCAGACGCTAACGTAA,0
GCAGACGCTCTAAAGA,0
GCAGACGGTATCGAAC,0
GCAGACGTAAAATTCT,0
GCAGACGTAATGGTAG,0
GCAGACGTTTATACGT,0
GCAGACTCGATAGCGA,0
GCAGAGACACGCTAGA,0
GCAGAGACCAATAAGC,0
GCAGAGAGAAGAACGA,0
GCAGAGTATATAGGGA,0
GCAGAGTTTAATAACA,0
GCAGATAATACCACAT,0
GCAGATATCAATCAGC,0
GCAGATCCATACACGA,0
GCAGATCTCGTAAAAA,0
GCAGATCTGAAAAATG,0
GCAGATGCTGAGGAGC,0
GCAGATTGAACACGGA,0
GCAGCAAACAGGAACC,0
GCAGCAAAGACGCCAA,0
GCAGCAAAGCATGTAA,0
GCAGCAAAGTAATAGC,0
GCAGCAAATATTAAAC,0
GCAGCAACCTTCCACC,0
GCAGCAAGAGAATCGA,0
GCAGCAATACAAAAGG,0
GCAGCACGAATACAAA,0
GCAGCACGTTGCATAC,0
GCAGCACTTTAAAAGA,0
GCAGCAGAGATAAACG,0
GCAGCATAATTAATGT,0
GCAGCATGCAACACCA,0
GCAGCCGACGAATTGC,0
GCAGCCGACGCAATGC,0
GCAGCGAGTGAGCGAA,0
GCAGCGCAACAAAACC,0
GCAGCGCCAGTAATTT,0
GCAGCTAACGACGGTA,0
GCAGCTATTAACATGA,0
GCAGCTGCGACAGTGG,0
GCAGCTTAAAAATACA,0
GCAGCTTTCCACAAAA,0
GCAGCTTTTTCAGGCT,0
GCAGGAAAGTAAATAG,0
GCAGGAATATCTATGA,0
GCAGGACAAGACCAGT,0
GCAGGACACGTCGACG,0
GCAGGACTACACGAAT,0
GCAGGACTAGCACAGC,0
GCAGGAGAAAATCTAT,0
GCAGGAGAGTGCTGAC,0
GCAGGAGAGTTACATT,0
GCAGGAGTTCAATGGA,0
GCAGGATGCAAGGTTT,0
GCAGGATGGTCCGGAA,0
GCAGGCAATAGTCTAC,0
GCAGGCATCAAAACAT,0
GCAGGCCCGAAACGAC,0
GCAGGCCCGCTAAACA,0
GCAGGCCGCTCCACAA,0
GCAGGCCGGTGCGCCT,0
GCAGGCGATACAATTC,0
GCAGGCGTGCTACCAT,0
GCAGGCTGAAGCAATC,0
GCAGGGCAAATGCCAT,0
GCAGGGCGGTGAGCAA,0
GCAGGGCTCCCATTCT,0
GCAGGGTCATTTAGAA,0
GCAGGTCCATCACATA,0
GCAGGTCTCTAGCACC,0
GCAGGTTTACCAGAAT,0
GCAGTAACAATTGGAA,0
GCAGTAATCATGTCAC,0
GCAGTACACAAGATGA,0
GCAGTAGGATATTACA,0
GCAGTATAGTGCAAAT,0
GCAGTATATAATACTA,0
GCAGTATATCTATATT,0
GCAGTATCAAACTAAC,0
GCAGTATCTATCCTCC,0
GCAGTCAATTATTTCC,0
GCAGTCCGTAAGCAGA,0
GCAGTCCTTGACCAAT,0
GCAGTCGACAATAAGG,0
GCAGTCGCACCTGAAT,0
GCAGTCGTCTGTGTAC,0
GCAGTCTAAGAGTGAG,0
GCAGTCTACACCCCAG,0
GCAGTCTAGTCAGAAC,0
GCAGTGACCTAAAAAC,0
GCAGTGATTAGACCAA,0
GCAGTGATTGAACATT,0
GCAGTGCACTCCGCCC,0
GCAGTGCCCTGCCACC,0
GCAGTGGAAAAAAGAC,0
GCAGTGGCACTTACCG,0
GCAGTGTATACACGCC,0
GCAGTGTCAGAAATCG,0
GCAGTGTCTGAAGCGT,0
GCAGTGTGCTCAAGAA,0
GCAGTTAACTAAATGA,0
GCAGTTAACTTATCAT,0
GCAGTTACGTAAATAG,0
GCAGTTCAAAGGGTGT,0
GCAGTTGCCCTGCCGG,0
GCAGTTGTCAGGCATT,0
GCATAAAAATATGGAC,0
GCATAAAAATGAGCGG,0
GCATAAAAGTCCATTA,0
GCATAAAAGTCTCTAG,0
GCATAAAATCAAGAGT,0
GCATAAACAAACTACA,0
GCATAAACGCGGAATA,0
GCATAAAGACCAGAAC,0
GCATAAAGATCCCGAC,0
GCATAAAGTAAGAGAG,0
GCATAAAGTTCTAAAT,0
GCATAAATATCATACA,0
GCATAAATCCAGAAAA,0
GCATAACATAGATAAA,0
GCATAACATTTTTAAT,0
GCATAACCACAACTAA,0
GCATAACCACAACTCT,0
GCATAACTCGATAATA,0
GCATAAGAACAAAAAT,0
GCATAAGCATAGACAT,0
GCATAAGGATGCTATA,0
GCATAAGGCATGATAA,0
GCATAAGTGCCGGCCC,0
GCATAAGTTATGCAAA,0
GCATAATAAAAATGCA,0
GCATAATGATGTTCCA,0
GCATAATTCATTGTAG,0
GCATAATTGAAATTCA,0
GCATACAAATATAGAA,0
GCATACAATAATTGAA,0
GCATACAATCCATACC,0
GCATACAATTTATGAA,0
GCATACACAAACCGTG,0
GCATACACAATTGGCC,0
GCATACCAAGCTAACC,0
GCATACCTCCTCAAGA,0
GCATACGAGCAATACA,0
GCATACGCAACACAAA,0
GCATACGCCATCTCGG,0
GCATACGGAAACGGAT,0
GCATACGTATCTGCTA,0
GCATACGTGTGTGTAT,0
GCATACTAAAGTCTTG,0
GCATACTACTTAGTAA,0
GCATACTAGACAGTCT,0
GCATACTCGTAGTCGA,0
GCATACTGGTTGTTTA,0
GCATACTGTGTGATCA,0
GCATAGAAACACCCAA,0
GCATAGAACGATATGT,0
GCATAGAAGGTAAACC,0
GCATAGAATTACACAA,0
GCATAGATTCCAAAAA,0
GCATAGATTCCAATTG,0
GCATAGCAGGACTTGC,0
GCATAGCATTGAGGAT,0
GCATAGCTAAACACCT,0
GCATAGGCAACGATCT,0
GCATATAAATCGGGGA,0
GCATATAAGAGAGCAA,0
GCATATACACAGATTG,0
GCATATAGTGCAATAC,0
GCATATCACGGCCCTT,0
GCATATCATACTTAGA,0
GCATATCATATAGTGT,0
GCATATCCACCAAATG,0
GCATATCTCCTGAACC,0
GCATATGAACATCCCC,0
GCATATGCAAAATGCT,0
GCATATGGATTAAAAA,0
GCATATTGTAATTCTT,0
GCATATTTCATAAAGA,0
GCATCAAACCGGATTG,0
GCATCAAATGGATCCG,0
GCATCAAGACCTGTTT,0
GCATCAAGTATTTTGA,0
GCATCAATGACATTTT,0
GCATCAGACTCAATAT,0
GCATCAGATAGACGAG,0
GCATCAGCAATATGAG,0
GCATCAGCAATTAAGT,0
GCATCATCACATACAC,0
GCATCATGGGAAACGC,0
GCATCCACATATACTA,0
GCATCCATGAAGCGGA,0
GCATCCCAGGCCAACT,0
GCATCCGTAAAAGAAT,0
GCATCCTCCTCCCTGA,0
GCATCGAAATAGAACG,0
GCATCGACGTAATAAT,0
GCATCGACTCTGCCTA,0
GCATCGCTTCCGCAAA,0
GCATCGTAATAGATCT,0
GCATCGTACTAATGCG,0
GCATCGTATGTTAACT,0
GCATCTAGCCGTCATT,0
GCATCTATATCACCAA,0
GCATCTATGAAATTCC,0
GCATCTCACTGGACCC,0
GCATCTCGACTGGCTC,0
GCATCTCGTTTTATAA,0
GCATCTGATGGACTAA,0
GCATCTGCATAAGTCA,0
GCATCTGGAAAGAAAA,0
GCATCTTCGCAGTCGC,0
GCATCTTGTTATTCTC,0
GCATCTTTTAAACTCT,0
GCATGAAAACCATTGG,0
GCATGAAAACTGATAG,0
GCATGAAAGCCCATGA,0
GCATGAACGGTTAAAG,0
GCATGAACTAACCCAC,0
GCATGAAGATTCCACC,0
GCATGAATGATATTTA,0
GCATGAATGTCCCAAA,0
GCATGAGACCCACTTC,0
GCATGAGATCACGCAA,0
GCATGAGCGATTAGAA,0
GCATGATACGTTTGCA,0
GCATGATATACTCGCA,0
GCATGATGAAAGCTGT,0
GCATGATTATCAGTTG,0
GCATGATTGATTGTAC,0
GCATGCAAAAATCACA,0
GCATGCAGCAGGACCA,0
GCATGCATACACCACA,0
GCATGCATGCCTACTA,0
GCATGCATTATCATTA,0
GCATGCGAACTCATAC,0
GCATGCGTTAATCTAC,0
GCATGGACCATAGATA,0
GCATGGCACATCTGTG,0
GCATGGCATCTAATAA,0
GCATGGCTAGACAAAC,0
GCATGGCTGTTTACGT,0
GCATGGTAGACTTCAA,0
GCATGTAACCTTCCAT,0
GCATGTAACGTATAGC,0
GCATGTCAAAATAATT,0
GCATGTCAGAGCGGTC,0
GCATGTCAGTACAATG,0
GCATGTCCGTTGAAGT,0
GCATGTGAGAAAGCAA,0
GCATGTTTTTTACCAA,0
GCATTAAAATTCTTCC,0
GCATTAAATTGAAAAG,0
GCATTAACACTTACAT,0
GCATTAATAGGTGGGA,0
GCATTAATGGACTACA,0
GCATTACAGGAAAAGA,0
GCATTACCTGTTATAA,0
GCATTAGAACCAATCG,0
GCATTAGATACCTCGT,0
GCATTAGTAAAGTTCC,0
GCATTATAGCATAACA,0
GCATTATCAAAGGATA,0
GCATTATGATAATATT,0
GCATTCAAATAGACAG,0
GCATTCACTGGCTACC,0
GCATTCAGGATGATAC,0
GCATTCCAAAAACCCC,0
GCATTCCTTATTCCTA,0
GCATTCGCCAGATTTT,0
GCATTCGTGAATATAC,0
GCATTCTAGCCCATAC,0
GCATTCTATCCTAAGA,0
GCATTCTATTAACTCT,0
GCATTCTTGTTCAAGT,0
GCATTGAAAACCGTTC,0
GCATTGAAACGGATAA,0
GCATTGAATACGTCTA,0
GCATTGAATATGGTAT,0
GCATTGACCTAATGGT,0
GCATTGAGCTACACGA,0
GCATTGGATATATAGA,0
GCATTTAACGAACCAT,0
GCATTTAGAATTGCCA,0
GCATTTCAACTTTATG,0
GCATTTCCGCTAGTCA,0
GCATTTCGAGTAATAG,0
GCATTTCTACCGCATT,0
GCATTTCTAGCAACAG,0
GCATTTCTAGGCCATA,0
GCATTTGCATCTATAT,0
GCATTTTAAACTGAGC,0
GCATTTTAACCCTCCC,0
GCATTTTCTGATTGAA,0
GCCAAAAAAAAATATC,0
GCCAAAAAAACGTTCC,0
GCCAAAACCATAGTGT,0
GCCAAAACCTTCATAT,0
GCCAAAATTTACCGGA,0
GCCAAACAAAATCTAT,0
GCCAAACAAACCCGGA,0
GCCAAACACTACTGCC,0
GCCAAACAGGCCGGAT,0
GCCAAACATACCAGAC,0
GCCAAACATGCTTCTG,0
GCCAAACCACTGGGCG,0
GCCAAACCTAGAGATG,0
GCCAAACGAATTCAAT,0
GCCAAACGATACGGCC,0
GCCAAAGAAAAGAAAA,0
GCCAAAGAAAGTCACC,0
GCCAAAGAAGCTACGC,0
GCCAAAGGAACGCCTT,0
GCCAAAGGAGAAGATT,0
GCCAAAGGCGTACTAT,0
GCCAAATAAAACAATC,0
GCCAAATACTACGACC,0
GCCAAATACTGTGCTA,0
GCCAAATATTCCGCGG,0
GCCAAATGATTTTAAC,0
GCCAAATGTAATGTGC,0
GCCAAATTAGCCATTA,0
GCCAAATTCCCCATCG,0
GCCAAATTCGCTCAAA,0
GCCAACAACAATTAAT,0
GCCAACAACATGCCTG,0
GCCAACAATGCCATAC,0
GCCAACACAGCGGATC,0
GCCAACAGCAAAAAAC,0
GCCAACAGGATTCCAG,0
GCCAACATAGCAAAAG,0
GCCAACCGTCTATTTC,0
GCCAACCTACTGATAG,0
GCCAACGAATGACAAA,0
GCCAACGTTAATATAG,0
GCCAACTAGAAAAGTC,0
GCCAACTGACCCTCCA,0
GCCAACTTGATACTAC,0
GCCAAGACGTAAGCTT,0
GCCAAGATAAGTGCTC,0
GCCAAGATCTCAAAGA,0
GCCAAGATGGTAACAA,0
GCCAAGATTCAAAAGT,0
GCCAAGCATATGGATG,0
GCCAAGCCAGGAGAAC,0
GCCAAGTTCAACGGAC,0
GCCAAGTTGGCTTTAA,0
GCCAATAATGGCGAGT,0
GCCAATACAAATATTG,0
GCCAATACCGATCATC,0
GCCAATAGTCGCCAGT,0
GCCAATCAAGGAAGGA,0
GCCAATCATTGTATTA,0
GCCAATCCACTTTACG,0
GCCAATCGGAGCTGTA,0
GCCAATCTACCCAATG,0
GCCAATCTCCCGATAA,0
GCCAATTCAAGTGTCA,0
GCCAATTGTAAAATAT,0
GCCAATTTTCGTCCAC,0
GCCACAAAGCACATCG,0
GCCACAAGTCTAATGC,0
GCCACAATAATCATAT,0
GCCACAATAGAGTCAT,0
GCCACACACCGAAAGC,0
GCCACACAGAGCCCTG,0
GCCACACATATCCGGC,0
GCCACACCTTACTACA,0
GCCACACGGCGACAAA,0
GCCACACTTAAGCTGA,0
GCCACATACACATTGT,0
GCCACATATAAAATAA,0
GCCACATCTTGATAAT,0
GCCACATTAAAGGAAA,0
GCCACCAATTATGGCC,0
GCCACCACTAACGATT,0
GCCACCCAAAAGAGAT,0
GCCACCCATCCTGAGA,0
GCCACCCCATCTCTCC,0
GCCACCCCTGGTTAAG,0
GCCACCCTTGGACTCA,0
GCCACCGTCATTAAAA,0
GCCACCTACGTTATCT,0
GCCACCTCGTAGTGAG,0
GCCACCTTAATGGACC,0
GCCACGAACAAGACTT,0
GCCACGACTAAGCCTG,0
GCCACGAGATCGGCGC,0
GCCACGCGTACTAACG,0
GCCACGGAAGCAAATT,0
GCCACGGGAAAAACAC,0
GCCACGTATCACAAAG,0
GCCACGTCGCGATAAG,0
GCCACTAGCGATGACC,0
GCCACTCAAAACAATC,0
GCCACTCTACATTCCG,0
GCCACTGACCAACTCC,0
GCCACTGAGTGCTTGA,0
GCCACTGCTCCGGTCT,0
GCCACTGGACGTTATA,0
GCCAGAAAACAGGGGT,0
GCCAGAACGATTAAAG,0
GCCAGAGCCTACCCAA,0
GCCAGATCTGAAGCGC,0
GCCAGATTCGAGTCCT,0
GCCAGCAACGGCCCAA,0
GCCAGCAATGTCAACC,0
GCCAGCAGACTTTAGC,0
GCCAGCCGGAGTTTTC,0
GCCAGCCTTAAGAGAA,0
GCCAGCGCGAAAAACG,0
GCCAGGAGGAAGAATT,0
GCCAGGATAATGGGGT,0
GCCAGGATCTAGAAAC,0
GCCAGGCAATCAGAAT,0
GCCAGTAAACCAAAAA,0
GCCAGTAACCAAGGGA,0
GCCAGTATGAACCCCG,0
GCCAGTGAAGTGATCG,0
GCCAGTGAGTATGGCA,0
GCCATAAAAAGGTAAT,0
GCCATAACCTAGCAAG,0
GCCATAAGATACCACA,0
GCCATAATAATTGTCA,0
GCCATACAAAATAGAC,0
GCCATACCAAACGTAA,0
GCCATACTATTTAAGA,0
GCCATAGAGACACGGA,0
GCCATAGATACAGACG,0
GCCATAGGCTTTGAAG,0
GCCATATCATAATAAG,0
GCCATATGACCAATCC,0
GCCATATTAATATGGA,0
GCCATCAAATATCCTT,0
GCCATCACAAACTAAC,0
GCCATCACATGTTATG,0
GCCATCACTGGAGGCA,0
GCCATCATAATAATTA,0
GCCATCATCAAAAATC,0
GCCATCCACGTTCCCA,0
GCCATCCTTGAAAAAG,0
GCCATCTACCGCCACT,0
GCCATCTTCCCCAAGG,0
GCCATCTTTATTGACG,0
GCCATGAAGCGGTGCA,0
GCCATGAATAAGGTAC,0
GCCATGCAATGGCAAA,0
GCCATGCCGAAATATG,0
GCCATGGCAAAACTCA,0
GCCATGTTTGAACAAA,0
GCCATTAACAAACCCT,0
GCCATTAATACCACTA,0
GCCATTAGATGTCAAA,0
GCCATTAGCCTATCTC,0
GCCATTGACAACAGCC,0
GCCATTGCACAGAAGA,0
GCCATTTGCAGGCCTA,0
GCCCAAAATATAATAC,0
GCCCAAAATCCAGATT,0
GCCCAAACGATTAGAA,0
GCCCAAAGGCGGCGGC,0
GCCCAAATACGTACAG,0
GCCCAAATTTCAGCGG,0
GCCCAACAAGGAGAAC,0
GCCCAACCAGCCAGGT,0
GCCCAACCCGGATGCT,0
GCCCAAGACGGATTAT,0
GCCCAAGATTACTCAC,0
GCCCAATCATAATACC,0
GCCCAATCTACTACTG,0
GCCCAATCTTAATAGA,0
GCCCAATGTTATTCAG,0
GCCCAATGTTTTACCG,0
GCCCAATTACGTACTT,0
GCCCAATTACTGTATC,0
GCCCAATTCCGATTGG,0
GCCCACAAGTTAGAAG,0
GCCCACAGACTTTAAA,0
GCCCACAGGACGGGCC,0
GCCCACATAGCGACTG,0
GCCCACATATATAACG,0
GCCCACCAACCTAAGC,0
GCCCACGGATAAAGTA,0
GCCCACTCACGTGGTA,0
GCCCACTGAAGGACAA,0
GCCCAGAAACTCGAGC,0
GCCCAGAGTCGTCGCA,0
GCCCAGCTTAAGTCTG,0
GCCCAGGGTGGTCGTA,0
GCCCAGTACCAATAAC,0
GCCCAGTCACCTATTT,0
GCCCATAACAAAAAGG,0
GCCCATAATATATTCT,0
GCCCATAGAGTCAAGC,0
GCCCATCCGGGCTATG,0
GCCCATGAAGCATCTA,0
GCCCATGTGAACAATA,0
GCCCATTAAGTCACTT,0
GCCCATTACAACCTCT,0
GCCCATTCTCGTAGTA,0
GCCCCAAAAGACTTGT,0
GCCCCAAAAGGCGACT,0
GCCCCAAAAGGTGGCA,0
GCCCCAAATGAGAAAA,0
GCCCCAAATGCTGTAG,0
GCCCCAACACACTGAA,0
GCCCCAAGGCCAAATC,0
GCCCCACAGATTCCCG,0
GCCCCACCCCCAATTG,0
GCCCCACTATTCAGAT,0
GCCCCAGATAGAGAAC,0
GCCCCATGAGATGTCC,0
GCCCCATGAGCAGAGC,0
GCCCCATTTTGACATC,0
GCCCCCAAGGAGCATC,0
GCCCCCCAACATTCGA,0
GCCCCCCTTATAAACC,0
GCCCCCGGGCACCTCA,0
GCCCCCTCAAACTACG,0
GCCCCGCACCACTGGG,0
GCCCCGCCCCCGTCTT,0
GCCCCGCGAGTGACAA,0
GCCCCGCGATTAAAAA,0
GCCCCGTTGTAAGTTG,0
GCCCCTAAAACACCTA,0
GCCCCTAAATCAAGCG,0
GCCCCTAGAACCAAAT,0
GCCCCTAGACAAAATA,0
GCCCCTAGGTTGATAA,0
GCCCCTATTATGCAAA,0
GCCCCTCAACGATGGC,0
GCCCCTCCCGTCACGT,0
GCCCCTCTTTGAACAA,0
GCCCCTGAGGCCACCA,0
GCCCCTGATGTTCCTT,0
GCCCCTGGAATAAATC,0
GCCCCTTAAGCAAACA,0
GCCCCTTAAGTATCAG,0
GCCCCTTACGAACGAG,0
GCCCGAAAAAAACAGG,0
GCCCGAACGACACTGT,0
GCCCGAAGCCAAATCG,0
GCCCGACGGAAAGCGG,0
GCCCGACTAGCTGTTA,0
GCCCGATATAGATCTA,0
GCCCGATCGACAGACC,0
GCCCGATCTTACTCCA,0
GCCCGATTTTTACACT,0
GCCCGCAATTACTCTA,0
GCCCGCCAAGGCATGA,0
GCCCGCCGACGCCTCA,0
GCCCGCGTTTCGATAA,0
GCCCGCTCCGCCTACC,0
GCCCGGACAACGGGAA,0
GCCCGGATGAACGATA,0
GCCCGGATGATATTCC,0
GCCCGGATTACGAAGT,0
GCCCGGCGCATTGCTA,0
GCCCGGCTATATATAA,0
GCCCGGTTAGAGATTA,0
GCCCGTAGAGCCTAAT,0
GCCCGTATCATTACAG,0
GCCCGTCCCCAAGCTT,0
GCCCGTTGTAAGACAT,0
GCCCTAAAAGCTTTAC,0
GCCCTAACCCGCACAT,0
GCCCTAAGCAGACGAA,0
GCCCTAAGTATTCGCC,0
GCCCTAATAGTGAGCA,0
GCCCTAATCTGAAAAG,0
GCCCTAATGATTGCAC,0
GCCCTACACCTCTCGA,0
GCCCTACGAGCACTAA,0
GCCCTAGAAGATGGTA,0
GCCCTAGACTACTCAT,0
GCCCTAGACTGTGCCT,0
GCCCTAGCTCGATGAG,0
GCCCTAGGACACAGGC,0
GCCCTAGGGCAGAATT,0
GCCCTAGTAAGGACCC,0
GCCCTATACTATTAAC,0
GCCCTCAATACTGTGC,0
GCCCTCATACTATCTA,0
GCCCTCATTTATCTTT,0
GCCCTCCGTATTAAAG,0
GCCCTCGGAGACTTCG,0
GCCCTCGGTTGAGCCA,0
GCCCTCTTAGTAATAA,0
GCCCTGAGTGAGGGCT,0
GCCCTGATCAGATCAT,0
GCCCTGATTTTCTGCG,0
GCCCTGGAATCAACGT,0
GCCCTGGAGACTCAAT,0
GCCCTGGCGAGTCCAG,0
GCCCTGTAAGTGGTTA,0
GCCCTGTATCTCGTAA,0
GCCCTTAGGCAATTGA,0
GCCCTTATACGGTCTT,0
GCCCTTCCCTATGCTA,0
GCCCTTTCGGCAAAAA,0
GCCCTTTTATGAGCTG,0
GCCGAAAAAGAACAAG,0
GCCGAAACCGTAACAA,0
GCCGAAAGACACGCTC,0
GCCGAAAGGTTTGCGG,0
GCCGAAATGCACAAAA,0
GCCGAACATAGTTCAC,0
GCCGAACATCAGTCGA,0
GCCGAACCACAATACA,0
GCCGAACCCCGGACCA,0
GCCGAACCGTACACAT,0
GCCGAAGAACGAAAGC,0
GCCGAATCGGCCACTT,0
GCCGAATTTCAGATTA,0
GCCGACAAGTCGATAC,0
GCCGACAGCGAACGAT,0
GCCGACAGCGACCTCT,0
GCCGACAGGGCCCGTT,0
GCCGACCTAAAAATAT,0
GCCGACGACCGGTCAT,0
GCCGACGAGACTTATT,0
GCCGACGAGTCGATAC,0
GCCGACGGAGATTGGT,0
GCCGACTAACATCAAG,0
GCCGACTACGTAAAAA,0
GCCGACTATAATTCAC,0
GCCGAGACAAAATTGT,0
GCCGAGAGGAATTTAC,0
GCCGAGGTCAGTACGA,0
GCCGAGTACTCTTATC,0
GCCGAGTGAATACTAA,0
GCCGATAAACAACGCG,0
GCCGATACATACTAAG,0
GCCGATCACGAAACGA,0
GCCGATCATTGATCAC,0
GCCGATCGGCATATAA,0
GCCGATGAGCATTAAT,0
GCCGATGATGATTTAG,0
GCCGATTCAATGGGGT,0
GCCGATTGTTTAAATT,0
GCCGCAAAATGGTTAC,0
GCCGCAAGCGTAGACA,0
GCCGCAATAAAGAGCA,0
GCCGCATACTGGGAAG,0
GCCGCATCTTTGATTA,0
GCCGCCACATAACCAA,0
GCCGCCATGAAAATAA,0
GCCGCCCAAAACAGTT,0
GCCGCCCAAATGATCC,0
GCCGCCGAACACTTGC,0
GCCGCCGAACCAGGCG,0
GCCGCCTGACGTCCCA,0
GCCGCCTTTACTGTGT,0
GCCGCGCCTTTGATTG,0
GCCGCTATAAGACGGC,0
GCCGCTCATGTACTGA,0
GCCGCTCGCTTTTGGA,0
GCCGCTGTTAGACCCC,0
GCCGCTTAAAAAAAGC,0
GCCGGAAAACTCTTGA,0
GCCGGAAAACTTTGTA,0
GCCGGAAATTGAGATC,0
GCCGGAAGGAACACAA,0
GCCGGACACTAAACCG,0
GCCGGACCGGAAGATT,0
GCCGGACGACTCCTTA,0
GCCGGAGTAAACAATA,0
GCCGGATACTAGGAAT,0
GCCGGCAACTCTCTAG,0
GCCGGCAATTAACAGC,0
GCCGGCTAACTAAACC,0
GCCGGGAATTAGGACA,0
GCCGGGACCCTAGTAC,0
GCCGGGCCTAGGCAAA,0
GCCGGGGTCATCGCAC,0
GCCGGGTCATTACCTC,0
GCCGGTACGATTATTA,0
GCCGGTCATCCTTACC,0
GCCGGTCTTCCAAATG,0
GCCGGTGAAATGGGAC,0
GCCGGTGCTATCATTT,0
GCCGGTGTAAGAAATA,0
GCCGTAAAGCGCTTGC,0
GCCGTACAAGTACGTA,0
GCCGTACTCCCATAAA,0
GCCGTATGACTTCAAA,0
GCCGTCACAAGATTTT,0
GCCGTCCTACCATATA,0
GCCGTCGGTTGAGTAA,0
GCCGTCTCCGGGAAAC,0
GCCGTGACCGGACTAT,0
GCCGTGATCTTTTTCT,0
GCCGTGCTTAAAAACA,0
GCCGTTAAAGTCTACG,0
GCCGTTCAGTACCCAA,0
GCCTAAAACCTCAATG,0
GCCTAAAATAAAACTA,0
GCCTAAACATACACCC,0
GCCTAACAGAACCCGT,0
GCCTAACATCAGTAGG,0
GCCTAACCCATAACTG,0
GCCTAAGACGCCGCAA,0
GCCTAAGCACCATTGC,0
GCCTAAGGCGACGTTA,0
GCCTAATGAGCAAGTT,0
GCCTACAGACGTAACT,0
GCCTACATCAAAAGGA,0
GCCTACCCAAGATTAC,0
GCCTACGCCCCCTGAT,0
GCCTACGCCTTCGTGT,0
GCCTACTAGTACACTA,0
GCCTACTATCCCACAG,0
GCCTACTTATTTTGTG,0
GCCTACTTTTACAAGC,0
GCCTAGCAGAAGAGAC,0
GCCTAGCCAATTGATG,0
GCCTAGTAACACCGGT,0
GCCTAGTAGCAATCTT,0
GCCTATAACCAAGAGT,0
GCCTATAAGCGTGTTA,0
GCCTATAATGACTCAC,0
GCCTATAATTCCACCT,0
GCCTATACCAAAGAAA,0
GCCTATACCACTGGTT,0
GCCTATACGTAGTGTA,0
GCCTATGAAACCCGAG,0
GCCTATGAGCCCTCGA,0
GCCTATTTGTAATCTA,0
GCCTCAAAAAGCACCA,0
GCCTCAAAACTACGGT,0
GCCTCAAACGTGTATA,0
GCCTCAACAATCTAGC,0
GCCTCAAGCCCATCGA,0
GCCTCAAGGATACTAC,0
GCCTCACCAATCCGTA,0
GCCTCAGACGAGCGGA,0
GCCTCAGTATACAAGA,0
GCCTCATAAATTACAA,0
GCCTCATATTAGACAA,0
GCCTCCATTTACATTT,0
GCCTCCCAAGACCATC,0
GCCTCCTAAACTCTAA,0
GCCTCGAAACATCCGC,0
GCCTCGCTAAATAACA,0
GCCTCGGCCAAAAAAT,0
GCCTCGTAGACGTACG,0
GCCTCGTTATACGCTC,0
GCCTCTACTACTCACA,0
GCCTCTAGAACAGCAA,0
GCCTCTATATGTGAAG,0
GCCTCTGTTTCTGGAA,0
GCCTCTTATAGAGGCT,0
GCCTCTTCAATGCACT,0
GCCTCTTTAAATGGAG,0
GCCTGAAAGCAAGCTT,0
GCCTGAAATCTTGCAC,0
GCCTGAAGTAACACGA,0
GCCTGACGGAATACAC,0
GCCTGAGAAATGACCC,0
GCCTGAGAAGTGAGCT,0
GCCTGAGCTCTTTTCG,0
GCCTGAGTAGCCAATA,0
GCCTGAGTCGAAATTC,0
GCCTGATAAGGAGAAC,0
GCCTGATACCAGAGTC,0
GCCTGATTAAAATCTG,0
GCCTGCACAGCGTTTG,0
GCCTGCCAATTATGAC,0
GCCTGCCTGATAGTAT,0
GCCTGCGCTTTATAAT,0
GCCTGCTACTATGGCA,0
GCCTGCTAGATGACTA,0
GCCTGGATCGAAGTCC,0
GCCTGGGATAAATGCG,0
GCCTGGTGGTCAATGG,0
GCCTGTGAAAATCTTT,0
GCCTGTGAAACAACCA,0
GCCTGTGAACCGCTTT,0
GCCTGTTGATGTGGTT,0
GCCTTAAAGCGACACT,0
GCCTTAAATAGCTTGC,0
GCCTTAATAAGCAGCA,0
GCCTTACAAGACGACG,0
GCCTTACACATAAATA,0
GCCTTACTAATAACTG,0
GCCTTACTCAATATAT,0
GCCTTAGAAAATCAAA,0
GCCTTATCACTCACTA,0
GCCTTCAAAATTCGTA,0
GCCTTCAGGACCTGAA,0
GCCTTCCAAAGCGCCT,0
GCCTTCCTAAAATATA,0
GCCTTCGAAACGGCTT,0
GCCTTCTACTCCATCC,0
GCCTTGAAAAGGAACC,0
GCCTTGAAGGGGGAAC,0
GCCTTGGACCAGAAAG,0
GCCTTGTTGCTCAGAC,0
GCCTTTAGTTCCCAAG,0
GCCTTTCTATCAGGTA,0
GCCTTTTAAGCAACAG,0
GCGAAAAAAAATAGAA,0
GCGAAAAACAAAAACC,0
GCGAAAAACCTTCTTA,0
GCGAAAAATAGCCACC,0
GCGAAAAATGAAAAAC,0
GCGAAAACCCCGTCAC,0
GCGAAAAGTATCACCA,0
GCGAAAAGTTGCTCTA,0
GCGAAAATGAGGCCTT,0
GCGAAACAAGGAGTCT,0
GCGAAACAATACACTT,0
GCGAAACAGAATGTGC,0
GCGAAACAGTAAGCAC,0
GCGAAAGAACGGTGAG,0
GCGAAATCTGCCTGTC,0
GCGAAATGCATTCAGT,0
GCGAAATTGAAACAAG,0
GCGAAATTTTGTGATC,0
GCGAACAAAATAAATC,0
GCGAACAAAGTACGAC,0
GCGAACAGGCTACAAG,0
GCGAACATACTGGTCA,0
GCGAACATATAAATAG,0
GCGAACATTATTATCC,0
GCGAACCGTTCACATC,0
GCGAACGGCCAATTCA,0
GCGAACTACTAACACA,0
GCGAACTCAACAGAAT,0
GCGAACTCGAACACAT,0
GCGAACTGTTTACTAC,0
GCGAAGAGCAACGTTG,0
GCGAAGATATCTAAAC,0
GCGAAGCCGAGAGACT,0
GCGAAGCGACACGACT,0
GCGAAGTACCGTGTAA,0
GCGAAGTCATCCCATC,0
GCGAAGTTGAGCCAGA,0
GCGAATAAGGTACATC,0
GCGAATACTGTTCTGA,0
GCGAATCATATAACAC,0
GCGAATCATCTTGGAA,0
GCGAATCGACAAACCA,0
GCGAATGATTTACAAG,0
GCGAATTACCCACTAT,0
GCGAATTAGACACCAT,0
GCGAATTATGGGACCG,0
GCGAATTCAAGATGGA,0
GCGAATTTATTCACCA,0
GCGAATTTTGAACAAG,0
GCGACAAACTCCACAT,0
GCGACAAGTCGCTCGA,0
GCGACACACTCGACTG,0
GCGACACATCCACTCA,0
GCGACAGATTGAAATA,0
GCGACAGCCCGCGGGT,0
GCGACATATTACAATA,0
GCGACATCGTATATCT,0
GCGACATGAACTACAT,0
GCGACCAGGATAGATC,0
GCGACCGTTAACAACA,0
GCGACCTATTGCCCTT,0
GCGACGAAACCCGGAC,0
GCGACGAGCTCATTGC,0
GCGACGCCAATCACGC,0
GCGACGCGATTGCTCG,0
GCGACTAAAACTCTTC,0
GCGACTAAAGACCCTC,0
GCGACTACACATAAGG,0
GCGACTAGAACATTGT,0
GCGACTGCATTTAAGT,0
GCGACTGTCATTCATA,0
GCGACTTCCGAAGATC,0
GCGACTTGCCAGTCAA,0
GCGAGAAGTTCTGGTC,0
GCGAGACTTAATCTAA,0
GCGAGAGAACATAGAA,0
GCGAGAGGATCCGATA,0
GCGAGATACGAAAGAA,0
GCGAGCAAGATCTTGA,0
GCGAGCCAAATCAACA,0
GCGAGCCATCCGAAAT,0
GCGAGCGGAGAAATAT,0
GCGAGCTCTATAAGTC,0
GCGAGCTTGCGATGGA,0
GCGAGGAACGTATCTT,0
GCGAGGAATTACAAAT,0
GCGAGGACTACAGAAA,0
GCGAGGACTGATTAAA,0
GCGAGGAGCCAACAAG,0
GCGAGGATATCTCCAA,0
GCGAGGATATGTGCCG,0
GCGAGGCCTGAGACTA,0
GCGAGTAACAACATGA,0
GCGAGTAAGCACCATA,0
GCGAGTACAAGATACC,0
GCGAGTATTCCCGACA,0
GCGAGTTAACACAGTA,0
GCGATAAAAATAAACG,0
GCGATAAAAATTTCAA,0
GCGATAAAGTACAACT,0
GCGATAAGAACCAGAC,0
GCGATACCAAACTGTC,0
GCGATACTAATCACAA,0
GCGATAGAACCTATAG,0
GCGATAGGAATGGATA,0
GCGATATATGAAGGCG,0
GCGATATATGACAACA,0
GCGATATCACAATTCC,0
GCGATATCAGATCTAG,0
GCGATATTATAGTTAA,0
GCGATATTCTATTGAG,0
GCGATCAAATGAGGGT,0
GCGATCAGGGGCGGAA,0
GCGATCCCATAGTCTA,0
GCGATCCGAGGCGCAC,0
GCGATCCTGGCAGTCC,0
GCGATCGAGAGTGGAT,0
GCGATCGATCTGTATC,0
GCGATCTCCAAGAAGC,0
GCGATCTGAACTGAGA,0
GCGATCTTAAATCCAA,0
GCGATGAAATGCGATG,0
GCGATGAATGGAATAC,0
GCGATGACACCGGAAC,0
GCGATGAGTAAAGAAT,0
GCGATGCAGCGAACCA,0
GCGATGCATATATAAG,0
GCGATGCTGACATCAA,0
GCGATGGATAACTCTA,0
GCGATGGGACGGACAC,0
GCGATTACGCTTTGAC,0
GCGATTACGTGTCATT,0
GCGATTTACGGCCTAC,0
GCGATTTAGTTGATTC,0
GCGATTTCTCTACCAG,0
GCGATTTTTGATTGAC,0
GCGCAAAAAAATACAC,0
GCGCAAAACAACATCG,0
GCGCAAACATGAAACA,0
GCGCAAAGCAAATCGT,0
GCGCAAAGCAAGTACG,0
GCGCAAATAATCCATC,0
GCGCAAATCCGATTAA,0
GCGCAACAACTCTCTG,0
GCGCAACAATGTCTAC,0
GCGCAAGCAGTCAAAT,0
GCGCAATAAGCCAATT,0
GCGCAATCGCGGAAGA,0
GCGCAATGTAATGCAC,0
GCGCAATGTGCTAATT,0
GCGCAATTGAGACCCT,0
GCGCACCAATAACACA,0
GCGCACCAGCTCTTCA,0
GCGCACCTGCCGCACA,0
GCGCAGACCATGTATA,0
GCGCAGAGATTCAGGT,0
GCGCAGAGGGCACGAA,0
GCGCAGCTTACATCTA,0
GCGCAGTCTGGATAAA,0
GCGCAGTGCACCTTAC,0
GCGCATACCCTAATTA,0
GCGCATAGGAACAAAC,0
GCGCATATACCTAATA,0
GCGCATCATCGACTGT,0
GCGCATCTCATGGGTA,0
GCGCATGCCTCGAGAT,0
GCGCATGCTTCGGTAG,0
GCGCATGTAACTGTGT,0
GCGCATTTCACTCATG,0
GCGCCAACAAAAAGTC,0
GCGCCAACCACAGAGA,0
GCGCCAACTCATGTGA,0
GCGCCACGCCCAGTTA,0
GCGCCACTGGCCAGTT,0
GCGCCATTATTCATAT,0
GCGCCATTGTCTAATC,0
GCGCCCATCGCAGCTA,0
GCGCCCCGCATAGTCA,0
GCGCCCGCAAGTTACC,0
GCGCCCGCTATGTCTA,0
GCGCCGAAAATAGCAT,0
GCGCCGTTCTTGAAGC,0
GCGCCTAACCGTTACT,0
GCGCCTAGCAACCGAG,0
GCGCCTTCTTTCATAA,0
GCGCGAAAAGTAACAT,0
GCGCGAAACAATGACT,0
GCGCGAATACTACGCT,0
GCGCGACATAGATCAG,0
GCGCGACGTGGATGAA,0
GCGCGATGATGATACC,0
GCGCGCCTCTTCCGGA,0
GCGCGGCCTGGAGCCA,0
GCGCGGCGTTACAAAA,0
GCGCGTAAACGCCGAC,0
GCGCGTAACATAGCGT,0
GCGCGTCCAAGCTGAT,0
GCGCGTGAACTTCAAG,0
GCGCTAACAAATAACA,0
GCGCTACCTTTTCCGC,0
GCGCTAGTCAAATTAT,0
GCGCTATAAGACTCCT,0
GCGCTATATAATAAGT,0
GCGCTCACACTAAAAC,0
GCGCTCACGACTAGCG,0
GCGCTCATGTCGAGGC,0
GCGCTCGTATAAAACT,0
GCGCTCTGACACAGTC,0
GCGCTGAAGAACTGAC,0
GCGCTGATGCAAATTG,0
GCGCTGTCAGGAAATT,0
GCGCTTCCCGGAGGAA,0
GCGCTTCCGCACCAAA,0
GCGCTTCCGGTGTCGA,0
GCGCTTCGTCCGACTT,0
GCGGAAAATATTGGCA,0
GCGGAAACAATAACGA,0
GCGGAAATGGTGGGTC,0
GCGGAACAGAAAGAGC,0
GCGGAACAGCAGCCAA,0
GCGGAACAGCTGAAAC,0
GCGGAACGATGTGAAA,0
GCGGAAGTTGTGATTA,0
GCGGAATAAACATAAA,0
GCGGAATATACTTTCC,0
GCGGAATGGTGATAAA,0
GCGGAATTAAACAGTT,0
GCGGAATTGCGCATAA,0
GCGGACACGCACATAG,0
GCGGACATTCTAGATT,0
GCGGACCACTAAAATA,0
GCGGACCTAATCGTTG,0
GCGGACCTCCAAATTC,0
GCGGACCTTTATACAC,0
GCGGACGTATATTGCC,0
GCGGACTCTCCGCGAA,0
GCGGACTGTCCTCCGC,0
GCGGAGAAGCTTACAT,0
GCGGAGACCCCGGACT,0
GCGGAGATACACCGTA,0
GCGGAGATGGTTAAAA,0
GCGGAGCCGTTAAGTA,0
GCGGAGTACATTGGGC,0
GCGGATCAAAAACGAA,0
GCGGATGCACCTGCAT,0
GCGGATTTCCTCTATA,0
GCGGCAAAAGGAGTCG,0
GCGGCAAAAGGCGTAG,0
GCGGCAAGTAGGAAGA,0
GCGGCACAATCAGCAG,0
GCGGCACGACAGGGCA,0
GCGGCATCCACGGGGT,0
GCGGCATGCAGAACCC,0
GCGGCATGGCCTACTA,0
GCGGCATTACGAGAAT,0
GCGGCCACCACTTTGC,0
GCGGCCAGTCGAATCC,0
GCGGCCATTAATTTGT,0
GCGGCGAAGTCCCCTT,0
GCGGCGCCAGAACTGA,0
GCGGCTCCAATCATTT,0
GCGGCTGCACTCGGGT,0
GCGGCTGGAAAATGGC,0
GCGGCTGGCAGAAACC,0
GCGGCTTGCATTAATT,0
GCGGGAGACATCGACA,0
GCGGGATAGCAAGCTA,0
GCGGGCGCAAATTATA,0
GCGGGGATGTCAATGC,0
GCGGGGCATAAGACAG,0
GCGGGTCCGAAGAAAA,0
GCGGGTGACCCATATA,0
GCGGGTGGAATGCCTC,0
GCGGGTTCAGTGAATT,0
GCGGGTTTCGTCAACG,0
GCGGTAAACCTATTGA,0
GCGGTAATCCAAAAAT,0
GCGGTAGACTGTATAA,0
GCGGTATAAGGTATCC,0
GCGGTATAGACAGCAC,0
GCGGTATCCTACCTAT,0
GCGGTATTGTCTTTCG,0
GCGGTCAATACGGATA,0
GCGGTCAGAAGTCGAC,0
GCGGTCCGGTAAAATT,0
GCGGTCCTACTAAAAT,0
GCGGTCGATCTACCGG,0
GCGGTCGCAAGCATTG,0
GCGGTCGCTAGGTAGA,0
GCGGTCTCAGTGGAAG,0
GCGGTTAATAACTCGC,0
GCGGTTAATGCTAATA,0
GCGGTTGCCGACTGAG,0
GCGGTTTAATACATAG,0
GCGTAAAACAAAAACT,0
GCGTAACACCATAAGT,0
GCGTAACCTGAGACCC,0
GCGTAACTTACAGATA,0
GCGTAAGCATAAACCA,0
GCGTAAGCGTTAAACG,0
GCGTAAGTTCAGACCG,0
GCGTAATAATGAATTC,0
GCGTACAAACACTTTA,0
GCGTACCTAAAAGGAA,0
GCGTACCTAAGTTTAG,0
GCGTACCTCACCATGT,0
GCGTACGATGTAGTAA,0
GCGTACTAAACTGACG,0
GCGTACTATGGAACCC,0
GCGTACTGAACGGGCG,0
GCGTACTTACGTACCC,0
GCGTAGATACACTTCT,0
GCGTAGGCCCTAGAAC,0
GCGTATAACTAAAAAT,0
GCGTATATGCAATTGA,0
GCGTATATTACCCCGC,0
GCGTATCTTGACAGGC,0
GCGTATTAAAGCTATA,0
GCGTATTTAGAAACAA,0
GCGTCAAACCCGTAAT,0
GCGTCAACTGTATAGC,0
GCGTCAAGCTAATACT,0
GCGTCAAGCTTAACGA,0
GCGTCACCCACCATAT,0
GCGTCACTTTCCGCAT,0
GCGTCAGAAGATTTGG,0
GCGTCAGAATAATTAG,0
GCGTCAGATTAGTCAG,0
GCGTCAGGACCCCATC,0
GCGTCATAAATCTCAC,0
GCGTCATGCCTTAATA,0
GCGTCCACGAGTTACA,0
GCGTCCTGTTCTGACA,0
GCGTCGGTTGAATCAT,0
GCGTCGTTCAAGAACT,0
GCGTCTACTACTTATT,0
GCGTCTATAAGTGGCC,0
GCGTCTCGATAGATGA,0
GCGTCTTACCCTTATG,0
GCGTGAGAATAAAATA,0
GCGTGATGCAAGAAAT,0
GCGTGATTAACCAAAA,0
GCGTGCAAACTTTATA,0
GCGTGCCATGGTTTTG,0
GCGTGGAACGAGATAA,0
GCGTGGGGTTTTGTAA,0
GCGTGGTATAACGCGG,0
GCGTTAAAAGTTTATA,0
GCGTTACATATAGCGG,0
GCGTTACGTTAGCGGA,0
GCGTTACTCTAGGGTT,0
GCGTTAGCTTAAACTC,0
GCGTTATAAGCATATC,0
GCGTTATCGAACCATG,0
GCGTTCAGTATACGAG,0
GCGTTCATATCGGTAC,0
GCGTTCCTTCTTTCAA,0
GCGTTCTAAAACTGAA,0
GCGTTCTCAAGATGAT,0
GCGTTCTGCCACGTTT,0
GCGTTGACGAAAACTT,0
GCGTTGAGCTTCCTAC,0
GCGTTGCAATCGCATA,0
GCGTTGCCGTTCAGAA,0
GCGTTGCCTCCAGATG,0
GCGTTGGGGTACTAGA,0
GCGTTGGTGCGATTAA,0
GCGTTGTGCATGCTTA,0
GCGTTTAAAAAACAAT,0
GCGTTTAATCAAACAC,0
GCGTTTATCTACATTA,0
GCGTTTATTGAATGAC,0
GCGTTTCACATTCAGT,0
GCTAAAAAAAAAACAC,0
GCTAAAACAACACTTA,0
GCTAAAACTTGCCTAA,0
GCTAAAAGCCATCTTC,0
GCTAAAATAACCCACG,0
GCTAAAATATGTGAAA,0
GCTAAAATATTCTCAA,0
GCTAAACAAACACTCC,0
GCTAAACTAGCGGGAA,0
GCTAAAGACTCAACTC,0
GCTAAAGCCCAATGAT,0
GCTAAATAATTTGTTC,0
GCTAAATACAAATAAA,0
GCTAAATATGAGTATG,0
GCTAAATCAACCTAGC,0
GCTAAATGTCAACAGA,0
GCTAACACTTCGTTAT,0
GCTAACAGCAAACCAA,0
GCTAACATAAAAGAAA,0
GCTAACCAACCTACTA,0
GCTAACCACCATTATG,0
GCTAACCTCAGGCAGG,0
GCTAACCTGATTAATA,0
GCTAACGAACGTAACT,0
GCTAACGAGATTGTAC,0
GCTAACTAACCAACTA,0
GCTAACTAAGATTAAG,0
GCTAACTAAGTTTTAT,0
GCTAACTCAACTAGGA,0
GCTAACTGAAGAGTAT,0
GCTAAGAACATACTTA,0
GCTAAGAATCATAAGC,0
GCTAAGAATTTCCAAT,0
GCTAAGCAAAGAATTT,0
GCTAAGCGAGCAAGAA,0
GCTAAGGAAGTACTAT,0
GCTAAGTAAAGCCAGT,0
GCTAAGTCATTAATGT,0
GCTAATAAAACAAAGA,0
GCTAATAAAACTGAAG,0
GCTAATAGACCACTCC,0
GCTAATCATTTAACGG,0
GCTAATGGAAACTAGC,0
GCTAATGTGATCAGTA,0
GCTAATTAACCCAAGA,0
GCTAATTCACTAGACA,0
GCTAATTCGTCTTCGA,0
GCTAATTCTAAGAAAT,0
GCTAATTGTGCGTAAC,0
GCTAATTTAGAATCAC,0
GCTAATTTGAAGACAA,0
GCTACAAAACAAACAC,0
GCTACAATCTAAAGGG,0
GCTACAATGCGGTGGA,0
GCTACACAAAACGAAA,0
GCTACACCATTCAAAA,0
GCTACACTTAAGAGCA,0
GCTACAGACCTCGATC,0
GCTACAGCACAGTCCC,0
GCTACAGCTAGAGCTA,0
GCTACAGTGTGCCAGT,0
GCTACATAATAGATTA,0
GCTACATGCACATTAA,0
GCTACATTACTGTTAC,0
GCTACATTTCCGGAAT,0
GCTACCAAAAAACACG,0
GCTACCAAAAACAACG,0
GCTACCACAACCGAAC,0
GCTACCACAGCAATAA,0
GCTACCCATCAAAATA,0
GCTACCGGTTATTGAT,0
GCTACCGTCGTTGATC,0
GCTACCTAATCCATCA,0
GCTACCTGTAAGAACG,0
GCTACCTTCTACCTTG,0
GCTACGACACTTAGAA,0
GCTACGCACCTTTAAG,0
GCTACGGCCGTAAGAT,0
GCTACGTGCAAGTACT,0
GCTACTAAGTAGAATT,0
GCTACTAATGGTGGCC,0
GCTACTCAATGCCCTA,0
GCTACTCATAGTCGAA,0
GCTACTCTATAACCCT,0
GCTACTGGCCACGACT,0
GCTACTGTGACACCAA,0
GCTAGAAAATAGTCAA,0
GCTAGAAAGTACTCAA,0
GCTAGAACAGAAAGAT,0
GCTAGAAGCACTCAAT,0
GCTAGAATTGACACAA,0
GCTAGACAACCCCGTT,0
GCTAGACCAAAGCGAA,0
GCTAGACGGGCAATTG,0
GCTAGATAAAGCGAAG,0
GCTAGATAAATGTATA,0
GCTAGATAATCATTCT,0
GCTAGATCGAATTAGT,0
GCTAGCAAGACCCCAG,0
GCTAGCATGCCGCTGT,0
GCTAGCCACCACGCAT,0
GCTAGCGTTGCAAGTG,0
GCTAGCTAACTTTTAC,0
GCTAGCTATACAAGCC,0
GCTAGGACACCGATTC,0
GCTAGGACTATTCGGT,0
GCTAGGAGGCGGACGT,0
GCTAGGGATACATAGA,0
GCTAGGGATACATATA,0
GCTAGGTAACAGCAAA,0
GCTAGTAACAAATAAC,0
GCTAGTAGCGTGGAAG,0
GCTAGTAGTAATCGAG,0
GCTAGTGCCATAAACA,0
GCTAGTGGCAGCCAGG,0
GCTAGTTAAGTAAATA,0
GCTATAAAACGAATTG,0
GCTATAAAATACAGTG,0
GCTATAAACGACTAAC,0
GCTATAATCTCGGGCA,0
GCTATAATTTCTTAGC,0
GCTATACAAACCCGAT,0
GCTATACACCAAAAAT,0
GCTATACATCGTACGT,0
GCTATACATTAATCAA,0
GCTATACCATGGAGCC,0
GCTATACCTGATACTG,0
GCTATACGTGGTTGAA,0
GCTATAGAGACTCCGA,0
GCTATAGCACAAAAGA,0
GCTATATAATTAATCG,0
GCTATATCGACTTCTT,0
GCTATATCGGCAAACA,0
GCTATATTAAAAAGCA,0
GCTATATTAAATTGAA,0
GCTATCACAGATACTT,0
GCTATCATGTGACTAA,0
GCTATCATTTGTTCAA,0
GCTATCCAACAGCTAA,0
GCTATCCAGGAAATGA,0
GCTATCCGAAATGGGA,0
GCTATCGTTTAAGATC,0
GCTATCTGTTGTGATA,0
GCTATCTTTCCAAACC,0
GCTATGACATGTTCCA,0
GCTATGAGGGATGAAG,0
GCTATGATTAGTGGCG,0
GCTATGCAATACGTCA,0
GCTATGGAAGGCAGGT,0
GCTATGGACTCCGATC,0
GCTATGTAGAACGCGA,0
GCTATGTGAGGCATAC,0
GCTATTAAAAATAACA,0
GCTATTAAACAGCATG,0
GCTATTAAATATGTTA,0
GCTATTACAAGAATAG,0
GCTATTAGAATTAAAA,0
GCTATTAGTTGCGACA,0
GCTATTATTCCAAAAG,0
GCTATTCATAGCCTAA,0
GCTATTGCTGGAGAAC,0
GCTATTTCCATGTGGA,0
GCTATTTCCTAGTTGT,0
GCTCAAAAAACCAGCA,0
GCTCAAAACTTACCAG,0
GCTCAAACGTCTGATT,0
GCTCAAAGGGACATTG,0
GCTCAAATAGTCCATT,0
GCTCAACCTATATCTC,0
GCTCAACCTCAACCTA,0
GCTCAACTCGAATAGC,0
GCTCAACTTAATGTCA,0
GCTCAAGCAGGCAAAT,0
GCTCAAGCCCGCAAAT,0
GCTCAAGGGGTTTTAT,0
GCTCAATAAATAACTT,0
GCTCACACGCCAGCCA,0
GCTCACAGGAGAACAA,0
GCTCACATCTTTGAAA,0
GCTCACCACTCGAAAA,0
GCTCACCAGATATTCG,0
GCTCACGAACTAAAAA,0
GCTCACGCAAGCAAAA,0
GCTCACTCTTGTAAAA,0
GCTCACTGAAAGGTTC,0
GCTCACTGAACAACCG,0
GCTCACTGCCAAAATT,0
GCTCACTTAATCCACT,0
GCTCACTTTTCCACGA,0
GCTCAGATCTATTTAA,0
GCTCAGATTACACACA,0
GCTCAGCGTACCTAAT,0
GCTCAGGACCTTCTAC,0
GCTCAGGGACCAGAAA,0
GCTCAGTTACAATTTT,0
GCTCATAAAACTTGAT,0
GCTCATAATAGCAACA,0
GCTCATCACGTAAACA,0
GCTCATGAGGGGTAAT,0
GCTCATGGGATAGCTC,0
GCTCATTCACCCAAAG,0
GCTCATTCTCGGAAAG,0
GCTCATTGGTAAACTG,0
GCTCCAAAGAGGTTGA,0
GCTCCAAGAGAACCAC,0
GCTCCAATATATCCAG,0
GCTCCACAGCCATTCG,0
GCTCCACGGTTCGCCA,0
GCTCCACTACAAGGAA,0
GCTCCAGAGTAGGCCT,0
GCTCCAGTTAAATGCC,0
GCTCCATCAGCCTTCA,0
GCTCCATTACAAGTTC,0
GCTCCCAAACCCGCCC,0
GCTCCCATACTACATT,0
GCTCCCCGCGCACCGC,0
GCTCCCCTATGTCCTA,0
GCTCCCGACGAATACG,0
GCTCCCTGACAGGATC,0
GCTCCCTTATGAATAC,0
GCTCCGCCTGTCTCCT,0
GCTCCGCTTTACTAGG,0
GCTCCGGGTGAACTTG,0
GCTCCGGGTGGACTTG,0
GCTCCGTAATTTGAAA,0
GCTCCGTACCTCTAGA,0
GCTCCTAACGGTTATA,0
GCTCCTACAATATTAG,0
GCTCCTACAGTATTAA,0
GCTCCTAGCGCACCCA,0
GCTCCTATGGGATTGC,0
GCTCCTCCTTTGCGAG,0
GCTCCTGATGACATAC,0
GCTCCTTATAGCTCCC,0
GCTCGAAAAAAAAGGT,0
GCTCGAAACAAACGAA,0
GCTCGAACAAATCGAT,0
GCTCGAATTAAAACAC,0
GCTCGACACGTCATGA,0
GCTCGACGAACTGTGC,0
GCTCGACTTATACTCC,0
GCTCGAGATTCAGTCT,0
GCTCGAGTCGCTGAAA,0
GCTCGCGAGCAACAAA,0
GCTCGCGAGCTGCATA,0
GCTCGGCATGCTGCCG,0
GCTCGGGCCCATCATT,0
GCTCGGTACTCGAGAA,0
GCTCGTACAAACCGCC,0
GCTCTAAACGAACTGA,0
GCTCTAAAGGGATCCC,0
GCTCTAATATATAAAC,0
GCTCTACATTGATCAA,0
GCTCTACCACTCTAGA,0
GCTCTACCTGCAGTAG,0
GCTCTAGAATCACTCT,0
GCTCTAGCCCGGCACG,0
GCTCTAGTCCACTATA,0
GCTCTATACTTCTGTC,0
GCTCTATATCATAACT,0
GCTCTATCATAACTTC,0
GCTCTCAATCCTCCGC,0
GCTCTCACCGTTTACA,0
GCTCTCATTAATCAGT,0
GCTCTCCGTAATATGA,0
GCTCTCCGTCAACAAG,0
GCTCTCGAGCCTTATT,0
GCTCTGAATTACAAGT,0
GCTCTGCAGGCACATA,0
GCTCTGTAGATTAATA,0
GCTCTGTTCAATTGAT,0
GCTCTTACACATTTTC,0
GCTCTTACTCAATACA,0
GCTCTTACTCCGGGCT,0
GCTCTTAGCCCCCACG,0
GCTCTTATTGAAAACC,0
GCTCTTCTACTCTCGA,0
GCTCTTTTCCAGAGAT,0
GCTCTTTTTTACACAC,0
GCTGAAAAAAGACAAG,0
GCTGAAAAAGAATCAG,0
GCTGAAACTTAATTTA,0
GCTGAAATGAAAGTCG,0
GCTGAACAACAAGCAG,0
GCTGAACCACACCGTC,0
GCTGAACGCCACATAC,0
GCTGAAGACTGCTACG,0
GCTGAATATACTCGGC,0
GCTGAATTACCGCCTT,0
GCTGACAAAACCCGAC,0
GCTGACACAGCACCTT,0
GCTGACATAAAATACA,0
GCTGACATAACAGATC,0
GCTGACCTGATGACCC,0
GCTGACGCCATCTGTG,0
GCTGAGAATAAATCCC,0
GCTGAGAATAACCAAT,0
GCTGAGCGAAAAACCG,0
GCTGAGCGACTAGATG,0
GCTGAGGCACTTAAGC,0
GCTGAGGGAATAAATT,0
GCTGAGGTCTCACCCA,0
GCTGAGTCTGTACTTA,0
GCTGATACTACCCCAC,0
GCTGATAGCACGTAGA,0
GCTGATAGTAAATGAT,0
GCTGATATGAAACGTG,0
GCTGATCCCATCTCTG,0
GCTGATGAATCGTTAG,0
GCTGATGGAGTCAATA,0
GCTGATTTGACCTATG,0
GCTGATTTGGAACTGG,0
GCTGCAAAAGCTGCAG,0
GCTGCAACTGCAGCAA,0
GCTGCACAGGCCCCTA,0
GCTGCATGGCTAAATT,0
GCTGCCGAGGAAATGT,0
GCTGCCTATAGCAATG,0
GCTGCCTATGCAACAT,0
GCTGCCTTCCGTGTCA,0
GCTGCGAAACTTCAAT,0
GCTGCGCGAAGAAAGT,0
GCTGCGCGACTAGATT,0
GCTGCTAACCACCTAC,0
GCTGCTGCAAACAGAA,0
GCTGCTGCTCTGTTTA,0
GCTGGAAAAGCCGAAT,0
GCTGGAACCTGATAAG,0
GCTGGACTAAAGAGTT,0
GCTGGATAAAGGACCG,0
GCTGGATCACCGGGAC,0
GCTGGATTATATTATT,0
GCTGGCAACCATAGAG,0
GCTGGCTCAAGTCTCA,0
GCTGGCTCCCAGTAAA,0
GCTGGCTCGCAGCCCT,0
GCTGGCTCTTAATGGC,0
GCTGGCTTGAATCCAC,0
GCTGGGACCTAAAGTG,0
GCTGGGAGTAACCAAC,0
GCTGGGCAAAAACCGT,0
GCTGGGCCACAAAGGA,0
GCTGGGTGAGAACTGA,0
GCTGGTTCTAACAGTA,0
GCTGTAAACATGGTCC,0
GCTGTAAACGGTCGTT,0
GCTGTAAACTTGTTGA,0
GCTGTAACAAATTTTC,0
GCTGTAACCCTGTGCT,0
GCTGTAACGGATGACT,0
GCTGTACATCGGCTCG,0
GCTGTACTATTCTAAC,0
GCTGTACTGCGTGCCG,0
GCTGTATTAGAATATT,0
GCTGTATTATGCTACT,0
GCTGTATTTTTGGCAC,0
GCTGTCAACTACATAC,0
GCTGTCAGAAGTAATC,0
GCTGTCCAGCATGTCC,0
GCTGTCCATGTAGATG,0
GCTGTCCTCGCCTCAC,0
GCTGTCCTTTGCTGAC,0
GCTGTCTCCTCTAAAA,0
GCTGTCTCTTTTAGAA,0
GCTGTGACATAAGCAT,0
GCTGTGCCTATTAAAT,0
GCTGTGGACAACAATG,0
GCTGTGTTTCTGACTC,0
GCTGTTACCTTTAGTT,0
GCTGTTGAAAAATATT,0
GCTTAAAACTGACCCC,0
GCTTAAAAGGCCGGCT,0
GCTTAAAATGCGACAC,0
GCTTAAACGTATGAGC,0
GCTTAAACTACCGAGA,0
GCTTAAACTTATACTA,0
GCTTAAAGGTCAATAC,0
GCTTAAATAGTATGGA,0
GCTTAAATCGAGAAAA,0
GCTTAACAGCTTCAGA,0
GCTTAACCCAAAATTC,0
GCTTAACGCAAGGTAT,0
GCTTAATAATCGCACA,0
GCTTAATACTTATCAT,0
GCTTAATATAAAGTTA,0
GCTTAATCAGGTCACT,0
GCTTAATGATCCGCAT,0
GCTTAATGGACCTGTG,0
GCTTACAGTGCGCTCA,0
GCTTACGAGTATACCA,0
GCTTACGATGAACGCC,0
GCTTACGGAAAATTAC,0
GCTTACGGCCTTAATA,0
GCTTACTTGAGTCAAG,0
GCTTAGAATCTACAGT,0
GCTTAGATTTCATTCT,0
GCTTAGCAACGTCATC,0
GCTTAGCTCTATACAT,0
GCTTAGGACGCTCACC,0
GCTTAGGACTTCTAGT,0
GCTTAGTTGTATTGTA,0
GCTTATAAAAATCACT,0
GCTTATAAATCACTTC,0
GCTTATTATCATCCAC,0
GCTTATTCTGTGGCTA,0
GCTTATTTAGCTACAC,0
GCTTATTTAGTCAACC,0
GCTTATTTATAACCAT,0
GCTTCAACAAAGGGAC,0
GCTTCACAATGGAATA,0
GCTTCACAGACTGGCG,0
GCTTCACTAAATTGAC,0
GCTTCAGACTCCGCTT,0
GCTTCAGTGCCAATAA,0
GCTTCATCTGTCCTCA,0
GCTTCCAAGTAGACGG,0
GCTTCCACAAGGCTAT,0
GCTTCCACCCCAACTG,0
GCTTCCATACTAGAGC,0
GCTTCCCACCTAAAAC,0
GCTTCCCCATATTGTC,0
GCTTCCCTGTGTCTCT,0
GCTTCCGCTGATAATA,0
GCTTCCGTAAATAACT,0
GCTTCGAAAAAAGATA,0
GCTTCGAACTCCGAAC,0
GCTTCGATACCCCAAC,0
GCTTCGTCACAAGAGA,0
GCTTCTAAGAAGAAAA,0
GCTTCTACTCTAACAT,0
GCTTCTAGAAGCGCAT,0
GCTTCTGAAATAGCTG,0
GCTTCTGACGCCCTCA,0
GCTTCTTCAAAGAAAA,0
GCTTCTTTGCAATGTT,0
GCTTGAAAACGGATAT,0
GCTTGAACAACCACAT,0
GCTTGAATACGGCCAA,0
GCTTGAGCAGTCTTTT,0
GCTTGAGTAGAGAATA,0
GCTTGATACAATTGCT,0
GCTTGATCGGTACTAC,0
GCTTGCACAAAACTAT,0
GCTTGCAGTCAGAACC,0
GCTTGCCACTGTCCCC,0
GCTTGCTTCAATACAA,0
GCTTGCTTTACAACAA,0
GCTTGGAATTCTAAGG,0
GCTTGGTATATCCCTA,0
GCTTGGTGAATACTAC,0
GCTTGTAACTATACAA,0
GCTTGTACACACCTCA,0
GCTTGTATGGTAACCA,0
GCTTGTCCAACCTTTC,0
GCTTGTCCCAGTAAGG,0
GCTTGTGCTGTACGAT,0
GCTTGTTAAAATAAAA,0
GCTTTAACGGAAGAAA,0
GCTTTAAGAAGATCCG,0
GCTTTACACCGGAACA,0
GCTTTACCTTCGGTTA,0
GCTTTAGAACGAGGAA,0
GCTTTAGATTACATAA,0
GCTTTATACAACGCAG,0
GCTTTATAGATCCTGC,0
GCTTTATATGAAAATT,0
GCTTTATCACTCATTC,0
GCTTTATGTTTCCAAT,0
GCTTTCAGGTCTAAAG,0
GCTTTCATTTATATGA,0
GCTTTCCAAACTTTCT,0
GCTTTCCAACACTATC,0
GCTTTCCATTGTAAAC,0
GCTTTCCCAAAAGAAG,0
GCTTTCGATTAGAAAT,0
GCTTTCTTCCTGCGAT,0
GCTTTGACGACCGAAA,0
GCTTTGATGTTGAAAA,0
GCTTTGCTTGCGACTA,0
GCTTTGGAATCAGGAA,0
GCTTTGGATACATTGC,0
GCTTTGTCCTTCACAC,0
GCTTTGTGTCAGGACC,0
GCTTTGTTGAACCTAA,0
GCTTTTAACAAAGTAA,0
GCTTTTACTATTCCAT,0
GCTTTTATCCTGACAT,0
GCTTTTCAATGGACTT,0
GCTTTTCATACTGGAT,0
GCTTTTGCGATATATA,0
GCTTTTGGAGCTACTG,0
GCTTTTGTTAAAGACC,0
GCTTTTTACATGAATA,0
GGAAAAAAAAAAGGGA,0
GGAAAAAAAGACGTTT,0
GGAAAAAAAGTAATTA,0
GGAAAAAACTTGAACA,0
GGAAAAAATATGTAAT,0
GGAAAAAATATTTGAA,0
GGAAAAAATCCTTATA,0
GGAAAAACACCTATGC,0
GGAAAAACCCACACAA,0
GGAAAAACTATCAGGC,0
GGAAAAAGGCCGTATA,0
GGAAAAATAAACTAAG,0
GGAAAAATCAGCAATC,0
GGAAAACAAAAGTGCG,0
GGAAAACAAACAGATA,0
GGAAAACAACTCTATG,0
GGAAAACAGGTTTATC,0
GGAAAACATACCATGC,0
GGAAAACCAAAACAAA,0
GGAAAACGATACCGCA,0
GGAAAACGTAATCCAA,0
GGAAAAGACAAGGTTG,0
GGAAAAGCATTTACAC,0
GGAAAAGCGATGTACC,0
GGAAAAGGTCCCCGCA,0
GGAAAAGTAATAACAA,0
GGAAAATAAAATTCTC,0
GGAAAATAAACGAGCC,0
GGAAAATACACGGAAA,0
GGAAAATATAGATCAC,0
GGAAAATATTTCAAAT,0
GGAAAATGTATATAGC,0
GGAAAATTAACTCATA,0
GGAAAATTACACGATC,0
GGAAAATTCTTGGGAT,0
GGAAACAAACTGAAAA,0
GGAAACACAAAATATG,0
GGAAACATAGGTTTGT,0
GGAAACATATCGGAGT,0
GGAAACATGAACCAAG,0
GGAAACCACAACTACT,0
GGAAACCACCACGAAA,0
GGAAACCACCAGAGAA,0
GGAAACCATAAGTCCG,0
GGAAACCCCAAATTCG,0
GGAAACCGAACGCGTC,0
GGAAACCTAAGTGTTA,0
GGAAACCTCTTGAATC,0
GGAAACGATGAACGAA,0
GGAAACGCAGCGACAT,0
GGAAACTAACTCCATT,0
GGAAACTGCTTCACTA,0
GGAAACTTATAAACGT,0
GGAAACTTGAACCTAA,0
GGAAAGAAACCCCACG,0
GGAAAGAAAGCAGGTT,0
GGAAAGAACACGATTC,0
GGAAAGCCCAGAGAAA,0
GGAAAGCGCATCGGGT,0
GGAAAGCTCTACGGCC,0
GGAAAGTCTCAATATA,0
GGAAAGTTACAAACCT,0
GGAAAGTTTCTAGTGA,0
GGAAAGTTTTGGGCGA,0
GGAAATAAAAGTTTAG,0
GGAAATACAATTAACG,0
GGAAATACTACCTGTT,0
GGAAATACTTAAATAG,0
GGAAATAGAGACTTCG,0
GGAAATAGGCGTGTGG,0
GGAAATCATCAAAGCA,0
GGAAATCCAATTATAG,0
GGAAATCTGAATAGCA,0
GGAAATGACAAATACA,0
GGAAATGATATAAAAC,0
GGAAATGTTCCAGTTG,0
GGAAATTCCATATACC,0
GGAAATTCTAAGCACT,0
GGAAATTTAGAATCAG,0
GGAACAAAATTACACT,0
GGAACAAAGACAACAC,0
GGAACAAATATAACCA,0
GGAACAACCATGATTG,0
GGAACAACGAAATTAA,0
GGAACAACGCAATCGA,0
GGAACACAAAGTAACC,0
GGAACACAGAATAATA,0
GGAACAGAAAAATGTA,0
GGAACAGAAGCCTAAC,0
GGAACAGATGTGCCTA,0
GGAACATCACCTTTGA,0
GGAACATGAGCTCATT,0
GGAACATGCAGAAACC,0
GGAACATTAAATAGAA,0
GGAACATTTCTTAACA,0
GGAACCAATAATAATT,0
GGAACCACCAAGAGGC,0
GGAACCCAGGCAAATC,0
GGAACCGGAACTTCCT,0
GGAACCGTCTGTACAA,0
GGAACCTAGAGCCGAA,0
GGAACGAATAGATAGC,0
GGAACGATCCCGTCCC,0
GGAACGATCTAGCGTG,0
GGAACGCAATCTTGAC,0
GGAACGCATGATTAAC,0
GGAACGCCGGATGAAA,0
GGAACGCTAAAGGGAT,0
GGAACGGATGGAGTAA,0
GGAACTATTCTTATGC,0
GGAACTATTGAATACT,0
GGAACTCCACCATGCC,0
GGAACTCTGCCACTTA,0
GGAACTCTGGAGGCAG,0
GGAACTCTTCACACAG,0
GGAACTGGCCCCAGTA,0
GGAACTGTCAGAAACG,0
GGAACTGTCCAAAGAT,0
GGAACTTACAAGTGCC,0
GGAACTTCCATCACAT,0
GGAAGAAAAGATAATA,0
GGAAGAACGGAACAAA,0
GGAAGAACTAAACTGG,0
GGAAGACACGTAGCCA,0
GGAAGACCATGCTATG,0
GGAAGACGTGTCATGC,0
GGAAGAGCATCCAGAC,0
GGAAGAGCCTGACAAC,0
GGAAGAGTCATGCTAG,0
GGAAGAGTGAAGAAAT,0
GGAAGATAGGCGACTT,0
GGAAGATGACTTCCGA,0
GGAAGATGGTCTGACT,0
GGAAGCAAAATCCAAG,0
GGAAGCAAAGCGCTAA,0
GGAAGCAACCCCATGT,0
GGAAGCACAGAACGAT,0
GGAAGCACCCCCCCCT,0
GGAAGCCATCGAAAAC,0
GGAAGCCCAGATAAAA,0
GGAAGCCGGCTGAGCC,0
GGAAGCCTCATCCTAG,0
GGAAGCGGATATTGAA,0
GGAAGCGTTGTAAACA,0
GGAAGCTAAAATATAG,0
GGAAGCTGAGATCCTA,0
GGAAGCTGTTAGGAGG,0
GGAAGCTTGTAATTGT,0
GGAAGGACGCTTGTAA,0
GGAAGGATTCAAGCTC,0
GGAAGGCAATGAAACA,0
GGAAGGCTACTGGAGT,0
GGAAGGGCAGTAGCAC,0
GGAAGGGGCATGAGCA,0
GGAAGGTGTAAAAAGT,0
GGAAGTAACAGTAAGG,0
GGAAGTAAGGTATATT,0
GGAAGTAATGCCTTAG,0
GGAAGTACAGGTTGAT,0
GGAAGTCATGTCTAAA,0
GGAAGTTAACAAGAAG,0
GGAAGTTACTCGGGCT,0
GGAAGTTGAACCTTAA,0
GGAAGTTTCTAGGATA,0
GGAATAAAAGCAATAA,0
GGAATAAAAGTTATCT,0
GGAATAAATAAAAGGT,0
GGAATAAATTGAAATC,0
GGAATAACCTCGAGAA,0
GGAATAAGTGCATAGG,0
GGAATACAATAGTAAC,0
GGAATACATCTCTAAA,0
GGAATACATGTACATG,0
GGAATACCAACATCTA,0
GGAATACCAGATCGAA,0
GGAATACCAGATTACA,0
GGAATACCTGCAAAAT,0
GGAATAGAGTCGATCC,0
GGAATAGTAAATGGGA,0
GGAATAGTAAGCGTGT,0
GGAATATAAAACTAAT,0
GGAATATGATCGGTGA,0
GGAATATGCCTTATAA,0
GGAATATGCGACTTAG,0
GGAATATTAATATTGT,0
GGAATATTACGTTAAT,0
GGAATCAAATTTATCT,0
GGAATCACTATACATA,0
GGAATCAGGCGGTAAC,0
GGAATCCAAAATACTA,0
GGAATCGCAAATTCCT,0
GGAATCGCTACTCCAT,0
GGAATCGCTGCTTGAA,0
GGAATCTACAAAAAAA,0
GGAATCTGGAAGATCC,0
GGAATCTGTTGGGACT,0
GGAATCTTTCAATACT,0
GGAATGAGAGATGTCT,0
GGAATGCCAAATGAAC,0
GGAATGCCAGGCCAAT,0
GGAATGGAAAGCAACA,0
GGAATGGAATGATATT,0
GGAATGGAGTAACGAA,0
GGAATGGGATTAGAGA,0
GGAATGTACAAAAGAA,0
GGAATGTCACGGTTGC,0
GGAATGTCTATTAGAG,0
GGAATTAAACAAAACT,0
GGAATTAAACGACTTA,0
GGAATTAAATCAGTGG,0
GGAATTAATACTAGAA,0
GGAATTAGAGAGATCA,0
GGAATTATAGTGGTTT,0
GGAATTATATATCACC,0
GGAATTATTTGTCTAT,0
GGAATTCAATAATAAA,0
GGAATTCGACTAAACT,0
GGAATTCTGCCTAACA,0
GGAATTGCAAACACAG,0
GGAATTTAAGCCTGAG,0
GGAATTTAATCAACTT,0
GGAATTTAATGAATAT,0
GGAATTTATAAAAGCC,0
GGAATTTATAATGAGC,0
GGAATTTATAGCACTG,0
GGAATTTCAGGCACGA,0
GGAATTTGAACCGTAT,0
GGAATTTTGCACCTAT,0
GGAATTTTGTATTTGA,0
GGACAAAATGTTCACA,0
GGACAAACGACAAATT,0
GGACAAACGAGCCATG,0
GGACAAACGCAGAAAG,0
GGACAAAGCTAAGAAT,0
GGACAAAGTGAACGGA,0
GGACAAATAAAGATAT,0
GGACAAATATACGCAG,0
GGACAACAAAAATGGT,0
GGACAACAAGTGACCC,0
GGACAACAGTGATATC,0
GGACAACATCCTCCGA,0
GGACAACCGACCTTAC,0
GGACAACCTCAGATAC,0
GGACAAGACGTTTGAA,0
GGACAAGCCATCAATC,0
GGACAAGTCCATGTCC,0
GGACACAAAGACGCCC,0
GGACACAATACCCAAC,0
GGACACAGATATCCTA,0
GGACACAGCTATAACT,0
GGACACATAAAGGTAC,0
GGACACCTTAACGCGT,0
GGACACTACTCTTCTT,0
GGACAGACCACGAACT,0
GGACAGAGTGCGGCTT,0
GGACAGATTCAGTTCG,0
GGACAGCAGGGGTCTA,0
GGACAGCTCGTTCCGT,0
GGACAGTTAAAGGTAA,0
GGACATATCCAAGTAT,0
GGACATGAGATATCAG,0
GGACATGAGCAAAGTG,0
GGACATGATGCAAGTA,0
GGACATGTATGAGGGA,0
GGACATTCAGACAAAT,0
GGACATTTGACATATG,0
GGACCAAAGGTAAATA,0
GGACCAATATATAGAG,0
GGACCAATTCCGATGA,0
GGACCACATTCACTTT,0
GGACCAGCAGCGTAGA,0
GGACCAGCTTGGAAAT,0
GGACCATCAAAAATGC,0
GGACCCAACATTCTTA,0
GGACCCCAAAGATAAG,0
GGACCCCTTTGGATAT,0
GGACCCTAAACAACAA,0
GGACCCTCCGTATAAT,0
GGACCGAAGATGATAA,0
GGACCGCAAACAGGAA,0
GGACCGGCTATTGCAT,0
GGACCGTAAACAAGGA,0
GGACCGTCACCAAAGT,0
GGACCTAATAACAGTT,0
GGACCTACAGAAAACG,0
GGACCTCAAACAGTCA,0
GGACCTCACACCTTTC,0
GGACCTGATGCCTCTT,0
GGACCTGGATACACAA,0
GGACCTGGCGATCCCC,0
GGACCTTACAATGTAT,0
GGACCTTACGTTTAAC,0
GGACCTTTCATGCGAC,0
GGACGAAAGCACAGCA,0
GGACGAATCAATACAC,0
GGACGAGCTATATAAA,0
GGACGATCCACATACG,0
GGACGATGAACCGGTG,0
GGACGCACTGACCCCA,0
GGACGCAGAGGCAGGC,0
GGACGCAGCATTATAA,0
GGACGCATTTATGACT,0
GGACGCCTTGGCGGAA,0
GGACGCGAATGAATCT,0
GGACGCGATGATTTAG,0
GGACGCTAAGCTCAAC,0
GGACGCTCCCAAGGAT,0
GGACGGCAGAGGCATC,0
GGACGGTCAATGACCA,0
GGACGTAACCTTTTTA,0
GGACGTACAGCCGTCA,0
GGACGTACTATATTCA,0
GGACGTATGTTGATTC,0
GGACGTGATTACACTT,0
GGACGTGCATGAATAT,0
GGACGTTTAGATCGAA,0
GGACTAAATGATTAAT,0
GGACTAATTAACGTTC,0
GGACTACAAAAGATAC,0
GGACTAGCACCAGATT,0
GGACTAGCCTCTACAT,0
GGACTAGGCTTACACA,0
GGACTAGTAACGTGTG,0
GGACTAGTAATAATCT,0
GGACTATACGCAAAAA,0
GGACTATCGGCAGCCA,0
GGACTATTAGAGAGCT,0
GGACTCCACATGCATT,0
GGACTCCACGACAAAC,0
GGACTCCACTAACAGT,0
GGACTCCCCTGCCGTA,0
GGACTCCGTAAAGAAG,0
GGACTCTGACATAAAA,0
GGACTCTGACTGATAT,0
GGACTCTTGAGGACGG,0
GGACTGATATATGTAA,0
GGACTGCAAATTACAC,0
GGACTGCTGCATGCCA,0
GGACTGGAATCCAATC,0
GGACTGGATCACAGCC,0
GGACTGGTTGTTTATA,0
GGACTTAAAACGGATC,0
GGACTTAAGAATGTAG,0
GGACTTAAGTTAAGGG,0
GGACTTATCATTGAAT,0
GGACTTCATTAACCAC,0
GGACTTGAACGATAAG,0
GGACTTTACATCACCA,0
GGACTTTATGCGTGGG,0
GGACTTTATGGCAACC,0
GGACTTTCTATGGACC,0
GGACTTTTATATACAA,0
GGAGAAACATTAAAGA,0
GGAGAAACCAATGAAC,0
GGAGAAACGGCTAAAG,0
GGAGAAAGAGATCGGT,0
GGAGAAAGGCAATGTC,0
GGAGAAATCGACCTAA,0
GGAGAACCACCTTACT,0
GGAGAAGAGAAAAAAA,0
GGAGAAGAGCCGCTGA,0
GGAGAAGCGTTAATTA,0
GGAGAAGGATAACACA,0
GGAGAATAACAACACA,0
GGAGAATAGAATATTC,0
GGAGAATCACAACTGG,0
GGAGAATCTGACTAAT,0
GGAGAATGCAATCCAT,0
GGAGAATGTGAGGCCA,0
GGAGAATTAACGATAT,0
GGAGAATTTAACGCGC,0
GGAGACACATGCTTTG,0
GGAGACAGAAACAACA,0
GGAGACCAAACTTGGA,0
GGAGACCATATAAATC,0
GGAGACCCATATACAT,0
GGAGACCCCAAACGCT,0
GGAGACGATTGAATAA,0
GGAGACGGTAAACATT,0
GGAGACGTGGATTAGG,0
GGAGACTAGCGCGCGT,0
GGAGACTCAAAAAGAA,0
GGAGACTGTTAACATA,0
GGAGAGATACATATTA,0
GGAGAGCACAAATTGG,0
GGAGAGCCAGCCAAAA,0
GGAGAGGACAAAACAC,0
GGAGAGGAGCGATCAC,0
GGAGAGGTCAGACTCA,0
GGAGATACACGAAACT,0
GGAGATCCCAAACCTA,0
GGAGATCTAAAACAAA,0
GGAGATCTAATATGGA,0
GGAGATGAATTACTGT,0
GGAGATGACATATCAA,0
GGAGATGGCGTATTCA,0
GGAGATTAACACGTTC,0
GGAGATTGAACAACCG,0
GGAGATTGACCCCGCT,0
GGAGATTTCGACACTA,0
GGAGCAAAAGACACAT,0
GGAGCAAGAGTACGGC,0
GGAGCAATTCCCCAAA,0
GGAGCACGATTGAAGG,0
GGAGCAGAACTTAAAT,0
GGAGCAGAGAGATAAA,0
GGAGCAGGCGTGGATT,0
GGAGCATCCCAGGCAT,0
GGAGCCAATGTCCGAA,0
GGAGCCACTTTGATCA,0
GGAGCCATACATAAAA,0
GGAGCCCCTCACACCA,0
GGAGCCCTAGGCATGG,0
GGAGCCGTCGGAACGA,0
GGAGCCTCATCGCAAC,0
GGAGCGAGAAAAACAC,0
GGAGCGATTAACATAT,0
GGAGCGCAAATGTTCG,0
GGAGCGGCGAACATCG,0
GGAGCGTGCCCATCCG,0
GGAGCTAAATGCTATC,0
GGAGCTCAAAACTAAG,0
GGAGCTCGAACAGGAC,0
GGAGGAGTTCGTACAA,0
GGAGGATATATCCAAA,0
GGAGGATGGATCATGG,0
GGAGGCCATTACATAC,0
GGAGGCTAACAGGGGT,0
GGAGGGAAGCAAATAT,0
GGAGGGTAACAACATG,0
GGAGGGTAGTTAAATA,0
GGAGGTCGGAAGAAAC,0
GGAGGTCTCTAAAATC,0
GGAGGTGAAGACCAAG,0
GGAGGTGCCCATATGT,0
GGAGGTGTTTGGAAAC,0
GGAGGTTAACTATAAC,0
GGAGTAAGCTAAAGCA,0
GGAGTACATACCAGGC,0
GGAGTACATGGAGTAA,0
GGAGTACCCGAACGCC,0
GGAGTACTCCACTGCC,0
GGAGTAGTACTAAAAA,0
GGAGTATAGATAGGAG,0
GGAGTATCGATAGCCT,0
GGAGTATTTATTATCA,0
GGAGTCAACCGTATTC,0
GGAGTCACAATATTAA,0
GGAGTCAGGGAGCGGA,0
GGAGTCCATACTTATA,0
GGAGTCGCACAGAGTG,0
GGAGTCTAAAATGGTA,0
GGAGTCTAAACCGACG,0
GGAGTCTCACTAGGAC,0
GGAGTCTCTGCTATGA,0
GGAGTGTATCGATACA,0
GGAGTGTTGCAATTGC,0
GGAGTTAACGAAAAGA,0
GGAGTTACATAAAGGC,0
GGAGTTACCTACTGTA,0
GGAGTTATACCAGTGT,0
GGAGTTCGATCTAGAC,0
GGAGTTGGAAGCTCGT,0
GGAGTTTCATAGGAAT,0
GGAGTTTTCATAGGGG,0
GGAGTTTTTAAGTATT,0
GGATAAAACCAAAGCA,0
GGATAAAAGATAGTAA,0
GGATAAAAGTCATTGT,0
GGATAAAATTGGAGGT,0
GGATAAAATTTGGATA,0
GGATAAACCTGTCAAC,0
GGATAAACTTCGGTCA,0
GGATAAATAGACGGAT,0
GGATAAATAGGAAAAA,0
GGATAAATCATCGAAA,0
GGATAACGAATACGGG,0
GGATAACTGCCTTTCC,0
GGATAAGATCAGACCC,0
GGATAAGCTCAACAAA,0
GGATAAGTGCGAGAAG,0
GGATAATAACAATTAC,0
GGATAATACTACTACC,0
GGATAATCGATACCCA,0
GGATAATCTGCTGAAT,0
GGATAATGGCCGTCGC,0
GGATACAAGAAATTCC,0
GGATACACAAATTGGA,0
GGATACATAAATAATA,0
GGATACCAGCATAAGA,0
GGATACCATCACGAGC,0
GGATACCCTCAACACT,0
GGATACCGGTGGTATC,0
GGATACCTCTAGTAGC,0
GGATACTAAGTCTCGA,0
GGATACTGACTCCCCT,0
GGATAGAAACCGGCCA,0
GGATAGACTGAGAAAA,0
GGATAGCATATATAGT,0
GGATAGGGATTCTTAA,0
GGATAGTACACGTCTG,0
GGATAGTCTGACGACA,0
GGATAGTGGCTATTTA,0
GGATAGTTTCCAGATT,0
GGATATAACTCAAAAA,0
GGATATACATATGTTT,0
GGATATAGCAAGTCGA,0
GGATATATAAACCTGT,0
GGATATATTCTCTAAA,0
GGATATCAGCTTGATT,0
GGATATCATTAAAACC,0
GGATATCCAATAACGC,0
GGATATCCCCATGCGT,0
GGATATCTCGTCCCAT,0
GGATATGAATATACAC,0
GGATATGCAATTCGTA,0
GGATATGGGTAAAGCG,0
GGATATTGTCCCGAAA,0
GGATCAAGAAAGACGT,0
GGATCAATAACGGACA,0
GGATCAATACTTTAAA,0
GGATCACTACGCTAAT,0
GGATCACTTAACGAAG,0
GGATCAGCGGAAACCA,0
GGATCAGCGTTATTAT,0
GGATCATACGAGATAT,0
GGATCATAGAGGGGAG,0
GGATCATCACTCGATT,0
GGATCATTTAACCTAG,0
GGATCCAACTACGTGA,0
GGATCCAATATATAGG,0
GGATCCAATGCTATAG,0
GGATCCACAATTAAAC,0
GGATCCACACTTAAAA,0
GGATCCAGCTTCTCGA,0
GGATCCATATTAACCG,0
GGATCCCACTACAGAG,0
GGATCCCATGATAATC,0
GGATCCCTTCTAATAG,0
GGATCCGAAATTTAAA,0
GGATCCGGACATTCAT,0
GGATCCTTGTACTCGA,0
GGATCGAACTGACCGG,0
GGATCGAATAAATCAT,0
GGATCGAATTAACTAC,0
GGATCGACTGGGTTGA,0
GGATCGCTAACTAGGG,0
GGATCGTAGACCTCAT,0
GGATCGTCCCTAAAGA,0
GGATCGTCCGTAATCT,0
GGATCTAACTACTATA,0
GGATCTAATCTACCAA,0
GGATCTACAACTTATT,0
GGATCTACCGATTACC,0
GGATCTCAATTTTAAA,0
GGATCTCATTATGTGG,0
GGATCTCTAGCACGAT,0
GGATCTGGGCGTCTAT,0
GGATCTTAACTTTGTG,0
GGATCTTCAAAAGAAA,0
GGATCTTGAGCATAAA,0
GGATGAAACACACAAA,0
GGATGAAGAGCCGCTG,0
GGATGAAGTCACCCAG,0
GGATGAATAGAAAGAA,0
GGATGAATCAAAAACC,0
GGATGAATCCCGTATT,0
GGATGACCGTTAGTAT,0
GGATGACGAAATCCAA,0
GGATGACGAGACTGCA,0
GGATGACGGTCTATAC,0
GGATGACTATCATAGG,0
GGATGACTCCCACAAT,0
GGATGACTTACGATAT,0
GGATGAGATATAATCA,0
GGATGAGCACACTTGC,0
GGATGAGTAATCAAAT,0
GGATGATCATGAGCAA,0
GGATGATTATGCACCC,0
GGATGATTGACGAAGA,0
GGATGCAACACTACAA,0
GGATGCAATCTATGTG,0
GGATGCCAAAATAATA,0
GGATGCCCTTCCGTGT,0
GGATGCCTAGTAGTAC,0
GGATGCGAAATGTGCG,0
GGATGCTGATTGTGTT,0
GGATGGAACCCGAGAA,0
GGATGGACTCTATTCA,0
GGATGGGGTTTCGCTG,0
GGATGGTCTGGAGATA,0
GGATGGTTATTTCCGT,0
GGATGTAAAAGCATAA,0
GGATGTCATGACAATC,0
GGATGTCCCTTCAAGA,0
GGATGTGCTGACAGAC,0
GGATGTTTACCGAAAT,0
GGATTAACAGAGAGAT,0
GGATTACATCCAAGAC,0
GGATTAGCGCCACCCG,0
GGATTAGCTCTCTTTT,0
GGATTAGGCAGCCAAA,0
GGATTATATCGGCGAC,0
GGATTATGAGAAGAAC,0
GGATTATGTCTAAAGA,0
GGATTCAAGCACTGTA,0
GGATTCACAACGGGCA,0
GGATTCAGCATAATGA,0
GGATTCCACCCAGTAT,0
GGATTCCAGTATTATT,0
GGATTCCTATCGAAAG,0
GGATTCCTTGCACAAT,0
GGATTCGATCGTTAAG,0
GGATTCGTATAAAAAA,0
GGATTCGTTGTACCTA,0
GGATTCTATGACACGC,0
GGATTCTCAATCCGCA,0
GGATTCTGCCCATCAA,0
GGATTGACACTAACTG,0
GGATTGACAGCCCACT,0
GGATTGCATCCTAACA,0
GGATTGCGATCGGCAC,0
GGATTGGACAAACAGG,0
GGATTTAAACAAAACA,0
GGATTTACCTAACTTA,0
GGATTTAGAAACAAAG,0
GGATTTAGAGGAGCAT,0
GGATTTAGAGTAAGCC,0
GGATTTAGAGTTCACG,0
GGATTTCACTCTCTCC,0
GGATTTCATAATGACA,0
GGATTTCCCTTGCTGA,0
GGATTTGCTGAAAAAA,0
GGATTTTAATAAGAAA,0
GGATTTTTACTCATCC,0
GGCAAAAAATTAGATC,0
GGCAAAACAACTCCAT,0
GGCAAAACAAGCCACT,0
GGCAAAACATCAATCT,0
GGCAAAACATTTCCTT,0
GGCAAAACCACGTACT,0
GGCAAAACTAATTAAA,0
GGCAAAAGGTACCTCT,0
GGCAAAATAACAATTG,0
GGCAAAATAGTAGACA,0
GGCAAAATGGGACAAC,0
GGCAAAATTAAATATT,0
GGCAAACAAAAGAGCA,0
GGCAAACGAATTACCT,0
GGCAAAGAAACTAATA,0
GGCAAAGCAACACAAG,0
GGCAAATCATAAACAA,0
GGCAAATCCGAGGCCG,0
GGCAAATGATGGTTAT,0
GGCAAATGTTTAGCGT,0
GGCAAATTCGCACTAC,0
GGCAACAACAATATTA,0
GGCAACAACATCGCAC,0
GGCAACACTTTAACGG,0
GGCAACATAGATCGAT,0
GGCAACATGCAAGCAA,0
GGCAACCCGTGCTGAT,0
GGCAACGACGAATGCC,0
GGCAACGATCGGCCTC,0
GGCAACTAAGGTTGTG,0
GGCAACTATATGAAAC,0
GGCAACTGACACATCC,0
GGCAACTTATAATCTC,0
GGCAAGAAGCCTCATG,0
GGCAAGACCTTAACCT,0
GGCAAGAGAGATTCAA,0
GGCAAGATCCGCATAA,0
GGCAAGCGATATAACG,0
GGCAAGTCAACTAACG,0
GGCAATACAAATAGCC,0
GGCAATCCGAAGACTC,0
GGCAATCTTTTGTTAG,0
GGCAATGCAATAAAAC,0
GGCAATGGAGAATATA,0
GGCAATGTTAAGCAAA,0
GGCAATTAAAGCTACT,0
GGCAATTCAAAAGATT,0
GGCAATTTCCGTTGTT,0
GGCACAAATAACAAAA,0
GGCACAACGCTTATCG,0
GGCACAAGTATAAAAC,0
GGCACACAAGGACGTC,0
GGCACACATATACATA,0
GGCACACCCTCCACAC,0
GGCACACTGTATCAAG,0
GGCACAGGATATTACA,0
GGCACAGTGAGTTATG,0
GGCACATTAGTATCAT,0
GGCACCAAGCGCGTAA,0
GGCACCAGACACTAAT,0
GGCACCATGACAATGT,0
GGCACCGCAATATACT,0
GGCACCGTATCACCAA,0
GGCACCTATCTAAAAC,0
GGCACGCCTAGAGACA,0
GGCACGCTATAAACAT,0
GGCACGCTGCTGGCGA,0
GGCACGTACGATAACA,0
GGCACTACCAACGAAG,0
GGCACTCGATACCTTA,0
GGCACTCGCAAGAAAT,0
GGCACTGCTTCTACAC,0
GGCACTTAAGTACAAA,0
GGCACTTTATACAAAC,0
GGCACTTTTCAAAAAA,0
GGCAGAAACCATCTGT,0
GGCAGACAGAAAAATG,0
GGCAGACAGATCCCGA,0
GGCAGAGTACATGAGA,0
GGCAGAGTCCGTCACA,0
GGCAGAGTCGAATTAG,0
GGCAGATACGAGGAAT,0
GGCAGATCATGAGTGA,0
GGCAGCACAACACACA,0
GGCAGCCACATCGCTG,0
GGCAGCCATTGGCTAC,0
GGCAGCCCCGTGTGAA,0
GGCAGCCTCGCTAGCA,0
GGCAGCGGAGAATACA,0
GGCAGGCATTAAATAT,0
GGCAGGCTTTGATAAA,0
GGCAGTAACTAATGTG,0
GGCAGTCACCGTACCA,0
GGCAGTCATATAGAAA,0
GGCAGTCCTCTAGCAG,0
GGCAGTGAATGTTACC,0
GGCAGTGTCAATAACC,0
GGCAGTTGCCTTTACG,0
GGCAGTTGGATCGCTA,0
GGCATAAAAAACTACT,0
GGCATAAAGACAGGGA,0
GGCATAACTGGTAATG,0
GGCATAAGCCTACGTT,0
GGCATAAGGCACCTAA,0
GGCATAAGTGGAGAAA,0
GGCATAATCCAGTATT,0
GGCATAATGTTTCAAA,0
GGCATACTCGATACCC,0
GGCATACTCTTGTGTA,0
GGCATAGAAAAAACGT,0
GGCATAGAAAGTAAAG,0
GGCATAGACCAGAATC,0
GGCATAGTTAGGCTGA,0
GGCATATACAAACGCA,0
GGCATATAGAACGGAA,0
GGCATATAGCAAGACA,0
GGCATCAAAACGATAT,0
GGCATCCAAAAGTTTC,0
GGCATCGATATCTAGA,0
GGCATCGGACGACTTA,0
GGCATCTGTAGTAACG,0
GGCATCTTCACTCAGG,0
GGCATCTTCGTGCCCT,0
GGCATGATGCAATCAC,0
GGCATGCAGATTCGAA,0
GGCATGCCAAATCTAG,0
GGCATGCGGCAGCCAG,0
GGCATGGTAGAATGAA,0
GGCATGGTTAATTGAG,0
GGCATTACCAACTGAA,0
GGCATTAGATGATGTT,0
GGCATTAGCGAGTTAT,0
GGCATTCAAATTCGCA,0
GGCATTCAGAACACTC,0
GGCATTCAGGAGACAC,0
GGCATTCGATATGCCT,0
GGCATTTAAAAACAAA,0
GGCATTTATGGTATGT,0
GGCATTTCACCGCATG,0
GGCATTTCCTTAAATC,0
GGCATTTTATCAACTC,0
GGCATTTTCAAATGCC,0
GGCCAAAAGAGAATCC,0
GGCCAAACCGCTATTC,0
GGCCAAACGATGAAAG,0
GGCCAAACGATTATAA,0
GGCCAAACTAACGATT,0
GGCCAAAGACAATAAA,0
GGCCAAAGGCCCTAGA,0
GGCCAAATTATTACCC,0
GGCCAACAAAGGAAAA,0
GGCCAACAATAAGCAA,0
GGCCAACCAGAGATCC,0
GGCCAACCATTTATCT,0
GGCCAACGACCTAGCT,0
GGCCAACGACGATTAC,0
GGCCAAGTTATTACAC,0
GGCCAATCTAAAGGTT,0
GGCCAATGGCAAAAGG,0
GGCCACAATGGAGCAC,0
GGCCACAGTAGGCCCT,0
GGCCACATCAGCGGCA,0
GGCCACCTCACATGAG,0
GGCCACGAAAGAAATC,0
GGCCACGAAGAAACCA,0
GGCCACGCCTTGATCT,0
GGCCACTACTGTCAAA,0
GGCCAGAATACAGCTA,0
GGCCAGAATATACGAT,0
GGCCAGAATATGGATT,0
GGCCAGAATGCTCGTT,0
GGCCAGAGCATTCCGC,0
GGCCAGATCCTATCTG,0
GGCCAGCAGGCAATGG,0
GGCCATATATCGATGA,0
GGCCATCAAAACCTAG,0
GGCCATGAATAAGTTA,0
GGCCATGATACCAGCG,0
GGCCATGGCGTCACAT,0
GGCCATGTAACGTTTA,0
GGCCCAAACCCCAATA,0
GGCCCAAATATGTGAA,0
GGCCCAAGAGTATATG,0
GGCCCAATCAACACTA,0
GGCCCAATTTGCTGAT,0
GGCCCAGAAGTATTAA,0
GGCCCAGCTCAAATAG,0
GGCCCAGGCTAGTATG,0
GGCCCATAACACAACA,0
GGCCCATAACTTGAGA,0
GGCCCATTAGGATACC,0
GGCCCATTGCAAGGAT,0
GGCCCATTTTACCACA,0
GGCCCCAACACGGAAT,0
GGCCCCACTCAAAACC,0
GGCCCCAGCACGGCAG,0
GGCCCCCACTTTAAAA,0
GGCCCCCCCATGAATT,0
GGCCCCCCGAATTATC,0
GGCCCCGAACACAAAG,0
GGCCCCGCGTGGTGCT,0
GGCCCCGGCAAAAGAA,0
GGCCCCTGGTAGCCAC,0
GGCCCGAACTCATTAT,0
GGCCCGCGCCCTCTTT,0
GGCCCGCTACTGGACA,0
GGCCCGGCAACAACTT,0
GGCCCGTAAGCCGAGG,0
GGCCCGTTAGCTACAG,0
GGCCCTGACAATACTA,0
GGCCCTGATGGCCGGG,0
GGCCCTTAAAAGGAGG,0
GGCCCTTCGCCTGCGT,0
GGCCCTTTGGGAACAA,0
GGCCGAAGCAGCACAC,0
GGCCGACCCCTGACAA,0
GGCCGACTCAGCATAC,0
GGCCGCCCTACAAAAA,0
GGCCGCGGCGAGTTAT,0
GGCCGGAGAAAAATCG,0
GGCCGGCGCTATTTCT,0
GGCCGGTAATGTCAAA,0
GGCCGGTTACCCATCG,0
GGCCGTAAAAACCAAC,0
GGCCGTACGGAAGACC,0
GGCCGTACTAAGAACA,0
GGCCGTAGAAAGCTCT,0
GGCCGTAGATGGGCGG,0
GGCCGTATTACAAATA,0
GGCCGTCCTAAAAACC,0
GGCCGTTCGCCGCTAT,0
GGCCTAAAAGAAAATT,0
GGCCTAAAATTCTAGG,0
GGCCTAAAGCGAGCCA,0
GGCCTAAATAGGTTCC,0
GGCCTACAAACTAAAA,0
GGCCTACGAAGAACAA,0
GGCCTAGAGGCTCTCT,0
GGCCTAGATAGTGCCC,0
GGCCTATGTTGAGTTT,0
GGCCTATTTCATCATC,0
GGCCTCAAAACAACAA,0
GGCCTCAAACCACGCC,0
GGCCTCAATCGAATGA,0
GGCCTCCATCAATATT,0
GGCCTCCTTGGCAAGA,0
GGCCTCTCATTTACCC,0
GGCCTGGAATATGCAA,0
GGCCTGGTGGGAGTGA,0
GGCCTGTAATGCCTGC,0
GGCCTTAAAATGATAT,0
GGCCTTAATAATACAG,0
GGCCTTAATATAAACG,0
GGCCTTCAATGTTGCA,0
GGCCTTTATACTCAAA,0
GGCCTTTTCGTGGATA,0
GGCCTTTTTAAGTATG,0
GGCGAAAACTATGGGG,0
GGCGAAACACTTTGTG,0
GGCGAAACATGTATAG,0
GGCGAAAGTGTACCCA,0
GGCGAACCAAATTTCA,0
GGCGAAGTTCATAAGA,0
GGCGAATAAGATGCAC,0
GGCGAATGAGTTGCAT,0
GGCGAATTACGCAGGT,0
GGCGAATTGTGCCTGG,0
GGCGACACCATATCTG,0
GGCGACATAGCACGAA,0
GGCGACCCTTAGACCA,0
GGCGACCGGCGGATAA,0
GGCGACGGACTCACCC,0
GGCGACGGTGTTCTTA,0
GGCGACGGTTAGAAAT,0
GGCGACTAGAATGTCC,0
GGCGAGACGATCAGTA,0
GGCGAGAGTGCTGAAC,0
GGCGAGTTACCTAATG,0
GGCGATAATAACATTG,0
GGCGATAGCAAAATTG,0
GGCGATCACGCTGCAA,0
GGCGATCGTTTCAATG,0
GGCGATGAGGCAATAG,0
GGCGATGCATACTAAA,0
GGCGATGTATGAAAGA,0
GGCGATTTAAATACGA,0
GGCGATTTTTACAACA,0
GGCGCAAACCGCATAT,0
GGCGCAACGCTTAATA,0
GGCGCAAGTCAGGAGG,0
GGCGCACTATTGGGGT,0
GGCGCCTCGGTAAGCC,0
GGCGCGGCCATAAACA,0
GGCGCGTTACGTTCTG,0
GGCGCTAAACCCTGTC,0
GGCGCTAATAGGTAAC,0
GGCGCTATGCCATCTT,0
GGCGCTTCACAAGAAC,0
GGCGCTTCCAATGGAA,0
GGCGGAAATTTAATAC,0
GGCGGAACGATATCTA,0
GGCGGCACCACAGACT,0
GGCGGGCATTCTGCCT,0
GGCGGGCTAAGCGTTA,0
GGCGGTAACGAGGTTC,0
GGCGGTAAGATCCATT,0
GGCGGTACAACATAAA,0
GGCGGTACTACAAAAG,0
GGCGGTATAATTCAAC,0
GGCGGTGGCCAAAGAA,0
GGCGTAAACTTAGACT,0
GGCGTACGAATCAGAC,0
GGCGTATGAGGTGATA,0
GGCGTCGACTCAACCC,0
GGCGTCGCTACAGACT,0
GGCGTGAACCGCGAAA,0
GGCGTGTCACGAGATC,0
GGCGTTATTAAGCCCC,0
GGCGTTCCCAATTAGC,0
GGCGTTCGATTAACAA,0
GGCGTTCGGTCTTACA,0
GGCGTTTAAGATAAGT,0
GGCTAAAACAGGACCA,0
GGCTAAAGATGAAGTC,0
GGCTAACAATACTAAG,0
GGCTAACCAGAACACA,0
GGCTAACTACAAAAGA,0
GGCTAAGCTGACCTAT,0
GGCTAAGTCAGATGGG,0
GGCTAATACATAAATG,0
GGCTAATATAATCAGC,0
GGCTAATATAGGTACG,0
GGCTAATCATAAAACT,0
GGCTAATGATAATACT,0
GGCTACCACATCGATT,0
GGCTACCACTATAGTT,0
GGCTACGGAAACCGTT,0
GGCTACTAGCTTGAGT,0
GGCTACTTAAAGCATC,0
GGCTACTTAATGGCGG,0
GGCTACTTCTAGAAGA,0
GGCTAGAAAGAAAAAT,0
GGCTAGAATCAAACAT,0
GGCTAGATGCGATACC,0
GGCTAGGACGTGCACC,0
GGCTAGGTGTATCTTA,0
GGCTAGTATCAATGCG,0
GGCTATAAAGGAAACC,0
GGCTATAATGGCATGA,0
GGCTATACATCACATA,0
GGCTATCGAGGTTGAA,0
GGCTATCTTATTTGAG,0
GGCTATGGTGACTGCC,0
GGCTATTAATACAATT,0
GGCTATTACCGAATAG,0
GGCTATTTGAAAACTA,0
GGCTATTTTCTGGCAC,0
GGCTCAACACACAGAG,0
GGCTCACACAATATTC,0
GGCTCACATCCTAACC,0
GGCTCACTGACCTAAG,0
GGCTCCATTAACAGAT,0
GGCTCCTCAGATAGAA,0
GGCTCGCAACTGAAAG,0
GGCTCGTGATGGTGGT,0
GGCTCTAAAATGTACA,0
GGCTCTTAATATTTTC,0
GGCTCTTAATGGAGGA,0
GGCTGAACATAAGGAA,0
GGCTGAACCTAGTAAA,0
GGCTGAATAAAAGCCG,0
GGCTGACCGGAGACGT,0
GGCTGAGGTTCGAATG,0
GGCTGATAAACCTCTC,0
GGCTGATCAACTTACA,0
GGCTGATGAGCCAGGA,0
GGCTGATTTGCTTATT,0
GGCTGCAAAACGCTAC,0
GGCTGCAAACAACACA,0
GGCTGCAGGCAAGTAA,0
GGCTGCCAAAGATAAA,0
GGCTGCCATCATAAAG,0
GGCTGCCTAAAGATGC,0
GGCTGCCTAACAAAGT,0
GGCTGCTAGAAATTCC,0
GGCTGGCTACTGTATC,0
GGCTGGGCACGACTTT,0
GGCTGTAAGATGCACA,0
GGCTGTAATGAGGCAA,0
GGCTGTATGGTATGAC,0
GGCTGTCAACGAGGGT,0
GGCTGTCACTGTACCA,0
GGCTGTCATCCGCAGG,0
GGCTGTCCCCGAAATT,0
GGCTGTCTACACCGCT,0
GGCTGTCTACACTCAG,0
GGCTGTGCTTGTCTAC,0
GGCTTAAAATAAACTA,0
GGCTTAAGCAACACAA,0
GGCTTAATGGAGAGCA,0
GGCTTACAAAGTACTG,0
GGCTTACACAGCGCTT,0
GGCTTACGGAAGTTCT,0
GGCTTACGTACTAAAT,0
GGCTTAGTATTAGTTC,0
GGCTTATTGTATAGAC,0
GGCTTCATCCAATCGG,0
GGCTTCCCCAACGTTG,0
GGCTTCGTGATCTATA,0
GGCTTCGTTAATAAGC,0
GGCTTGAGACTCGAAA,0
GGCTTGAGGGTGCTGC,0
GGCTTTAAGGTTACAC,0
GGCTTTACAGATTATA,0
GGCTTTATGATAGACG,0
GGCTTTATGATCGATT,0
GGCTTTCATAATGAGA,0
GGCTTTTAACAACTTT,0
GGCTTTTACGATAGCC,0
GGCTTTTTCATGGACA,0
GGGAAAAAAGGGTGGT,0
GGGAAAAATAATTTGA,0
GGGAAAACAATCCCAT,0
GGGAAAACTGTCATTC,0
GGGAAACCACACGTTC,0
GGGAAACTAATGTATA,0
GGGAAAGTAAGCTGAA,0
GGGAAATAGCAAGCTT,0
GGGAAATCCCAAACGT,0
GGGAAATGACCTATAA,0
GGGAACAAAGTAACGC,0
GGGAACAAGTACATAT,0
GGGAACAATACAGTAA,0
GGGAACAATGGTATTG,0
GGGAACATACATAATA,0
GGGAACGCAATGAGAG,0
GGGAACGCTCTCGCGA,0
GGGAACGGTAAAAAGC,0
GGGAACGTTGTGTTAT,0
GGGAAGAAACCATATA,0
GGGAAGAAGGCCAATA,0
GGGAAGAGTCCGCATT,0
GGGAAGCAATTTTTGG,0
GGGAAGCTACAGAACA,0
GGGAAGCTAGTCCAAA,0
GGGAAGTACTCTGGGA,0
GGGAATAAAACGCCGG,0
GGGAATAAATTCGATT,0
GGGAATACACCGAGTT,0
GGGAATAGCCGGACCG,0
GGGAATATAAGAAAAC,0
GGGAATATACCGGGCT,0
GGGAATCTGCTTATAC,0
GGGAATCTGTGAATTC,0
GGGAATGGATCGAGAG,0
GGGAATGTTAATTGTA,0
GGGAATTGAGGAGGCA,0
GGGACAAACTGAGGAT,0
GGGACAACTAGGGAGT,0
GGGACAATGCAAACTG,0
GGGACACACACAAGAA,0
GGGACACCATATGCAA,0
GGGACAGCAATTTTCC,0
GGGACATTTATAATCC,0
GGGACCAACACATCAG,0
GGGACCAAGCATAATT,0
GGGACCATCTCTAGCT,0
GGGACCATGTCCTAAA,0
GGGACCCTAAAATTAT,0
GGGACCGCATACGAAC,0
GGGACCTTTAATCTTA,0
GGGACGAATTCGAGTA,0
GGGACGATACCACCCG,0
GGGACGGAATCTGAAC,0
GGGACGGTCCAAAATT,0
GGGACTACAATCGAAT,0
GGGACTAGAAGAGTGA,0
GGGACTATAATATACA,0
GGGACTATAGCATAAA,0
GGGACTGAGAAAAAAA,0
GGGACTTTCTATTTAA,0
GGGAGAAAAATGACCT,0
GGGAGACTTAATTCGT,0
GGGAGAGATCAGAAAA,0
GGGAGATGATTTATTT,0
GGGAGCACAACACATC,0
GGGAGCACTAATCAAT,0
GGGAGCTCCATTCGCC,0
GGGAGGTAGGCAATCA,0
GGGAGGTTTGCAGAAA,0
GGGAGTATGCCATAGG,0
GGGAGTCAAGGCCTCT,0
GGGAGTCCACGATATT,0
GGGAGTCCCAGTTCGT,0
GGGAGTCTGTGATAGC,0
GGGAGTGGTTATGCTA,0
GGGAGTGTAATGACAA,0
GGGAGTTACCTCCTAT,0
GGGAGTTACGCATGAG,0
GGGAGTTGCTTTCTGC,0
GGGATAAAGTACAGGA,0
GGGATAACACGTGTGG,0
GGGATAAGACGACAAC,0
GGGATAAGACGCTTTG,0
GGGATAATAAAGAACG,0
GGGATAATTGGTTTAA,0
GGGATACATAAAGCGG,0
GGGATAGCGTAGAATA,0
GGGATAGGCTAAAAGC,0
GGGATAGTAAATGAGA,0
GGGATAGTACATAACA,0
GGGATATAATAAAATA,0
GGGATATAATGGGTGC,0
GGGATATTCTAAAGGA,0
GGGATCCAGGTAAATA,0
GGGATCGGGTACTTGT,0
GGGATCTAGAGCTAAT,0
GGGATCTGACTACGGA,0
GGGATCTTCCTCAGCA,0
GGGATGAACATGAAGA,0
GGGATGAATAGTAATC,0
GGGATGCGATGGCATA,0
GGGATTAGTCTACCAA,0
GGGATTCATAAATATA,0
GGGATTTAAGTACAAC,0
GGGATTTAATAAGTTG,0
GGGATTTATAACGAGA,0
GGGATTTCGACATTAA,0
GGGCAAAAAACCTAGA,0
GGGCAAAAACCCCATT,0
GGGCAAAAATTTTACA,0
GGGCAAAATTTTATAG,0
GGGCAAAGCGCTACCA,0
GGGCAAATAGTACAGA,0
GGGCAAGACTGACTAC,0
GGGCAAGTCACGCAAC,0
GGGCAATAGTAACAAT,0
GGGCAATGGTTTATAT,0
GGGCAATTTTACCAGT,0
GGGCACAAGACTACAT,0
GGGCACACGAAAACCT,0
GGGCACACGGAATTTC,0
GGGCACATATAACCAA,0
GGGCACCACTAAAACC,0
GGGCACCATATAGCAC,0
GGGCACCATTAAATAA,0
GGGCACCCCAAAAGAA,0
GGGCACCCTGGTCCAT,0
GGGCACCTAAAAAAGG,0
GGGCACTTGTAATTAG,0
GGGCAGAAAACTAAAC,0
GGGCAGACAACACTCT,0
GGGCAGATCAACGAAG,0
GGGCAGTAACTAGATT,0
GGGCATAACAGCACAC,0
GGGCATACCACAGTCC,0
GGGCATATCCATGACA,0
GGGCATCACGCACTTT,0
GGGCATCATCACCGAT,0
GGGCATCTAATAGTAG,0
GGGCATCTCATTTTTC,0
GGGCATGTAAACACAC,0
GGGCATTAAGTAATTA,0
GGGCCAAAAGCACTGG,0
GGGCCAAGGAACTGAT,0
GGGCCAATTTTCCCAT,0
GGGCCACCAATACTGA,0
GGGCCAGGAGCAGAGA,0
GGGCCATCGAATCAAA,0
GGGCCATCTCGAGTCT,0
GGGCCATGCAATATTT,0
GGGCCCAAAACACGTT,0
GGGCCCAATCTTGGTC,0
GGGCCCAGCCAGATCC,0
GGGCCCTTCAAAGAAA,0
GGGCCGCCCTAGACGA,0
GGGCCGGAAAGCAACA,0
GGGCCGGACTTGGAAC,0
GGGCCGTAAGGCGAAC,0
GGGCCTACAGCAAAGA,0
GGGCCTAGTTAAGTTC,0
GGGCCTCAATTATTAT,0
GGGCGAATGTAGAGTT,0
GGGCGACATAGATCGG,0
GGGCGACATTGTCTAT,0
GGGCGACTTACCCGAG,0
GGGCGCAAATAAGAAG,0
GGGCGCATATAGATCG,0
GGGCGCATATATAGGA,0
GGGCGCGCCGCTCGAG,0
GGGCGGAAAACCGAGA,0
GGGCGGACTTAGACCA,0
GGGCGGATTGCTGTCT,0
GGGCGGCTCACAAGGA,0
GGGCGGTAGCCGTACC,0
GGGCGTAATGATAATG,0
GGGCGTGACTAGAATC,0
GGGCGTTATTATTGAC,0
GGGCTAACAAGATCTA,0
GGGCTACACTGATACC,0
GGGCTACGACTCCATC,0
GGGCTATAAACATTGA,0
GGGCTATTACATATTC,0
GGGCTCCAAGATGTTT,0
GGGCTCGAATCCTCAA,0
GGGCTCTGTGATAATC,0
GGGCTGAGCTCCCTAC,0
GGGCTGATCAATCAAA,0
GGGCTGATTCTGGCGT,0
GGGCTGCAAATTTGTA,0
GGGCTGCAGTGGACGA,0
GGGCTGCAGTTAACGC,0
GGGCTGGACAACGAAC,0
GGGCTGGCTATCCGAC,0
GGGCTGTCATGTCAAC,0
GGGCTGTTTTCATAGC,0
GGGCTTAAAAGCCATC,0
GGGCTTACCTTCTAGC,0
GGGCTTCACCGCTCTT,0
GGGGAAAACGAAAAAT,0
GGGGAAACGTTGAATA,0
GGGGAAAGCGGTTAAC,0
GGGGAAAGTGGTTAAC,0
GGGGAAATCAAGAGGC,0
GGGGAAATGTGACGAC,0
GGGGAACCTCAAGCAA,0
GGGGAACTACAAGCAC,0
GGGGAAGCGTACACTA,0
GGGGAAGTGCATGACT,0
GGGGAAGTTAGCAAAC,0
GGGGACACAATCAAGC,0
GGGGACAGTAACTAGA,0
GGGGACTACGCTTCGA,0
GGGGACTGTGAATGAT,0
GGGGACTTCCCATACA,0
GGGGAGATAATTGATT,0
GGGGAGCTACGTTACC,0
GGGGAGTTTACGAAAG,0
GGGGATCTATTAATTG,0
GGGGATCTTACTGCCA,0
GGGGATTCGTAGGGAA,0
GGGGCAACACTAGGGA,0
GGGGCAACCCCTACAA,0
GGGGCAATACAAAAAT,0
GGGGCACTGTACCTAA,0
GGGGCCAACTATTGTG,0
GGGGCCACTCTTCGAA,0
GGGGCCCGTTAAAAGA,0
GGGGCCGTCATGACTT,0
GGGGCCTATCCCACGC,0
GGGGCCTCAAACTCGC,0
GGGGCGAGAATAAGCG,0
GGGGCGCTCAGGTCTG,0
GGGGCGGAGGATATCA,0
GGGGCGTTATATACTC,0
GGGGCTACCAGATGGT,0
GGGGCTACCATCACCA,0
GGGGCTAGTTAATAAG,0
GGGGCTATGTTCGATT,0
GGGGCTGATAATAGTA,0
GGGGCTGTCCGGCTGT,0
GGGGGAACTCTCCAAC,0
GGGGGAGACTATAAAT,0
GGGGGAGAGCACGGTA,0
GGGGGAGTTGGTCAAA,0
GGGGGATACTACTTAT,0
GGGGGCATCCGAAATT,0
GGGGGCCCTACCTCCT,0
GGGGGCGAAATGCGCC,0
GGGGGCGCTACAAGAT,0
GGGGGCTGGACCATAA,0
GGGGGCTGTTCAACAT,0
GGGGGGACATGGAAAA,0
GGGGGGGAATATATAT,0
GGGGGTGCGTCTTCAT,0
GGGGGTTACAATCTAA,0
GGGGTACATCATACTT,0
GGGGTACCATAAAAAT,0
GGGGTACGTTATACCC,0
GGGGTAGATAATCTTA,0
GGGGTATAAACAAGCT,0
GGGGTCAATGGACCGC,0
GGGGTCGATGAATTAA,0
GGGGTCGCTGAATGTT,0
GGGGTCGGCCTAAAAC,0
GGGGTCTGCATTAGAG,0
GGGGTCTTTCCTATAA,0
GGGGTGCACTTTGTGA,0
GGGGTTAACAAGATTT,0
GGGGTTAATTCGATAC,0
GGGGTTGACTGTTTTT,0
GGGGTTGGTAAGTTTC,0
GGGGTTGTTACTGGCA,0
GGGGTTTATTCCGCGG,0
GGGTAAAACACATTAA,0
GGGTAAACCCAACAAG,0
GGGTAAAGCATTTATG,0
GGGTAAATAAGCCCTT,0
GGGTAACCCCTTCAAC,0
GGGTAACGCGGACCAA,0
GGGTAACTAGTTCCAA,0
GGGTAAGAAGCCAACA,0
GGGTAAGGAACACGAA,0
GGGTAATCAATTCTGA,0
GGGTAATCGTAATTTA,0
GGGTACCAACTACATC,0
GGGTACGATTGTAAAA,0
GGGTACTGGAATTAAC,0
GGGTAGAACCAAATTC,0
GGGTAGGTTAAATTAT,0
GGGTAGTATTACAAAA,0
GGGTAGTCGCTAAAAT,0
GGGTAGTGATTTCGCA,0
GGGTATAACTTAGTAT,0
GGGTATTATACAAGGG,0
GGGTATTGAACTGTTA,0
GGGTCAAAAGATCGAT,0
GGGTCAACGCCCTTAC,0
GGGTCACACCAAACAG,0
GGGTCAGCTTGTAGTT,0
GGGTCAGGATCTAGTA,0
GGGTCAGTGATGCAAG,0
GGGTCCAAGAGTAACA,0
GGGTCCAATAACCAAA,0
GGGTCCACCCTAACGT,0
GGGTCGCGGGGATGAC,0
GGGTCGGTTTCATGGC,0
GGGTCGTAAAAAGGTC,0
GGGTCGTTCTAGATAC,0
GGGTCTAAGTCCGAGC,0
GGGTCTTAAAGGCCCC,0
GGGTCTTGAACAACGT,0
GGGTGAAAAACAATAC,0
GGGTGAACCGTAGCCA,0
GGGTGACTCCTCACAA,0
GGGTGAGAAAGAAGTA,0
GGGTGAGAACAAACTA,0
GGGTGAGTTAGCTACT,0
GGGTGCTAACTAAGCA,0
GGGTGCTAATAGTCAC,0
GGGTGGATCATGTATC,0
GGGTGGGGATAAGCTC,0
GGGTGGGTGCAAACGA,0
GGGTGTAAACATTAAC,0
GGGTGTGAAACCGCAT,0
GGGTGTTGAGAAAATT,0
GGGTTAACCTAACGGG,0
GGGTTACATAGGCCGA,0
GGGTTACCTGTTCAGC,0
GGGTTATACAAAACAT,0
GGGTTATGATTACTAA,0
GGGTTCACATACAACC,0
GGGTTCATCTGCCATA,0
GGGTTCCCACCAAAAC,0
GGGTTCGCGACCCAGT,0
GGGTTGCAATGGTAAT,0
GGGTTGGGATACTAAA,0
GGGTTTATAAAACCAA,0
GGGTTTATGTGATCCA,0
GGGTTTGGCCTATATG,0
GGGTTTGGTGACGAAA,0
GGTAAAAAGAAAACAT,0
GGTAAAACACTTTGCC,0
GGTAAAAGAATTAACA,0
GGTAAAAGCCAGACGC,0
GGTAAAAGGAAAATCG,0
GGTAAAATAAAAGAAT,0
GGTAAAATATCCCATA,0
GGTAAAATTACCCTCT,0
GGTAAAATTCCCCATC,0
GGTAAACAGCCCGAGC,0
GGTAAACCATTAAATT,0
GGTAAACGAATACAGT,0
GGTAAAGAGTAAAAAC,0
GGTAAAGCAACATCAT,0
GGTAAAGGAATAGCGT,0
GGTAAAGGTGCTTCAT,0
GGTAAAGGTTGCTAAC,0
GGTAAATAAACATCAC,0
GGTAAATACGTCCATA,0
GGTAAATATCAGTTCG,0
GGTAAATTGGTTAAGA,0
GGTAACAAAATATAAA,0
GGTAACAGACCCATTG,0
GGTAACAGAGTATTCA,0
GGTAACCCTTCAGATT,0
GGTAACCTTAATATCA,0
GGTAACGAGTAGACAC,0
GGTAACGAGTCCGAGA,0
GGTAACGTAAGAAATG,0
GGTAACTAGTAATGGT,0
GGTAACTCGGACGACG,0
GGTAACTCTTCCAACA,0
GGTAACTGTCAAAACC,0
GGTAAGCTGAATCATG,0
GGTAAGGAGAGAAAAA,0
GGTAAGGCCGCTATAT,0
GGTAAGTGTGTGTTGG,0
GGTAATAACTCTAAAT,0
GGTAATAAGGCCATTT,0
GGTAATAATTCGCAAT,0
GGTAATAGACAGATCC,0
GGTAATAGTTACAAGG,0
GGTAATATCCTGAGAT,0
GGTAATATCTCGTTTG,0
GGTAATATGAACCCGC,0
GGTAATCTGTGAAGTA,0
GGTAATGACACATGGA,0
GGTAATGATTGGGCTG,0
GGTAATGTCGCATTCC,0
GGTAATTAAATTGGCC,0
GGTAATTAACACAATG,0
GGTAATTACCGCCCAA,0
GGTAATTATGATGGAT,0
GGTACAAATGCAGACC,0
GGTACACTTACTAACT,0
GGTACAGCCTGATAAC,0
GGTACAGTTTAAAATA,0
GGTACATGGATTATAA,0
GGTACATGGGCAATGG,0
GGTACATTTTATACAA,0
GGTACCATACTACACA,0
GGTACCCTATAGTCTT,0
GGTACCGCAAAGAAAT,0
GGTACCTACCGAGAAT,0
GGTACCTTTGTTGATG,0
GGTACGATCAGGAGCC,0
GGTACGATTTCACGTC,0
GGTACGCAGATGGATA,0
GGTACGCGAAGGCCCT,0
GGTACGCGGATGTATG,0
GGTACGGGATGGAATT,0
GGTACGTTCATCCACA,0
GGTACTAATTAATAAA,0
GGTACTCCACATTCAA,0
GGTACTGGCGGGAGAG,0
GGTACTGGTTCCAGTC,0
GGTACTTCGATTCTAA,0
GGTAGAAAAAATAGAT,0
GGTAGAAACCAGGCTT,0
GGTAGAACAGTATTAA,0
GGTAGAATATAGTCCT,0
GGTAGACACGAGCCGC,0
GGTAGACATTGAAGCT,0
GGTAGAGAGCAGCACA,0
GGTAGATACCGTAACG,0
GGTAGATCAAAATGCA,0
GGTAGCAAAATATCGT,0
GGTAGCAAACTAGAAA,0
GGTAGCACGGAATATA,0
GGTAGCCGAAACGGCC,0
GGTAGGAGAGCGATAG,0
GGTAGGCGTGTGTATT,0
GGTAGGCTTGGTGGCT,0
GGTAGTACTCGTTTAT,0
GGTAGTCCATGAAATC,0
GGTAGTCCGAATTACG,0
GGTAGTCGTACAGCCG,0
GGTAGTGTGCCACCGG,0
GGTAGTTGAGGTTCGC,0
GGTAGTTTTAGTACAT,0
GGTATAAAAATTAACA,0
GGTATAAAGATGGCAA,0
GGTATAAAGATTGATG,0
GGTATAATGGACGTCC,0
GGTATAATTATGGTCG,0
GGTATACATATAAGCA,0
GGTATACATTTTCTAG,0
GGTATACTCCATTCAA,0
GGTATAGGCTTTTAGA,0
GGTATATACATACGGT,0
GGTATATAGCCAAATG,0
GGTATATTCAAGAGAA,0
GGTATCACAGTAAAGC,0
GGTATCACCGCCCAGA,0
GGTATCAGATGGAAAT,0
GGTATCGCTAAAAGAC,0
GGTATCGCTTATGCCC,0
GGTATCTACAAATCTA,0
GGTATCTAGGGCCAAA,0
GGTATCTATATCTATA,0
GGTATCTATCTATTAA,0
GGTATGAAGTACAACT,0
GGTATGCATAATCCTA,0
GGTATGGATAACAAGG,0
GGTATGTCGCAGCGAA,0
GGTATTAAGAATTCTG,0
GGTATTAGACTATGAT,0
GGTATTAGGACTTTGC,0
GGTATTATTCTATGGT,0
GGTATTCGATCAACCG,0
GGTATTGATCAAATTT,0
GGTATTGCGTAGCACA,0
GGTATTGTACAACTAC,0
GGTATTTATCCGAGGC,0
GGTCAAAACTCACGCG,0
GGTCAAACAAGCGGTA,0
GGTCAAAGATGTCTTT,0
GGTCAAATCGTATCAA,0
GGTCAAATGAGGATTC,0
GGTCAACAACATGAAG,0
GGTCAACAGAACCTCT,0
GGTCAACGAGTCTAGA,0
GGTCAACGTGCAATCA,0
GGTCAAGACACCTAAC,0
GGTCAAGCAGACCCCT,0
GGTCAAGTCCCCATAT,0
GGTCAATATAACGCTG,0
GGTCAATATTATCTAT,0
GGTCACAACTTCATTA,0
GGTCACAGGAATCCGT,0
GGTCACCATGAATTAA,0
GGTCACCTGTTCCATA,0
GGTCACGCACGGCTCG,0
GGTCACTCATAACCGA,0
GGTCACTGTCTTCTAC,0
GGTCAGGACATAGCGA,0
GGTCATACGAACGCGA,0
GGTCATCCCAGTCGTT,0
GGTCATCTCCAAATTT,0
GGTCATGCTCAATCGA,0
GGTCATTGATAGCTGA,0
GGTCATTTAACATATA,0
GGTCATTTATCGTAAA,0
GGTCCAAAATGTCACC,0
GGTCCAAACAATTAAA,0
GGTCCACAAACGTTGT,0
GGTCCAGCATTATGTC,0
GGTCCAGGATGATGCA,0
GGTCCAGTGGCGCTGT,0
GGTCCATATCCCTATA,0
GGTCCATGAGTAGACA,0
GGTCCATTGACCCGCC,0
GGTCCATTTGTATAAA,0
GGTCCCAAGTTATGAA,0
GGTCCCCATTATCTAG,0
GGTCCCTCTCAATTTT,0
GGTCCGGCTTGTACGA,0
GGTCCGTAAAAAAAGC,0
GGTCCGTAACATACAT,0
GGTCCGTATGATAAAA,0
GGTCCTAGCATCTGAT,0
GGTCCTTATCTAAGGC,0
GGTCCTTGATGATAAA,0
GGTCGAAAATGTCTGA,0
GGTCGAAACGACGAAG,0
GGTCGAAAGTAGATAT,0
GGTCGAAATTTCTACG,0
GGTCGACAAAGCATGA,0
GGTCGACAGGAGACTC,0
GGTCGACAGGCGAAGC,0
GGTCGACCGAGGCAGT,0
GGTCGACGAATCGAAA,0
GGTCGACTAACTCACG,0
GGTCGATCCTACCCAG,0
GGTCGATGAATAAGCG,0
GGTCGCATTAAACCTC,0
GGTCGCCCGATCACTA,0
GGTCGCTCCGACACTC,0
GGTCGCTTAATACAGA,0
GGTCGGCTAATTTAGT,0
GGTCGTAACACCGAGT,0
GGTCGTAAGCGGACAT,0
GGTCGTATGTACAGAC,0
GGTCTAACCTGAAATA,0
GGTCTATTAAATGACA,0
GGTCTCGCCGACCCCA,0
GGTCTCGGCTTTGCCG,0
GGTCTCGTAAAGAAAA,0
GGTCTGACAAACAAAC,0
GGTCTGATTCACAGTT,0
GGTCTGCGAATTAAAC,0
GGTCTGTCACTAAGCC,0
GGTCTTAAACAGCTAA,0
GGTCTTGATGCGAGTC,0
GGTCTTTCCGCATAAT,0
GGTCTTTGGATATGTA,0
GGTCTTTGTTCTTTAC,0
GGTCTTTTTCAATCTT,0
GGTGAAACGCAATAAA,0
GGTGAAAGATCTAGAT,0
GGTGAAATTTAGAAAA,0
GGTGAACACGCGCCCG,0
GGTGAACCCAGGTTAG,0
GGTGAAGGCTGAAACC,0
GGTGAATACGACAACT,0
GGTGAATGCAGAAACT,0
GGTGAATGGTATGCGA,0
GGTGAATTGTTCAATT,0
GGTGACACCGATTTGC,0
GGTGACATGAGACTAA,0
GGTGACATTTACCATG,0
GGTGACCGGAACAATG,0
GGTGACCGGTAACCAC,0
GGTGACCGTACCCACT,0
GGTGACGAATTGTTAT,0
GGTGACGATAAGTCAT,0
GGTGACTCTAAAACGA,0
GGTGACTGGTCAAAAC,0
GGTGACTTATACAGGG,0
GGTGACTTATATACTA,0
GGTGACTTGCAAACCA,0
GGTGAGATCCCACTTC,0
GGTGAGCAAATGAAAA,0
GGTGAGCATAGATTAG,0
GGTGAGCGAACATTTA,0
GGTGAGCTTCCGTACC,0
GGTGAGTCAAATGTAA,0
GGTGAGTTCCTAAACC,0
GGTGATATTGGATGTT,0
GGTGATCAATATGAAT,0
GGTGATCCACTGAAGT,0
GGTGATCTTCTGTTCG,0
GGTGATGAACAACGCT,0
GGTGATTGCTGTAACT,0
GGTGATTTCCTTCAGG,0
GGTGCAAATGTCAGAC,0
GGTGCAATGATTAATT,0
GGTGCACGCGAGTACG,0
GGTGCAGCATCAAGCC,0
GGTGCATAATATCGGC,0
GGTGCATACAAAAGAA,0
GGTGCATTCACGATGG,0
GGTGCCCAAGCCCTGG,0
GGTGCCCCATGCATAC,0
GGTGCCCTAAAAATGT,0
GGTGCCGTGCGTAGCG,0
GGTGCCTACAATGAAA,0
GGTGCCTCAGAAGACA,0
GGTGCCTGACTCATAT,0
GGTGCCTGTTTTATAA,0
GGTGCCTTCGGGCCCA,0
GGTGCGAGATTTTACA,0
GGTGCGTTAACCCGGG,0
GGTGGACCCATAGCAA,0
GGTGGAGATATCAAGA,0
GGTGGAGGATACCTGT,0
GGTGGATAACTTAGAT,0
GGTGGATACAATGATA,0
GGTGGCCGACGAACGA,0
GGTGGCCTATACATCA,0
GGTGGGTCTTCAATAA,0
GGTGGTAAGTCTCAAG,0
GGTGGTAGTGCATCAG,0
GGTGGTGTTCACGCGG,0
GGTGTAAAACCGAAAA,0
GGTGTAAAATCGAAAA,0
GGTGTAAAGAGCTTCA,0
GGTGTAAGGACGGTGC,0
GGTGTAATTCTAAGAT,0
GGTGTACATTACTTCA,0
GGTGTATGTTATTTGA,0
GGTGTCCTAACGTAGT,0
GGTGTCTGGTCTCGAT,0
GGTGTGAAGGATTTAA,0
GGTGTGACATTGCAAA,0
GGTGTGAGAGCTACCA,0
GGTGTGGAGTCTATTA,0
GGTGTTACATACCACG,0
GGTGTTAGAAGCTAGA,0
GGTGTTCAATTCAAGA,0
GGTGTTCGATTCAACC,0
GGTGTTGTAAGAATTT,0
GGTGTTGTACCATCTC,0
GGTGTTTAAGCGAGAC,0
GGTGTTTCGTTTGCCA,0
GGTGTTTTCACCGTCA,0
GGTTAAACTAAAAAAG,0
GGTTAAATTCAAACTA,0
GGTTAAGTCGGCTCAA,0
GGTTAATAAGAAAAAA,0
GGTTAATCTCGTTAAA,0
GGTTAATCTCGTTCAC,0
GGTTAATCTGTCTCTG,0
GGTTAATGTTAAATAA,0
GGTTACAAAAGCGAAT,0
GGTTACACAAACACCA,0
GGTTACATATCAGGAC,0
GGTTACATTAGTGTTG,0
GGTTACCAATAAAACA,0
GGTTACCACTTAAAAA,0
GGTTACCTGACTTTCA,0
GGTTACGTCATAATAT,0
GGTTACGTGAACGAAT,0
GGTTACTAGTGGCTAC,0
GGTTAGAAATTGCCGA,0
GGTTAGAAGAACAACA,0
GGTTAGCACCACTCAA,0
GGTTAGCCAAAACATA,0
GGTTAGGATGGAAGTA,0
GGTTATAACTCGTAAG,0
GGTTATACATTATGCA,0
GGTTATACATTATTTA,0
GGTTATCAAAGATCAC,0
GGTTATGACTCCGCAA,0
GGTTATTCATGATTCA,0
GGTTATTTAGAACTAA,0
GGTTATTTGGTATAAC,0
GGTTATTTTAAAACCC,0
GGTTCAAGCACGAATT,0
GGTTCACCCACAACTT,0
GGTTCACCTAAGAATG,0
GGTTCAGGCACGAAAG,0
GGTTCAGTAATTCTAA,0
GGTTCAGTTGAATGGC,0
GGTTCCACACTTCACT,0
GGTTCCACATACGATG,0
GGTTCCACGAGAAGAA,0
GGTTCCAGCTCGGAAC,0
GGTTCCATCGAATGCT,0
GGTTCCCGAATTGCTA,0
GGTTCCGTGGCATCCT,0
GGTTCCTGAATGATCC,0
GGTTCCTGGGTAGCAC,0
GGTTCCTGGTTTAATA,0
GGTTCGAAGTTCCACG,0
GGTTCGCTAAAATTAG,0
GGTTCGTAGTGGAGAT,0
GGTTCTAACTTTTTTA,0
GGTTCTACTAAACACC,0
GGTTCTTTAAAAACGA,0
GGTTGAAAATATGGGT,0
GGTTGAAAGATCTTAG,0
GGTTGACATAGATTCA,0
GGTTGACCAACCTGCA,0
GGTTGAGGTAGCAAGA,0
GGTTGAGTTCGTGACA,0
GGTTGATTCATAATTA,0
GGTTGCAAAAGAGAAA,0
GGTTGCAAAATCCCCG,0
GGTTGCACATACCAGT,0
GGTTGGATTTCAATTA,0
GGTTGGCCTAAAAGAG,0
GGTTGGTTGTGGTGCC,0
GGTTGTAGAATTAACC,0
GGTTGTAGATGATGTA,0
GGTTGTATCAAGAAAT,0
GGTTGTCCGTCATCTT,0
GGTTTAAACACATTGA,0
GGTTTAAACTAGCGAT,0
GGTTTAAATACAAATC,0
GGTTTAACAAATGTCG,0
GGTTTAACGGAAGGTA,0
GGTTTAATCTTTAACT,0
GGTTTAGAATACGAAG,0
GGTTTAGAATCCAACC,0
GGTTTAGCCCGAAATA,0
GGTTTAGTTGACACCA,0
GGTTTATAAATTTCAC,0
GGTTTATAGAATAGTA,0
GGTTTCAAGTAAGGGA,0
GGTTTCAGGACTCTCT,0
GGTTTCGAGGGAGATC,0
GGTTTCGATTTGACGA,0
GGTTTGATAGAATGCT,0
GGTTTGATCACTAAGT,0
GGTTTGTTCTATATAT,0
GGTTTTAATACTAGGA,0
GGTTTTCAAGAATATA,0
GGTTTTGAATACCCCG,0
GGTTTTGCTAGTTTTT,0
GGTTTTTATGAAGATT,0
GGTTTTTCCGGAAAAT,0
GTAAAAAAAATATGAA,0
GTAAAAAACGTCTTCA,0
GTAAAAAACTTACAAT,0
GTAAAAAATAATCATA,0
GTAAAAAATGAGTGAT,0
GTAAAAAATTAATATA,0
GTAAAAACAACAACAT,0
GTAAAAACAGTAATTA,0
GTAAAAACAGTATCCC,0
GTAAAAACATTGCGGA,0
GTAAAAACCCTCTAAC,0
GTAAAAACCGAAAGCG,0
GTAAAAACTGATACAA,0
GTAAAAAGAACTGTTG,0
GTAAAAAGATAAAAAC,0
GTAAAAAGGTATAACA,0
GTAAAAATAGAGGCAT,0
GTAAAAATTTCGCATG,0
GTAAAACAAACTGCAA,0
GTAAAACAAAGAAGTT,0
GTAAAACATGGAGCAC,0
GTAAAACATTCCTTTG,0
GTAAAACATTTAGTCG,0
GTAAAACCAGATTTCT,0
GTAAAACCATGGAAAA,0
GTAAAACGACTACCTG,0
GTAAAACGCATTTATT,0
GTAAAACTACCAGTCC,0
GTAAAACTATAATACA,0
GTAAAACTATTTAAAT,0
GTAAAAGACTTCGTGA,0
GTAAAAGATGCGGATT,0
GTAAAAGCTATTAAAA,0
GTAAAAGGAGGTCGCT,0
GTAAAAGTAATGTAGC,0
GTAAAAGTTATTAATT,0
GTAAAAGTTCCAATAT,0
GTAAAATAAAGTAAAC,0
GTAAAATACGGAAATA,0
GTAAAATATACTACCA,0
GTAAAATCTACCTTGC,0
GTAAAATCTGTGGAAG,0
GTAAAATGGAAAAGAA,0
GTAAAATTACGACCTA,0
GTAAAATTAGACAGCT,0
GTAAAATTAGAGGGAA,0
GTAAACAACGTTCAGA,0
GTAAACAACTGGACCC,0
GTAAACAAGATTTAAA,0
GTAAACAGCAAACCGA,0
GTAAACATCTCGGGTG,0
GTAAACCAAGTCAAGA,0
GTAAACCAATCCTTAT,0
GTAAACCACGCACGGT,0
GTAAACCAGGTAGAGA,0
GTAAACCGATGGACCA,0
GTAAACCGCGATATTG,0
GTAAACCTAATTGAAC,0
GTAAACGAATATAACA,0
GTAAACGCAATATTGA,0
GTAAACGCCCCTTCAT,0
GTAAACGGAAATGTAG,0
GTAAACGGTTCCTATG,0
GTAAACGTACGGTGAC,0
GTAAACGTGCTTACCG,0
GTAAACTAAGACAAGA,0
GTAAACTCTTATTAGA,0
GTAAACTGAGAGATGT,0
GTAAACTTCGTGGTTG,0
GTAAACTTGAGAGAAA,0
GTAAACTTTGTTCTTC,0
GTAAAGAACTATACTA,0
GTAAAGACATAGGACT,0
GTAAAGACTAATTTAC,0
GTAAAGACTCAGCAAA,0
GTAAAGAGCAGCAAAA,0
GTAAAGAGTACATAAA,0
GTAAAGATAACCCTCG,0
GTAAAGATTAACCAAA,0
GTAAAGCACAAGTGAG,0
GTAAAGCATCTAAAAA,0
GTAAAGCCATCAGACC,0
GTAAAGCCCGCCAGAT,0
GTAAAGCCGCATCAGA,0
GTAAAGCGGATCTGAT,0
GTAAAGCTCGTTAAAC,0
GTAAAGCTCTAGATAC,0
GTAAAGCTTTAAATAA,0
GTAAAGGAATATGAAA,0
GTAAAGGATTACGTCG,0
GTAAAGGCTAAGAATG,0
GTAAAGGGAACAGGAG,0
GTAAAGGTCGATGGTA,0
GTAAAGTACGAATCAA,0
GTAAAGTCCAGAGCTG,0
GTAAAGTCCCTAGATA,0
GTAAAGTCGATGATTT,0
GTAAAGTGTCTGTGCA,0
GTAAATAAAACATGAT,0
GTAAATAAACACTCTT,0
GTAAATAAACTTCAAT,0
GTAAATAAATTGAAAA,0
GTAAATAAATTGTAAC,0
GTAAATAAGTTTATAC,0
GTAAATAATATAAGAC,0
GTAAATAATCTTTAGA,0
GTAAATACTCGATTTA,0
GTAAATATAACCAACA,0
GTAAATATCGACACCG,0
GTAAATATTGCATAAC,0
GTAAATATTTTTTTTA,0
GTAAATCAGCTTCCAC,0
GTAAATCCTCCCGTAG,0
GTAAATCGAGTAAATT,0
GTAAATCTACACCATG,0
GTAAATCTGCCAAATA,0
GTAAATGAAAACCAAC,0
GTAAATGAAATTAGAA,0
GTAAATGCCCATGAAG,0
GTAAATGGACACTAAT,0
GTAAATTCCCTAGAAT,0
GTAAATTGAAGCTTAT,0
GTAAATTGGGGAAGAA,0
GTAAATTTAAAAACAT,0
GTAAATTTTTCGATTG,0
GTAACAAAACTAGGCG,0
GTAACAAAATGATAAT,0
GTAACAAACTATAATG,0
GTAACAAAGTAAAAAC,0
GTAACAACTTATAAAG,0
GTAACAAGAATGCAGC,0
GTAACAAGCGCACATG,0
GTAACAAGTCTAAAAA,0
GTAACACAAGAACATA,0
GTAACACACATAACAA,0
GTAACACACGGCTCCC,0
GTAACACCGTAACCTA,0
GTAACAGACAACGACC,0
GTAACAGACCAGCGAA,0
GTAACAGAGAAGGACA,0
GTAACAGATACAAACA,0
GTAACAGATCAGTAGT,0
GTAACAGGATTCACTC,0
GTAACATAAAATCCAG,0
GTAACATAACTTAAGT,0
GTAACATAATGAAAGG,0
GTAACATATAGACGAA,0
GTAACATCGAAAAAAC,0
GTAACATCTACAATGC,0
GTAACCAACATAAACA,0
GTAACCAACATTCTTT,0
GTAACCAAGTTTTAAG,0
GTAACCAATAAAACAC,0
GTAACCACATTGCCGT,0
GTAACCACTACATCTA,0
GTAACCACTTAAATAT,0
GTAACCATACAGAGAA,0
GTAACCATATGTAAGA,0
GTAACCATTATGTCAC,0
GTAACCCAGAAGCACG,0
GTAACCCCCCGAATTT,0
GTAACCCTACTGGATG,0
GTAACCCTCTTCTAAA,0
GTAACCGACACGCATA,0
GTAACCGGACTCTAAA,0
GTAACCGTGAAGATCA,0
GTAACCTAACATTGAC,0
GTAACCTACAAAAAGA,0
GTAACCTCGTTACAAG,0
GTAACCTTATAATCCA,0
GTAACCTTATCTGTGA,0
GTAACCTTCCTTAAAG,0
GTAACCTTTTACCAGA,0
GTAACCTTTTATTCTC,0
GTAACGACAGTAAGTC,0
GTAACGACTCGTAACT,0
GTAACGAGACTGAAAC,0
GTAACGCGCAACGTAC,0
GTAACGTAAAATTTCT,0
GTAACGTAACTAGTTT,0
GTAACGTATGCGTAGA,0
GTAACGTGCGAATGAC,0
GTAACGTGGCTGAGAT,0
GTAACTAAATTACAAA,0
GTAACTACCTACTAAG,0
GTAACTAGAATACGCA,0
GTAACTATAAGTAGTT,0
GTAACTATCAATAACC,0
GTAACTCACACATTCC,0
GTAACTCATTGATTAT,0
GTAACTCCACGAACGG,0
GTAACTCCACTTGAGA,0
GTAACTCCCATATCTG,0
GTAACTCCCCGACAAA,0
GTAACTCCTCTCAAAA,0
GTAACTGAAATTTTAT,0
GTAACTGCCCACAAAA,0
GTAACTGTCCAATCAA,0
GTAACTGTCCCAGAGA,0
GTAACTTAGCTCACAA,0
GTAACTTCCTCTTTCT,0
GTAACTTCTGAACCGG,0
GTAACTTCTGAGTAGT,0
GTAACTTGTAGAGTGT,0
GTAAGAAATATTAGTA,0
GTAAGAACAGATCGGC,0
GTAAGAACGACCCATA,0
GTAAGAAGGAGAGAAA,0
GTAAGAATAATGTCTC,0
GTAAGAATTTAGTACG,0
GTAAGACAAATCCAAT,0
GTAAGACAATCATCAC,0
GTAAGACCCAGTCACA,0
GTAAGACGCACTTCGA,0
GTAAGACGCATAGTTA,0
GTAAGACGCTTCATTC,0
GTAAGACGTATTATGC,0
GTAAGAGACACGAAAT,0
GTAAGAGCACATTACA,0
GTAAGAGCCATTCTCG,0
GTAAGATACCAATTAC,0
GTAAGATATGGAAGTT,0
GTAAGATCTAATAATA,0
GTAAGATGCGAACTGA,0
GTAAGATGGGCTCAAG,0
GTAAGATTACAATAAG,0
GTAAGCAGACATATCA,0
GTAAGCAGATTAGGCT,0
GTAAGCATTAGCTATA,0
GTAAGCCAGGAAGATA,0
GTAAGCCGGTTGACAC,0
GTAAGCTATTGAAAAC,0
GTAAGGAAATTTACAG,0
GTAAGGACCTATAATT,0
GTAAGGATTGCAATGC,0
GTAAGGCAACGTTGGC,0
GTAAGGCCCTGGCTTA,0
GTAAGGCTGTTGGAAT,0
GTAAGGGACTAAATAC,0
GTAAGGTACCTCGAGA,0
GTAAGGTTACTAGGCT,0
GTAAGTAAGCGCTTGC,0
GTAAGTAATTCAAAGC,0
GTAAGTATACGCGATC,0
GTAAGTCGAACCCGCT,0
GTAAGTCGAGAAAAAG,0
GTAAGTGCCACGCATT,0
GTAAGTGGTCAGACCT,0
GTAAGTGTGCATTGAA,0
GTAAGTTGAAAACGCC,0
GTAAGTTTTACAGTTG,0
GTAATAAAACAGAAAT,0
GTAATAAAGATTTTAT,0
GTAATAAGGATCAGAA,0
GTAATAAGTAGGATTA,0
GTAATAAGTGTCCTGT,0
GTAATAATCTCTAAAC,0
GTAATAATCTGGCCAG,0
GTAATAATTTAGCCGC,0
GTAATACACAACTATC,0
GTAATACAGAGCCCAC,0
GTAATACAGCAAACTA,0
GTAATACCGGATGAAC,0
GTAATACGTCCGGACT,0
GTAATACGTTACTATA,0
GTAATACTTCACAACA,0
GTAATAGAAGGGAAAC,0
GTAATAGGACCCACCA,0
GTAATAGTGCATGCCA,0
GTAATAGTTAAAGTAT,0
GTAATAGTTCTTACTT,0
GTAATATAATAATGGA,0
GTAATATAGTCACGAC,0
GTAATATCCCGAGCTA,0
GTAATATGAACACAGT,0
GTAATATGGAAATAGA,0
GTAATATGGAAATGCA,0
GTAATATTCAACCTTA,0
GTAATATTGAACCTTC,0
GTAATATTTTACATGA,0
GTAATATTTTTAAACT,0
GTAATCAAATACATCA,0
GTAATCACATAAGTTA,0
GTAATCAGACTTACTC,0
GTAATCAGTGTTATGC,0
GTAATCATAAACTGCC,0
GTAATCATGAGTATCA,0
GTAATCATGTCCCTGA,0
GTAATCCACACGGCCA,0
GTAATCGTCAGTTGCC,0
GTAATCGTTAAATGTA,0
GTAATCTACCTCACTA,0
GTAATCTCCTTAAGCT,0
GTAATCTCTTAGGAAC,0
GTAATGAAAAAAAAAA,0
GTAATGAAAACGCTTT,0
GTAATGAACAGGATTT,0
GTAATGAGAACAAAAT,0
GTAATGAGAATCAATA,0
GTAATGATAAAATATC,0
GTAATGATATAATCCG,0
GTAATGATCTATTTGA,0
GTAATGATTCACCAGC,0
GTAATGCAAGGGAGTG,0
GTAATGCATCTCTAAA,0
GTAATGCCTATTCAAA,0
GTAATGGGTGCAAACC,0
GTAATGTAACGTCATC,0
GTAATGTAGAGGCCCT,0
GTAATGTGACAAAGGT,0
GTAATGTGCAATATCT,0
GTAATGTGGCAAAGTC,0
GTAATGTGTCGTATCT,0
GTAATGTTCCAAAAAG,0
GTAATGTTCTTTCCAA,0
GTAATTAATATGGATA,0
GTAATTACACAAGACA,0
GTAATTACTACCAAAA,0
GTAATTACTGCATGTA,0
GTAATTAGAACCACGT,0
GTAATTAGGACAAGGT,0
GTAATTATACCTCAGT,0
GTAATTCCTATACGCA,0
GTAATTGAAACGCATC,0
GTAATTGGAAATCCAA,0
GTAATTGTATGAAACA,0
GTAATTGTTAACTCCT,0
GTAATTTAATTTTAAC,0
GTAATTTAGACCCCAG,0
GTAATTTAGTGGTCTC,0
GTAATTTCAGCCCCAA,0
GTACAAAAACACTACG,0
GTACAAAAACAGTTTG,0
GTACAAAACCCTATCG,0
GTACAAAACTCTATCG,0
GTACAAAATAGAGAAA,0
GTACAAAATAGCGCCA,0
GTACAAACAAGATTGT,0
GTACAAACACGGTTTG,0
GTACAAACCTATGACT,0
GTACAAAGAGGATCAT,0
GTACAAAGGTAACAAT,0
GTACAAAGTTGGAATA,0
GTACAAATAACACCAT,0
GTACAAATCCAAAAGT,0
GTACAAATGTTAAGTC,0
GTACAAATTAAATTTC,0
GTACAAATTCTAGAAA,0
GTACAACATATGAAAC,0
GTACAACCTCAAATCT,0
GTACAAGAAAAAAACA,0
GTACAAGGAGTGAATA,0
GTACAAGGGCCGATGC,0
GTACAATAGAATTCTA,0
GTACAATATGGCTTAC,0
GTACAATCTTCTCGCA,0
GTACAATTGATTCTCT,0
GTACAATTTAATAGTG,0
GTACACAATAAACATC,0
GTACACACAACACCAA,0
GTACACCACCGGTTTG,0
GTACACCACGCGGGTA,0
GTACACCCCTGAACCT,0
GTACACCGTGCAGCAA,0
GTACACCGTGTGACGT,0
GTACACCTTGTTTAAA,0
GTACACGAGTGGTCAA,0
GTACACTAGGTTCCAA,0
GTACACTCACGAACTT,0
GTACACTGCATTCTAC,0
GTACACTTTGGCAACC,0
GTACAGAAATACGCTC,0
GTACAGACGCTCGCAA,0
GTACAGAGCATAAAGT,0
GTACAGATCACCCAAC,0
GTACAGATCTACCCCC,0
GTACAGATTACACATA,0
GTACAGCCTTTGTACT,0
GTACAGGACACTGGGA,0
GTACAGGCGCGGGAAG,0
GTACAGGGAGGCAACG,0
GTACAGGTAATGCAGG,0
GTACAGTAAAATTGTC,0
GTACAGTCGACGTCAC,0
GTACAGTGTGACCCAG,0
GTACAGTTGATTTAGT,0
GTACAGTTTAAGAGTT,0
GTACATAAAATATTCA,0
GTACATAAACAAGGAG,0
GTACATAAAGCAACAC,0
GTACATACCCCGAACA,0
GTACATACCCTAAGCC,0
GTACATATACAAAGAC,0
GTACATATATTTAGGA,0
GTACATATTCAGCTCA,0
GTACATCTTCGAGTTA,0
GTACATGAAACTAAAC,0
GTACATGCACCCATCT,0
GTACATGGCTACTCCA,0
GTACATGTACATGATG,0
GTACATGTCAGTGATG,0
GTACATTACAAGTGTG,0
GTACATTAGCGTGGAG,0
GTACATTATGTACTAA,0
GTACATTGAACTATAA,0
GTACATTTAATCAAAA,0
GTACATTTAGACAGGA,0
GTACCAAAAATCAAAA,0
GTACCAAGAGTCGCAA,0
GTACCAAGTATAAAAC,0
GTACCACTCTGTCTTA,0
GTACCAGGAAAACTCG,0
GTACCAGTGCTCATTA,0
GTACCATAATAATGTT,0
GTACCATCAAGTAGAA,0
GTACCATCATATTATT,0
GTACCATCGGACACCC,0
GTACCATGTTCGCTAT,0
GTACCATTAAGATCGT,0
GTACCCATACCCTCGA,0
GTACCCCAGGTAGTCT,0
GTACCCCATACCCGTT,0
GTACCCGCATCACACT,0
GTACCCTCAAATTTAA,0
GTACCCTCAAGCGGAG,0
GTACCCTGAATACACG,0
GTACCGAAACTAGAAG,0
GTACCGCACACATTAT,0
GTACCGGCGCTCTGAC,0
GTACCGGGATGAGTAT,0
GTACCGTAAAACATAA,0
GTACCGTATATAAGCC,0
GTACCTAAAACGAAGT,0
GTACCTAAGAAGCATT,0
GTACCTAATGAGAAAA,0
GTACCTAGACAAGAGC,0
GTACCTCAATCCGAAC,0
GTACCTCAATGCTTTC,0
GTACCTCGGTTACCCC,0
GTACCTGAGAGGCCTT,0
GTACCTTAAATGTATA,0
GTACCTTAAGAACACG,0
GTACCTTAAGAATCTC,0
GTACCTTGGATACCAC,0
GTACCTTGTTGCCTAA,0
GTACGAAAATACATGA,0
GTACGAAAGGGGATAG,0
GTACGAACAATTATCA,0
GTACGAACCCAGTAAC,0
GTACGAACTCAAGGGT,0
GTACGACATACCACCG,0
GTACGACCTTTGTGAA,0
GTACGACGCCAAATAG,0
GTACGACGCCTTCAGA,0
GTACGAGACATGTATA,0
GTACGAGAGAGACTCA,0
GTACGATATCCAGTCC,0
GTACGATTAGGACAAA,0
GTACGATTGGTAAATT,0
GTACGCAAACGGGTCA,0
GTACGCAGAGGCATCA,0
GTACGCCTGGGTACAG,0
GTACGCGGTGAAACAG,0
GTACGCTTTCCGTATC,0
GTACGGACAAATAAAG,0
GTACGGACGTAAGTAG,0
GTACGGTAGTTTATGT,0
GTACGGTTAAAGTGAC,0
GTACGTAACCACCCGT,0
GTACGTAATGACTTAA,0
GTACGTATAAATCGAT,0
GTACGTCGCACTGTTT,0
GTACGTCGCCCACAAA,0
GTACGTGACCCGTCCT,0
GTACGTGCTTTTATAC,0
GTACGTGTGCCCGTCG,0
GTACGTTCATAAGGCC,0
GTACTAAAAAGTCTCT,0
GTACTAAAAGATTTGT,0
GTACTAACCGAAAGCT,0
GTACTAACCTAGAATA,0
GTACTAAGATAATTTC,0
GTACTAATAGGGAACA,0
GTACTAATGAGGAATG,0
GTACTACAATTAATCA,0
GTACTACACCTTGACT,0
GTACTAGACACGAAGA,0
GTACTAGCTGCACAAA,0
GTACTAGTAACAAATA,0
GTACTATAATTATAAA,0
GTACTATCACATCTGT,0
GTACTATGCGCGCGAC,0
GTACTATGTAAGATTC,0
GTACTCAAAACATAAA,0
GTACTCAAAGCGAATA,0
GTACTCCAAAACATCC,0
GTACTCCACTATGTAA,0
GTACTCCATAGTAAAT,0
GTACTCCATTGCCAAC,0
GTACTCCCAACGATAC,0
GTACTCCCCGCCAGGA,0
GTACTCCTACCTACCA,0
GTACTCCTCGCCGGGA,0
GTACTCCTTTGAATTC,0
GTACTCGAAATAAAAC,0
GTACTCGATATGTTCA,0
GTACTCGCAGTTTGGG,0
GTACTCGTAGCTCCAA,0
GTACTCGTGTGAGAAC,0
GTACTCTATGCCCTCG,0
GTACTCTCCCATGAAG,0
GTACTCTCCTGACCGT,0
GTACTCTCGATGGCTA,0
GTACTCTTAAGGTCCG,0
GTACTGATGAATCATT,0
GTACTGCAGACACAAT,0
GTACTGCCGAAATAAC,0
GTACTGGACTCTTCAG,0
GTACTGGCTAAGTTTC,0
GTACTGTACACAGAGA,0
GTACTGTCCCAAACCG,0
GTACTTAAGCCTCGTG,0
GTACTTACAATAGAAC,0
GTACTTAGACTTATGA,0
GTACTTATGAGAGTAA,0
GTACTTCAACTTTATT,0
GTACTTCAGTTCCACA,0
GTACTTCTAGTCGACT,0
GTACTTGAAGATTTGG,0
GTACTTGCCTTTCACG,0
GTACTTGCTTACAAAG,0
GTACTTGTACAATGCC,0
GTACTTTTAATAAATT,0
GTACTTTTCTTTAAGA,0
GTAGAAACGATCGGCT,0
GTAGAAATAGACTTGC,0
GTAGAAATGAATTAGC,0
GTAGAACAGTACCGTT,0
GTAGAACAGTAGGAAC,0
GTAGAACCAACGGTAC,0
GTAGAACCTCACACCA,0
GTAGAACCTCATTCAA,0
GTAGAAGCTTTAGAGG,0
GTAGAAGGCAATCTAC,0
GTAGAAGTGCCGAGCA,0
GTAGAATAGGAATGAC,0
GTAGAATATCCGTAGG,0
GTAGAATATCGGTCAA,0
GTAGAATATTCCCAAC,0
GTAGAATGATTTCGCT,0
GTAGAATTAATGAAAC,0
GTAGAATTAGAGTAAA,0
GTAGACAAATAGTTAA,0
GTAGACAGCGAATCGG,0
GTAGACATCTGGGAAA,0
GTAGACCCATAGAAAT,0
GTAGACCCTATAAATT,0
GTAGACCTAAGGGGAG,0
GTAGACGCTGAGTTAA,0
GTAGACGTCGAATTTG,0
GTAGACTACAAAGGTA,0
GTAGACTAGCAGGGAG,0
GTAGACTCTCGTACTT,0
GTAGACTTTTCTACCA,0
GTAGAGAACTTAAAAA,0
GTAGAGATAACATTCA,0
GTAGAGATTACTCGCC,0
GTAGAGGCCTTCCCAC,0
GTAGAGGCTAGAATAT,0
GTAGAGGTCTAGTGTT,0
GTAGATAAAAAACCCT,0
GTAGATAAACACCGCA,0
GTAGATACACATGTTA,0
GTAGATAGAGCCAAGT,0
GTAGATCATAACCACA,0
GTAGATCATTACAATA,0
GTAGATCCGATTGGAA,0
GTAGATGAAATAAAAA,0
GTAGATTAATTACTCA,0
GTAGATTATTAAAAGC,0
GTAGATTGTCATGCTT,0
GTAGATTTGACATCTC,0
GTAGCAAAAAAGGGTG,0
GTAGCAAATGCGGGGC,0
GTAGCAACAAAGAAAA,0
GTAGCAAGACATAAAA,0
GTAGCAAGTGTGACGT,0
GTAGCAATGCAACCAT,0
GTAGCACACCTTAAGA,0
GTAGCACCCTACAACC,0
GTAGCATAGTGCAGGA,0
GTAGCATATTATCGTG,0
GTAGCATCCATACCGT,0
GTAGCATGTAAACAAA,0
GTAGCCAACCTGCCAC,0
GTAGCCAATGTATTTC,0
GTAGCCAGGCCAGAAA,0
GTAGCCATAATAGCCG,0
GTAGCCCACACTAATT,0
GTAGCCCAGGCCATTT,0
GTAGCCCATCAATCGA,0
GTAGCCGAAGTATTAG,0
GTAGCCGCAAAGCAAA,0
GTAGCCGCTGATCTAG,0
GTAGCCGTCTATTACA,0
GTAGCGCAACGTGGCC,0
GTAGCGCCGAAAAAAC,0
GTAGCGTATACTAATT,0
GTAGCGTATTGTTCTT,0
GTAGCTAAAAAAAAAA,0
GTAGCTAATAAACGAG,0
GTAGCTAATACACCTC,0
GTAGCTATACAAAGAA,0
GTAGCTATCAACGGAA,0
GTAGCTATTCCCGCAC,0
GTAGCTCTAGCATCAC,0
GTAGCTCTGAATTATA,0
GTAGCTGCAGTCATAA,0
GTAGCTGTGGAAAAAC,0
GTAGCTTCTCAGGTTC,0
GTAGGAAGACGCTTGT,0
GTAGGAATAAAAATGG,0
GTAGGAATGAACCGCT,0
GTAGGACCTGCACATG,0
GTAGGACCTTACAGGG,0
GTAGGAGCCACAGCAC,0
GTAGGATATGTAGCCT,0
GTAGGATCCCTAAAGA,0
GTAGGATGAATGAACA,0
GTAGGATGCTAGACCG,0
GTAGGATGGAGAATGA,0
GTAGGCAAGATATCCT,0
GTAGGCTTCGTTTCCG,0
GTAGGGTGCGTTCCCG,0
GTAGGTAGGGCGAAAG,0
GTAGGTATTAAATACT,0
GTAGGTTAGATGTTAA,0
GTAGTAAAACTTATAA,0
GTAGTACAAATACGAA,0
GTAGTACCATAACCTT,0
GTAGTATACTCCACTC,0
GTAGTATCGGAATTTG,0
GTAGTATTATAATGCG,0
GTAGTATTATCCAGAT,0
GTAGTCAAAAAATTAC,0
GTAGTCAATACCTAAC,0
GTAGTCAATAGTACAG,0
GTAGTCCACGTTACTC,0
GTAGTCCCGGTTCCAA,0
GTAGTCTCTGACTGAA,0
GTAGTCTTCGTTGATT,0
GTAGTGACAGTTGTTA,0
GTAGTGACTTTTACCA,0
GTAGTGCATACAAAAA,0
GTAGTGCCTTAAATCT,0
GTAGTGCGAAACCAAA,0
GTAGTGTATGTACGGA,0
GTAGTGTCATACTGAT,0
GTAGTGTCCTACACGC,0
GTAGTTAAACTAAGGG,0
GTAGTTAGAAAACGAA,0
GTAGTTATAACGAGCC,0
GTAGTTATCCACTAAT,0
GTAGTTCTGAAAATGA,0
GTAGTTGCAGAAATTT,0
GTAGTTGTGAGAAGAG,0
GTAGTTTAGTTGATGG,0
GTATAAAAACCTATAC,0
GTATAAAAATGTTGCT,0
GTATAAAATCGATTGG,0
GTATAAACGAGCGAGC,0
GTATAAAGGACTCCAA,0
GTATAAATGAGGCAAA,0
GTATAAATTACCTCAA,0
GTATAAATTATTCAAA,0
GTATAACACGTTGCCG,0
GTATAACGAACACTGA,0
GTATAACGACACCAAC,0
GTATAACTCACTGAGA,0
GTATAACTTGCAAGAG,0
GTATAAGCAAGGCTAA,0
GTATAAGCCAGGACTG,0
GTATAAGCGCGAAACA,0
GTATAAGGAATCGGCT,0
GTATAAGGATGAAATG,0
GTATAAGGGATACTAT,0
GTATAAGTTGAAGTCG,0
GTATAATAAATCGAAT,0
GTATAATAAATTTCTA,0
GTATAATAAGACCATT,0
GTATAATAATTTTATA,0
GTATAATACTTGGACG,0
GTATAATATTGGAGCT,0
GTATAATCTTATAGGT,0
GTATAATGAGGATCCC,0
GTATAATTACAACTAG,0
GTATACAAAATAATCC,0
GTATACAAACATTCGA,0
GTATACAAATGAAGCG,0
GTATACAACACGCCGA,0
GTATACAAGGCATCGT,0
GTATACAATGTTGGCC,0
GTATACAATTCGCTTT,0
GTATACAATTCTTAAA,0
GTATACACGAATATAC,0
GTATACACGTCCTTCA,0
GTATACAGGATCGATG,0
GTATACATATCGACAC,0
GTATACCAATTGAACA,0
GTATACCACAGAGATG,0
GTATACCAGTGCAAAA,0
GTATACCCAAGCCCAA,0
GTATACCGGACTACAA,0
GTATACCTAGACCTTT,0
GTATACGAAGCCCCCT,0
GTATACGAGTGTTAAT,0
GTATACGATTTAAAAT,0
GTATACGGCTACAATT,0
GTATACGTCACGGCAT,0
GTATACTACCAAAACT,0
GTATACTACTAGCCGA,0
GTATACTCATAGAAGA,0
GTATACTCTCATTGCC,0
GTATACTGCGTTAGGT,0
GTATACTGGCAATTCC,0
GTATAGAATCCTAGAA,0
GTATAGACAACATGAA,0
GTATAGACCTACTAAC,0
GTATAGACGCTACACT,0
GTATAGATCTATATTC,0
GTATAGATTTCATCCA,0
GTATAGCATAGGTAAT,0
GTATAGCCAGCAAAAC,0
GTATAGGACAACGGTT,0
GTATAGGACCACAGTA,0
GTATAGGCCCTCCACC,0
GTATAGGTCAAGATTG,0
GTATAGTAACCGGGCA,0
GTATATAACACAATGG,0
GTATATAACATTAATT,0
GTATATAGTATTCGGA,0
GTATATATACTTGCGA,0
GTATATCACGCATCAG,0
GTATATCCAATATCTG,0
GTATATCCGATAAAAC,0
GTATATCGACTAAAAC,0
GTATATGAACTTCGAC,0
GTATATGAGAGATTAC,0
GTATATGCTTTCCTAA,0
GTATATGTCCACGCTC,0
GTATATGTGCCAATCT,0
GTATATTAAAATGTCC,0
GTATATTAATGAGTTG,0
GTATATTAATTATCAT,0
GTATATTACACGCTTT,0
GTATATTACCATAATA,0
GTATATTAGCACTACC,0
GTATCAAACGAATAGC,0
GTATCAAATCAAGCAA,0
GTATCAAATCACCATA,0
GTATCAACCTATAGGA,0
GTATCAAGACGTGACC,0
GTATCAATCCACACCT,0
GTATCAGTATCAGTAA,0
GTATCATAATTTTGAG,0
GTATCATATTACTAAC,0
GTATCATTATGTTGCA,0
GTATCCAATAACACGA,0
GTATCCACACAAACCG,0
GTATCCAGAAAATCTA,0
GTATCCCGCTAAGTCC,0
GTATCCTAAAACAATT,0
GTATCGAAATAAGGTA,0
GTATCGACACAAGGTA,0
GTATCGATGGTACATC,0
GTATCGCTGGTGCTTC,0
GTATCGGAAGTCTGGT,0
GTATCGGACATATCAA,0
GTATCGTCTGTTAAAG,0
GTATCGTGTCAACAAA,0
GTATCTAAAACACCGA,0
GTATCTACGTTGACCA,0
GTATCTACTCAAGGCC,0
GTATCTGACACAAAAC,0
GTATCTGAGGCAACGC,0
GTATCTTGGTACAGTA,0
GTATCTTTATCGAGGA,0
GTATGAAAAACCAACT,0
GTATGAAACAATCATG,0
GTATGAAACTGAACAA,0
GTATGAAATAATAATT,0
GTATGAACATCCCCAA,0
GTATGAAGGACACTAG,0
GTATGAATAAGAAGTT,0
GTATGACAAATGTAAA,0
GTATGACAATATTGGG,0
GTATGACATACTTTTC,0
GTATGACCAAACAGAA,0
GTATGACTCCAGATTT,0
GTATGAGACACAAAAT,0
GTATGATACCGATTAA,0
GTATGATATAATACAC,0
GTATGATGTCATTTGC,0
GTATGATTAATAATGA,0
GTATGCAAGAGATGTA,0
GTATGCAATATACATA,0
GTATGCACTACAACAC,0
GTATGCCATTTAAATA,0
GTATGCCCAATTGAAC,0
GTATGCGAATTAAACT,0
GTATGCGTAATGTCGA,0
GTATGCTCAAGTTCGA,0
GTATGCTTGCTTTATG,0
GTATGGAAGTTTGAGG,0
GTATGGCACAAAAATG,0
GTATGGCCGGCACCAA,0
GTATGGCCGTCTCACT,0
GTATGGCTCGAACCTA,0
GTATGGCTTCAGATCT,0
GTATGGGTCTTGTGTT,0
GTATGGTATCCCAATC,0
GTATGGTTACCACCTC,0
GTATGTCCCAAATCCG,0
GTATGTCGCACTAATT,0
GTATGTGAGATGGAAG,0
GTATGTTAGACCGTGC,0
GTATGTTAGCGATTAA,0
GTATGTTTTATGTCTT,0
GTATTAAACTAGATGG,0
GTATTAAAGAACTGTC,0
GTATTAAAGCATTGAC,0
GTATTAACTTCAACTC,0
GTATTAAGAAGTTATA,0
GTATTAATGAGGCGAT,0
GTATTAATGATCTAAT,0
GTATTAATTAACACCA,0
GTATTAATTCGCAGGA,0
GTATTACAATAGCAAT,0
GTATTAGAACGACTAA,0
GTATTATAAATGAGAA,0
GTATTATCTGGAGTCC,0
GTATTATTGGAATACA,0
GTATTATTGGAGTACC,0
GTATTCAAACACCTAC,0
GTATTCAAACCTGGAC,0
GTATTCACAAATTTTC,0
GTATTCATAAAACTTA,0
GTATTCATACGAACGT,0
GTATTCCCTATGATTA,0
GTATTCTAGTAGTTTT,0
GTATTCTGTAGTATCA,0
GTATTGAACGACTTGC,0
GTATTGACTGGGAGAA,0
GTATTGAGCCTTTTTA,0
GTATTGATTGTATCAG,0
GTATTGCAAAACAAAC,0
GTATTGCCCCTTCCTT,0
GTATTGCCTCGCGTGT,0
GTATTGCGTATTATCC,0
GTATTGGAATACATGA,0
GTATTGTAACTGTACT,0
GTATTGTCCAAGTAAA,0
GTATTGTGGACCGATT,0
GTATTTAACAAATACA,0
GTATTTAAGAACTCTA,0
GTATTTACACGGTTCT,0
GTATTTACATATTGTA,0
GTATTTATAGAGTCAG,0
GTATTTCCTTCCTCAT,0
GTATTTGACTTCAACG,0
GTATTTGATCTAAGTA,0
GTATTTGATGTCATCA,0
GTATTTTAAGGAAACG,0
GTATTTTACCTACACA,0
GTATTTTATCCGAACA,0
GTCAAAAAATATGTGA,0
GTCAAAAACAACACTC,0
GTCAAAACATGGGTAC,0
GTCAAAACGATTTTAA,0
GTCAAAATAGTCATTG,0
GTCAAAATTACCCCGT,0
GTCAAAATTGTATTTA,0
GTCAAACATCCATAAA,0
GTCAAACCTCTAGAGT,0
GTCAAACGATAGCCTA,0
GTCAAACGCCTGCCAA,0
GTCAAACTACAAACGA,0
GTCAAACTGATAAGTA,0
GTCAAAGACAACAGAA,0
GTCAAAGCGACGAAAA,0
GTCAAAGGAACTGAGG,0
GTCAAAGTATACGAAA,0
GTCAAAGTATGATACA,0
GTCAAAGTGCTTCACG,0
GTCAAATAACCGGTTA,0
GTCAAATAATCAGGTT,0
GTCAAATACTATTACA,0
GTCAAATATTGCTAAT,0
GTCAAATCGTAGCATT,0
GTCAAATGAATACTGG,0
GTCAAATGTTGCTACC,0
GTCAAATTAAAGTTCA,0
GTCAAATTGACGTCAA,0
GTCAAATTTATAGAAG,0
GTCAACAAAGATGGAT,0
GTCAACACTCAATCAT,0
GTCAACAGTATTATAC,0
GTCAACATCGCTAACA,0
GTCAACCAGCACATAA,0
GTCAACCCCAAGATAG,0
GTCAACGAGAGATACG,0
GTCAACGGTGACTTAA,0
GTCAACGTCTCTAAAA,0
GTCAACTAACGCTTCA,0
GTCAACTGAAAGCAAC,0
GTCAACTGCCGTGGCG,0
GTCAACTGCTCGGAGT,0
GTCAAGACACAGCTGA,0
GTCAAGACATGAGGAC,0
GTCAAGACTCCAACCC,0
GTCAAGAGTCCGTTCC,0
GTCAAGCCCTCAACAA,0
GTCAAGGCAAAAGGAA,0
GTCAAGGCTGCAAAAT,0
GTCAAGGTAGAGGCTC,0
GTCAAGGTTATTCTAG,0
GTCAAGTGGCGGGTAC,0
GTCAATAATACAACTG,0
GTCAATAGAAAAACAA,0
GTCAATATCCGACATA,0
GTCAATATGAAATGAA,0
GTCAATATGTTTTGAA,0
GTCAATCAGTCGCATT,0
GTCAATCGCATGAGGA,0
GTCAATCTAATAAAAT,0
GTCAATGACGAGACCC,0
GTCAATGATCTACAGG,0
GTCAATGATTGGCGAC,0
GTCAATGGAGAAGATT,0
GTCAATTCCCCCTGAG,0
GTCAATTCTTAATAAA,0
GTCAATTGACTCTCCC,0
GTCAATTTGCTTGTTT,0
GTCACAAAAACAAGGC,0
GTCACAAAAATGAGAT,0
GTCACAAAACGATGCT,0
GTCACAAACAATGGAA,0
GTCACAAACGACTGAG,0
GTCACAAGTATCCCCT,0
GTCACAATTGCCTTGG,0
GTCACACCCACTAGTA,0
GTCACACTTAAAAGTT,0
GTCACAGATCGCGAGA,0
GTCACAGCCACGTAGA,0
GTCACAGGCTTGGATA,0
GTCACAGGGGATGGAA,0
GTCACATAAAAATACG,0
GTCACATACCATAAAC,0
GTCACATACTCCTAAA,0
GTCACATATTAGAGTG,0
GTCACATCTTAGGATT,0
GTCACATGTAATAGTA,0
GTCACCACCTTGGAAG,0
GTCACCAGAAACGTTA,0
GTCACCAGAAAGTTCA,0
GTCACCAGAACTGAAA,0
GTCACCCTACACAACT,0
GTCACCGAAATAAGAG,0
GTCACCGCTTGATGTG,0
GTCACCGTACATTTAC,0
GTCACGAAAAAGCGTA,0
GTCACGATGGTGGCCG,0
GTCACGCACGCAGGGG,0
GTCACGCCCTGACAAA,0
GTCACGGAAACGTTGC,0
GTCACGTTTTTCTTCC,0
GTCACTAAAAAGATAC,0
GTCACTAATAGCATTC,0
GTCACTAATGTACCAA,0
GTCACTACACAAGGTT,0
GTCACTATAACCAATC,0
GTCACTATCGCCTACA,0
GTCACTCGATATCAGA,0
GTCACTCTAGCTCATG,0
GTCACTGTTTACAACA,0
GTCAGAAAACTAAAAC,0
GTCAGAAACAGTCTTT,0
GTCAGAAACTCTAACC,0
GTCAGAACCCTTCACT,0
GTCAGAACGATACCCG,0
GTCAGAATATATAATT,0
GTCAGACAGACAGCAT,0
GTCAGAGCACAAAAAA,0
GTCAGATAAGTAAAAA,0
GTCAGATTATATTCTT,0
GTCAGCAACACAGGAC,0
GTCAGCACTTGGAACT,0
GTCAGCATTCCTTAAC,0
GTCAGCCAAACCTTTA,0
GTCAGCCATTATATTT,0
GTCAGCCCTCAAATCA,0
GTCAGCCGATCAAATA,0
GTCAGCGGCATTCCGG,0
GTCAGGACCAGATAAG,0
GTCAGGATAGCTCAAA,0
GTCAGGCATACTAGAG,0
GTCAGGCATCTTCCTA,0
GTCAGGCGTTGATAAT,0
GTCAGTACATAAAAAC,0
GTCAGTACCCCTATGC,0
GTCAGTAGACTGATAT,0
GTCAGTCCTCCGGAAT,0
GTCAGTGACCATCAGG,0
GTCAGTGCCTTAATAG,0
GTCATAAATATGTACG,0
GTCATAACGCGAAAAT,0
GTCATAAGTTTAAGCT,0
GTCATAATAAACCTAT,0
GTCATAATGACATCAA,0
GTCATAATGCAGAATT,0
GTCATAATGGTCACAA,0
GTCATACAACCAAAAA,0
GTCATACGGATGTGTG,0
GTCATACTACCTTCCT,0
GTCATAGGATCTGAGA,0
GTCATAGTTGTTAAAA,0
GTCATATGCTGAGTAT,0
GTCATATTTTAATTAT,0
GTCATCAACGCAAAGA,0
GTCATCAGTCTAGGAT,0
GTCATCATACTGATTC,0
GTCATCGAATACAAAC,0
GTCATCGTCACAGGCA,0
GTCATCTGCGCAGATA,0
GTCATCTTTTGTGAAT,0
GTCATGAACACGCCTT,0
GTCATGAAGCTTGGAA,0
GTCATGCACCAACTAA,0
GTCATGCCCTAATAAA,0
GTCATGCGACTGAAGT,0
GTCATGGCGGCAACGT,0
GTCATGGGTAGAGGTT,0
GTCATTAACAGGAAAA,0
GTCATTAATAAATGAC,0
GTCATTAATCCGAAGA,0
GTCATTACCATGCGTT,0
GTCATTAGAACCCGGA,0
GTCATTATCAATTCAA,0
GTCATTCAGCCTCTAT,0
GTCATTCTGCCGTGGG,0
GTCATTGATTGTGTAA,0
GTCATTGCACCAATCA,0
GTCATTGCTTTCGTAC,0
GTCATTTACGAGACCG,0
GTCATTTACTTGGTGT,0
GTCATTTCAAGTAACT,0
GTCATTTGATGGAATA,0
GTCCAAAACATACCGC,0
GTCCAAACCAATCAAC,0
GTCCAAATGGCTGTAT,0
GTCCAACAGTAAACCT,0
GTCCAAGAAAGTCGGT,0
GTCCAAGAACGTCAAA,0
GTCCAAGACCTCTTGG,0
GTCCAAGAGGTCAACC,0
GTCCAATCAAGCAGGA,0
GTCCAATTATGAACCA,0
GTCCAATTTATCGCTT,0
GTCCACAACAGCCGGT,0
GTCCACAAGCCTAAGA,0
GTCCACAATAAGCTTG,0
GTCCACCCATACCGTA,0
GTCCACCTAATACAAA,0
GTCCACGACTACTTGA,0
GTCCACGCTACTAACA,0
GTCCACGGGAGTTTCG,0
GTCCACGTAGCTCGCA,0
GTCCACTACTGAGCAG,0
GTCCACTGTTACGATC,0
GTCCACTTCTGATAAG,0
GTCCACTTGACTAAAG,0
GTCCACTTTGTACCCG,0
GTCCAGAACCCTCACC,0
GTCCAGAATGTACCGA,0
GTCCAGCAAACGCATT,0
GTCCAGCAACACAAGA,0
GTCCAGCAATGAAAAT,0
GTCCAGTCGCGTGACG,0
GTCCATAAAAGTATCG,0
GTCCATACTAACACAG,0
GTCCATATCAGAAGAT,0
GTCCATATCCGTATGG,0
GTCCATATGATATTTG,0
GTCCATATTTAAAAAT,0
GTCCATCCAAGACTGA,0
GTCCATCCAATCGTGA,0
GTCCATGCTAACTAGG,0
GTCCATGGGAGCAACC,0
GTCCATGTTTTAAGCT,0
GTCCATTAAACAAAGT,0
GTCCCAAAAGATCTTT,0
GTCCCAAAATGAGAGT,0
GTCCCAAAATTACCAC,0
GTCCCAAACAATCGTG,0
GTCCCAAACCTATTCG,0
GTCCCAAAGTTGAGAA,0
GTCCCAAATACCCAGC,0
GTCCCAACATAAAATA,0
GTCCCAAGGATAGCCG,0
GTCCCAATTGACACTA,0
GTCCCAGACGGCCATC,0
GTCCCAGATAGAAGGT,0
GTCCCATACAACCTAT,0
GTCCCATATAGAGCGA,0
GTCCCATCCCATGATA,0
GTCCCCAAGACGCAGC,0
GTCCCCACCTACCAAT,0
GTCCCCACGGTTGATT,0
GTCCCCCAAGAGACCC,0
GTCCCCCAATTTATAC,0
GTCCCCCCGGGCTGAG,0
GTCCCCCGAAGTGTCA,0
GTCCCCGCGAAACAAT,0
GTCCCCGTTACTAGTT,0
GTCCCCTTCGGACTCA,0
GTCCCGAAACATAACA,0
GTCCCGACTGCATGTA,0
GTCCCGTCGGATTATA,0
GTCCCTCGAACCAGAG,0
GTCCCTGAACATAACA,0
GTCCCTGAAGGATGGA,0
GTCCCTGCCTTGATCA,0
GTCCCTTATGCGAACC,0
GTCCCTTCCACAATCA,0
GTCCGAAATCATGGCA,0
GTCCGAACATTCCCGC,0
GTCCGAAGTAGCCGTA,0
GTCCGACACATAAAGG,0
GTCCGACCACAGATGG,0
GTCCGAGAAGTTAAAT,0
GTCCGAGTAACTACCA,0
GTCCGAGTTCAATGGA,0
GTCCGCAAATACTGAA,0
GTCCGCGACACCCCCT,0
GTCCGCGAGCTGTAGT,0
GTCCGGAACAATGCAT,0
GTCCGGCCAGAATGTA,0
GTCCGGCGATTACAAG,0
GTCCGGCTCCCCAGCC,0
GTCCGGGCTACAATGT,0
GTCCGGGTGGGCCAGT,0
GTCCGGGTTATCCCTC,0
GTCCGTAAGAATAAGC,0
GTCCGTACGTCTTCGA,0
GTCCGTGAAAATTGGC,0
GTCCGTTGACTGTACA,0
GTCCTAAAAGAAGGTA,0
GTCCTAAACTCCAAAA,0
GTCCTAACAAAAAGCA,0
GTCCTAATATTTATCA,0
GTCCTACAACGAGATC,0
GTCCTACACTTGCCTC,0
GTCCTACATAGCGACG,0
GTCCTACTCAAGTGTC,0
GTCCTAGTAGAACTAG,0
GTCCTAGTCATAGGCT,0
GTCCTAGTCTTAAATA,0
GTCCTATAAAAACACT,0
GTCCTATCCCCGATCA,0
GTCCTATGCGTTTAGA,0
GTCCTCAATAAAGCGC,0
GTCCTCAATTAAACTA,0
GTCCTCACTACCCAAT,0
GTCCTCAGATGCGCGA,0
GTCCTCCCACGAGTTA,0
GTCCTCCCTGAAAAGC,0
GTCCTGAACAGCGACT,0
GTCCTGACGCGGAGAA,0
GTCCTGACTGAGGTTA,0
GTCCTGCTAGTGCTTC,0
GTCCTTCAAAACCGTA,0
GTCCTTCCGTATACCG,0
GTCCTTCTAAAAATGA,0
GTCCTTGGATTAGTAC,0
GTCCTTGTATCAGCGG,0
GTCCTTTTGACACGAT,0
GTCGAAAGCCTAGTAC,0
GTCGAACACTGAGCGC,0
GTCGAACCACCATAAT,0
GTCGAACCAGTTCATA,0
GTCGAAGAAATAGACC,0
GTCGAAGACACGTATC,0
GTCGAAGTAAATTTAT,0
GTCGAAGTGATGTCAC,0
GTCGAATACCCGGCAT,0
GTCGAATTCGCTTCTC,0
GTCGAATTCTATTTAC,0
GTCGACACACATGTGT,0
GTCGACACATGAAGAA,0
GTCGACATCACAACCT,0
GTCGACCAATACATGA,0
GTCGACGCCGCGGTAT,0
GTCGACTCATCTGCAT,0
GTCGAGAATTGTACCG,0
GTCGAGACTCTTAGAT,0
GTCGAGCAATATCTCA,0
GTCGAGCAATCAAGTT,0
GTCGAGCACTTACCCG,0
GTCGAGCGAATGACAA,0
GTCGAGCTAACAAAAT,0
GTCGAGTACAGATTGA,0
GTCGAGTCCACTGGTA,0
GTCGATAACATTTTAG,0
GTCGATAATAGCAAAA,0
GTCGATGTCATTAAAC,0
GTCGATTTCCTCGGTT,0
GTCGCAAAACCACCAA,0
GTCGCAAATCCATATG,0
GTCGCAAGCATACAGA,0
GTCGCAATATTCTAGA,0
GTCGCAATCAAAAGTA,0
GTCGCACACCATTATC,0
GTCGCAGAATATTCCT,0
GTCGCAGTAGTCAGAC,0
GTCGCCATCCGCAAGC,0
GTCGCCCCTAGCCAAA,0
GTCGCCGAAGAGACTC,0
GTCGCCTTTACTAGAC,0
GTCGCGTCTACGTTCA,0
GTCGCTAAGACATCAA,0
GTCGCTCACATCTAAG,0
GTCGCTCCAATTTCAA,0
GTCGCTGAAATAATTT,0
GTCGCTGCGTATACTT,0
GTCGCTTGAATATCTC,0
GTCGGAAAAACGTGGC,0
GTCGGAACCAAAGGTT,0
GTCGGAGAGTTATCTA,0
GTCGGATCGTGCTAGT,0
GTCGGATGCCGTCAGA,0
GTCGGATTACAATAAT,0
GTCGGCTATTACGTCC,0
GTCGGCTCGTCCCCTG,0
GTCGGGATAAAAGATC,0
GTCGGGATCTTAAATA,0
GTCGGGTACCGTTCTA,0
GTCGGTACAAGATCTG,0
GTCGGTTAAGTGTACT,0
GTCGTAACCAAGTTCT,0
GTCGTAAGATAAAAGT,0
GTCGTAAGTCATATTT,0
GTCGTAATTTAAAGCT,0
GTCGTACCTGAGGTGT,0
GTCGTACTACACCCTA,0
GTCGTATGACTAAAAG,0
GTCGTCAAGCTGGCAC,0
GTCGTCACAGCCAAAC,0
GTCGTCACCGACGTTC,0
GTCGTCACTAATGACG,0
GTCGTCCACCTATTTT,0
GTCGTCCTCTCTTAAA,0
GTCGTCGTCGAATGTG,0
GTCGTTCCATTAAAGC,0
GTCGTTCCGTATCTTA,0
GTCGTTGCATCGAGTC,0
GTCGTTGCGATAAGGA,0
GTCGTTTATAGTCTAA,0
GTCGTTTTTAACCTAT,0
GTCTAAAAGAAGGAGC,0
GTCTAAAATACCCTAT,0
GTCTAAAATTAAACCC,0
GTCTAAAATTAGAATA,0
GTCTAAACTGGATAAC,0
GTCTAACGAATAATGA,0
GTCTAACTATAGGAGC,0
GTCTAACTTCTTAGAC,0
GTCTAACTTGGTCGGG,0
GTCTAAGCACACAAAC,0
GTCTAAGCGATGTGAT,0
GTCTAAGTCAGGGTCA,0
GTCTAAGTCTGAATAT,0
GTCTAAGTGCCGACAA,0
GTCTAATAGACTTACA,0
GTCTAATATGTTAGAA,0
GTCTAATGAAAGATAC,0
GTCTACAACTTTGTCC,0
GTCTACACATATCTAC,0
GTCTACACCTAAGAAC,0
GTCTACATCTAGGACC,0
GTCTACATTTGCCTCA,0
GTCTACCATAATTTAA,0
GTCTACCGACGAAATA,0
GTCTAGAAACTCAGAC,0
GTCTAGAACCGGAGAT,0
GTCTAGACCAAACGAG,0
GTCTAGATTCAACTAC,0
GTCTAGCAAAAAACCC,0
GTCTAGCACGAAAGAA,0
GTCTAGGAGAAGAACA,0
GTCTAGGTTTAAAATG,0
GTCTAGTTGTCTCAAC,0
GTCTATAACAAATAAG,0
GTCTATATCCGCGGCA,0
GTCTATCATGATGAGC,0
GTCTATCGAATTAATT,0
GTCTATCTAAGCCGCG,0
GTCTATGAACCCCTAT,0
GTCTATTACTTTTGCT,0
GTCTATTATAAATCTA,0
GTCTCAAGCATGGGAT,0
GTCTCACATGATACAT,0
GTCTCACGAGAAGAGC,0
GTCTCACTAACTCGCG,0
GTCTCACTACCAGCTC,0
GTCTCAGACAACTAAA,0
GTCTCAGAGGACCTCA,0
GTCTCATACCGCCACC,0
GTCTCATTCCTTGATG,0
GTCTCCGAATAGCAGT,0
GTCTCCGTTAACAAGA,0
GTCTCCTACAACGGCT,0
GTCTCCTACCTGTCCA,0
GTCTCCTCTGTACGAG,0
GTCTCCTGTAAAAATG,0
GTCTCCTTGGTAAAAA,0
GTCTCGAATTTATGAC,0
GTCTCGGGGTCTAAAC,0
GTCTCGGGTATTTTAA,0
GTCTCGTTTTATGGAA,0
GTCTCTAGTTCACTCA,0
GTCTCTATGTTCAACA,0
GTCTCTCATCCAGTCT,0
GTCTCTCCAAATTAAG,0
GTCTCTTAAGCTAGGA,0
GTCTCTTTCACCCTGC,0
GTCTGAAAGATAAATG,0
GTCTGAACATTCTTCC,0
GTCTGAAGACCCATAG,0
GTCTGAAGTAGTGGCA,0
GTCTGAAGTCTTACTC,0
GTCTGACATCCCCAAG,0
GTCTGAGTTTAACCCG,0
GTCTGATCTAAGCCAA,0
GTCTGATTGCGAAATG,0
GTCTGATTGTAACTTG,0
GTCTGCAAAGTAGGAG,0
GTCTGCACAGATAGCC,0
GTCTGCACTAGTCGCT,0
GTCTGCCCATTAAACG,0
GTCTGCCCTTATTGCA,0
GTCTGCTCTAATACGC,0
GTCTGGCGCAGCTGTC,0
GTCTGGTAAAATGAAG,0
GTCTGGTAATAACTTT,0
GTCTGTAACGAACGAG,0
GTCTTAACGCACAAGA,0
GTCTTACATGACCGTA,0
GTCTTACCTGCAAGTA,0
GTCTTACGCGCACCTA,0
GTCTTAGACATAAGTT,0
GTCTTAGCATCGAGCA,0
GTCTTATAATATATAT,0
GTCTTATAGGCACCAC,0
GTCTTCAAATTAGATG,0
GTCTTCACAGCTAACT,0
GTCTTCGACTACCCCA,0
GTCTTCGGAAATCATT,0
GTCTTCTGCTCCATCC,0
GTCTTGAGTTATAAAC,0
GTCTTGATACTCCTGT,0
GTCTTGATGCAAAAGC,0
GTCTTGCACAGTTGTG,0
GTCTTGCTGCATTATA,0
GTCTTGCTTCCCCACT,0
GTCTTGGAGAATGATA,0
GTCTTGGCTACGATAC,0
GTCTTGTAAAACCCTA,0
GTCTTTAATAACGTGA,0
GTCTTTACGAATATGT,0
GTCTTTATCGGAGAGC,0
GTCTTTCTTAGGATCG,0
GTCTTTGCGTCTTGAG,0
GTCTTTTAGATCTGTA,0
GTCTTTTGATATCTCA,0
GTGAAAAAAAGGACCC,0
GTGAAAAAATAAACAA,0
GTGAAAAAATATACTG,0
GTGAAAAACACTTTAA,0
GTGAAAAAGCCGCCAT,0
GTGAAAAATTTATTGT,0
GTGAAAAATTTCGCAT,0
GTGAAAACGCTAAAAC,0
GTGAAAACTCAAATAG,0
GTGAAAACTCTAACCA,0
GTGAAAAGCTAAATAT,0
GTGAAAATCTGCCTAA,0
GTGAAACAAAGTAATT,0
GTGAAACCGACACCAA,0
GTGAAACTAGGGTCCA,0
GTGAAACTGAACCAAC,0
GTGAAAGAAAACGCTA,0
GTGAAAGCAGAGCTCC,0
GTGAAAGCTGCCATAA,0
GTGAAAGGACAAGCTA,0
GTGAAAGGACTTACCT,0
GTGAAATAGTAATGCA,0
GTGAAATATCTAAATA,0
GTGAAATCCATCATAT,0
GTGAACAACTAACCTC,0
GTGAACAAGACTAACG,0
GTGAACAAGCCCTCCG,0
GTGAACAATTAATCCA,0
GTGAACACTTAAGGCG,0
GTGAACAGAGACTAAG,0
GTGAACATAAATTAAC,0
GTGAACATCCATTCGC,0
GTGAACCACTCAGAAA,0
GTGAACCATCCAAGTC,0
GTGAACCCGTAGATAA,0
GTGAACCGAGAGATTA,0
GTGAACCGCCGGTTAA,0
GTGAACCTCTAAAAAA,0
GTGAACGCGTCTACAC,0
GTGAACGCTTAATCTA,0
GTGAACGTACTGCATA,0
GTGAACTAATATCGAG,0
GTGAACTAATCGACAA,0
GTGAAGAATGCTTGAC,0
GTGAAGAGTATGAACC,0
GTGAAGATATACCCAT,0
GTGAAGCACAAATAAG,0
GTGAAGTCGGAATGCT,0
GTGAATAAACCCTAGC,0
GTGAATAACCCTTGAC,0
GTGAATAAGAGTACAC,0
GTGAATAGACTAAAAA,0
GTGAATAGGCAAGAGA,0
GTGAATCAAAAATATG,0
GTGAATCAAGTACATA,0
GTGAATCCTCCATCTG,0
GTGAATCGCGCAGCGA,0
GTGAATCTAACATTCA,0
GTGAATGAAATGGTCA,0
GTGAATGCTGATAAAA,0
GTGAATGTACCTAGCT,0
GTGAATGTTAACATCT,0
GTGAATTGTCAACTTG,0
GTGAATTGTTTCATTA,0
GTGACAAACGAGAACA,0
GTGACAAATAGTAAAA,0
GTGACAAATGACAACA,0
GTGACAAGCTTGCAGG,0
GTGACAAGGGAGAGGC,0
GTGACAATAGACCACG,0
GTGACACAAAACAAAG,0
GTGACACATGCGCACT,0
GTGACAGACATCCAGG,0
GTGACAGCAATCGATT,0
GTGACAGTATTCGATC,0
GTGACATAAGACAGTT,0
GTGACATACTTGGCAA,0
GTGACATATATGAAGT,0
GTGACATTAATAGCTT,0
GTGACATTATAACAAG,0
GTGACCAATCGAAAGA,0
GTGACCCGCAGACAGA,0
GTGACCGACTGCCACA,0
GTGACCGTTTTTTGTA,0
GTGACCTGCCAATTCA,0
GTGACGACACCAGGAT,0
GTGACGCATAACAAAA,0
GTGACGCTCTTATGCC,0
GTGACGTCACCACAAG,0
GTGACGTTTTTACCTA,0
GTGACTAACGCATACT,0
GTGACTAGATTACATG,0
GTGACTCAGATTCTAG,0
GTGACTCGAAAGCTAA,0
GTGACTCTAACGTGGT,0
GTGACTCTCGCCCGCT,0
GTGACTGCAACACCTA,0
GTGACTGCCTAAACAG,0
GTGACTGTAATAATGC,0
GTGACTTAGTACTAGA,0
GTGACTTCACACCAAG,0
GTGACTTTGCCCAAGA,0
GTGAGAAAACAATTAT,0
GTGAGAACGCACACAA,0
GTGAGAAGAATGAGCT,0
GTGAGACAAATAATAG,0
GTGAGACGACCTCTCA,0
GTGAGAGGCATAAGAC,0
GTGAGAGTCCTTAACT,0
GTGAGCACTGGCGAAG,0
GTGAGCGACACCTATC,0
GTGAGCGACGCCCACC,0
GTGAGCGCGTTAAAAT,0
GTGAGGCCGATAGCGT,0
GTGAGTAAAACGTACG,0
GTGAGTACCTCGGGGA,0
GTGAGTCCGGTGGAAC,0
GTGAGTCGGGCAACTA,0
GTGAGTGCGCATTGAC,0
GTGAGTGGACACCCCC,0
GTGAGTGTAACCCCCC,0
GTGAGTTAGCCAGAAC,0
GTGAGTTCAAACATTA,0
GTGAGTTGTGTTAATC,0
GTGATAAAAACTCAAG,0
GTGATAAAACGATGTC,0
GTGATAAATTTCACGT,0
GTGATAACTGAACGGA,0
GTGATAACTTCCCTAC,0
GTGATAAGACACTTTT,0
GTGATAAGCCGAGCCG,0
GTGATAAGGCAAATAT,0
GTGATAATATGCCGTA,0
GTGATAATTTTCTATT,0
GTGATACCCGACACTA,0
GTGATACTGTAACATA,0
GTGATAGAGGCTTACA,0
GTGATAGATGAAACCT,0
GTGATATACAGACCTC,0
GTGATATACCGCTTGT,0
GTGATATATTGAAGAC,0
GTGATATCCCTGTAAG,0
GTGATATCCTAACACC,0
GTGATATGAGCGCAGC,0
GTGATATTCCCCAATA,0
GTGATCAAACAAACAT,0
GTGATCAACGTTATAT,0
GTGATCACAAGAATTA,0
GTGATCATAACTTAGA,0
GTGATCCATAGCCTTT,0
GTGATCCCAATACGTA,0
GTGATCCTTAGAAAGA,0
GTGATCCTTCCCGTTC,0
GTGATCGCCGCCAAAA,0
GTGATCTAACTAGGGA,0
GTGATGAGCGAGGCTA,0
GTGATGATAGACAACA,0
GTGATGCCGTATGTAT,0
GTGATGGGCCGAAAAA,0
GTGATGGTTAGTAATT,0
GTGATGTAATCAAACC,0
GTGATGTCAATCTAAC,0
GTGATGTCTCTTTTTC,0
GTGATGTCTTAGGAAT,0
GTGATTACCAAGAAAA,0
GTGATTAGAAGGGACT,0
GTGATTCGCCCATGAT,0
GTGATTTAACAATAAA,0
GTGATTTACAGCTTGT,0
GTGATTTCAACTAGGA,0
GTGATTTTTTATCGAC,0
GTGCAAACCAGAGAAT,0
GTGCAAATGCTAATGG,0
GTGCAACATCCAGGTT,0
GTGCAAGAATTACATT,0
GTGCAAGCTGACATTA,0
GTGCAAGGCCCATTCT,0
GTGCAAGTCCCACTTT,0
GTGCAATACTAACGAC,0
GTGCAATAGAGACTAA,0
GTGCACAAGTTCAGCC,0
GTGCACACTTTAAGAA,0
GTGCACAGATTCAAAA,0
GTGCACCTAACGATAG,0
GTGCACCTCTCATAAC,0
GTGCACGTTGTGCAAT,0
GTGCACTGTACTCGAA,0
GTGCAGCTGGAGCCAG,0
GTGCAGGATAAGTAAA,0
GTGCAGTAAGAATACT,0
GTGCATAATGAGCGTG,0
GTGCATATGTCACTAA,0
GTGCATATTACTAATA,0
GTGCATCACCAATAAT,0
GTGCATCATTATCCCC,0
GTGCATCTAAACTTGG,0
GTGCATTAAACTTCGG,0
GTGCCAAAGCCGCATA,0
GTGCCACCAAAAATTT,0
GTGCCACTCCAGGATA,0
GTGCCATACAGCAGTC,0
GTGCCATATCGGTTTG,0
GTGCCATGAAAGCCTC,0
GTGCCCCCCTACAGGT,0
GTGCCCTATACAAAAA,0
GTGCCCTATTGTTAAG,0
GTGCCCTCCAACACAT,0
GTGCCCTTTTAGGTCT,0
GTGCCGAAATCTATAT,0
GTGCCGAAGTAAAAAC,0
GTGCCGACGTCGGATT,0
GTGCCGATAATGTTAG,0
GTGCCGCCATAAAAAC,0
GTGCCTAACTCGTTCC,0
GTGCCTATCTATCGCT,0
GTGCCTCAACTTGGGA,0
GTGCCTCGGCCACAAT,0
GTGCCTGCTAAGAATG,0
GTGCCTGCTGAGTTGT,0
GTGCCTTTCTATAAAT,0
GTGCGAAAAATGAAAT,0
GTGCGAAGCATCCAAG,0
GTGCGAATGATCAGTG,0
GTGCGACTGGGGTTAC,0
GTGCGATCTAACCTAT,0
GTGCGCACTGATCTCA,0
GTGCGCCAAAGCAATG,0
GTGCGCCTAAAATTAT,0
GTGCGGCCTTATAGGA,0
GTGCGTAAGCTCCTAC,0
GTGCGTCAGCAGACTC,0
GTGCTAAATGGGTAGC,0
GTGCTAACAACCGAGT,0
GTGCTAATATACACTA,0
GTGCTACCGAACGGCA,0
GTGCTAGATGATGCCC,0
GTGCTATAAGGCCAAG,0
GTGCTATGAGAGTCAT,0
GTGCTATGCCGGAGTA,0
GTGCTCATAAAACCGT,0
GTGCTCGTTAGCTAGG,0
GTGCTCTCAAACCTTA,0
GTGCTGAAATCTCGTA,0
GTGCTGAACACCACCT,0
GTGCTGACAAGGATTG,0
GTGCTGAGGTAGCACC,0
GTGCTGGCAAATCACG,0
GTGCTGGTTTCCTATG,0
GTGCTTATGATCTGTG,0
GTGCTTCACTATATCA,0
GTGCTTCAGAAACCCT,0
GTGGAAAAAACCTTTG,0
GTGGAAAATAACAGAT,0
GTGGAAACCCCTTAAC,0
GTGGAACCAACTAAAA,0
GTGGAACCGAGCCTAG,0
GTGGAACCTTGATCCC,0
GTGGAACTAAGAACTG,0
GTGGAACTAATGTGTT,0
GTGGAAGCAAATAGGT,0
GTGGAAGCAGAGAATA,0
GTGGAATAAATACCTA,0
GTGGAATACGAAAATA,0
GTGGAATGTAGAACCA,0
GTGGACACGCCGCCGT,0
GTGGACAGTCAGATGA,0
GTGGACATTAAACGGA,0
GTGGACCCGGCTTATA,0
GTGGACCTTACAAGCT,0
GTGGACGGTGCCAGGT,0
GTGGACTACTTAAGGA,0
GTGGACTAGTAATATA,0
GTGGACTGGTCCAAGA,0
GTGGACTGTCGATGTA,0
GTGGAGGACCCTAGAA,0
GTGGAGGACCTAACAA,0
GTGGAGGTAGATTCCA,0
GTGGAGTCCCAAATCG,0
GTGGAGTTTAAGTGTT,0
GTGGAGTTTTAAAAAT,0
GTGGAGTTTTGGGTTA,0
GTGGATAGAAATATAG,0
GTGGATCAAGTAGACA,0
GTGGATGAATCAACTA,0
GTGGATGACAATATTT,0
GTGGATGGCAAAAGAC,0
GTGGCAACAAGGACAT,0
GTGGCATGAACTCAAC,0
GTGGCCAAAGTACAGT,0
GTGGCCAACAAGAGAC,0
GTGGCCAAGGGAACTA,0
GTGGCCATATGGAATC,0
GTGGCGCAACTTAAGC,0
GTGGCGTAAACTAACC,0
GTGGCGTAATAGTTAA,0
GTGGCTATATAATCCT,0
GTGGCTATTTAGCGAT,0
GTGGCTGAGCATTTGC,0
GTGGCTTAAACCGATA,0
GTGGCTTCGCATTAAC,0
GTGGCTTTACATAAAC,0
GTGGGAATGCGTTGAA,0
GTGGGAGGAACAAACC,0
GTGGGCAAAATATTTG,0
GTGGGCCACACCATAT,0
GTGGGCCATAAACTAC,0
GTGGGCGGAGGATATA,0
GTGGGCTGACATGTGC,0
GTGGGGTTTAGTCATA,0
GTGGGTCCGTCCTACG,0
GTGGGTTGGTCAATAT,0
GTGGTAAAAAATACTA,0
GTGGTAACACGTCACC,0
GTGGTAAGTATGAGGA,0
GTGGTACTGATTACAT,0
GTGGTAGATCCCACAG,0
GTGGTATATATTAACC,0
GTGGTATCTAGACATA,0
GTGGTATTTACCGTTG,0
GTGGTCAAACTACCCA,0
GTGGTCAACAGAGAAA,0
GTGGTGACAACTGCGT,0
GTGGTGAGAAGTATAT,0
GTGGTGCGTCTCAAAT,0
GTGGTTAGGGTCACAG,0
GTGGTTATATATACCC,0
GTGGTTATGTAAAAAC,0
GTGGTTCACCGTATTA,0
GTGGTTCGTTAAGAGT,0
GTGGTTTAGCTAACTA,0
GTGTAAAAACAGTTAA,0
GTGTAAAAGAAGCATA,0
GTGTAAAAGGGGAGAA,0
GTGTAAAATTCGAGAT,0
GTGTAAACACGACTGA,0
GTGTAAACATACATTT,0
GTGTAAAGAATGTTAT,0
GTGTAAAGATTTCTAT,0
GTGTAAATCGCAATAC,0
GTGTAACCAGATAACC,0
GTGTAACTAATCCGTT,0
GTGTAACTTAATGGCT,0
GTGTAAGTATGATTGG,0
GTGTAAGTCAGATGTA,0
GTGTAATATACCACTC,0
GTGTAATATCCTGTGC,0
GTGTAATCAAAGATTA,0
GTGTAATCTGCTGATA,0
GTGTAATTAAGACCAA,0
GTGTAATTGCTAACCG,0
GTGTACATAAGTCAGA,0
GTGTACATACGTAAAC,0
GTGTACCGAATGTCAA,0
GTGTACCGATAGTTGC,0
GTGTACCTACGTCAAT,0
GTGTACGAGGGAGGTA,0
GTGTACGTGTTCGTTC,0
GTGTACGTTAATTATC,0
GTGTACGTTACCACCG,0
GTGTACTAAGTAATAA,0
GTGTACTGATAAGAAA,0
GTGTACTTTACACAAA,0
GTGTACTTTCATCAGC,0
GTGTAGAATGTCTCGT,0
GTGTAGCAGTAATTTA,0
GTGTAGCTCATAAAGC,0
GTGTAGTCTAACCGCA,0
GTGTATAATAGTCCGT,0
GTGTATACCCAGTGAG,0
GTGTATACTCAAGCAA,0
GTGTATCGGTACAAAC,0
GTGTATCTCAAAGAAA,0
GTGTATTATTCGAATA,0
GTGTCAAACGTCTCAA,0
GTGTCAATTACCATCT,0
GTGTCACAAGCAAAAG,0
GTGTCACAATTAGGTA,0
GTGTCACCTCGAGTTG,0
GTGTCAGACGGGCGAT,0
GTGTCAGTTATCAGTA,0
GTGTCATATAAGCCAT,0
GTGTCATATGCTGTCG,0
GTGTCATTATTGAAGA,0
GTGTCCAAATCATCGC,0
GTGTCCCCAAAGTTCA,0
GTGTCCGACTTCCATA,0
GTGTCCGATGCATTTA,0
GTGTCCGTGCAATAGT,0
GTGTCCTTACCGGATA,0
GTGTCGAATAGATTTA,0
GTGTCGCACCCGTAAA,0
GTGTCGCTTTAAACTA,0
GTGTCGTACAGTAGTT,0
GTGTCTAAAATTAACG,0
GTGTCTAGTAGCCGCA,0
GTGTCTATTAATTTTA,0
GTGTCTTGGGTCTAAA,0
GTGTCTTTGCAACTCT,0
GTGTGAACCTGGATAT,0
GTGTGAAGTAAAATGG,0
GTGTGAATAACAATCA,0
GTGTGACGACCGACCT,0
GTGTGACGTTTCAGAC,0
GTGTGAGAGACATCCC,0
GTGTGATATATGCACT,0
GTGTGCAAAAACATTA,0
GTGTGCCACTGGCAAT,0
GTGTGCCCTATACCCC,0
GTGTGGACCAGAAGCG,0
GTGTGGAGCTACATCA,0
GTGTGGCAACACAATC,0
GTGTGGCAATTTGGAA,0
GTGTGGCACCGATAAA,0
GTGTGGCCTTATATGT,0
GTGTGGCGGGTCAGCG,0
GTGTGGCTCTACACGT,0
GTGTGTCAAAAACACA,0
GTGTGTCCAACTTATG,0
GTGTGTCGAATGCAAG,0
GTGTGTCTTTAGGACT,0
GTGTGTGATAAAATGT,0
GTGTGTTTGTAAGACT,0
GTGTTAATGTTGCGAG,0
GTGTTACATAGGCACA,0
GTGTTACTCCGCAATC,0
GTGTTACTCTAAATTT,0
GTGTTACTTTAAAATA,0
GTGTTAGACAAAAAAA,0
GTGTTAGACCTTAACT,0
GTGTTAGGATAGACAC,0
GTGTTAGTGTCTCACA,0
GTGTTATCCCGCACGT,0
GTGTTCAAAAATTAGT,0
GTGTTCAATGATACCA,0
GTGTTCTCCTAGGTAT,0
GTGTTCTGGATAGTGC,0
GTGTTCTGGCCCACGG,0
GTGTTGATATCATGTT,0
GTGTTGCATTTCTAAA,0
GTGTTGGAGCGATTAT,0
GTGTTGGCATAATAAA,0
GTGTTGTCCCTACAAG,0
GTGTTTCTGTTATCTA,0
GTGTTTTGCCTGTCGT,0
GTGTTTTTTTTGATGG,0
GTTAAAAAACAATTAA,0
GTTAAAAACACTGTAT,0
GTTAAAAACATTTAAT,0
GTTAAAACAAATTACA,0
GTTAAAAGTAAATATG,0
GTTAAAAGTAGTGAAC,0
GTTAAAATCGTCAAGT,0
GTTAAACAAAGAGCAA,0
GTTAAACAAAGGTATG,0
GTTAAACAACGTGGAC,0
GTTAAACGGAAAGCGC,0
GTTAAACTAACTACGC,0
GTTAAAGATAAATAAC,0
GTTAAAGTTGGGCAGT,0
GTTAAATACCATCATA,0
GTTAAATACTATGACC,0
GTTAAATAGCACATAA,0
GTTAAATATCAATCCA,0
GTTAAATCGACAGACA,0
GTTAAATGTTATTAAG,0
GTTAAATTCAATAGAG,0
GTTAACAAATTTTTCC,0
GTTAACACAGATAAGA,0
GTTAACACCACTACAG,0
GTTAACAGAACGTTTA,0
GTTAACATAGTAGGTC,0
GTTAACATCAAAATGA,0
GTTAACATTCGCGCAC,0
GTTAACCACAAGAATT,0
GTTAACCGAATTACTA,0
GTTAACGCAGGTAAAA,0
GTTAACGGAGAATAAT,0
GTTAACGGCTACGGAT,0
GTTAACTAGAGTCGTG,0
GTTAACTATAAAAACA,0
GTTAACTCGCAATCCT,0
GTTAACTGTTAAAATA,0
GTTAACTTAAATCGAC,0
GTTAACTTACGCTACG,0
GTTAAGAACTTAGTGT,0
GTTAAGAAGTCTTACT,0
GTTAAGAGACAGAACT,0
GTTAAGATCTTACTAT,0
GTTAAGCCACAACACC,0
GTTAAGCTCTTATACC,0
GTTAAGGAGAGAACCG,0
GTTAAGGATAGAGTAA,0
GTTAAGGATCACAGAT,0
GTTAAGTCTGACAAGG,0
GTTAAGTTACATTAAA,0
GTTAATAAAAATCAAT,0
GTTAATAAACACATCC,0
GTTAATAACCAAGAAA,0
GTTAATAATATAAAAC,0
GTTAATATACGAAACT,0
GTTAATATTAACGGTA,0
GTTAATATTCTAGGAT,0
GTTAATCCCTAAGACG,0
GTTAATCTGTATAACC,0
GTTAATGAAATGAGAC,0
GTTAATGATGATAACT,0
GTTAATGCAGGGCTTG,0
GTTAATGCCGAATACC,0
GTTAATGGGAGAAATG,0
GTTAATGTCAAACGCT,0
GTTAATTAACTGACTT,0
GTTAATTAGCTGTAAG,0
GTTAATTCATGCACGA,0
GTTAATTTAACTATAA,0
GTTAATTTCAAACATT,0
GTTAATTTGCAAGGAA,0
GTTACAAAAAAATCGA,0
GTTACAAAACCTAGAG,0
GTTACAAGAAGGTAAA,0
GTTACACAAGGATTGA,0
GTTACACCCGAGCCAA,0
GTTACAGAGATGGGAC,0
GTTACAGCCAGTTACT,0
GTTACAGTGTCCCAAC,0
GTTACATCCTACCGTT,0
GTTACATTCTCGGCAA,0
GTTACATTTTCGAAGT,0
GTTACCAACCAGATTA,0
GTTACCCAATACTACA,0
GTTACCCTGAATTAGA,0
GTTACCTCGCACCCAA,0
GTTACCTTATTTCAGG,0
GTTACGAGAAGACATA,0
GTTACGATAAAAAATG,0
GTTACGATTTATAAAA,0
GTTACGCAGCATTCAG,0
GTTACGCCTTCAAAAT,0
GTTACGGACCAGCGTT,0
GTTACTAAAATTTGTC,0
GTTACTCTACTACTCT,0
GTTACTTAAATAACTA,0
GTTACTTACAAAAGCA,0
GTTACTTACCTTAAAT,0
GTTACTTAGAATGCCC,0
GTTAGAAAATGATGTC,0
GTTAGAAATACAACAT,0
GTTAGAACATAACTGG,0
GTTAGAAGACGAACCA,0
GTTAGAAGCTATGCAG,0
GTTAGAAGGCTGATTG,0
GTTAGAATGCCAAGAC,0
GTTAGAATGGGCACAA,0
GTTAGACAATAAACTA,0
GTTAGACACAAATATA,0
GTTAGACAGGTTCAGA,0
GTTAGACCATTTCGTC,0
GTTAGACGTTGAAGAA,0
GTTAGACTAATGTGAG,0
GTTAGATAAATCCTTA,0
GTTAGATATTTAGTTT,0
GTTAGATCAGCGAGAG,0
GTTAGATGTTAGATTA,0
GTTAGCAATAATCGTT,0
GTTAGCACAAATTGAC,0
GTTAGCAGAAAATAAG,0
GTTAGCAGGGTAGCTA,0
GTTAGCATACCAATCC,0
GTTAGCCATTAGAAAC,0
GTTAGCGAATGATTTT,0
GTTAGCGAGCACAATA,0
GTTAGCTTCTGCGACC,0
GTTAGCTTTTCAACAT,0
GTTAGGAGGTACAGGA,0
GTTAGGCAATATCTAC,0
GTTAGGCCGGTATTCA,0
GTTAGGTATAGTGGCT,0
GTTAGGTTAACAAGCA,0
GTTAGTACATACAACA,0
GTTAGTACCCACCCTA,0
GTTAGTATAGTTATAA,0
GTTAGTCGATATGCCC,0
GTTAGTCTATTAAATT,0
GTTAGTTTGGGCGATA,0
GTTATAAACTCAACCA,0
GTTATAAAGAGTTTTA,0
GTTATAACCGACAGCA,0
GTTATAATAACAGTTC,0
GTTATAATTTACAGGA,0
GTTATACAAAACGCGC,0
GTTATACTATTCTATC,0
GTTATAGGCAATCAAC,0
GTTATATACATGTGCA,0
GTTATATCTTGGATTC,0
GTTATCAAGCTCCTAC,0
GTTATCAATAAAAAAA,0
GTTATCACCAGGATTC,0
GTTATCATCCAAAATT,0
GTTATCATGTCCCTTG,0
GTTATCCCGACGAATC,0
GTTATCCGACCAAGCT,0
GTTATCGGTGCAATTA,0
GTTATCTGACGAGCGC,0
GTTATCTTTATTTGCG,0
GTTATGATCTACATAA,0
GTTATGCCTTATAAAC,0
GTTATGCTGGATATAT,0
GTTATGGTAAACCCTC,0
GTTATGTAGCTCTCAG,0
GTTATTAATCAATTGA,0
GTTATTACAGCAAGGA,0
GTTATTATAATAGGAG,0
GTTATTATCGTGTGCA,0
GTTATTCACTATTGTA,0
GTTATTCCTTTCCGGC,0
GTTATTCTCTATAAGG,0
GTTATTGCAACGAATC,0
GTTATTGGAAAACAGA,0
GTTATTGTCGTGCCAC,0
GTTATTTCTCAAAACG,0
GTTATTTTGAGTCACC,0
GTTCAAACAGAGAACC,0
GTTCAAACTAATGTGT,0
GTTCAAAGAGTCAATG,0
GTTCAAAGGACTTACT,0
GTTCAAAGGCAACTGA,0
GTTCAAATACTATCAC,0
GTTCAAATCTTCTTTG,0
GTTCAACAAAGTTAAT,0
GTTCAACCGAGCCGAA,0
GTTCAACTACAATAAG,0
GTTCAAGATACTACCA,0
GTTCAAGATGCTGGTA,0
GTTCAAGTAAATGAAA,0
GTTCAATATAATTCTA,0
GTTCACAGAATCCCTG,0
GTTCACAGACGGATAA,0
GTTCACCCCAATGGTG,0
GTTCACCTCACAGATA,0
GTTCACGCGTGTTCAC,0
GTTCAGAAACTGGCCG,0
GTTCAGAACACTCTAA,0
GTTCAGAATAATATAA,0
GTTCAGACCCGCATCC,0
GTTCAGAGGGTAACTA,0
GTTCAGCATCCCTTTC,0
GTTCAGGAGTATCTGG,0
GTTCAGGGCATTCTTA,0
GTTCAGTACCTATATC,0
GTTCAGTTTGGTACCA,0
GTTCATAGTAAACTGA,0
GTTCATAGTGCATATA,0
GTTCATCGCAAAAGCC,0
GTTCATGATCAATATA,0
GTTCATGGAGAGGGTT,0
GTTCATGTATAAAATA,0
GTTCATTGTGGAGGTC,0
GTTCCAAAAGACGTAA,0
GTTCCAAAGAAGAAGG,0
GTTCCAACATAAATCA,0
GTTCCAACTAGTCAAA,0
GTTCCAAGCAGTAATA,0
GTTCCAAGGAGGTAGT,0
GTTCCACACAACGAAA,0
GTTCCACATATCCGGG,0
GTTCCACTCCTAATCA,0
GTTCCAGAAAGGAAAA,0
GTTCCAGTTACAAAGC,0
GTTCCATTAAAGTAGA,0
GTTCCATTATTCTGAG,0
GTTCCCACAAGGAAGG,0
GTTCCCACTAGTCTCT,0
GTTCCCACTTCAGGTT,0
GTTCCCATCTCTGATC,0
GTTCCCGACCATTTCC,0
GTTCCCGAGGCGACTG,0
GTTCCCGGAATCAAAA,0
GTTCCCGTGGTACAAC,0
GTTCCCTGAACGAAAA,0
GTTCCCTTCCCAGGGC,0
GTTCCGAAAAACCGTT,0
GTTCCGATGTATACTC,0
GTTCCGCACGTAAACC,0
GTTCCGCTGCACCTTT,0
GTTCCGGAACCAACGA,0
GTTCCTAAAGCCGCTT,0
GTTCCTAATGCAATAG,0
GTTCCTAATTCGAATA,0
GTTCCTATGATGCAAA,0
GTTCCTATTTCGCCTT,0
GTTCCTCCACTAAGCC,0
GTTCCTCTCCTGGGTA,0
GTTCCTGGGCCATTGA,0
GTTCCTGGTCCTGTAT,0
GTTCCTTCCGCCAGGG,0
GTTCCTTTAGAGAGCA,0
GTTCGAACGGATGCTT,0
GTTCGAATATAACCTA,0
GTTCGAATGAATCGTT,0
GTTCGAATTTCAACCT,0
GTTCGAGCACACGGGT,0
GTTCGAGCCCTTCACC,0
GTTCGATCTTACTATT,0
GTTCGATTTAAGTTTT,0
GTTCGCAAACACATAT,0
GTTCGCAAGGTGCTCT,0
GTTCGCAGTAGCATAC,0
GTTCGCATGGATACAA,0
GTTCGCCATCGTGTAA,0
GTTCGCTAGATCCAAA,0
GTTCGCTATACCTAGA,0
GTTCGGAATGACGATG,0
GTTCGGACATGATACG,0
GTTCGGGAGTGGACTG,0
GTTCGTACATCTACGA,0
GTTCGTATGATTCTGA,0
GTTCGTCATTTGTGTC,0
GTTCGTGCAAGCTTTC,0
GTTCGTGCTTCCGCCT,0
GTTCGTTTCCGATTGA,0
GTTCTAAACCAAAAAA,0
GTTCTAAACCAACCGG,0
GTTCTAAATTCCAGGC,0
GTTCTACCCGCTTTTT,0
GTTCTAGCAACCAGTA,0
GTTCTAGGAAAGCTGA,0
GTTCTATAGAGTTGTC,0
GTTCTATAGTGGAGAA,0
GTTCTATCAGGAAAAC,0
GTTCTCATACACCGTA,0
GTTCTCCCAATAATAC,0
GTTCTCTAAAAGAACC,0
GTTCTGAACAGGCATG,0
GTTCTGAATGAACTAC,0
GTTCTGACTTCATCTC,0
GTTCTGATACTACAAA,0
GTTCTGATCCAATTTA,0
GTTCTGATGTCGCCAG,0
GTTCTGCAACACCCCA,0
GTTCTGTAGTTCACCC,0
GTTCTTAACGCTGTGG,0
GTTCTTAATAGAACAC,0
GTTCTTATTGGAAAAC,0
GTTCTTCTAAGATGCT,0
GTTCTTGAAGAACCCA,0
GTTGAAAAAATTCATT,0
GTTGAAAAGCTCATAC,0
GTTGAAATAACCAATA,0
GTTGAAATGAAGGATA,0
GTTGAAATGTTGCCTA,0
GTTGAAATTATTTATT,0
GTTGAACAAGTATAGC,0
GTTGAACTACGAATCC,0
GTTGAACTAGAGGAAA,0
GTTGAACTCATCGTTG,0
GTTGAAGAATATCACC,0
GTTGAAGATGGAAAAA,0
GTTGAAGCACCAGGTA,0
GTTGAAGCCGAAACCA,0
GTTGAATAGATATTTA,0
GTTGAATGAGTAGATC,0
GTTGAATGTTAGAGTA,0
GTTGAATTAAGAAAAT,0
GTTGAATTACACAAAA,0
GTTGACAAACCCAGAT,0
GTTGACAGGCATCGAA,0
GTTGACATGATACAAT,0
GTTGACCCACTTTCCA,0
GTTGACCCTAAACTTC,0
GTTGACCGATTTAAAA,0
GTTGACGGCTATTCTC,0
GTTGACGTACCCATAA,0
GTTGACTATATGCCGG,0
GTTGACTGACCAAATT,0
GTTGACTTAGTAACTA,0
GTTGACTTATTTGCAG,0
GTTGAGAAAGGCATTA,0
GTTGAGAACCTCAATG,0
GTTGAGACCTCAAGGC,0
GTTGAGAGATTTGACC,0
GTTGAGATATTAGGCG,0
GTTGAGATGCACACCT,0
GTTGAGCCTCCTCCTG,0
GTTGAGCGGGACTGCA,0
GTTGAGGCCGAACTAA,0
GTTGAGGCTTGGCCAG,0
GTTGAGTATAAAAAAT,0
GTTGATAAACATAGAA,0
GTTGATATTACGCCAC,0
GTTGATCATGGTCTCA,0
GTTGATGCACCGCTTT,0
GTTGATGCCAATCTTC,0
GTTGATGGCACCATTC,0
GTTGATTAATTAACCT,0
GTTGATTAGAAGGGTC,0
GTTGATTATAGCAGAA,0
GTTGATTGTGCCCCAG,0
GTTGATTTTAACCATC,0
GTTGATTTTAATTACC,0
GTTGCACCCCGTGGCA,0
GTTGCACGACTGAATA,0
GTTGCACGATATGCTA,0
GTTGCACTCATTACCG,0
GTTGCACTCTTTACCA,0
GTTGCAGATCCTAGAT,0
GTTGCATCACTACAAT,0
GTTGCATCATAAGCGA,0
GTTGCATCCCAACGGA,0
GTTGCATCCCCGCCAA,0
GTTGCATCCGTATTAT,0
GTTGCATGGCTTAGAG,0
GTTGCATTAAGCCCTA,0
GTTGCATTATTCACCT,0
GTTGCATTTGAATAAA,0
GTTGCATTTGATTTCA,0
GTTGCCACGTCTACGT,0
GTTGCCATTCAAGACA,0
GTTGCCCAATGCTCTC,0
GTTGCCCATATATCAT,0
GTTGCCCGGGAGTTAA,0
GTTGCCGTGGAGTACA,0
GTTGCCTCTTACTCCC,0
GTTGCGAGAAGCTAAC,0
GTTGCTAGCATTACGA,0
GTTGCTATCCTTTACA,0
GTTGCTCAATGGTTCA,0
GTTGCTCACGCAACAT,0
GTTGCTCCAAAGTTCG,0
GTTGCTCCTTTCAATT,0
GTTGCTCTCCTTTACA,0
GTTGCTTACGCACGAC,0
GTTGCTTACTTTCTAT,0
GTTGGAACGAGACAAT,0
GTTGGAACTGTTTGAG,0
GTTGGAAGGATGGATC,0
GTTGGAATAAAAGTAA,0
GTTGGAATATCCGGGA,0
GTTGGACCTCTTGATA,0
GTTGGATGATAGAGAC,0
GTTGGATGCCGTCCCA,0
GTTGGATTATTTACGG,0
GTTGGCAAACCTAGAT,0
GTTGGCACTTATTTCA,0
GTTGGCACTTCATGTA,0
GTTGGCAGTGGTAAGC,0
GTTGGCATGAAAAATA,0
GTTGGCGAGTATGTCT,0
GTTGGCTATTATACAT,0
GTTGGCTATTATGACT,0
GTTGGCTTCCAAGTGC,0
GTTGGGCTGCTCATGT,0
GTTGGTACTGGGTTAG,0
GTTGGTATATGAAAAT,0
GTTGGTGAATTTCTCT,0
GTTGGTGCGGACCAAA,0
GTTGGTTATTAACAAC,0
GTTGGTTCCCCGGTCA,0
GTTGTAACCTCAAAAA,0
GTTGTAAGCGTTATCT,0
GTTGTAAGTTGTAAGA,0
GTTGTACACAGACAAC,0
GTTGTACGATAACGTC,0
GTTGTACTGTGTCATA,0
GTTGTAGCTTACAATT,0
GTTGTATTTACCCTCT,0
GTTGTCAAACCAACAC,0
GTTGTCCCGGGGTGAG,0
GTTGTCCTGCAAGTCT,0
GTTGTGACTGGCCACC,0
GTTGTGCACCGGACAA,0
GTTGTTACAGAACCCA,0
GTTGTTCTGACACTAT,0
GTTGTTTAACCGACGA,0
GTTGTTTAGCCGAAAC,0
GTTTAAAAAGTGACTC,0
GTTTAAAATATTGCGT,0
GTTTAAAATTTAAATT,0
GTTTAAACTCGAACGA,0
GTTTAAAGACTGGCAG,0
GTTTAAAGATTGATAA,0
GTTTAAAGCCTAGGAG,0
GTTTAAAGGTTGGACC,0
GTTTAAATCAGAAATG,0
GTTTAACAAATAGTGT,0
GTTTAACCACAATCAA,0
GTTTAACCACATTTAA,0
GTTTAACCACGATAAC,0
GTTTAACCATATTCGA,0
GTTTAACTCGCTGTCA,0
GTTTAAGAAGAAACTA,0
GTTTAAGCGTCAGTAA,0
GTTTAAGTCGAAGTAA,0
GTTTAATATATTAAGC,0
GTTTAATTATTTGTGA,0
GTTTACAATAGAACCG,0
GTTTACAATAGAGAGC,0
GTTTACAATCAAATTT,0
GTTTACAATTATACAC,0
GTTTACATATCTGGAA,0
GTTTACCATCGGATAC,0
GTTTACCCGTGTAACG,0
GTTTACCTCAAATCAA,0
GTTTACCTGCCAGTGT,0
GTTTACGATGCCATGC,0
GTTTACGCAAGTATAA,0
GTTTACTCATAGTTAT,0
GTTTACTGAAAACTGA,0
GTTTACTTGGGCTATA,0
GTTTAGAAACGGGTAA,0
GTTTAGAAGCCGCAAA,0
GTTTAGACCTAACTAT,0
GTTTAGACTAACCGTG,0
GTTTAGATATATCACG,0
GTTTAGCAAAAGTCAT,0
GTTTAGCAATCACCAC,0
GTTTAGCAGTACTGAA,0
GTTTAGTATCATACTG,0
GTTTAGTATGCCTTCA,0
GTTTAGTCCGGAAGAC,0
GTTTATAACTAACAAA,0
GTTTATAAGCAATATA,0
GTTTATACTAAGAATA,0
GTTTATATTAAAGCTC,0
GTTTATCAGCTATACT,0
GTTTATCCGTAAAACG,0
GTTTATCGTAACACCA,0
GTTTATGACTAGCTGT,0
GTTTATGCAAAGGAAG,0
GTTTATGCCATCCCTA,0
GTTTATTACTAAGATT,0
GTTTATTGTCTTCCAG,0
GTTTATTTCCTAGGGA,0
GTTTCAAAGTAAAAGT,0
GTTTCAACTAAAAAGT,0
GTTTCACAAAACGCCT,0
GTTTCACAACATTTCA,0
GTTTCACAGCATGGTT,0
GTTTCACATGTCCGTA,0
GTTTCACCATCATCCT,0
GTTTCACGAAGGCAGG,0
GTTTCAGGGTTGTGCC,0
GTTTCAGTTTGGCCTC,0
GTTTCATAACCGGATA,0
GTTTCATGCGGGAATG,0
GTTTCATTACCCACAA,0
GTTTCCAAACGCTACC,0
GTTTCCAAAGCGAAAA,0
GTTTCCAAGATCAGCA,0
GTTTCCATTGATTTTG,0
GTTTCCCACAGATCGA,0
GTTTCCCTGATACCAG,0
GTTTCCCTTAAAACTG,0
GTTTCCTAAAATAACC,0
GTTTCCTATTCGGACT,0
GTTTCCTGATGGTAAC,0
GTTTCGAAAAAAGGCA,0
GTTTCGAAAATTAAAG,0
GTTTCGACCAAAATGA,0
GTTTCGCAAAAAAGGA,0
GTTTCTAAGAACAATT,0
GTTTCTAAGCTGGACG,0
GTTTCTATGTTACACC,0
GTTTCTCTCAGTACCT,0
GTTTCTGAAATACTTT,0
GTTTCTGCAAGTCTCA,0
GTTTGAAAACCAAGGC,0
GTTTGAAAACCCTCTG,0
GTTTGAACACTGGAAT,0
GTTTGAAGATTAGACA,0
GTTTGACAATAAACAC,0
GTTTGACAGCGCAGAT,0
GTTTGACCAATGGATA,0
GTTTGAGCAAAACATA,0
GTTTGAGCAAATCTTG,0
GTTTGAGGTCTAGGCT,0
GTTTGAGGTTGACAAA,0
GTTTGAGTATGATATT,0
GTTTGATTAGTTACAA,0
GTTTGATTTGGGCTAC,0
GTTTGCCCATATGCAG,0
GTTTGCCCGCAAAATA,0
GTTTGCCGTGGAAAAG,0
GTTTGCGAAACAATAA,0
GTTTGCGGTGACGTGG,0
GTTTGCGTTACAGTAC,0
GTTTGCGTTTCACCTA,0
GTTTGCTAGCTGTAAC,0
GTTTGCTTTACGAAAT,0
GTTTGGACAGTAGCAT,0
GTTTGGACTATTGCAT,0
GTTTGGAGGACAGCGA,0
GTTTGGATGGCGTATT,0
GTTTGGTTACCCTGAC,0
GTTTGTATTCCGCCAT,0
GTTTGTCCATACTAAT,0
GTTTGTCCTACTAGGT,0
GTTTGTGGGTAGACGA,0
GTTTGTGGTTCTTAAA,0
GTTTGTGTATACACAT,0
GTTTGTGTGTTTCCCA,0
GTTTGTTACAATTACA,0
GTTTTAAAACACACAA,0
GTTTTAAATATCTCAG,0
GTTTTAACGATCTGCA,0
GTTTTAAGGGAGTGAG,0
GTTTTACCAATAGTAG,0
GTTTTATCGGGGAGTT,0
GTTTTATCTTGTATCT,0
GTTTTATGTGTATACA,0
GTTTTCACCGGAAAAC,0
GTTTTCCAAAAACAAT,0
GTTTTCCACTGTATGT,0
GTTTTCCCAGAGACGT,0
GTTTTCCCATAGCGAA,0
GTTTTCCGCTTGACAG,0
GTTTTCGATCTAGTTA,0
GTTTTCTATAACCAGG,0
GTTTTCTTATTTTAGA,0
GTTTTGACAATTTGAC,0
GTTTTGACTAATGTCA,0
GTTTTGCTATTGAAAA,0
GTTTTGGCCAGAAACC,0
GTTTTGGTACACGAGT,0
GTTTTTAACAAGTTCC,0
GTTTTTAATGATAGAA,0
GTTTTTACAACATATG,0
GTTTTTAGCAAACTGA,0
GTTTTTATCTGCTGAA,0
GTTTTTATCTTTCCAT,0
GTTTTTCATCAAGACC,0
GTTTTTCATGTGCTAG,0
GTTTTTCGGTCTCCTG,0
GTTTTTTAAAATGAAA,0
TAAAAAAAAACTCAAC,0
TAAAAAAAACCGAGGA,0
TAAAAAAAATATTCAC,0
TAAAAAAAATCTTCCT,0
TAAAAAAACTCTAATT,0
TAAAAAAAGATATTCT,0
TAAAAAAAGGGTACAT,0
TAAAAAAATGTCTAAA,0
TAAAAAAATTTAACCA,0
TAAAAAACACCTGATG,0
TAAAAAACACTACGCC,0
TAAAAAACATGGGGTG,0
TAAAAAACCAAAACTT,0
TAAAAAACCACCCAGA,0
TAAAAAACCACTGTAA,0
TAAAAAACGAAACATA,0
TAAAAAAGACTACCGA,0
TAAAAAAGCAGGTACC,0
TAAAAAAGCCAAGAGC,0
TAAAAAAGCGCACATC,0
TAAAAAAGGAAATGGA,0
TAAAAAAGGCTGGACT,0
TAAAAAAGTGACAATT,0
TAAAAAATAAGTAAGC,0
TAAAAAATACATATGT,0
TAAAAAATATGGGAAG,0
TAAAAAATCGTCTGTA,0
TAAAAAATGTAACACG,0
TAAAAAATTAATCCGT,0
TAAAAACAACTTAGAC,0
TAAAAACACATACAAA,0
TAAAAACATCGAGAGG,0
TAAAAACATGCATATA,0
TAAAAACATTGCATGA,0
TAAAAACCAACCTAAA,0
TAAAAACCAGCCAATA,0
TAAAAACCCAGCTTGA,0
TAAAAACCCATTACAC,0
TAAAAACCCCGTACAA,0
TAAAAACCGGGGAACT,0
TAAAAACCTACAGAGG,0
TAAAAACGAATTATCG,0
TAAAAACGCATTTATT,0
TAAAAACGCTGATTGA,0
TAAAAACGGCAAAAAC,0
TAAAAACGGGCGCGGA,0
TAAAAACGGGTACGCT,0
TAAAAACTCGCTTAAA,0
TAAAAACTCTAACACT,0
TAAAAACTTAAGCAAC,0
TAAAAACTTAGATATC,0
TAAAAACTTGTTTCCG,0
TAAAAACTTTAAACCT,0
TAAAAAGAAATACTAA,0
TAAAAAGAAGCACATT,0
TAAAAAGAATACCAGA,0
TAAAAAGACTCAATGC,0
TAAAAAGAGCAAAGCA,0
TAAAAAGGACTAAGTA,0
TAAAAAGTACTCAGGA,0
TAAAAAGTCAAATATA,0
TAAAAAGTTACAAAAG,0
TAAAAAGTTATTGCCT,0
TAAAAATAAAACGTAT,0
TAAAAATAAACCAGAA,0
TAAAAATAATTTTGCA,0
TAAAAATACATTTTCA,0
TAAAAATACCTACATA,0
TAAAAATATTTGTCGC,0
TAAAAATCCATCAGCA,0
TAAAAATCGCTACGGA,0
TAAAAATCTCGATAAA,0
TAAAAATGACGCGGAT,0
TAAAAATGATCAAGGC,0
TAAAAATGCACGCTGG,0
TAAAAATGCCATCTCG,0
TAAAAATTAAAGTGAC,0
TAAAAATTAACAGAAC,0
TAAAAATTAACAGCAC,0
TAAAAATTATTGATGA,0
TAAAAATTCCAGGCCA,0
TAAAAATTGTTGGCCG,0
TAAAACAAACAATACA,0
TAAAACAACAAGTCAT,0
TAAAACAAGAATCGGG,0
TAAAACAATAAACATC,0
TAAAACAATGCTCGAA,0
TAAAACACCAATAACA,0
TAAAACACCACGAACA,0
TAAAACACCTTATACC,0
TAAAACACGAGTATAA,0
TAAAACACTTAATATT,0
TAAAACAGAAAAGTAT,0
TAAAACAGACAAAAAA,0
TAAAACAGACTCATAC,0
TAAAACATAACCGAGT,0
TAAAACATATAATAGA,0
TAAAACATATTGAAAT,0
TAAAACATCAACTCCG,0
TAAAACATGACAAGAG,0
TAAAACATGCACAATA,0
TAAAACATGCCACCAC,0
TAAAACATGTCTCAAA,0
TAAAACCAGGAGAACC,0
TAAAACCATAATACCA,0
TAAAACCCATAAATAA,0
TAAAACCCCTACGTTT,0
TAAAACCCTAGGATTA,0
TAAAACCCTGCTACAA,0
TAAAACCGCCCCTATA,0
TAAAACCGTCGACACA,0
TAAAACCTCAGCACTA,0
TAAAACCTGTCCGGCC,0
TAAAACCTTGATCTTA,0
TAAAACGACCGAACCC,0
TAAAACGATAGGTCAA,0
TAAAACGCACGAGTCT,0
TAAAACGCAGCCAATA,0
TAAAACGCCAGCCTAA,0
TAAAACGCTACAGTGA,0
TAAAACGGTAAATCCG,0
TAAAACGTCGTTATCA,0
TAAAACGTGACTACAC,0
TAAAACTACCGACCTC,0
TAAAACTATTCTCATC,0
TAAAACTTAAACAAGC,0
TAAAACTTAATCTGTA,0
TAAAACTTCCAATTAA,0
TAAAACTTCTACCCTA,0
TAAAAGAAAGGCAGTG,0
TAAAAGAACATCTCGC,0
TAAAAGAACCATAAAT,0
TAAAAGAACGCCATCT,0
TAAAAGAATAACAAAA,0
TAAAAGAATAGAAACC,0
TAAAAGAATAGCAAAC,0
TAAAAGAATATCAACA,0
TAAAAGAATGTAAAGC,0
TAAAAGACTATACAGA,0
TAAAAGAGAAAATGTG,0
TAAAAGAGGTTCGCTG,0
TAAAAGAGTGCCAGTT,0
TAAAAGATACTCTAAA,0
TAAAAGATGACTCAGA,0
TAAAAGATTAAAAAAG,0
TAAAAGATTATAAGTC,0
TAAAAGATTATCGCAT,0
TAAAAGCAATCACAAA,0
TAAAAGCACACGGACA,0
TAAAAGCACTGGCCCA,0
TAAAAGCATAATATAT,0
TAAAAGCATAGAAATC,0
TAAAAGCATCCGGTGC,0
TAAAAGCATCTGCAAA,0
TAAAAGCCACGATGCA,0
TAAAAGCCAGAAGCGT,0
TAAAAGCCTCAAACAT,0
TAAAAGCGACGCTTCA,0
TAAAAGCTACGATGGT,0
TAAAAGGAATTTTTGT,0
TAAAAGGAGTTGAAGA,0
TAAAAGGATATTCCCT,0
TAAAAGGCACACCACT,0
TAAAAGGGTCCATATA,0
TAAAAGGTACCCCCAA,0
TAAAAGTAAAATACAT,0
TAAAAGTACATCCGTA,0
TAAAAGTACCAAGCGT,0
TAAAAGTAGCAACTAA,0
TAAAAGTATTCAATTC,0
TAAAAGTCAAGTTACA,0
TAAAAGTCTGTCAAAA,0
TAAAAGTCTTAATAAA,0
TAAAAGTGTGCTGCGA,0
TAAAAGTTAATCAGAA,0
TAAAAGTTAGAATACG,0
TAAAAGTTCATCCTAA,0
TAAAAGTTCATTTCCA,0
TAAAAGTTGTACTACC,0
TAAAAGTTGTCGTTAC,0
TAAAAGTTGTGTTAAA,0
TAAAATAAAATGGGCC,0
TAAAATAAAGCAAGAG,0
TAAAATAACAAGGTCG,0
TAAAATAACAGCGGCA,0
TAAAATAACATCTACC,0
TAAAATAAGACCGGAC,0
TAAAATAAGCGACCCA,0
TAAAATAATATTGATG,0
TAAAATAATCTCTAGA,0
TAAAATAATTGTCAAC,0
TAAAATACAGGGTCAG,0
TAAAATACATATACCC,0
TAAAATACCATGGCTC,0
TAAAATACCGAGTTAA,0
TAAAATACTCAAAGGA,0
TAAAATAGAACTTAAA,0
TAAAATAGAAGCATGT,0
TAAAATATACCGTGGT,0
TAAAATATCAAAAGTC,0
TAAAATATCACCTGAC,0
TAAAATATCAGCACAA,0
TAAAATATCCACAGTC,0
TAAAATCAATTTGAAT,0
TAAAATCACACGGTCG,0
TAAAATCACCAATAGG,0
TAAAATCATAGAAGCA,0
TAAAATCCGCAAAAGT,0
TAAAATCGAGGTCTGA,0
TAAAATCGCTTGGTAC,0
TAAAATCGTATGGAGC,0
TAAAATCTAGACATCA,0
TAAAATCTCTGAACTA,0
TAAAATCTGTTAGCAC,0
TAAAATCTTGAACAAA,0
TAAAATGAAAACTAAA,0
TAAAATGAAACACTAT,0
TAAAATGACACATCTA,0
TAAAATGACCTATAGG,0
TAAAATGATAAGAATA,0
TAAAATGATAGCTTTT,0
TAAAATGCGATTAGTG,0
TAAAATGCTGAGTACA,0
TAAAATGGTATATCGA,0
TAAAATGTCCAGGGAC,0
TAAAATTAACTGAGCT,0
TAAAATTAAGTAGGAT,0
TAAAATTAATCGCGAA,0
TAAAATTAGCGGTTCA,0
TAAAATTAGTTACCTT,0
TAAAATTATCTAGTCT,0
TAAAATTCAGGAGTCT,0
TAAAATTCCCATCGAG,0
TAAAATTCTGGTTTGA,0
TAAAATTCTTACTGCA,0
TAAAATTGGAGAAAAA,0
TAAAATTTACCATTAA,0
TAAAATTTATCTACAT,0
TAAAATTTTAAGACAA,0
TAAACAAAAGAAACAC,0
TAAACAAAATCAAGGA,0
TAAACAAAATGATGTA,0
TAAACAAAGACCAAAA,0
TAAACAAAGAGTCCAT,0
TAAACAAAGATGTCAA,0
TAAACAAAGTATTTTC,0
TAAACAAATGAACACC,0
TAAACAAATTATACGA,0
TAAACAACAGAATGTT,0
TAAACAACATGCTCCA,0
TAAACAACGAATCAAT,0
TAAACAACTATACCAG,0
TAAACAACTGTGACGC,0
TAAACAAGAGAGATAA,0
TAAACAATAGTAAATA,0
TAAACAATCAAAAACC,0
TAAACAATCACATACC,0
TAAACAATCCAGCACG,0
TAAACAATGCCCTACC,0
TAAACAATGGGGACCA,0
TAAACAATGTTACGTT,0
TAAACACAAAACATAC,0
TAAACACAAGGTTTCT,0
TAAACACACTTAAACG,0
TAAACACATACATCTA,0
TAAACACCATTACAAG,0
TAAACACCCCATATCC,0
TAAACACCTTTTTGTA,0
TAAACACGATCAGAAC,0
TAAACACGTCATCTCA,0
TAAACACTCATTCCAG,0
TAAACACTGGATGAGA,0
TAAACACTGGGACCAA,0
TAAACACTTGGAATGG,0
TAAACACTTGGGAGTT,0
TAAACAGATAAGTACT,0
TAAACAGCAAACAAAT,0
TAAACAGCACGATACG,0
TAAACAGCCACTACCT,0
TAAACAGCCATATGGT,0
TAAACAGCCATGAGCC,0
TAAACAGCTATCTTAT,0
TAAACAGCTCAAACGG,0
TAAACAGTCTATTAAC,0
TAAACAGTGTCCGGAT,0
TAAACAGTTCGTTGAG,0
TAAACATAGAGGACTA,0
TAAACATATACAGATA,0
TAAACATATCTGAGCA,0
TAAACATATTCCCGCA,0
TAAACATCACAACAGA,0
TAAACATCACAATTAA,0
TAAACATCAGAGATTT,0
TAAACATCGCATGTAC,0
TAAACATGAGGAATAA,0
TAAACATGATTAAAAA,0
TAAACATGCACTCATC,0
TAAACATGCCATGCCA,0
TAAACATGCCCTAATA,0
TAAACATTAACCGAGC,0
TAAACATTACGGAACG,0
TAAACATTCAAAGGCT,0
TAAACATTTGTAACCT,0
TAAACATTTTAAACTC,0
TAAACCAAATCCTGCC,0
TAAACCAAATTACGTT,0
TAAACCAACACATTGC,0
TAAACCAACGCAACAA,0
TAAACCAATCTAGACC,0
TAAACCAATTAAAAAT,0
TAAACCACAATTCTCT,0
TAAACCACATAAAGTA,0
TAAACCAGAAAACGTC,0
TAAACCAGACGAAGGA,0
TAAACCAGAGAGACAA,0
TAAACCAGCTTAAAAG,0
TAAACCAGGGATGATG,0
TAAACCATATATTCCA,0
TAAACCATTTAACTAT,0
TAAACCCACCCGACGA,0
TAAACCCCTAACAAAC,0
TAAACCCCTAGACAGG,0
TAAACCCCTATTTGAA,0
TAAACCCTAGAGACGT,0
TAAACCCTGTATAATA,0
TAAACCGACCAAAAAC,0
TAAACCGAGACTGGAA,0
TAAACCGCCTGCACTA,0
TAAACCGGTGGATACA,0
TAAACCGTAACAAAGA,0
TAAACCGTTCACGTTA,0
TAAACCTAAAATTTGC,0
TAAACCTAATATTGGT,0
TAAACCTATCCCAGAT,0
TAAACCTGAACTCCAT,0
TAAACCTGATATAAAC,0
TAAACCTGCTCTTACC,0
TAAACCTTAAGATTGG,0
TAAACCTTAATCGTCG,0
TAAACCTTGATATCCG,0
TAAACGAATCTTTGTT,0
TAAACGAATTAAATGT,0
TAAACGACACTATAAA,0
TAAACGACGTACTATA,0
TAAACGACTAAGTTAG,0
TAAACGACTATACACC,0
TAAACGACTGTAATGT,0
TAAACGAGGATTCCAT,0
TAAACGAGTGTTTGCC,0
TAAACGAGTTATTTAT,0
TAAACGATTAAGAAGT,0
TAAACGCAAGTGCCAA,0
TAAACGCACTACACCC,0
TAAACGCAGCATCGTC,0
TAAACGCCGGGTAATA,0
TAAACGCCTAAAAAAA,0
TAAACGCTACATTAAG,0
TAAACGGACTTCTGAT,0
TAAACGGCACTAGTAC,0
TAAACGGGACACAAAT,0
TAAACGGGGTCTAAGC,0
TAAACGGTATAATAGT,0
TAAACGGTGCAAGGTA,0
TAAACGGTGCCCCGTG,0
TAAACGGTTGACCATG,0
TAAACGTACCCGGGCA,0
TAAACGTACCCTCAAG,0
TAAACGTACGGAACCC,0
TAAACGTGTTGTAGAG,0
TAAACGTTAACCCGGG,0
TAAACGTTCATATCCC,0
TAAACGTTGAATCACG,0
TAAACTAAAATATTCA,0
TAAACTAAACTTTCAA,0
TAAACTAAATTAAAAC,0
TAAACTAACAAAGGGA,0
TAAACTAACCGAATAC,0
TAAACTAACCTCAACA,0
TAAACTAATAAGTTTA,0
TAAACTAATGTACTAC,0
TAAACTACACAAACCA,0
TAAACTACGGTAAAAA,0
TAAACTAGCAACATAA,0
TAAACTAGCACAATGG,0
TAAACTAGTCCGCATA,0
TAAACTATTCCATAAC,0
TAAACTCAACAATGGG,0
TAAACTCATAAGTAGA,0
TAAACTCATGTAGCCA,0
TAAACTCCTTGTCATT,0
TAAACTCGAATCCTAG,0
TAAACTCGTATAACAC,0
TAAACTCTACCTATTA,0
TAAACTCTATAAAATG,0
TAAACTCTCTCCACGA,0
TAAACTCTGACGACTT,0
TAAACTCTTAATCGAC,0
TAAACTGATATAAGGA,0
TAAACTGATGGAATTA,0
TAAACTGCAGGCGGCA,0
TAAACTGCTTGTCTTA,0
TAAACTGGGGCAGACA,0
TAAACTTAAAATGAAA,0
TAAACTTAAACAATCG,0
TAAACTTAACACTTGA,0
TAAACTTACAAAAATT,0
TAAACTTAGACGCAAT,0
TAAACTTATTTAACGA,0
TAAACTTCAGAGCGAC,0
TAAACTTCCGTTATTA,0
TAAACTTGATGACTTA,0
TAAACTTGCTCTAGGG,0
TAAACTTTAAAATATT,0
TAAACTTTAGTACTTA,0
TAAACTTTTAGACTCA,0
TAAACTTTTCAAGAGA,0
TAAAGAAAAGCAGATT,0
TAAAGAAAATAATGTA,0
TAAAGAAACAAAACCT,0
TAAAGAAAGAGTGGAA,0
TAAAGAAATTAACAAG,0
TAAAGAACAACGAGCA,0
TAAAGAAGACTATGCA,0
TAAAGAAGATATACAA,0
TAAAGAAGCTAATATC,0
TAAAGAAGTACCTCCA,0
TAAAGAATACCATGTA,0
TAAAGAATGAACTCTG,0
TAAAGAATGATGTGAG,0
TAAAGAATTAGTCCGT,0
TAAAGACACGTACATG,0
TAAAGACATACATTCT,0
TAAAGACCATACGAAC,0
TAAAGACCATGCAAGA,0
TAAAGACCGCATTAAA,0
TAAAGACCTAGCCCTG,0
TAAAGACGAGCCGGGA,0
TAAAGACGTAAAGGAT,0
TAAAGACTATGTGGGC,0
TAAAGAGACTTGATTA,0
TAAAGAGAGCTCACAT,0
TAAAGAGGATAAAATG,0
TAAAGAGTGGTGGTCA,0
TAAAGATAAACTTAAC,0
TAAAGATAGTGGCAAA,0
TAAAGATCACATTCCA,0
TAAAGATCGCTGTTTA,0
TAAAGATCGGATTAGA,0
TAAAGATCTTAATACG,0
TAAAGATGAATTTACG,0
TAAAGATGGGGGAATG,0
TAAAGATGTTATGATA,0
TAAAGATTTATTACTA,0
TAAAGCAAAAACGCTA,0
TAAAGCAAATCAGTGT,0
TAAAGCAATGTTTATA,0
TAAAGCACCCCTATAC,0
TAAAGCACCGAAAATT,0
TAAAGCATAATCAAGC,0
TAAAGCATGCTAACAT,0
TAAAGCCAACAACGAA,0
TAAAGCCAATATGTCG,0
TAAAGCCACTAAGTCA,0
TAAAGCCATCTACCCA,0
TAAAGCCCTAATATTA,0
TAAAGCCTTACCATCA,0
TAAAGCCTTACGGCTA,0
TAAAGCGAACATCCAT,0
TAAAGCGAGGAACGCC,0
TAAAGCGCAGCTAAAT,0
TAAAGCGCGCTTAAGC,0
TAAAGCGGGACAACGA,0
TAAAGCGTCATAGTAA,0
TAAAGCTAATTCGCAA,0
TAAAGCTACGGAAGGT,0
TAAAGCTCGGAAGTAA,0
TAAAGCTGCTGAAATA,0
TAAAGCTTTCAGTATG,0
TAAAGCTTTGTCAGAC,0
TAAAGGAAGTAACAGA,0
TAAAGGAATATAAAAC,0
TAAAGGACAATCATAT,0
TAAAGGACTACTGCAT,0
TAAAGGATACTAGTGT,0
TAAAGGCAATTAAAGA,0
TAAAGGCACAAAACCT,0
TAAAGGCATCCTTAAT,0
TAAAGGCATGGCATTC,0
TAAAGGGATTCACAAC,0
TAAAGGGGAAATTCGT,0
TAAAGGTAATATGTTT,0
TAAAGGTACCCTAAAT,0
TAAAGGTACTACCATA,0
TAAAGGTTCACTATAC,0
TAAAGTAAAATGAAAT,0
TAAAGTAAACCGAGGA,0
TAAAGTAATACTATAG,0
TAAAGTACACTATGAA,0
TAAAGTACCCAAGATA,0
TAAAGTACCGAGGACA,0
TAAAGTACGAACTGTA,0
TAAAGTATAAGACTTA,0
TAAAGTCACAGCCTTA,0
TAAAGTCACGCTGACA,0
TAAAGTCTAATATGCA,0
TAAAGTCTATCAGATT,0
TAAAGTGCAATAACAA,0
TAAAGTGCGATAGACA,0
TAAAGTGGACACGATC,0
TAAAGTTACGGTATTA,0
TAAAGTTATAGAACAA,0
TAAAGTTATCGATACA,0
TAAAGTTCCTCAAACC,0
TAAAGTTGAAGTAGTG,0
TAAATAAAATTACAAT,0
TAAATAAACCTAAACA,0
TAAATAAACTTCGATC,0
TAAATAAATAGCCTCT,0
TAAATAAATCAAATTC,0
TAAATAAATTAATGTA,0
TAAATAACAAGGACGT,0
TAAATAACCACCAAAG,0
TAAATAACCTCCCAAC,0
TAAATAACTCAAAACC,0
TAAATAACTCGACCTG,0
TAAATAAGACAAGGCA,0
TAAATAAGGACGACGG,0
TAAATAATAATCAATG,0
TAAATAATACGTATAG,0
TAAATAATGGGAATGG,0
TAAATAATTTTTTAAC,0
TAAATACAACACATAA,0
TAAATACAACGTTTAT,0
TAAATACAAGAACATA,0
TAAATACAAGATAAGC,0
TAAATACATCGCTGAA,0
TAAATACCACCGTACA,0
TAAATACCAGTTGCTG,0
TAAATACCGACAATGC,0
TAAATACGACGCAATC,0
TAAATACGCATAATCC,0
TAAATACTATAATATA,0
TAAATACTCCCCAAAA,0
TAAATACTCGTATCAG,0
TAAATAGAATATTGGT,0
TAAATAGAATTGGTAT,0
TAAATAGATCGCGAAC,0
TAAATAGGCAACGATG,0
TAAATAGGCCACTAAA,0
TAAATAGGTACCACCG,0
TAAATAGGTTAAAAAC,0
TAAATAGTACAACAGG,0
TAAATAGTATCTTTTC,0
TAAATATACCGTACAA,0
TAAATATAGATTGAAT,0
TAAATATCAAACAACT,0
TAAATATGATTTCGCA,0
TAAATATGCTACGGCG,0
TAAATATGGTCAGATA,0
TAAATATGTAGGGGTA,0
TAAATATTACAATCGT,0
TAAATATTAGGGCGAA,0
TAAATATTAGGGGAAT,0
TAAATCAACACCCCAT,0
TAAATCACATATAGCA,0
TAAATCACCTCCCACA,0
TAAATCACGGAAAAAT,0
TAAATCAGATGCCCGA,0
TAAATCAGGCTTGTAT,0
TAAATCAGTTATGGTT,0
TAAATCATACATTGAT,0
TAAATCATATAATATC,0
TAAATCATCCCAAATT,0
TAAATCATTCACCCGA,0
TAAATCCACCCACGAT,0
TAAATCCCGGTGAAAA,0
TAAATCCCGTTGATAA,0
TAAATCCCTAAGAGAA,0
TAAATCCGCAAATAAA,0
TAAATCCGTTAATCTA,0
TAAATCCTAGACATCC,0
TAAATCCTCAGGAATG,0
TAAATCGAATAGTATA,0
TAAATCGATATATGAT,0
TAAATCGATCGGGACT,0
TAAATCGATGATTAAA,0
TAAATCGGATGACAAG,0
TAAATCGGCGTATGCA,0
TAAATCGTGGGATTTA,0
TAAATCGTTAACAAGA,0
TAAATCGTTTAGAAAC,0
TAAATCTAAATTAAAG,0
TAAATCTAGAAAACCA,0
TAAATCTAGGTATACT,0
TAAATCTATAGTCAAA,0
TAAATCTATGTTCAAG,0
TAAATCTCAAAATATG,0
TAAATCTCAATATCAA,0
TAAATCTCTGCCATAT,0
TAAATCTGCGATATAC,0
TAAATCTGCTTATGCA,0
TAAATCTGTGATACGG,0
TAAATCTTAAACCAGC,0
TAAATCTTACCCGTTG,0
TAAATCTTACTGAATA,0
TAAATGAAAAAAAGAC,0
TAAATGAACATAGAGC,0
TAAATGAAGATAAAAA,0
TAAATGAGTCTGCCCC,0
TAAATGATACAAAAGA,0
TAAATGATTTTTACAA,0
TAAATGCAAGCTCACT,0
TAAATGCAGCCCAATG,0
TAAATGCCAATTTAAC,0
TAAATGCCCTGGCAAC,0
TAAATGCGAGTTTAGC,0
TAAATGCTAATTACTA,0
TAAATGCTTCACCGAT,0
TAAATGGATGAGATAA,0
TAAATGGCCGATACTG,0
TAAATGGGCTCATAAA,0
TAAATGGGTGAAACAT,0
TAAATGGTATCCGAAA,0
TAAATGTACCCGACCA,0
TAAATGTACGAAAACA,0
TAAATGTACTTTATCC,0
TAAATGTATAATCATT,0
TAAATGTCAAATCCCA,0
TAAATGTCCCAATAAC,0
TAAATGTCTGATTCCA,0
TAAATGTTAAACAGAT,0
TAAATGTTTTTCAGTA,0
TAAATTAAACTACCAG,0
TAAATTAAGGTCTAAA,0
TAAATTAAGTATACCT,0
TAAATTAATAAGGCGC,0
TAAATTACCAAACCAG,0
TAAATTACCAATAATC,0
TAAATTACCTGACAAT,0
TAAATTACGATTAATA,0
TAAATTACGGTAAGCG,0
TAAATTACTTCTAGCA,0
TAAATTAGGCGAATTA,0
TAAATTAGTGCGATGA,0
TAAATTATCAACGTCA,0
TAAATTATTTCGAAGC,0
TAAATTCACTTATCCC,0
TAAATTCATCGGTATC,0
TAAATTCCAAGGACTT,0
TAAATTCCCTCATAAT,0
TAAATTCGAGAAAAAC,0
TAAATTCGTCAGCAAG,0
TAAATTGAATTAAATG,0
TAAATTGAATTCATAG,0
TAAATTGAGAAACTTA,0
TAAATTGAGGCTCATT,0
TAAATTGAGGTAAATG,0
TAAATTGGGTACATGA,0
TAAATTGGTAGCAAAA,0
TAAATTGTATATAACT,0
TAAATTTAGTTAAGTT,0
TAAATTTATTACCAAA,0
TAAATTTATTTACAAA,0
TAAATTTGAAGAATGG,0
TAAATTTGACCAGAAA,0
TAAATTTGGATTACCC,0
TAAATTTGGCTAACCA,0
TAAATTTTTAGGTACC,0
TAACAAAAAAAATCAT,0
TAACAAAAACACTAAC,0
TAACAAAAATGCCGTT,0
TAACAAAACAGAACAT,0
TAACAAAAGCAAGTTA,0
TAACAAAAGCTGATGC,0
TAACAAAAGTTTGAAG,0
TAACAAACACAAAATT,0
TAACAAACACGCTAAG,0
TAACAAACCAAGACGA,0
TAACAAACGTTCAGTT,0
TAACAAACTCTTTACA,0
TAACAAACTGAGGAGG,0
TAACAAACTGGCAATA,0
TAACAAACTGGCTAAC,0
TAACAAACTTCAGCGT,0
TAACAAAGATACGGGC,0
TAACAAAGCAAAGATT,0
TAACAAAGTATAAGAT,0
TAACAAAGTGGAGACT,0
TAACAAATAAAGTATG,0
TAACAAATACCGCTTA,0
TAACAAATCTGCATAA,0
TAACAAATGAGAAAAC,0
TAACAAATTAGGCCAC,0
TAACAAATTATAACGT,0
TAACAAATTTTGCAAG,0
TAACAACAAAGTTCAA,0
TAACAACATAAAGAAA,0
TAACAACATAAAGGGC,0
TAACAACATAGCACGA,0
TAACAACATGAAACTC,0
TAACAACCATTATTTG,0
TAACAACCCACCCAAT,0
TAACAACCGTAAAGTA,0
TAACAACCGTTCGGCC,0
TAACAACCTGACAAGT,0
TAACAACGGGCTTACC,0
TAACAACTCCAGCTCA,0
TAACAACTCGGTTAAA,0
TAACAACTTCCAATCC,0
TAACAACTTGATCAAT,0
TAACAAGAAGCGAAAG,0
TAACAAGAAGGAAATT,0
TAACAAGTAGCAAAGA,0
TAACAAGTGTGGCGCA,0
TAACAATAAAAAAATC,0
TAACAATAAGCAAAAT,0
TAACAATACAGTATAT,0
TAACAATACTCGACAA,0
TAACAATAGTAAAACA,0
TAACAATATCACAAAT,0
TAACAATCCATGGAAC,0
TAACAATCTGAACACT,0
TAACAATCTGCGTACA,0
TAACAATGGAGTCTGT,0
TAACAATTCTTTATAA,0
TAACAATTTGAAATGT,0
TAACACAAACTGTTAA,0
TAACACAAGAGCGATG,0
TAACACAATCTCAACA,0
TAACACACCCTAGGCA,0
TAACACACCTAAAAGT,0
TAACACATATCAAAAT,0
TAACACATCGACATAT,0
TAACACATGTGCAAAC,0
TAACACCAAAAAACAC,0
TAACACCAATGCTATT,0
TAACACCACGCCTTAC,0
TAACACCACTAGACTT,0
TAACACCATACTAAGA,0
TAACACCCTACGTACT,0
TAACACCGCCTACGCA,0
TAACACCTTCACGTGT,0
TAACACCTTCTGAAAT,0
TAACACGAATATCTTA,0
TAACACGCCCGTAGTT,0
TAACACGCCGAGGACG,0
TAACACGGGATTAAAT,0
TAACACGGTCTAATCA,0
TAACACGTTACCCCTG,0
TAACACTGAAACTCTG,0
TAACACTGTACAATGA,0
TAACACTTGTCTTCCG,0
TAACAGAAACAGATGT,0
TAACAGAAACCTTCTA,0
TAACAGAAGAGAGTCT,0
TAACAGAATCAATGGA,0
TAACAGACAATCACGA,0
TAACAGACGGATGCGA,0
TAACAGACGTTAAAAT,0
TAACAGATACAAATAC,0
TAACAGCTTTGGATCC,0
TAACAGGATGGACAAA,0
TAACAGGGATGAAAAA,0
TAACAGGTTAAGTGGC,0
TAACAGTCCATTCTAC,0
TAACAGTCCTTTAGCA,0
TAACAGTCTAAAATGG,0
TAACAGTGAAATAGGG,0
TAACAGTTATTGAACG,0
TAACATAAAAGATACA,0
TAACATAACGTAAGCT,0
TAACATAACTTAACTG,0
TAACATAAGAAAGGTT,0
TAACATAAGTTTTTAC,0
TAACATAATGACTTGC,0
TAACATAATGAGATTG,0
TAACATAGAATCACAA,0
TAACATAGCTTACTAA,0
TAACATAGTTACTGGT,0
TAACATAGTTTAGTAC,0
TAACATATAACATGTT,0
TAACATATGTATACGG,0
TAACATCAAGACAGTG,0
TAACATCAATTTAGCA,0
TAACATCACGTCGTGC,0
TAACATCAGTTACGAA,0
TAACATCATGGTGCAA,0
TAACATCCATGTGTTT,0
TAACATCTAGGATCCA,0
TAACATCTATCATGAA,0
TAACATGAAAGTTCAA,0
TAACATGTGCTTAACT,0
TAACATTAATCTATGC,0
TAACATTAGCTTGACT,0
TAACATTAGTCAACAC,0
TAACATTCGACACGAT,0
TAACATTCTAAAAGTA,0
TAACATTGGACCACCG,0
TAACATTTACGTGATG,0
TAACCAAAAAAAAACC,0
TAACCAAAAATGGTGA,0
TAACCAAAACGTAAAT,0
TAACCAAAATATTAAC,0
TAACCAAACGACCGAA,0
TAACCAAAGACACGAT,0
TAACCAAATAAAAATA,0
TAACCAAATTACGTAG,0
TAACCAAGAGCCGCTT,0
TAACCAAGCAAGGCTA,0
TAACCAAGGCAACGCC,0
TAACCAATATAGCAAT,0
TAACCAATATTAACTT,0
TAACCAATGTTTACTA,0
TAACCACAAAACCCGG,0
TAACCACAACAAATAA,0
TAACCACAACCAAATG,0
TAACCACATAACAGAC,0
TAACCACATATTAAAA,0
TAACCACCACCTTCGT,0
TAACCACCCTAACAGG,0
TAACCACCCTAGGTAA,0
TAACCACGACTCTTCA,0
TAACCACGTTTGTACG,0
TAACCACTAAGTAGTT,0
TAACCAGAAGATATTA,0
TAACCAGAATTAAGCA,0
TAACCAGCAAACGGGT,0
TAACCAGCAACCAAAG,0
TAACCAGGGTGTAGGA,0
TAACCAGTCTTCCTTA,0
TAACCATACTATACTC,0
TAACCATATATCAGTA,0
TAACCATCCGTCGCGA,0
TAACCATCGATTATCA,0
TAACCATCGTTGTTAT,0
TAACCATGACGAGACA,0
TAACCATTGATATATG,0
TAACCCAAAGATTTAA,0
TAACCCAAGATGTTTC,0
TAACCCACGACTCGCG,0
TAACCCAGTCAGTACC,0
TAACCCATAAGAACAG,0
TAACCCATATTTACTC,0
TAACCCATCATGATAA,0
TAACCCATCGATCCCG,0
TAACCCATTACCGACG,0
TAACCCCAGCGGCTAC,0
TAACCCCCAAAATGTT,0
TAACCCCGATAGCCCA,0
TAACCCGAAATTAACG,0
TAACCCTAAGAAAAAT,0
TAACCCTACTTAAATA,0
TAACCCTATCCGGTAA,0
TAACCCTGTACCTCGT,0
TAACCCTTATGAAATG,0
TAACCGAATTATACCT,0
TAACCGAGCTACGAGA,0
TAACCGAGGTTGACAG,0
TAACCGATAAAAAGTA,0
TAACCGATCCGAGCTA,0
TAACCGATGCAAGGAA,0
TAACCGCAAGTAGTCG,0
TAACCGCTATTGAAGC,0
TAACCGGCCACATATG,0
TAACCGGGCAAGGGAT,0
TAACCGGTGTTTACGC,0
TAACCGTTACAATATC,0
TAACCGTTAGAAGAGT,0
TAACCGTTTCGAACAG,0
TAACCTAATAAACCAT,0
TAACCTAGAATAACGC,0
TAACCTAGCACTTGCT,0
TAACCTATGTCATACA,0
TAACCTATGTCTTGGG,0
TAACCTCAAATAAGCT,0
TAACCTCAAGACTAAA,0
TAACCTCCATCCTCCA,0
TAACCTCCGGAAGTAC,0
TAACCTCCTAGGTCTT,0
TAACCTCGATATTCCA,0
TAACCTCTATAGAGCC,0
TAACCTCTCAAACTGC,0
TAACCTCTCTAAAGTT,0
TAACCTGAAATCTAAA,0
TAACCTGGGTCAATGG,0
TAACCTTAGTACTATC,0
TAACCTTCTGGTCGTA,0
TAACCTTGAAGCCATA,0
TAACCTTTAATCACAA,0
TAACCTTTACATTTCA,0
TAACCTTTACCGTCTC,0
TAACGAAACTAACGGC,0
TAACGAACCTGTCAAC,0
TAACGAAGCATATGCT,0
TAACGAAGTATCATCG,0
TAACGAAGTCAACTTA,0
TAACGAATAAAATGTT,0
TAACGACAATATTTCA,0
TAACGACAGTTAAATC,0
TAACGACATCACAGGT,0
TAACGACATTCCTCCC,0
TAACGACCAGGACCTA,0
TAACGACCAGGTCCGA,0
TAACGACTGGATCACA,0
TAACGAGGGTATAATT,0
TAACGAGTAGATTCCT,0
TAACGATAATCAACGT,0
TAACGATACCAGAAAG,0
TAACGATATAAGGGCT,0
TAACGATATTGAAGAT,0
TAACGATCAGCATAAA,0
TAACGATCTAGGTTAT,0
TAACGATGACCAAGAA,0
TAACGATTAACCAACC,0
TAACGATTACCCATTA,0
TAACGATTATGTAACA,0
TAACGATTGGCATTAT,0
TAACGCAAAAAATCTG,0
TAACGCACATGGATGT,0
TAACGCATAAACGCGT,0
TAACGCATAACATGTG,0
TAACGCATAATTGACT,0
TAACGCATGACCCCCG,0
TAACGCCAAAGATTTA,0
TAACGCCGTGCCGCTG,0
TAACGCCTGGCAACCA,0
TAACGCGCATCTCGAT,0
TAACGCGGAGCATGCC,0
TAACGCGTTCATATAC,0
TAACGCTAACAAAAAT,0
TAACGCTATTATTCCG,0
TAACGCTCCACCAACG,0
TAACGGAAAAAGTCTC,0
TAACGGAAGAGAGGAA,0
TAACGGAATAAAATTA,0
TAACGGAATACCTTCT,0
TAACGGACCCCTGGTC,0
TAACGGAGCAATTAAT,0
TAACGGCGCATGGTAT,0
TAACGGGATTATTTGA,0
TAACGGGATTCATTCC,0
TAACGGTGACTATCAC,0
TAACGTAAACCTCTGA,0
TAACGTAAATAAAAGT,0
TAACGTAATGTCCACA,0
TAACGTAGAGGCATAT,0
TAACGTATCTATCATA,0
TAACGTCATGTTAAAT,0
TAACGTCATTTCATAA,0
TAACGTCATTTGGGCA,0
TAACGTCCTTGTGCAA,0
TAACGTCGCTGGTTTT,0
TAACGTCTGAGGTATA,0
TAACGTGCACAAAAAA,0
TAACGTTAACAAGTTC,0
TAACGTTGAATGACGT,0
TAACGTTTAAACCGGT,0
TAACGTTTACACAACG,0
TAACGTTTGAACGAGT,0
TAACTAAAAAAAATAT,0
TAACTAAAAGGCATCA,0
TAACTAAAAGTGGCGT,0
TAACTAAATAATATAT,0
TAACTAACAATGCAAG,0
TAACTAACTTTCTTTC,0
TAACTAAGAAATTATC,0
TAACTAAGAGGAGATC,0
TAACTAAGCCATAAGT,0
TAACTAATCTAACTAA,0
TAACTAATTTATACAT,0
TAACTACATCTCATAA,0
TAACTACCACGCGAAC,0
TAACTACGTTATGTGT,0
TAACTACTAAACTACT,0
TAACTACTGGAAATTC,0
TAACTACTTAATTGAG,0
TAACTAGACCATTGAC,0
TAACTAGATGAAGTCA,0
TAACTAGCTCACAATA,0
TAACTAGTTGACATAA,0
TAACTATAGCATTTAT,0
TAACTATATGTGGGCG,0
TAACTATCAGAAACAA,0
TAACTATCCCTTTAAA,0
TAACTATCCTCAATGG,0
TAACTATTATTATACA,0
TAACTCAAAACAGATA,0
TAACTCAAATAAGTGA,0
TAACTCACAATAGGTA,0
TAACTCACCTTTAATT,0
TAACTCACTCAGCAAA,0
TAACTCAGACAATGCG,0
TAACTCAGACCCCCTT,0
TAACTCAGCTTAGATG,0
TAACTCATAGCTCAGT,0
TAACTCATCACCTGAA,0
TAACTCATTTATACCA,0
TAACTCCACCTTATAA,0
TAACTCCACTATGTAA,0
TAACTCCCAAAGAAAA,0
TAACTCCCACACACGA,0
TAACTCCGGAACCTCA,0
TAACTCCTTCAATCCA,0
TAACTCGAATTATTGT,0
TAACTCGAGAGACCGT,0
TAACTCGCGATACAGC,0
TAACTCGCTGGCTCCA,0
TAACTCGTTGATTAAA,0
TAACTCTACTGAATTC,0
TAACTCTCAAGCCGCC,0
TAACTCTCCCAAACAG,0
TAACTCTCTTACAAGT,0
TAACTCTTAACAGTGC,0
TAACTGAAAAATCCTG,0
TAACTGAATTGAGCCC,0
TAACTGACACGATAAC,0
TAACTGAGAACATAAG,0
TAACTGATACACCGTC,0
TAACTGATCTAATATA,0
TAACTGATGGATCCAT,0
TAACTGATTGAGCATA,0
TAACTGCCAACGACGA,0
TAACTGCCTGAAGTCT,0
TAACTGCCTTGACTGT,0
TAACTGCTACAGGCCC,0
TAACTGCTCACTTCCC,0
TAACTGGTCCTTAAAC,0
TAACTGTAAATATATT,0
TAACTGTCTTATAACT,0
TAACTGTTAGCACAAA,0
TAACTGTTAGGCCGCT,0
TAACTGTTTTATGGAA,0
TAACTTACAAAGGCTA,0
TAACTTACAGTAAATG,0
TAACTTACTTAGGAAG,0
TAACTTAGAGCGTTAC,0
TAACTTATGAAACTTA,0
TAACTTATGCATAACG,0
TAACTTCGACAAGGAT,0
TAACTTGAAGGCATTT,0
TAACTTGATCCACGAG,0
TAACTTTAACCCTTTT,0
TAACTTTACATGATAC,0
TAACTTTCTTAAATGA,0
TAACTTTGACATATAC,0
TAACTTTGCTAGATAC,0
TAACTTTGGTTTAGAT,0
TAACTTTTACGAATGC,0
TAACTTTTAGAGAAAC,0
TAACTTTTCATAGACA,0
TAACTTTTGGTTTTAT,0
TAAGAAAAAGAAGAAA,0
TAAGAAAACTAACATT,0
TAAGAAACATATTTCA,0
TAAGAAACATTCTGAT,0
TAAGAAACCAAATGAT,0
TAAGAAACGTAAGCTC,0
TAAGAAACGTCAATCA,0
TAAGAAAGACAGTATA,0
TAAGAAAGACGGAAGC,0
TAAGAAAGCATATCGA,0
TAAGAAAGCGGAACAA,0
TAAGAAAGGGAAACCA,0
TAAGAAAGGTATCGAG,0
TAAGAAAGTCATCTAC,0
TAAGAAAGTTCACTAA,0
TAAGAAATCTTGTGCC,0
TAAGAAATGGACGATA,0
TAAGAAATGTCTACGT,0
TAAGAACAAAAGCCTT,0
TAAGAACAATTTTGAC,0
TAAGAACCCAACGGCT,0
TAAGAACCCACTAACG,0
TAAGAACGAAATATCT,0
TAAGAACGCACCCATA,0
TAAGAACTCATATAAT,0
TAAGAAGAAGTATGAT,0
TAAGAAGACAATACTA,0
TAAGAAGAGACGAACT,0
TAAGAAGAGATTTAAC,0
TAAGAAGATAGAGTAG,0
TAAGAAGCATACAGAT,0
TAAGAAGCCCATAAAC,0
TAAGAAGCCTAACGTT,0
TAAGAAGGTTACAAGC,0
TAAGAAGTAAGTCGTC,0
TAAGAAGTCTACTAAC,0
TAAGAAGTCTTATTAT,0
TAAGAATAATGACTTC,0
TAAGAATAGAAAAACA,0
TAAGAATAGCTATTTC,0
TAAGAATATGCAAGTT,0
TAAGAATCAAAGTCAT,0
TAAGAATGACGAAATG,0
TAAGAATTAAGTATTC,0
TAAGAATTATGAAAGA,0
TAAGAATTCAAAGATC,0
TAAGAATTTACAACTG,0
TAAGACAAATACATAC,0
TAAGACAACTATGTCC,0
TAAGACAATTAAAGAA,0
TAAGACAGCATAAGTC,0
TAAGACATACCATCGA,0
TAAGACATTAAATACA,0
TAAGACATTTGCAACC,0
TAAGACCACTCCTAAT,0
TAAGACCCATCGTGGC,0
TAAGACCCTAAATACA,0
TAAGACCGAGAAAAAG,0
TAAGACCGCTGGTCAA,0
TAAGACCTATGCCGGA,0
TAAGACGGACAACACG,0
TAAGACTAAGTGATCA,0
TAAGACTAGAGAGATG,0
TAAGACTATAGTGCGA,0
TAAGACTCAGAAAAAG,0
TAAGACTCCTGGGCGA,0
TAAGACTGACTCCCAA,0
TAAGAGAAATAGGGAG,0
TAAGAGAACAATGAAT,0
TAAGAGAAGTAATTTT,0
TAAGAGAATGTAAACC,0
TAAGAGACAGAATCAT,0
TAAGAGACTCCAGTCC,0
TAAGAGAGTCAATACT,0
TAAGAGATAATTAATG,0
TAAGAGATTGAGAAAA,0
TAAGAGCAATAGTCTG,0
TAAGAGCAGTCGAGCC,0
TAAGAGCCTCTTTAAT,0
TAAGAGCTGGCATTAA,0
TAAGAGGGAACAAATG,0
TAAGAGGTCGACAACA,0
TAAGAGGTCTATACAA,0
TAAGAGTATTTAATGG,0
TAAGAGTGACAACTTA,0
TAAGAGTGTGATTACC,0
TAAGAGTGTTGAGGAC,0
TAAGAGTTTAGCTTTA,0
TAAGATAAACAATTTA,0
TAAGATAAATAATGAT,0
TAAGATAAATTTCCAA,0
TAAGATAAGAGTGAAT,0
TAAGATACAACGATTC,0
TAAGATACGCACCTAT,0
TAAGATAGAAAACAAT,0
TAAGATATAACAACAG,0
TAAGATATACGTAGGA,0
TAAGATATTCCAGCGA,0
TAAGATCAATGAACCT,0
TAAGATCACATAGAAC,0
TAAGATCCAGACAACC,0
TAAGATCGCACAACCT,0
TAAGATGAACAAGTAC,0
TAAGATGATTACGAAA,0
TAAGATTACGACTATT,0
TAAGATTAGTATATAC,0
TAAGATTCATGTTAAT,0
TAAGATTCCAAGTAAA,0
TAAGATTGAAATGATT,0
TAAGATTGATAGTCCT,0
TAAGATTGGTATTGAA,0
TAAGATTTATAGGTAT,0
TAAGATTTTACCATAC,0
TAAGATTTTATTACCG,0
TAAGCAAAAAAAACAT,0
TAAGCAAAACCTGATC,0
TAAGCAAAATAACCAG,0
TAAGCAAACTAGGTCA,0
TAAGCAACAAAGCTCC,0
TAAGCAACTGAGCAAT,0
TAAGCAAGACTGGTGC,0
TAAGCACAAAACAACA,0
TAAGCACTACGACATT,0
TAAGCACTTGACACCA,0
TAAGCAGAGAGTCAAA,0
TAAGCAGGTCTTATTT,0
TAAGCATACAGTCAAA,0
TAAGCATACGAAAGTT,0
TAAGCATAGAATCAGA,0
TAAGCATAGGGCACCC,0
TAAGCATCCTATCCGC,0
TAAGCATGAAACGAAC,0
TAAGCCAACAAACTCT,0
TAAGCCAAGGCGAATT,0
TAAGCCAAGTGAAAAT,0
TAAGCCAGATATCCAA,0
TAAGCCATAGACGTGA,0
TAAGCCCACCTCTAGG,0
TAAGCCCACGTAAATT,0
TAAGCCCAGTGCACTA,0
TAAGCCCTAGACAACA,0
TAAGCCCTCAGCGCAA,0
TAAGCCCTGAGTAGGC,0
TAAGCCCTTTGAGGCA,0
TAAGCCGAACATACAC,0
TAAGCCGCGATACAAA,0
TAAGCCGGGGCCGCTT,0
TAAGCCTTAGCCAGGA,0
TAAGCCTTCAATGTCC,0
TAAGCGAATTGCCGGC,0
TAAGCGAGTCCCATAT,0
TAAGCGATCTCCAAAT,0
TAAGCGCACGGCGCCT,0
TAAGCGCAGAAGAGTA,0
TAAGCGCAGACCCAAA,0
TAAGCGCATAAAAATC,0
TAAGCGCCCCTTATTA,0
TAAGCGGAAACGGCTT,0
TAAGCGTCAAATGACA,0
TAAGCTAAAAAACGCA,0
TAAGCTAAAATTAGCT,0
TAAGCTACGTTACCTG,0
TAAGCTAGAGAAACTT,0
TAAGCTATCGAATATG,0
TAAGCTCCGCTTTCGC,0
TAAGCTCCTACCCCGC,0
TAAGCTCGTATTCTAC,0
TAAGCTCTATCCGTAC,0
TAAGCTTACTATGTTC,0
TAAGCTTAGTTCAACT,0
TAAGCTTCCAGCCCAT,0
TAAGCTTCTCATCCCA,0
TAAGCTTGAGTTTATC,0
TAAGGAAAACCATATC,0
TAAGGAAACAAAACGC,0
TAAGGAAACATGAAGA,0
TAAGGAACAATGACAA,0
TAAGGAACGCAACGCC,0
TAAGGACAGTGTTGCA,0
TAAGGACCCATGTAAT,0
TAAGGACGGCAGAGAT,0
TAAGGACTATCTATCA,0
TAAGGACTCCAATTGA,0
TAAGGAGCAGCTCAAG,0
TAAGGAGTTCGCCTTG,0
TAAGGATAGATAGTCA,0
TAAGGATGAAAGCGAG,0
TAAGGATGATCACACA,0
TAAGGATGCTCTTATG,0
TAAGGATGTTAACTTC,0
TAAGGATTACAAAACC,0
TAAGGCAAAAATCTAA,0
TAAGGCAAACGAAGTC,0
TAAGGCAACTCAACAT,0
TAAGGCAAGTCGCTTA,0
TAAGGCAATAGTTTTC,0
TAAGGCATACTATGAA,0
TAAGGCCAGGGTCAAA,0
TAAGGCCGCAAGCCTA,0
TAAGGCGCATGATATA,0
TAAGGCGTCCACATTG,0
TAAGGCTAAAACCGTA,0
TAAGGCTGCCAATACT,0
TAAGGCTTGACACGAT,0
TAAGGGACCGGCACAT,0
TAAGGGAGTGACCAGG,0
TAAGGGAGTTCAAGAG,0
TAAGGGATCAACAGCG,0
TAAGGGCCTGTAAATC,0
TAAGGGCGAACGGAGA,0
TAAGGGCTTGGATCAC,0
TAAGGGGAGTATTAGA,0
TAAGGGGCCCAATAAT,0
TAAGGGTTCTGTGTCG,0
TAAGGTAATATCATTC,0
TAAGGTAGTAGTTTGA,0
TAAGGTATACAGGAAT,0
TAAGGTATCACCACTA,0
TAAGGTCGTCTTCACT,0
TAAGGTCTAAGTAGCA,0
TAAGGTGAGATAGATT,0
TAAGGTGCACCGAGAG,0
TAAGGTTGTTTTACGG,0
TAAGGTTTGCCAATTT,0
TAAGTAAACAACTTAA,0
TAAGTAAAGCCAGCCA,0
TAAGTAAATTATTACA,0
TAAGTAAATTGGGCAA,0
TAAGTAACAAAAAACT,0
TAAGTAACGGAAAACT,0
TAAGTAATTCATTATT,0
TAAGTACACATACCTT,0
TAAGTACCAGCTAGTC,0
TAAGTACCGTCGAACA,0
TAAGTACGTAATAATC,0
TAAGTACTGTAGACCA,0
TAAGTACTTTCTTCAG,0
TAAGTAGAAAGGAATT,0
TAAGTAGAATATAAAA,0
TAAGTAGACAGTCAAC,0
TAAGTAGATTAGTTAA,0
TAAGTAGCAGAAATTA,0
TAAGTAGCAGGAAACA,0
TAAGTAGCGATGCCCG,0
TAAGTAGTACATTATC,0
TAAGTATAACGCAGGT,0
TAAGTATAGATAAATA,0
TAAGTATCAATTCCAC,0
TAAGTATCATATCTTC,0
TAAGTATGATAATAAG,0
TAAGTATTAAGAGTGC,0
TAAGTCAATACAGTCT,0
TAAGTCAATAGATTTA,0
TAAGTCACCAAAAAAG,0
TAAGTCAGATTAGCGC,0
TAAGTCAGTCTGTGAA,0
TAAGTCCACAACGGTG,0
TAAGTCCATGTCGATT,0
TAAGTCGAGACTTAGG,0
TAAGTCTAAATCCAAA,0
TAAGTCTAGTTGACAG,0
TAAGTCTCATCTGAAG,0
TAAGTCTCTTCATTCT,0
TAAGTCTGATGCGCCA,0
TAAGTGAAACTAATGT,0
TAAGTGAATATCCTTT,0
TAAGTGAATGATAACA,0
TAAGTGAATGGGGTTT,0
TAAGTGACAAGGTAAT,0
TAAGTGACACAAGAGA,0
TAAGTGACTGGACTTC,0
TAAGTGACTTAACTAA,0
TAAGTGAGTTTAACCG,0
TAAGTGCACTCTGTAA,0
TAAGTGCAGTTAACAG,0
TAAGTGCGATACCGCA,0
TAAGTGCGGTCAGCTC,0
TAAGTGGAAACATAAG,0
TAAGTGGAATCACTGT,0
TAAGTGGACAGTCTTT,0
TAAGTGGCACTTGCTA,0
TAAGTGGCGTCTTTAG,0
TAAGTGGGCACCATCT,0
TAAGTGTAAGCTAACA,0
TAAGTGTCAATCCTCA,0
TAAGTGTGATAAATGA,0
TAAGTGTTCGATCCAA,0
TAAGTTAAAAACATAG,0
TAAGTTAACTGTATAC,0
TAAGTTAAGAGTTTGT,0
TAAGTTAATAATATAT,0
TAAGTTAATTGATCAC,0
TAAGTTATGGTAGTTA,0
TAAGTTCACTCACACC,0
TAAGTTCCGTGAGCAA,0
TAAGTTCGAGCCAAAC,0
TAAGTTGAAAACAGGC,0
TAAGTTTTTAATCTTA,0
TAATAAAAAAACTGCG,0
TAATAAAAAAATCAGG,0
TAATAAAAAAATTGGC,0
TAATAAAAAACTGGCG,0
TAATAAAAAAGATGTG,0
TAATAAAAAAGTGGTT,0
TAATAAAAAATTTTAT,0
TAATAAAACATTCGCG,0
TAATAAAACTATATGT,0
TAATAAAACTGCTAGC,0
TAATAAAAGCGTCAAA,0
TAATAAAATCTCGGCA,0
TAATAAAATTAGTATC,0
TAATAAAATTCGCAAC,0
TAATAAACAAAGAGGA,0
TAATAAACACGGTCAA,0
TAATAAACCGAAGGCG,0
TAATAAACCTCAAAGC,0
TAATAAACCTTCTAAA,0
TAATAAACCTTTTTGC,0
TAATAAACGAACACAA,0
TAATAAAGCTATATTG,0
TAATAAAGGGCCATAC,0
TAATAAATCCACATCC,0
TAATAAATGCAAGTGC,0
TAATAAATGCCAGATA,0
TAATAACAAACTGTAG,0
TAATAACAAATCAAAC,0
TAATAACAAGAAGCAA,0
TAATAACACACCGAAG,0
TAATAACACCTTCTGT,0
TAATAACAGCCATCAG,0
TAATAACATTACCATC,0
TAATAACATTCAACGG,0
TAATAACGTTACTCAC,0
TAATAACTGCACTGCT,0
TAATAAGAACACAAGA,0
TAATAAGAACCATTTT,0
TAATAAGAACTACAGA,0
TAATAAGATACTTAAT,0
TAATAAGCCACAGCTA,0
TAATAAGGAAAAACCC,0
TAATAAGGACATTTTA,0
TAATAAGGCAATCACA,0
TAATAAGTACGTAGCT,0
TAATAAGTATGTCTCA,0
TAATAAGTGCTGACTC,0
TAATAAGTTAAACATT,0
TAATAATAAAACTTCA,0
TAATAATAACCCTACA,0
TAATAATACCACCATC,0
TAATAATATTCGCAAA,0
TAATAATCCCCTAGGA,0
TAATAATCGCACAAAT,0
TAATAATCGCTAGTAT,0
TAATAATCTAAACATC,0
TAATAATCTGGATGTC,0
TAATAATGCAAAAAAT,0
TAATAATGCCATAACT,0
TAATAATGCCCTAAAG,0
TAATAATGGTAAAAGC,0
TAATAATGTAAGCATT,0
TAATAATTAGAGATTG,0
TAATAATTATTGGCAC,0
TAATAATTCGAGTAAT,0
TAATAATTCTTCCGCT,0
TAATAATTGTTACATA,0
TAATAATTTACGTAAG,0
TAATACAAATATAAGA,0
TAATACAAATTTGCCT,0
TAATACAATTCGTAAA,0
TAATACACAATACATC,0
TAATACACAGATGACC,0
TAATACACCGCTGCTG,0
TAATACACTATTTATC,0
TAATACATGAATTCAC,0
TAATACATGGGCGTAA,0
TAATACCACTCTATTA,0
TAATACCACTGCGGCT,0
TAATACCATCAGACCG,0
TAATACCATCAGCGGA,0
TAATACCGAAATCGAT,0
TAATACCTAACTCATG,0
TAATACGAAAAAGAGT,0
TAATACGACCCAATTC,0
TAATACGCGCACAAGA,0
TAATACGCTATTAACC,0
TAATACGGAAGCCAAT,0
TAATACGTACAGGCCA,0
TAATACGTCCATCCTT,0
TAATACTAAAATCGGG,0
TAATACTACAAATAAC,0
TAATACTCAATAGACA,0
TAATACTGACACTACC,0
TAATACTGATTTAAAA,0
TAATACTGCGCAGTAC,0
TAATACTGTAGCGGGT,0
TAATACTGTATCAGCG,0
TAATACTTAATAAAAA,0
TAATAGAAATAGACCT,0
TAATAGACACAACTTC,0
TAATAGACGATGGATA,0
TAATAGATCCGTAAGC,0
TAATAGATTGGTAGTG,0
TAATAGCAACTTCCTA,0
TAATAGCAAGAATCTG,0
TAATAGCCAGAATACA,0
TAATAGCGCAACGATC,0
TAATAGCGCATATTGC,0
TAATAGGATTCCCCAA,0
TAATAGGCGTACATAT,0
TAATAGGTATTTTGAT,0
TAATAGGTCCTAAGCC,0
TAATAGGTCGTCGCAT,0
TAATAGGTGAACGGTG,0
TAATAGGTTTCAATTT,0
TAATAGTAAATTTCAC,0
TAATAGTAATAATAGT,0
TAATAGTATAACCATC,0
TAATAGTCGCCAATAT,0
TAATAGTTCCCTATTG,0
TAATATAAAGATAAAC,0
TAATATACAAAGTAGG,0
TAATATACGTAATATG,0
TAATATATACAAATAA,0
TAATATATGATATCAA,0
TAATATCAAAACAGTA,0
TAATATCAATTTCCTT,0
TAATATCACAGTCAGT,0
TAATATCAGATCTTAA,0
TAATATCCATATTAAT,0
TAATATCTCCCACTAG,0
TAATATCTTTAAAGAT,0
TAATATCTTTACTAAG,0
TAATATGAGTCTCTGG,0
TAATATGCATGTGCCA,0
TAATATGCTAATCAGA,0
TAATATGGTGAGAACC,0
TAATATGTAAAATGCA,0
TAATATTAATGGCAAA,0
TAATATTCAAGATTTA,0
TAATATTCATCCTGGG,0
TAATATTCTTTAAAAA,0
TAATATTTAATAAAAA,0
TAATATTTCAGTTCAA,0
TAATATTTCTTAGTTT,0
TAATATTTGTACGCAG,0
TAATATTTTCCGGACA,0
TAATCAAAAACCAAGC,0
TAATCAAAACATAAGT,0
TAATCAAAACGCCTCG,0
TAATCAAACAATGGAA,0
TAATCAAATAGCGAAC,0
TAATCAAATATAGCTT,0
TAATCAAATGTGGCTA,0
TAATCAACAAGAAGTG,0
TAATCAACGATAATGC,0
TAATCAACTTTAACAT,0
TAATCAAGTCAACCCT,0
TAATCAAGTTTTTATC,0
TAATCAATACGAAATC,0
TAATCAATTAATCATG,0
TAATCAATTGCGCACT,0
TAATCACATAACACAC,0
TAATCACATAACGTTT,0
TAATCACCAAGCTCGA,0
TAATCACCCATGCAAA,0
TAATCACGAACATAAG,0
TAATCACTAGGCCTCC,0
TAATCACTGTACGTAT,0
TAATCACTTATTCAGT,0
TAATCAGGACGTAAGA,0
TAATCAGTTGTTTTTT,0
TAATCATAAACGATAC,0
TAATCATAACTAACAT,0
TAATCATAGAGGAATC,0
TAATCATATACTCCAT,0
TAATCATCAAGTAACC,0
TAATCATGAAAGAACT,0
TAATCATGCAAGATGC,0
TAATCATGTCCTAGCA,0
TAATCCAAATCTCGTA,0
TAATCCAAGTAACTTT,0
TAATCCAAGTATTACG,0
TAATCCAATTATGGGC,0
TAATCCAGCAAAATAA,0
TAATCCATTTGAGAGG,0
TAATCCCACTATGCCG,0
TAATCCCCAAGTGACC,0
TAATCCCCGGTAATCA,0
TAATCCCCTAGTCAAA,0
TAATCCCCTCCCAAAC,0
TAATCCCGCTGCATGG,0
TAATCCCGTTAATTTA,0
TAATCCGAATGACGCA,0
TAATCCGACACTGGTC,0
TAATCCGGTTTTTTCT,0
TAATCCTCAGTTGATA,0
TAATCCTGCGGATCTT,0
TAATCCTTACAATTCA,0
TAATCCTTATATTCTA,0
TAATCCTTCCACCACC,0
TAATCGAACTCAAATC,0
TAATCGACCAACGGCA,0
TAATCGACGTATCTGA,0
TAATCGAGAACAACAT,0
TAATCGATCTAGAGTA,0
TAATCGATTGACTATA,0
TAATCGCAATAAGGCC,0
TAATCGCACCATTATT,0
TAATCGCCTAAATGGC,0
TAATCGCTCGTCGTTT,0
TAATCGCTTGACCATA,0
TAATCGGAATGCTATT,0
TAATCGGATTACATAA,0
TAATCGGCATAATGCA,0
TAATCGGTTCGCCCTG,0
TAATCGTAAAGCTGAT,0
TAATCGTTACTACGGA,0
TAATCGTTTCTCCTAC,0
TAATCTAAACAGGATT,0
TAATCTAACTTAAGCA,0
TAATCTAATAAAAATT,0
TAATCTAATCGGTTCT,0
TAATCTAATTTTGATA,0
TAATCTACAATGTAAC,0
TAATCTACAGAAAACC,0
TAATCTACCCATAACA,0
TAATCTACGAAGTAAG,0
TAATCTATGGGTCAAA,0
TAATCTCAAGCGTAAT,0
TAATCTCATTTTGTTT,0
TAATCTCGATCGCAAT,0
TAATCTCGCAGCCAAT,0
TAATCTCTGCTACGTC,0
TAATCTGATAATGACC,0
TAATCTGTAGAAGAGG,0
TAATCTGTGCCGAATC,0
TAATCTTAATGAATAT,0
TAATCTTATGGTGTTT,0
TAATCTTCGTTGCGCC,0
TAATCTTGGCCGAAAT,0
TAATCTTTCGTCAGCC,0
TAATCTTTTCACTTTA,0
TAATCTTTTCATGAAA,0
TAATGAAAAGTTTCTT,0
TAATGAAAGGTTAATG,0
TAATGAACCTTTCGTC,0
TAATGAACTTGATTCT,0
TAATGAATAACCATGC,0
TAATGAATAAGAAACA,0
TAATGAATATTCTAAT,0
TAATGAATTATGGAGA,0
TAATGACAAATAAATA,0
TAATGACATAAAAATC,0
TAATGACATATATTAA,0
TAATGACCAATAAGCC,0
TAATGACGACCAAGAC,0
TAATGACTAGAAATGA,0
TAATGACTTTGCTATA,0
TAATGAGAAAATTTCC,0
TAATGAGACAAACTAC,0
TAATGAGAGTGGACAG,0
TAATGAGCATCTGACA,0
TAATGAGCGTAATTGA,0
TAATGAGGGGATAAAC,0
TAATGATAAACTAATT,0
TAATGATAACTCACTC,0
TAATGATATGGAAAGT,0
TAATGATCCTTTATGA,0
TAATGATCGTACAAAA,0
TAATGATGAGTAATGC,0
TAATGATGCTATACGC,0
TAATGATTATAAGTAT,0
TAATGATTCCCCTAAC,0
TAATGATTCGCAACTA,0
TAATGCAAAGGGAGCT,0
TAATGCACCACTTCTG,0
TAATGCAGACAAGAAC,0
TAATGCAGACTATTAT,0
TAATGCATCAAATAAC,0
TAATGCATCCGGCCGT,0
TAATGCATTACCGTAA,0
TAATGCCAAAAAAAAA,0
TAATGCCAACCGCGAT,0
TAATGCCAGTGAGTAT,0
TAATGCCATAAAATAT,0
TAATGCCATTGAAAAC,0
TAATGCCATTTTGCTA,0
TAATGCCCAAAGCATG,0
TAATGCCCAAATCATA,0
TAATGCCGCAAGACCA,0
TAATGCCTCGCTAAAA,0
TAATGCGACATAGCAC,0
TAATGCGCCCGCCCAC,0
TAATGCTACCATCCTT,0
TAATGCTCTATCTACA,0
TAATGGAAATCTTAAC,0
TAATGGAACATAAGAT,0
TAATGGACAAATAAGA,0
TAATGGATAATTTGGA,0
TAATGGTACACCAAGA,0
TAATGGTCCAATACTG,0
TAATGGTGCCTAAGGA,0
TAATGTAACTAGTAAT,0
TAATGTACTCACTTGC,0
TAATGTAGAACAAAAA,0
TAATGTATGATCTTCT,0
TAATGTCGAAAGAAGC,0
TAATGTCTTCCTCAAT,0
TAATGTCTTGTATATC,0
TAATGTGCACTCGCAG,0
TAATGTGCCCAATAAA,0
TAATGTGTAAGAGCTA,0
TAATGTTACCATGATT,0
TAATGTTACCATTTTA,0
TAATGTTAGTAGGATG,0
TAATGTTCAGGTAGAA,0
TAATGTTGAACTATGA,0
TAATTAAACCAGTAAA,0
TAATTAAACTGATGGC,0
TAATTAAATCATCCGC,0
TAATTAACAGTGAACA,0
TAATTAACCGTCGCTG,0
TAATTAACCTAAGCAT,0
TAATTAACGATATTAT,0
TAATTAACGCAAGCAT,0
TAATTAACGGTTTATG,0
TAATTAAGATTATACC,0
TAATTAAGGTTAAACG,0
TAATTAATGAAAAGAC,0
TAATTAATTGCAGGTT,0
TAATTAATTGTCCGAG,0
TAATTACAAAACACTT,0
TAATTACATCATATAA,0
TAATTACATTTATCTC,0
TAATTACCATTGAAGT,0
TAATTACGCCAAATCT,0
TAATTACTCCTTCCCT,0
TAATTACTTGCGTGCT,0
TAATTACTTTCCGGTC,0
TAATTAGACAATAAAC,0
TAATTAGACGAAGAGC,0
TAATTAGGAAGTAACA,0
TAATTAGTAGCCACAG,0
TAATTAGTTAGGCTAG,0
TAATTATAAATAAACT,0
TAATTATAAGTAAACT,0
TAATTATAATGAAAGT,0
TAATTATACCAGTCTC,0
TAATTATAGACAGCAC,0
TAATTATGCCTGTCAA,0
TAATTATTACGTAAAC,0
TAATTATTTCTTTCCC,0
TAATTCAAAAACATAC,0
TAATTCACTATGCAGA,0
TAATTCAGAGGACTGG,0
TAATTCATAAAAAAAT,0
TAATTCATGTGCGAGT,0
TAATTCATTTAAACGC,0
TAATTCCACAAATTCA,0
TAATTCCAGTGACGTT,0
TAATTCCCAGAGACTT,0
TAATTCCCCCATGAGA,0
TAATTCCCTCCAAATG,0
TAATTCCGAATGGTAC,0
TAATTCGCCGCATAGG,0
TAATTGAACAAGTGTC,0
TAATTGAACTGCCACA,0
TAATTGAGAATCAAAA,0
TAATTGCAAAGCAACT,0
TAATTGCAGCGGACGA,0
TAATTGCCCTAATAGC,0
TAATTGCCTGAATATT,0
TAATTGCTGGTTAAAT,0
TAATTGGCTAACCAAA,0
TAATTGGGACAATACC,0
TAATTGGTATTCAAAA,0
TAATTGTCAGGGTATG,0
TAATTGTCTTAGCGGC,0
TAATTGTCTTTACAGC,0
TAATTGTGAAAATACT,0
TAATTGTTAAATTAAG,0
TAATTTAAAACAGTAG,0
TAATTTAAACGGATGC,0
TAATTTAACTTTAAGG,0
TAATTTAACTTTAGAT,0
TAATTTAAGGACGGCA,0
TAATTTAATACAACAA,0
TAATTTACGGGTAATG,0
TAATTTCAAGCTCATG,0
TAATTTCATAGAGATT,0
TAATTTGAATATCCGC,0
TAATTTGCAAGAACTG,0
TAATTTGGATCGAGGG,0
TAATTTGGGATAACAA,0
TAATTTTATGCGCTAA,0
TAATTTTATTTGAAGT,0
TAATTTTCGCCAAAAT,0
TAATTTTGAATGCCAA,0
TAATTTTGCAAGAGAA,0
TAATTTTGCAGATTAT,0
TAATTTTTAAGTGCCA,0
TAATTTTTACGCAGTT,0
TAATTTTTCGCACGCA,0
TACAAAAAACAAACGC,0
TACAAAAAACATGATA,0
TACAAAAAACCGTAGA,0
TACAAAAAAGCAGAAG,0
TACAAAAAATAAAATC,0
TACAAAAAATATCCAA,0
TACAAAAACACTAACC,0
TACAAAAATCTATATC,0
TACAAAAATGGAACCA,0
TACAAAACATCAACAT,0
TACAAAACATGAATTC,0
TACAAAACTCACGACT,0
TACAAAACTTCGAATC,0
TACAAAAGAACGAAAA,0
TACAAAAGCCCGCCCG,0
TACAAAAGGCATAATT,0
TACAAAATACAACAAA,0
TACAAAATCATAATAT,0
TACAAAATGTTCATAC,0
TACAAAATGTTGATTG,0
TACAAACAAAGATATT,0
TACAAACAACACTTAA,0
TACAAACAAGATTAAA,0
TACAAACACATCAAGG,0
TACAAACATCTAACAA,0
TACAAACCACCCCGAC,0
TACAAACCATGTACGA,0
TACAAACCCCAAAGTA,0
TACAAACCCGTAGCCA,0
TACAAACGCTCACTGC,0
TACAAACGTAGAATCC,0
TACAAACTAGCGCGTA,0
TACAAACTATTATTAA,0
TACAAACTGCACATAA,0
TACAAAGAATTGCTCA,0
TACAAAGATATGAGAT,0
TACAAAGATCTTTTCA,0
TACAAAGCTTCTTACG,0
TACAAAGGGTAGCCAA,0
TACAAAGTAAAATACC,0
TACAAATAACGGCTCC,0
TACAAATAAGCATGTC,0
TACAAATACACAACTA,0
TACAAATACTCGGAGA,0
TACAAATATCGAATTA,0
TACAAATATCGGTACG,0
TACAAATATCTATCAC,0
TACAAATCCAGGCAAG,0
TACAAATGAAATTTTA,0
TACAAATGATTTAGAG,0
TACAAATGATTTAGTT,0
TACAAATGCTCGGGTA,0
TACAAATTGAACAATA,0
TACAAATTGCTAACAG,0
TACAAATTTATTTACA,0
TACAACAAAAAAATAT,0
TACAACAAAACATTGT,0
TACAACAACTCGAAAA,0
TACAACAAGTACTTTC,0
TACAACAGAATTCTAA,0
TACAACAGCGTGATTA,0
TACAACATTGACACCA,0
TACAACATTGATCAAG,0
TACAACATTTGTCACT,0
TACAACCAACTTTGAC,0
TACAACCATATGCTGA,0
TACAACCCACGTCGGA,0
TACAACCCTCCACGTT,0
TACAACCCTGCAGCAT,0
TACAACCGGAGCGCCA,0
TACAACGAAATAGGAG,0
TACAACGAAATGATAA,0
TACAACGACCTAAGCC,0
TACAACGATATAAGCC,0
TACAACGGACGCAAGA,0
TACAACGGTATACGAT,0
TACAACGTATTAAGAA,0
TACAACGTTATTAGGT,0
TACAACTAAACTGTTG,0
TACAACTAACTCTAGA,0
TACAACTATGCGAAAT,0
TACAACTGAACCTAAG,0
TACAACTGAGATAATC,0
TACAACTTGCTGGCCG,0
TACAAGAAACACTAAA,0
TACAAGAAATCTTTAA,0
TACAAGAAGGCTAAGG,0
TACAAGAATAAAAATA,0
TACAAGAATAATAGAA,0
TACAAGATTTATGTAT,0
TACAAGCCTAAACTAC,0
TACAAGCTCAATACGA,0
TACAAGCTGACCCTCT,0
TACAAGCTTAAACACC,0
TACAAGGAATTGTTGA,0
TACAAGGACAATGCTA,0
TACAAGGACACACCGT,0
TACAAGGACTACCTCA,0
TACAAGGTGTCATACG,0
TACAAGGTTATTAGAG,0
TACAAGTAAAAACAAA,0
TACAAGTAAATAGCGA,0
TACAATAAAAAACACG,0
TACAATAACCTTTAAG,0
TACAATAAGTTTAACC,0
TACAATAATAAGTTAC,0
TACAATACAAATTCAC,0
TACAATACATAAGACC,0
TACAATACCGTCAAAA,0
TACAATAGAAATATAG,0
TACAATATAGGCACAT,0
TACAATATGACTATAA,0
TACAATATGCCAGGAT,0
TACAATATTAAGCAAT,0
TACAATCAAGCATACA,0
TACAATCAAGGACTAA,0
TACAATCACAAAAGGT,0
TACAATCACGATTCAA,0
TACAATCCAGCCATCA,0
TACAATCCTGACGTGG,0
TACAATCTCCCCGGTA,0
TACAATGAAAAGATTT,0
TACAATGAGCAGCACC,0
TACAATGATGAGAGGT,0
TACAATGCCATTGCAA,0
TACAATGCCGATTATA,0
TACAATGCTATCCAAA,0
TACAATGTTAGACATA,0
TACAATTAACTTACTG,0
TACAATTCTTGCTTGG,0
TACAATTTATAAATTA,0
TACAATTTATCACAGA,0
TACACAAAAGGTACAA,0
TACACAAAAGTTTCCG,0
TACACAAACATAAGAC,0
TACACAAACCGGGAAA,0
TACACAAGGATACTGC,0
TACACAATACGAGATT,0
TACACAATTACTGCAT,0
TACACACATATTAGGG,0
TACACACGCTATGTTA,0
TACACAGAGGTTTACA,0
TACACAGCATATATAT,0
TACACAGTATCTTGCA,0
TACACATACAAGTCAA,0
TACACATATACAGATA,0
TACACATCAACTATAT,0
TACACATCTCGCGATT,0
TACACATCTCTAACTA,0
TACACATTACCACGAA,0
TACACATTGGCACATC,0
TACACATTTCTGGCCA,0
TACACCAAAAGCATAT,0
TACACCAACCAGTAGA,0
TACACCAATGAACGAT,0
TACACCACGTCGTGGT,0
TACACCAGAGAACATA,0
TACACCATACATGACG,0
TACACCATGCTAGAGA,0
TACACCATTCAGAAAG,0
TACACCCCAATTACCT,0
TACACCCTGACGTTGA,0
TACACCCTTCAGGATA,0
TACACCGAGAGGTAAA,0
TACACCGTGACACCCT,0
TACACCTAAGATAAAC,0
TACACCTGAAGTGAAT,0
TACACGACACATTAAG,0
TACACGAGACTCAAAT,0
TACACGATCTGTTTAC,0
TACACGATGCTCAAAT,0
TACACGCAATCTCACC,0
TACACGCCTATGGAAA,0
TACACGCGTACCCATT,0
TACACGGGAGGCTGGC,0
TACACGGGTTTATTCT,0
TACACGGTTATCTATG,0
TACACGTAAATCCAGT,0
TACACGTGTTGTCGAA,0
TACACGTTGTGGTCCA,0
TACACTAATCAAGCAT,0
TACACTACAATAATAA,0
TACACTACCGCGAACT,0
TACACTAGACGGAATG,0
TACACTATACAAACTG,0
TACACTATAGTGGACC,0
TACACTATCACTGCGA,0
TACACTCCCCTTTGAG,0
TACACTCGACTATAGA,0
TACACTCGGAGGAGAC,0
TACACTCGGCGGACCG,0
TACACTCTAATAGATT,0
TACACTCTAATTATGG,0
TACACTGGACTTAGGT,0
TACACTTAATAGATGT,0
TACACTTCCATACATA,0
TACACTTCTGGTCAAT,0
TACACTTGTGCACTGT,0
TACAGAAAAAGTGAAA,0
TACAGAAACCTAAAAT,0
TACAGAAACGCAAGCC,0
TACAGACAAAGCTTTC,0
TACAGACAGAAGAAGG,0
TACAGACAGTAGATTA,0
TACAGACGCTGCAGCC,0
TACAGACTCAATGACT,0
TACAGAGAACAGCAAC,0
TACAGAGAATGCGAAC,0
TACAGAGATTGAGCAA,0
TACAGAGCAATTTATA,0
TACAGAGCTTAAAACA,0
TACAGAGGGACTTGCA,0
TACAGAGGGTTACGGA,0
TACAGAGTAAATTGCA,0
TACAGAGTTCTAACTT,0
TACAGATAAGACTGGG,0
TACAGATATCAAAACT,0
TACAGATCTCATAAGA,0
TACAGATTAAATTTCT,0
TACAGATTTTCCAGGT,0
TACAGCAAAAAAAGTG,0
TACAGCATTCAAACTT,0
TACAGCCACAACCAAT,0
TACAGCCAGAGATAAG,0
TACAGCCCCAGTACAT,0
TACAGCCTAAAGACTG,0
TACAGCCTAACTTTCC,0
TACAGCCTAGGCCGTC,0
TACAGCCTTAAACGGC,0
TACAGCCTTTTTCCAA,0
TACAGCGAATCGACTT,0
TACAGCGACTTGAAAT,0
TACAGCGGACCTGACA,0
TACAGCGTACTATACT,0
TACAGCTATTACTTAG,0
TACAGCTCTTCGATTG,0
TACAGGAACCCACATG,0
TACAGGACATAGACTT,0
TACAGGGATGTCGAAT,0
TACAGGGCGTGGTCAG,0
TACAGGGCTCGTAACG,0
TACAGGGTACAACATG,0
TACAGGGTGACATTCG,0
TACAGGTGAACACGGA,0
TACAGGTGAATTAATA,0
TACAGGTGTGTAGATC,0
TACAGTAAGAGCACCT,0
TACAGTAGTCAACATG,0
TACAGTATTATTTTAC,0
TACAGTATTTCCGTTT,0
TACAGTCAACCATACC,0
TACAGTGATGAACCTA,0
TACAGTGGGGCAACTG,0
TACAGTGTCGGTGCTT,0
TACAGTTAGAATTTTA,0
TACATAAAAAGTCACT,0
TACATAAATAGTTACG,0
TACATAAATTACTGGA,0
TACATAACAAGACCAA,0
TACATAACAGAGACGG,0
TACATAACAGTGATTC,0
TACATAACTCATTGAC,0
TACATAAGACAACAAC,0
TACATAAGAGCCAGAA,0
TACATAAGCACGTATG,0
TACATAATCACAATTT,0
TACATAATGACAAGCA,0
TACATAATTACAGATA,0
TACATACATACAGAAA,0
TACATACCATACGATG,0
TACATACCTCTATTCC,0
TACATACGCGGAGACC,0
TACATACTATTCCGAC,0
TACATAGATGATAACA,0
TACATAGTCATGATCT,0
TACATATAAAACTTAC,0
TACATATAAACATCAT,0
TACATATAACAATCAC,0
TACATATTATACAAAT,0
TACATATTGGCAGCAT,0
TACATATTTAAATACT,0
TACATATTTCAGAAGT,0
TACATATTTGTGCCTT,0
TACATCAAACCGTGAC,0
TACATCAACCACCTAT,0
TACATCCAGCCACACG,0
TACATCCCTACAAACA,0
TACATCCCTTAAAACC,0
TACATCGATGCAATTT,0
TACATCGCACCAGGGG,0
TACATCGTTCATACCT,0
TACATCTAGCCATAGC,0
TACATCTAGGGGGTCT,0
TACATCTGAAATGAGT,0
TACATCTTAACAGTGA,0
TACATCTTAACTATAA,0
TACATCTTCATTGTGC,0
TACATCTTCGATAAGA,0
TACATGAAAGTTAATC,0
TACATGAATCAAAACT,0
TACATGACCTTGTCAT,0
TACATGATAAGAATGC,0
TACATGATATTCACTT,0
TACATGCTCCAAAATT,0
TACATGGTGATCCGTA,0
TACATGTGACCAAAAC,0
TACATGTTAGCACATA,0
TACATGTTAGCGATAG,0
TACATTAAAATCCCAA,0
TACATTAAACTGCAGC,0
TACATTAAAGAAGACA,0
TACATTAAATCTAGAC,0
TACATTAATCCCTCCC,0
TACATTACAGGTACAC,0
TACATTACCATGCAAC,0
TACATTACTACCCCGT,0
TACATTAGCAAACGAA,0
TACATTATAAAACTCC,0
TACATTCAAGCAAAAT,0
TACATTGTTGCGTGTG,0
TACATTTAAAACCTTG,0
TACATTTACAAATAAT,0
TACATTTGAAACGAGT,0
TACATTTGCGTCCACC,0
TACATTTTGATAAAAC,0
TACCAAAAAAAGACCC,0
TACCAAAAACACGATG,0
TACCAAAAGTATAATG,0
TACCAAACCCCTGTTA,0
TACCAAACGTACAGCA,0
TACCAAAGCGAATCAA,0
TACCAAATATATAAAA,0
TACCAAATGATCAATA,0
TACCAACAATATTATA,0
TACCAACACGAAAAAC,0
TACCAACATAAGTAAC,0
TACCAACCTTACCTAA,0
TACCAACGAAAATTAC,0
TACCAAGAAAATATCA,0
TACCAAGAAAATTTTG,0
TACCAAGAAAGCACAG,0
TACCAAGATAACAAAT,0
TACCAAGATCGCGACA,0
TACCAAGCAACAATAC,0
TACCAAGGACCCGGAT,0
TACCAAGTAATGAAGA,0
TACCAATAATCGGTCA,0
TACCAATAATGTAGAA,0
TACCAATAGTACGAAG,0
TACCAATATGGCCTAG,0
TACCAATGAGCTTAAA,0
TACCAATGCGACATTA,0
TACCAATTCCTTTGAC,0
TACCAATTTCAGACTA,0
TACCAATTTGACCACA,0
TACCACAACCTAAAAA,0
TACCACATAATTTCGC,0
TACCACCACGCTTTAT,0
TACCACCCAACGTAAA,0
TACCACCTGAGGAAAT,0
TACCACCTTCAAAGCA,0
TACCACGAAATCGGCG,0
TACCACGATATGGCTA,0
TACCACTAATGAGCCG,0
TACCACTACTTAGTGG,0
TACCACTGAAGTGAAA,0
TACCACTGTAGACTTC,0
TACCACTTTCATCCCG,0
TACCAGAAAAGTATCC,0
TACCAGAAGAACACTC,0
TACCAGAATAGATTTT,0
TACCAGAATCAGCCCC,0
TACCAGACACATAGGA,0
TACCAGCGTACAACCA,0
TACCAGCTCAACGAAA,0
TACCAGCTCCTCAAAG,0
TACCAGCTGAATGCTG,0
TACCAGCTTAATTTAA,0
TACCAGCTTTTTTGCC,0
TACCAGGGAGTACGCG,0
TACCAGTACTCATTAT,0
TACCAGTCATCTGATA,0
TACCAGTCTCGCATAA,0
TACCAGTTGGACATCG,0
TACCATAAAAATCTGC,0
TACCATACAAAAAGGG,0
TACCATACGCGACAAG,0
TACCATCATTTAAGAA,0
TACCATCATTTGAAAC,0
TACCATCTAATGCTTG,0
TACCATCTGGATTACT,0
TACCATCTGTTTCCAA,0
TACCATGAACTACGAA,0
TACCATGTGCAAACAC,0
TACCATTAAACGAGTC,0
TACCCAAAATGTTGAG,0
TACCCAAACACCTTGT,0
TACCCAACAAAAGATC,0
TACCCAAGCCAACCAA,0
TACCCAATAACGCAAC,0
TACCCAATACTTCCCT,0
TACCCAATGGGAACGC,0
TACCCAATTAATTAAA,0
TACCCAATTTCTCTTC,0
TACCCACAATATCCAT,0
TACCCACACAGTGACC,0
TACCCACATGCTACCC,0
TACCCACTAACCTTGG,0
TACCCATAAGACCTTA,0
TACCCATGAAAGGAAA,0
TACCCATTCTATTCTC,0
TACCCATTGAAACCAA,0
TACCCCAACATCTTAA,0
TACCCCAGGGATTCCT,0
TACCCCATACCATCAC,0
TACCCCATACTTAAGC,0
TACCCCATAGTGGTCA,0
TACCCCATGGTTAAGT,0
TACCCCCATAGACCTC,0
TACCCCCGATAGCACA,0
TACCCCCGCTCAAACC,0
TACCCCTACGAACAGC,0
TACCCCTATAATTTAA,0
TACCCCTCCAAGCGGA,0
TACCCCTCGTATCATC,0
TACCCCTCTTACTGCA,0
TACCCCTGAAAAGGCA,0
TACCCCTGAAGCAAAC,0
TACCCCTGATCTCTTT,0
TACCCGACACCGATCA,0
TACCCGAGTCCGTCGA,0
TACCCGAGTTATTATG,0
TACCCGATACCGAACA,0
TACCCGCACTAAATTG,0
TACCCGCCTATGCCAT,0
TACCCGCTCTTATGCA,0
TACCCGCTGCAATAGA,0
TACCCGGGCAAGCCTT,0
TACCCTACAATAGGGA,0
TACCCTAGAATAAAAT,0
TACCCTAGCATAGGAC,0
TACCCTCCTTGAAAAC,0
TACCCTTAGTCAGACT,0
TACCCTTATTAACGTT,0
TACCGAAAAACAGATG,0
TACCGAACTAGCCGTG,0
TACCGAACTGGATAGA,0
TACCGAAGTCTTGATA,0
TACCGAATATTATCGC,0
TACCGACAATAAATTG,0
TACCGACCCTTTTGCA,0
TACCGACGGAATACCC,0
TACCGACGTCTTCTCC,0
TACCGAGACGCCACTT,0
TACCGAGATAGTATAG,0
TACCGAGCTCACCAGA,0
TACCGAGGGGCAAGAA,0
TACCGAGTAAGCATAA,0
TACCGAGTGCATTTCT,0
TACCGATAAGTATACG,0
TACCGATAGAGAAAAA,0
TACCGATTGGCGCATT,0
TACCGCAAAAAACCGT,0
TACCGCAACACTTGTA,0
TACCGCAACCAATACA,0
TACCGCAGAGTCTTAA,0
TACCGCAGTACAGCCG,0
TACCGCATTAGCTAGG,0
TACCGCCCAGTCCGAA,0
TACCGCCCGAAGAACA,0
TACCGCCCGTAAGTCA,0
TACCGCCTAGGTTAAA,0
TACCGCGACAACGCAG,0
TACCGCGGCACAAAAC,0
TACCGCGGTACCTTAC,0
TACCGCTAAAAACTTT,0
TACCGGAAATTAAACA,0
TACCGGAGAAGCACAA,0
TACCGGATAACTAAAA,0
TACCGGCACTAAAGAC,0
TACCGGTATAAACTAA,0
TACCGGTTCCATAAAA,0
TACCGTAAGCTGTTCA,0
TACCGTAATGGACAGC,0
TACCGTCAGAACGTAA,0
TACCGTCAGGAATCAA,0
TACCGTCCCCTTTTCG,0
TACCGTGAAAATTCTG,0
TACCGTGCAACACCCA,0
TACCGTGCATAGGATT,0
TACCGTTACACACGCG,0
TACCGTTTGCACCTAA,0
TACCTAAACATAACTC,0
TACCTAAGATTAATAC,0
TACCTAATTTTGATTA,0
TACCTACATTTAGTCA,0
TACCTACCAAACAGCA,0
TACCTACCAACTAAAT,0
TACCTACTGCTTCCCA,0
TACCTAGACTGGATTG,0
TACCTAGCTATACTCA,0
TACCTAGTAAACAGGA,0
TACCTATAAGAAGATA,0
TACCTATACCCATAGT,0
TACCTATAGCCAAGCG,0
TACCTATATAGAAGGG,0
TACCTATATCACTCCC,0
TACCTATCCTACCCTT,0
TACCTATCGATCAAGA,0
TACCTATTAATACAAA,0
TACCTCAACCCTAAAG,0
TACCTCATAAATACCT,0
TACCTCATGCTTACTC,0
TACCTCGCACGATCAA,0
TACCTCTATAATCTGC,0
TACCTCTCGCACCCTA,0
TACCTCTGCCCTCCGT,0
TACCTCTGTAGTCCCC,0
TACCTCTTCCGACGAA,0
TACCTCTTGCAGGAGA,0
TACCTCTTGTATGGTT,0
TACCTGAAACCATGTT,0
TACCTGAACAGCCACC,0
TACCTGACTTGAGGTA,0
TACCTGGAAAACCTAA,0
TACCTGGAATCATATT,0
TACCTGGACCTAGACG,0
TACCTGGGCCCGAAAA,0
TACCTGTGTACAACAG,0
TACCTGTTTAATCTTA,0
TACCTTAAATCACAGA,0
TACCTTAACACACACA,0
TACCTTACACTGAAAA,0
TACCTTACCGATCCAC,0
TACCTTACGCATGACA,0
TACCTTAGAAACGAAG,0
TACCTTAGATCAATTA,0
TACCTTATAGACCTAA,0
TACCTTATTGACATAG,0
TACCTTCAAATGATAG,0
TACCTTCAGATTATGA,0
TACCTTCCTTAAGCCC,0
TACCTTCTAAGGTCCG,0
TACCTTGTTAGTTATA,0
TACCTTTAGTAAAATA,0
TACCTTTATATATCCC,0
TACCTTTCAGTGAGCA,0
TACCTTTGCATTTGCC,0
TACGAAAAATACTGTA,0
TACGAAAACAATACAG,0
TACGAAAATTACAAAA,0
TACGAAACAAGACTAA,0
TACGAAACCGAACACG,0
TACGAAACGTCATCCA,0
TACGAACAATGCTTAT,0
TACGAACACAAACCAA,0
TACGAACATAGAGAAT,0
TACGAACGAGAAACAT,0
TACGAACTAACAAGCT,0
TACGAACTAATGCAAT,0
TACGAACTCGCACCAA,0
TACGAACTTATGCTAC,0
TACGAAGAATGATTTA,0
TACGAAGTAACAAAAA,0
TACGAAGTGAAGATAA,0
TACGAATATTCAGACC,0
TACGAATGAGAAACGT,0
TACGACACCTTTGGAA,0
TACGACACTACCTATC,0
TACGACAGATAGCGCA,0
TACGACAGGGTCCAAT,0
TACGACATACGGAGAA,0
TACGACATTAATTGTT,0
TACGACCACAGATCCC,0
TACGACCCGTTTAATA,0
TACGACCGAAAAAGTA,0
TACGACGAAAAAAAAA,0
TACGACGACAGAAAAA,0
TACGACGCCACAGTCA,0
TACGACTCCAAGGTAC,0
TACGACTGAAAAGCAT,0
TACGAGAACATGAGCA,0
TACGAGACCCCCGCAT,0
TACGAGACGCAAAGGC,0
TACGAGACTCAAGAAA,0
TACGAGAGAACGACGC,0
TACGAGAGCCCATGTT,0
TACGAGCAATTCGGAA,0
TACGAGCACTCAGAAA,0
TACGAGCGAAAAATGA,0
TACGAGCGTCAACAAT,0
TACGAGCTACCTCTCG,0
TACGAGCTAGAACAAA,0
TACGAGTTCTCCTAGA,0
TACGATACAACTATAC,0
TACGATACTTCGCGCC,0
TACGATATACTGACCC,0
TACGATATCAAGACAT,0
TACGATCGCCGTACGT,0
TACGATCTTCACTGAC,0
TACGATGAGTCGACCT,0
TACGATGATAAGTCAG,0
TACGATGATAGGTATA,0
TACGATGCAATCAGAC,0
TACGATGTACAATATA,0
TACGATTAAATTAGCC,0
TACGATTTATCCACCA,0
TACGCAAAACCTCAGG,0
TACGCAACGTCTGTTT,0
TACGCAAGGGCACATC,0
TACGCACATTAAATTT,0
TACGCACGATTAACGC,0
TACGCACTGTACCTCC,0
TACGCAGAGGGCAAAA,0
TACGCAGCATACTACA,0
TACGCATAAATATCTG,0
TACGCATAGATATCCT,0
TACGCATAGTTGCTAT,0
TACGCCAAAGACCTAA,0
TACGCCAGACAAACAT,0
TACGCCATAATTGACA,0
TACGCCATCAAACCTC,0
TACGCCCATTCAAATA,0
TACGCCCATTCAGGCA,0
TACGCCGTTCATTAGA,0
TACGCCTTCCCACTAC,0
TACGCGAACCGTGTAC,0
TACGCGAATTAGCACA,0
TACGCGCAACCCAACG,0
TACGCGCCAACACGAA,0
TACGCGCCACCGAAAA,0
TACGCGCTAATTAATT,0
TACGCGCTCCGAAGCA,0
TACGCGCTCCTAAACG,0
TACGCGCTTAACAGAA,0
TACGCGGACCACGAAC,0
TACGCGGATTAAGCTC,0
TACGCGGCTGTCCGAC,0
TACGCGGGTCTATAGA,0
TACGCGGTAAACCCAT,0
TACGCTAAAATCAGAA,0
TACGCTACATTAAATT,0
TACGCTACTTCAGAGC,0
TACGCTAGATATATAC,0
TACGCTAGGTTGGGAA,0
TACGCTATAGTCAGAA,0
TACGCTCACATGGAAA,0
TACGCTCCAAACAGCC,0
TACGCTGAAGTTAGAA,0
TACGCTGAGCTTCCCT,0
TACGCTGGCAGTTCGT,0
TACGCTGTTGGCACAA,0
TACGCTTCAAATGAGC,0
TACGCTTCATAACTAA,0
TACGCTTGAAGTCAAG,0
TACGGAAACAAGAAGT,0
TACGGAAATGGTATAA,0
TACGGAACAGAAAACT,0
TACGGAATAAATTACG,0
TACGGAATCTCACTGC,0
TACGGAATTGCACATA,0
TACGGACCGGGTTAAA,0
TACGGACGAAAAAATA,0
TACGGACTAAACCAGC,0
TACGGACTAGTAGCTA,0
TACGGAGAATATTTCT,0
TACGGAGACAAGCGTC,0
TACGGAGACCGAATAT,0
TACGGAGGACTAAAAC,0
TACGGATCCTGCTTAA,0
TACGGATGCTGTAAGA,0
TACGGATTGAAATGAA,0
TACGGATTGACTCAAA,0
TACGGATTTCGCAAGC,0
TACGGCAAACTATATA,0
TACGGCAGAAAGACGT,0
TACGGCATCAAACATA,0
TACGGCCAGCTCTATC,0
TACGGCCCCAAAAATT,0
TACGGCGCATACGTGG,0
TACGGCGCTGCTACCC,0
TACGGGAATAAAAAGA,0
TACGGGACTGGTTTGT,0
TACGGGAGTACAAAAA,0
TACGGGATAGGGATAA,0
TACGGTAAAAGAGCAG,0
TACGGTACCTATAAAC,0
TACGGTATGAATGACC,0
TACGGTCAAAGTAGCG,0
TACGGTCCAAGTTTGT,0
TACGGTCCCAGAAAAT,0
TACGGTCTTCATACAA,0
TACGGTGAAAACACGC,0
TACGGTGCCATATGGT,0
TACGGTTAAGCAAGAC,0
TACGGTTATATGCTTA,0
TACGGTTCACTTCTGA,0
TACGTAAAAACATTTC,0
TACGTAAAAGGGGCAA,0
TACGTAAAGACATGTA,0
TACGTAAATCTAAGGT,0
TACGTAACTGTAAGAC,0
TACGTAAGAACATCGA,0
TACGTAATCACATCAC,0
TACGTACAACCTGCAA,0
TACGTACAGATCAAAA,0
TACGTACAGATGTTCG,0
TACGTACGACGTAGCT,0
TACGTACTGATGAGTC,0
TACGTAGACATCAGCT,0
TACGTAGATTTTACTA,0
TACGTATGAAACTCAA,0
TACGTATGAACTCAAA,0
TACGTATTAGTCCATG,0
TACGTATTATTAGTGA,0
TACGTCAAATAACTTA,0
TACGTCAAGACTCGTA,0
TACGTCAATCGTTAGT,0
TACGTCACAACGACAA,0
TACGTCATTATGCCAT,0
TACGTCCAAGCTGCAA,0
TACGTCGACTACTCGA,0
TACGTCGGATACTCGG,0
TACGTCTTCCATAGGC,0
TACGTGGACCACTCTC,0
TACGTGGAGCAATGGG,0
TACGTGTTCAGTATTA,0
TACGTTAAAGTAAGAC,0
TACGTTAATTAGCCCA,0
TACGTTAATTAGCTCT,0
TACGTTACCATCCGAT,0
TACGTTACCGGTTTGG,0
TACGTTACCTAAATAA,0
TACGTTATACATTATA,0
TACGTTATGCACGAGA,0
TACGTTCAATCATGCA,0
TACGTTCCCGGATCGA,0
TACGTTCGATTATATC,0
TACGTTCGCCTATCCT,0
TACGTTTCAGACCAAA,0
TACGTTTGTAAAGGAC,0
TACGTTTTGCAGAGAA,0
TACTAAAAAAACTCCC,0
TACTAAAAACGATAGG,0
TACTAAAACATACGTT,0
TACTAAAACCCCACAA,0
TACTAAAACTGATATA,0
TACTAAAATAAAGGGA,0
TACTAAACAGCCAACA,0
TACTAAACCTCATCTG,0
TACTAAACGGACTTCA,0
TACTAAAGACCCATTA,0
TACTAAAGATACTTCT,0
TACTAAATAACACCTA,0
TACTAAATAGAAATAA,0
TACTAAATAGACTCAC,0
TACTAAATATAACCTG,0
TACTAACAATACAACC,0
TACTAACGACGAACCT,0
TACTAACGCAAACATC,0
TACTAACGCTATACTT,0
TACTAACTACACAGGA,0
TACTAACTATCACCAG,0
TACTAAGACCACCCTT,0
TACTAAGCGAAACGAG,0
TACTAAGTCTGTTCCA,0
TACTAATAACCGTAAC,0
TACTAATCCAGATGTC,0
TACTAATCTATAACGT,0
TACTAATGCACAGCGC,0
TACTAATGTAACACTC,0
TACTAATGTTAAGACA,0
TACTAATTCCCGACCT,0
TACTAATTCGAGAGCA,0
TACTAATTGTCTCTAG,0
TACTACACCCCGAATT,0
TACTACACTATGTATG,0
TACTACATACTTGCAC,0
TACTACATATACGACA,0
TACTACCACGGAGGCA,0
TACTACCATAAACGGT,0
TACTACCATAAGTGTA,0
TACTACCCACCTTAAC,0
TACTACCCTTTTCCTC,0
TACTACCGTTGGTCCA,0
TACTACCTGATTGTTA,0
TACTACGTACAACGCT,0
TACTACTACTTGAAAA,0
TACTACTAGTTCAGCA,0
TACTACTCAATATGAG,0
TACTACTCTTTAAAGA,0
TACTACTGTACACACC,0
TACTACTGTATGAGTG,0
TACTACTTCCCGACTA,0
TACTAGAAAACCATCA,0
TACTAGAAATCTAAGA,0
TACTAGACGGAACCAC,0
TACTAGACTCGTTGAA,0
TACTAGAGTAATAATA,0
TACTAGCAATAGTAAT,0
TACTAGCATTAGAGCT,0
TACTAGCCGATAATTC,0
TACTAGCGCCAACAGC,0
TACTAGGAACTTCCAA,0
TACTAGGATGGTCAAA,0
TACTAGGGAGAAACGG,0
TACTAGTATACCACCA,0
TACTAGTCGTTCGTAC,0
TACTATAACCTTAAGC,0
TACTATAATCCTTAAT,0
TACTATAATGAAAACT,0
TACTATAGGTAGATAC,0
TACTATAGTCGCCATG,0
TACTATATTCCTTGAT,0
TACTATCACTGAAACC,0
TACTATCATATAAGCC,0
TACTATGAATACTGAA,0
TACTATGTAAGCTTCG,0
TACTATTAAAAATCTT,0
TACTATTAAAACCTAA,0
TACTATTAACATAACA,0
TACTATTATTTTGAAG,0
TACTATTCATAAAGAT,0
TACTATTCGACTGCGA,0
TACTATTTTATGACAG,0
TACTCAAAATTTAAGA,0
TACTCAAAATTTAATT,0
TACTCAACGCAATAAG,0
TACTCAAGTATTATTA,0
TACTCAAGTGTAAGTA,0
TACTCAATACCGACGA,0
TACTCAATACGCTGGA,0
TACTCACAGAGTACCA,0
TACTCACCTGAAAACT,0
TACTCAGCCCAAGCCA,0
TACTCAGGGTGGCAAA,0
TACTCATTATAACCAA,0
TACTCCAATCATTCGA,0
TACTCCAGTCCCACTA,0
TACTCCAGTGGAGTGC,0
TACTCCATTCGCGAAC,0
TACTCCCACTACCACG,0
TACTCCCTCAGTGTCC,0
TACTCCGATTTTTAAG,0
TACTCCGGGACCCTTC,0
TACTCCTGCACAGATA,0
TACTCGACTGTGACCA,0
TACTCGCAGATACCAA,0
TACTCGCCTGCTACAC,0
TACTCGTAACCCCATG,0
TACTCGTCTTTATAAT,0
TACTCGTGGCACAATC,0
TACTCTAAAATACACT,0
TACTCTAAATTAACAA,0
TACTCTAAGTAACTAT,0
TACTCTAAGTCCGCGA,0
TACTCTACGGAATACT,0
TACTCTAGAGAACTAT,0
TACTCTATGAAATCTT,0
TACTCTATTAAATTAC,0
TACTCTCCCGTCAATC,0
TACTCTCTCCGAAAGA,0
TACTCTTAGAAATATA,0
TACTCTTGCATGAAAA,0
TACTCTTGGAAAAAAT,0
TACTCTTTAGGAGAGT,0
TACTGAAACGATCCAG,0
TACTGAAATCCAACCT,0
TACTGAACACCAGTAA,0
TACTGAACATTTCCTA,0
TACTGACTTGAACAAT,0
TACTGAGTTTCCTCTA,0
TACTGATAATGAGACA,0
TACTGATCTCCTGAAT,0
TACTGATGTAGTTTTC,0
TACTGATGTTTATCCT,0
TACTGATTATATTTCC,0
TACTGATTCAAAACAA,0
TACTGCAAGGCAGAAA,0
TACTGCAAGTCTAACA,0
TACTGCAATAGAAGAA,0
TACTGCAATGGTTGAA,0
TACTGCACGGTGAAGC,0
TACTGCATAGGCCTTC,0
TACTGCCAAAAAAAAT,0
TACTGCCAAAGCACCA,0
TACTGCGCAAAAAATA,0
TACTGGAAACAATCCG,0
TACTGGAACCGCCTCT,0
TACTGGAAGGGCTTTA,0
TACTGGAATATCAAAC,0
TACTGGCGAGAAAGCC,0
TACTGGTAAGTAAAAT,0
TACTGTCTACGCCCCA,0
TACTGTGAACACCATT,0
TACTGTTATGGTCGCT,0
TACTTAAAAACGACTT,0
TACTTAAAAGAACCCA,0
TACTTAAAAGTTGGAC,0
TACTTAACGCATACTA,0
TACTTAAGAAACAGCC,0
TACTTAAGAAATATCC,0
TACTTAAGACACCAAG,0
TACTTAAGAGTACGGA,0
TACTTAATAGGCATCG,0
TACTTAATTATGGGTT,0
TACTTACAAATTTCTC,0
TACTTACAACCCCAAG,0
TACTTACATCTCTCTG,0
TACTTACCGCAATCGG,0
TACTTACGACAAGCAG,0
TACTTAGGAATCAAAT,0
TACTTAGGCATAGCCA,0
TACTTAGTATAAATTG,0
TACTTAGTGATAGATG,0
TACTTATAAGCCCCAA,0
TACTTATACATTAAAG,0
TACTTATGTCGAAACC,0
TACTTATTTAAACAGT,0
TACTTCAGCACAATAA,0
TACTTCATTTATCAAG,0
TACTTCCAAATACACA,0
TACTTCGATCCCGAGG,0
TACTTCGCTGGAGGGA,0
TACTTCTATCAAGGAG,0
TACTTGAAAATATTCT,0
TACTTGAATCCTTGAC,0
TACTTGACTAGCGACA,0
TACTTGATCGCCGCCA,0
TACTTGCAAAGAGACA,0
TACTTGCCCTCGGCTA,0
TACTTGTCAAGGGTAC,0
TACTTGTTGATTATCG,0
TACTTTAAGGTGTGTC,0
TACTTTACATCGACAT,0
TACTTTACCAGCATAA,0
TACTTTATGGACTGCT,0
TACTTTCACAAAAACG,0
TACTTTCATTGAAATG,0
TACTTTGCATTTCAGA,0
TACTTTGGTCTTTATA,0
TACTTTGTGCACTGTT,0
TACTTTTGGCTATGAG,0
TAGAAAAAAATAAATA,0
TAGAAAAAACAGAGAC,0
TAGAAAAACAATTAAG,0
TAGAAAAACCACCAAT,0
TAGAAAAACGGCCGCT,0
TAGAAAAAGATAAAAT,0
TAGAAAAAGTTCGAAA,0
TAGAAAAATAGTCACC,0
TAGAAAACAAGGCGGC,0
TAGAAAACATACTGTC,0
TAGAAAAGAGTTTAGG,0
TAGAAAAGATACACGA,0
TAGAAAAGCCAATGCA,0
TAGAAAATCAAATAGA,0
TAGAAAATCGTGGATA,0
TAGAAAATGTTAATAT,0
TAGAAACACATTGCAA,0
TAGAAACACCGCATAC,0
TAGAAACCTACCTCGA,0
TAGAAACTACTAGATA,0
TAGAAACTCAATGAAT,0
TAGAAAGAATACCTAC,0
TAGAAAGAATACCTAT,0
TAGAAAGCAGGACAAT,0
TAGAAAGCCGAGAAAA,0
TAGAAAGGATATGCAA,0
TAGAAAGGTTTTCGCT,0
TAGAAAGTAAAATACT,0
TAGAAAGTCCGATGCG,0
TAGAAATAATTTGGGC,0
TAGAAATATGGCAGAA,0
TAGAAATCCCTGTACA,0
TAGAAATCGTGAACGG,0
TAGAAATGATATAGCA,0
TAGAAATTAGGCTGTA,0
TAGAAATTATCCACCT,0
TAGAAATTCAGTTGTC,0
TAGAAATTCTTTTCTT,0
TAGAACAAAAATAAAT,0
TAGAACAAAAATACCC,0
TAGAACAAAATATAAC,0
TAGAACAAACCTCTAT,0
TAGAACAACCCCCTGG,0
TAGAACATTACGTCAT,0
TAGAACCAATACTACT,0
TAGAACCAGGTCCCAT,0
TAGAACCATTCTATTC,0
TAGAACCCATTGTAAC,0
TAGAACCTAGTTTATC,0
TAGAACGATGAGCTAT,0
TAGAACGATTCGATGG,0
TAGAACGTACTAACGC,0
TAGAACGTCTAAAAGT,0
TAGAACTAGAGAAAGA,0
TAGAACTCTCCAACAG,0
TAGAACTTCGTGACGT,0
TAGAAGAAAAGTAAAT,0
TAGAAGAAAGAATTAC,0
TAGAAGACATAATACT,0
TAGAAGACTCAGGATT,0
TAGAAGACTTCGTTAC,0
TAGAAGAGCATACTAC,0
TAGAAGATGGCTAAAC,0
TAGAAGCGAAGAAGTC,0
TAGAAGCGGTTACCCA,0
TAGAAGCTAACAATTG,0
TAGAAGCTCTCCCATC,0
TAGAAGGACGAACCAA,0
TAGAAGGCGGTAGAAG,0
TAGAAGGGCCGATGAA,0
TAGAAGTAAAATCCAA,0
TAGAAGTCATTACTTA,0
TAGAAGTCCTTAGTAT,0
TAGAAGTCGAACCGGT,0
TAGAAGTGCGGTACCG,0
TAGAAGTTTTACTCCC,0
TAGAATAAATGAACCG,0
TAGAATAACAGTCGAA,0
TAGAATAACTCGCGCA,0
TAGAATACAATTAAAA,0
TAGAATACACGTACGA,0
TAGAATACCCAGGCTA,0
TAGAATATACCTTAAG,0
TAGAATCAGCAATCGG,0
TAGAATCATTAGCCAG,0
TAGAATCCTAAATAGA,0
TAGAATCGAGCTCCAC,0
TAGAATCTGGTCTATC,0
TAGAATGGCCTACAGA,0
TAGAATGTCTACCTGA,0
TAGAATTAATTGGAAC,0
TAGAATTACCTGTATG,0
TAGAATTAGTGAACCT,0
TAGAATTATCTGGCGA,0
TAGAATTATGAATATA,0
TAGAATTGATTGCAAA,0
TAGAATTTAAAGATAA,0
TAGAATTTCGTCTTTA,0
TAGAATTTGGGTTGAG,0
TAGAATTTTTACACAC,0
TAGACAAAAAAAAACT,0
TAGACAAAATGAGCCA,0
TAGACAAACCAACAAG,0
TAGACAAATTCAATAG,0
TAGACAACAAACGTAT,0
TAGACAACAGGTAATA,0
TAGACAACGATAACTT,0
TAGACAACGTTCCTTA,0
TAGACAAGGGGCTGTC,0
TAGACAATACTACATA,0
TAGACAATACTTACCA,0
TAGACACAAATGATAG,0
TAGACACCTAAGTTCC,0
TAGACACGAAAATAGG,0
TAGACACTCCTTTAAC,0
TAGACAGAGACAGGAA,0
TAGACAGCCAGAGAAC,0
TAGACAGCTTTGACGT,0
TAGACAGGCTGGGAAT,0
TAGACAGGGTTGAAGG,0
TAGACAGTCTGCACGA,0
TAGACATCACACGAGA,0
TAGACATGCGCCCCGA,0
TAGACATTATTTATAA,0
TAGACCAAAGATAAAT,0
TAGACCACTACCTTAC,0
TAGACCATAATTGACA,0
TAGACCATACTTGGTA,0
TAGACCCACGAGCTGC,0
TAGACCGGAATACGCA,0
TAGACCTAATGGAAGC,0
TAGACCTCTGTAACGC,0
TAGACCTTAAAATGGA,0
TAGACGAAAAATGCAT,0
TAGACGAAGTGTTACA,0
TAGACGAATGCCACTT,0
TAGACGACAAGTAACT,0
TAGACGACACCCCAAT,0
TAGACGACGTGGCAAT,0
TAGACGAGAGGAGCTA,0
TAGACGCCCCAATCAC,0
TAGACGGAGAGCGGGT,0
TAGACGTTGTTAGTAG,0
TAGACTAAAGAACCAA,0
TAGACTAACACCCCAA,0
TAGACTAACAGCTTCT,0
TAGACTAATCAGTCAC,0
TAGACTCAGTGACGTA,0
TAGACTCCACGAATCC,0
TAGACTCCCGGGTCAT,0
TAGACTCGTATACTTA,0
TAGACTCTATTCAAAA,0
TAGACTCTTGTGGACT,0
TAGACTGACAATAATC,0
TAGACTGTTAATAGCC,0
TAGACTTATTAACAGA,0
TAGACTTATTTAACAC,0
TAGACTTCAACTTATA,0
TAGACTTTCAATTAAA,0
TAGACTTTCATAGAAC,0
TAGAGAAAACACAAGC,0
TAGAGAACGGCAGTCA,0
TAGAGAAGCTAGCAAC,0
TAGAGAATGAGCGCAT,0
TAGAGAATTGAGGCAA,0
TAGAGACAAAAAGTCT,0
TAGAGACAGTAAGTTA,0
TAGAGACATACGTAGA,0
TAGAGACTACATACCG,0
TAGAGACTTCGTTACA,0
TAGAGACTTCTGAGTT,0
TAGAGAGAAACACACA,0
TAGAGAGATTTTCCCA,0
TAGAGAGGAATCTCTT,0
TAGAGAGGGTGTGTAA,0
TAGAGAGTAGTATGAA,0
TAGAGAGTATTTAACA,0
TAGAGATAACAACTGA,0
TAGAGATCCATAATAA,0
TAGAGATCGGAAACAG,0
TAGAGATGAAAATCAT,0
TAGAGCAAAAGAAAAG,0
TAGAGCAAACCACAGA,0
TAGAGCATCCTCGCCC,0
TAGAGCATGAAAGGCT,0
TAGAGCCCCATATCTG,0
TAGAGCCGATTATACC,0
TAGAGCCTACTACCGA,0
TAGAGCGATTGCTAAA,0
TAGAGCTATTCGATTA,0
TAGAGCTTAAGTGCTT,0
TAGAGCTTCAAGTTAC,0
TAGAGGAAAAAAACTG,0
TAGAGGAAACAGGAAC,0
TAGAGGCCTCGAGCCA,0
TAGAGGGACCATTGAA,0
TAGAGGTCGGACATTA,0
TAGAGGTGAAGGCTTG,0
TAGAGGTTCTCACCGT,0
TAGAGGTTGCTTACAA,0
TAGAGTACCATCTAAA,0
TAGAGTATGAGCCGAA,0
TAGAGTATTTATTTCC,0
TAGAGTCAAAATTTGG,0
TAGAGTCTCTGCTGAC,0
TAGAGTGATAGCTTAA,0
TAGAGTGCCCATTTTA,0
TAGAGTGGACTGAGAA,0
TAGAGTGTCTAATAAG,0
TAGAGTTCTAATACGC,0
TAGATAAACGTCCCGA,0
TAGATAAATAACAGAA,0
TAGATAAGGAGAAAAA,0
TAGATAAGTTAAGCCC,0
TAGATAATATCTTTTG,0
TAGATAATGTCCTGTC,0
TAGATAATTAACCCGA,0
TAGATACACGATTGGG,0
TAGATACCAGCATGTA,0
TAGATACTAAAGGTTC,0
TAGATACTAAGATTAG,0
TAGATACTAATAAATC,0
TAGATACTCTACCTTG,0
TAGATAGAAAATCTGA,0
TAGATAGAACCCCCCG,0
TAGATAGACATAAGTC,0
TAGATAGCCCCAAAAA,0
TAGATAGCCCTCCGCA,0
TAGATAGCCCTTTTGT,0
TAGATATATAACATCC,0
TAGATATCAATATACA,0
TAGATATTACCGGTCT,0
TAGATATTGAATGCTC,0
TAGATCAAAATAGATA,0
TAGATCAAACGACTTA,0
TAGATCAATTCACAGA,0
TAGATCACGTAAAGCC,0
TAGATCAGGTAACGAG,0
TAGATCATATCAACCC,0
TAGATCCAAGGGGGCT,0
TAGATCCCCTCCACCA,0
TAGATCCGTTCTAGGT,0
TAGATCGTACTACAGG,0
TAGATCGTAGCGTTGG,0
TAGATCTCTTATCCTA,0
TAGATCTTGCATATTC,0
TAGATGAAAAGAGCAC,0
TAGATGAAGTGACCCC,0
TAGATGACAAATAATT,0
TAGATGATACACAGGC,0
TAGATGCCAGACATCA,0
TAGATGCCCCAGAATT,0
TAGATGCGTGAGAAAT,0
TAGATGCTCTATGCCA,0
TAGATGCTGAAAGTTC,0
TAGATGCTGCAATAAA,0
TAGATGTAGTTCAGCG,0
TAGATGTTCGGCCGTA,0
TAGATTAAAAACCCTC,0
TAGATTAAATAATCAG,0
TAGATTACCTAAAACC,0
TAGATTACTTCAACAC,0
TAGATTATAACACGCT,0
TAGATTATCCTATTAT,0
TAGATTATTTAAATCC,0
TAGATTCCAGACTCCA,0
TAGATTCCTATTAGTG,0
TAGATTCTAAACTCAA,0
TAGATTGACCGCCTGT,0
TAGATTGAGAATATAA,0
TAGATTGATTGACATG,0
TAGATTGCCATTTGTA,0
TAGATTGCTTACAAAA,0
TAGATTTTTGCTTACT,0
TAGCAAAACCACAAAT,0
TAGCAAAATTCACGAC,0
TAGCAAACCCGGCGTA,0
TAGCAAAGAACATACC,0
TAGCAAAGAGACCTGA,0
TAGCAAATCAAACGGC,0
TAGCAAATCTAAGCCT,0
TAGCAAATCTCATAAA,0
TAGCAAATTCAAAGGA,0
TAGCAACAAAAAATGC,0
TAGCAACAATGCATAG,0
TAGCAAGAAAGTACGA,0
TAGCAAGACCAACAGT,0
TAGCAAGGAGCGAAAC,0
TAGCAATACATCGCAA,0
TAGCAATCAAATTGTG,0
TAGCAATCCCCGCGCC,0
TAGCAATGAAGGCCGC,0
TAGCAATGGAGAAGAA,0
TAGCAATGTTTACCAT,0
TAGCAATTAGGCGGTG,0
TAGCACAAACTAACAG,0
TAGCACAAAGCAAATA,0
TAGCACACAATCTAGA,0
TAGCACCATCAAAGGA,0
TAGCACCATCAAAGGT,0
TAGCACCGATATTTAA,0
TAGCACCGATTCTGTG,0
TAGCACCTTCTACCAT,0
TAGCACGAAACAGAAG,0
TAGCACTAAATACGGA,0
TAGCACTACAATGACT,0
TAGCACTCAAACAGCC,0
TAGCACTGAATGCGGC,0
TAGCACTTCTCGAAAG,0
TAGCAGACCGTCATCA,0
TAGCAGAGAACGAAGT,0
TAGCAGATAAGGATCA,0
TAGCAGCAACCTACTC,0
TAGCAGCCAAGCTATC,0
TAGCAGCGTGTTGGAT,0
TAGCAGCTAAAACTGG,0
TAGCAGCTCTCGAAAA,0
TAGCAGCTTGTCATAT,0
TAGCAGGCGCAGCCTA,0
TAGCAGTAGTCCTTTC,0
TAGCAGTCTAAACCGG,0
TAGCATAAAAAAGGTA,0
TAGCATAATCCGTTGG,0
TAGCATACATACAAAA,0
TAGCATATGTTGCCAC,0
TAGCATCACAAGTAAG,0
TAGCATCCCATCACCT,0
TAGCATCGAATATTAA,0
TAGCATCTACCCTATA,0
TAGCATCTACTACAGA,0
TAGCATGAACTCCTAT,0
TAGCATGAAGTTCGCT,0
TAGCATGATTCACATT,0
TAGCATGGCAAGCGGA,0
TAGCATGTTATCCGCA,0
TAGCATTAGAACCAAT,0
TAGCATTATAACGTAT,0
TAGCATTATGAAAACC,0
TAGCATTCAGAACAAC,0
TAGCATTCAGATTTTG,0
TAGCATTCGCGAATCC,0
TAGCATTCTAATGAGC,0
TAGCCAAAGCCTTAGT,0
TAGCCAAGAATAGGCA,0
TAGCCAATTCTGTTAC,0
TAGCCACAACATGATC,0
TAGCCACAAGTCGTAA,0
TAGCCACACCCAACTG,0
TAGCCACAGTACAAGG,0
TAGCCACATCTCCACT,0
TAGCCACCACGCCAGG,0
TAGCCACCCCTGAAAG,0
TAGCCAGGTGAGGGTT,0
TAGCCATCATCTTAAT,0
TAGCCATGCAGCAAAA,0
TAGCCCAATCCCACGC,0
TAGCCCATTGGGAGTC,0
TAGCCCGAATAATATG,0
TAGCCCGAATTCCTCC,0
TAGCCCGGTAGGCCGA,0
TAGCCGAAAAAGAGTC,0
TAGCCGACCTCTATAA,0
TAGCCGATACGCTAAG,0
TAGCCGCTTTTTTCGA,0
TAGCCGGCATTCTCCA,0
TAGCCGGTCCAGACGC,0
TAGCCGTACAATAACT,0
TAGCCGTATCTAGTCT,0
TAGCCGTCAACTCAAC,0
TAGCCGTTGATGGACC,0
TAGCCTAACTACTAAT,0
TAGCCTACACGTCACG,0
TAGCCTACGCAAGTAA,0
TAGCCTGCGTGTACAT,0
TAGCCTTACCTAATAA,0
TAGCGAAAAAGAGTAT,0
TAGCGAAAACCGCAAT,0
TAGCGAAACAACACCC,0
TAGCGAAACACCCAAG,0
TAGCGAACAATCCCGT,0
TAGCGAAGACGGGTAT,0
TAGCGACACTTATATC,0
TAGCGACTACTTACGA,0
TAGCGACTTGGTCCAC,0
TAGCGAGAAACAACCA,0
TAGCGAGAATACGCAT,0
TAGCGCCTACAAATTA,0
TAGCGCTCAAAGAAAA,0
TAGCGCTCGACTACGG,0
TAGCGCTGAACCTCAA,0
TAGCGGACCGTTGCGC,0
TAGCGGGAATTACCAA,0
TAGCGGGGAGTGGGAT,0
TAGCGGTAGCTAAATA,0
TAGCGGTTTTACAAAA,0
TAGCGTACCGCACCTA,0
TAGCGTATAGCTGCGG,0
TAGCGTCAACCAACAA,0
TAGCGTCAACTACTTA,0
TAGCGTCGATCGACCA,0
TAGCGTCTCAATAAAT,0
TAGCGTGTCTAACGAT,0
TAGCGTGTCTAAGGAT,0
TAGCGTTAAAATCAGA,0
TAGCGTTGACGATTAC,0
TAGCGTTTACTTTCCT,0
TAGCGTTTCCCAGAAA,0
TAGCTAAACGGTGCCT,0
TAGCTAAAGGTACAAA,0
TAGCTACCACTTGTCC,0
TAGCTACCCGCTATTA,0
TAGCTACCGAAGACAT,0
TAGCTACCTGCTCACA,0
TAGCTACGACGTTCCT,0
TAGCTAGAGGGGTATA,0
TAGCTATATATTAGTC,0
TAGCTATGACAGATAA,0
TAGCTATGACCAAGTA,0
TAGCTATGCAGTAAGT,0
TAGCTATTATAGTAGC,0
TAGCTATTTCCGCCAT,0
TAGCTCAACTTATCGC,0
TAGCTCAATAACCGTA,0
TAGCTCAGGACCTAGC,0
TAGCTCATGACCAATG,0
TAGCTCCGAAGGACAG,0
TAGCTCGTGTCATGAT,0
TAGCTCTTACATACTC,0
TAGCTCTTACGAAGGG,0
TAGCTGAAGGCTAACA,0
TAGCTGAATTATTTAA,0
TAGCTGACACACAATA,0
TAGCTGAGGTTCAGAG,0
TAGCTGCAAAATCCAA,0
TAGCTGCACAGAGATA,0
TAGCTGCATAATAAGA,0
TAGCTGCCCAAATAAA,0
TAGCTGGTACCTCCGT,0
TAGCTGGTCCAGGAAA,0
TAGCTGTACCTATACA,0
TAGCTGTCAAGGTTAC,0
TAGCTGTGAGATCGCC,0
TAGCTTACAGGAGCGA,0
TAGCTTAGCCACAGTT,0
TAGCTTCGGTGAGAGA,0
TAGCTTCGTTTGCACA,0
TAGCTTCTGCTCAACT,0
TAGCTTGACTGCAACC,0
TAGCTTGCAGCCACAT,0
TAGCTTGCTGTTGACG,0
TAGCTTGGAATACCTA,0
TAGCTTGGCGACGGCA,0
TAGCTTTCACATAGTG,0
TAGCTTTCAGGTCTAT,0
TAGCTTTCTCACCTGA,0
TAGCTTTGTGGTCAAA,0
TAGCTTTTACCTTATC,0
TAGGAAAAATCAAAAC,0
TAGGAAAACACAAAGG,0
TAGGAAAACGTGATTC,0
TAGGAAACAACTCCAC,0
TAGGAAACCTGCAAAT,0
TAGGAAATCCAGACCG,0
TAGGAAATGCAAAATC,0
TAGGAACAAGTTATAC,0
TAGGAAGAAAACAACT,0
TAGGAAGCAGAGACGC,0
TAGGAAGTTTCAGGAG,0
TAGGAATAAGGATCAA,0
TAGGAATACCGTGCCA,0
TAGGAATACTAAGTTG,0
TAGGAATTAAATCCCA,0
TAGGAATTAGACTATA,0
TAGGACAATAAAGTTC,0
TAGGACAGACAATAAA,0
TAGGACAGAGCGAATG,0
TAGGACAGATTGAATG,0
TAGGACAGCCCTAAAG,0
TAGGACAGCCGGTGTG,0
TAGGACATAGGCTCTT,0
TAGGACATCGAAAGAT,0
TAGGACATCGGACAAC,0
TAGGACATGCTGTCCT,0
TAGGACCGTGAAACCC,0
TAGGACGCCCCGACCT,0
TAGGACGGCACTGCAT,0
TAGGACGGCGATTTAG,0
TAGGACGTAAACTCCG,0
TAGGACTAATTCAGAC,0
TAGGACTACAACTATC,0
TAGGACTCCACTTCGT,0
TAGGACTTTAAACCAC,0
TAGGAGAACCTAGCCA,0
TAGGAGACTACCACAT,0
TAGGAGAGTATCATGA,0
TAGGAGCAAAAATTAG,0
TAGGAGCCCTCATATC,0
TAGGAGGCTGACCGTC,0
TAGGAGTAATAAGCAC,0
TAGGAGTGCCTGCGAC,0
TAGGAGTGGAACATGA,0
TAGGAGTTGGTTATAA,0
TAGGATAAAAATGCAA,0
TAGGATAATATTCATA,0
TAGGATAATCACGGAG,0
TAGGATACGAGATAAC,0
TAGGATATGTATAAGC,0
TAGGATATTTAACAAA,0
TAGGATCAAAAATCTT,0
TAGGATCAAACTGAGA,0
TAGGATCGGAGCCCTC,0
TAGGATGAATATACGC,0
TAGGATGATGTCATCA,0
TAGGATGCCCAACATT,0
TAGGATGGCTAGTCAG,0
TAGGATTCTCCCAGTC,0
TAGGATTTAAATACTA,0
TAGGCAAGCTACGTTA,0
TAGGCAATAGCTCGAA,0
TAGGCAGACGATGTGC,0
TAGGCAGAGTAAAACA,0
TAGGCAGGAGTAATGC,0
TAGGCAGTAAGCGTTT,0
TAGGCATGCGAAATCT,0
TAGGCATTAACAAACA,0
TAGGCCAAAAACCAAA,0
TAGGCCAAAAACCATT,0
TAGGCCACGTAAGTTC,0
TAGGCCAGGAATCTGA,0
TAGGCCAGGAGATTAA,0
TAGGCCAGTCATACAA,0
TAGGCCATATTTAAAA,0
TAGGCCATCAGATTTG,0
TAGGCCCTTTACACAA,0
TAGGCCTAACTATGGC,0
TAGGCCTGGTATGATT,0
TAGGCGAAACCGCGAC,0
TAGGCGACACCAGAAT,0
TAGGCGATGGAGCCGT,0
TAGGCGCTAATAAGCA,0
TAGGCGTATTTTGAAT,0
TAGGCGTGATCAATCC,0
TAGGCTATGAACTAAC,0
TAGGCTTAAAAAGTGA,0
TAGGCTTAAGAGTAAG,0
TAGGCTTGTCTAGCCT,0
TAGGGAAACGCTGAAA,0
TAGGGAAATAGCATAT,0
TAGGGACTATATTTCA,0
TAGGGATACTGGCCCA,0
TAGGGCACGGGAACAA,0
TAGGGCACTAATTGGA,0
TAGGGCCACTACTCCG,0
TAGGGCCTAAGCGCCT,0
TAGGGCGCCAAAGGTC,0
TAGGGCTTCTTCAATA,0
TAGGGGAGATTTGAAC,0
TAGGGGTGACGCCACA,0
TAGGGGTTTCAGCAAA,0
TAGGGTACTACGACAC,0
TAGGGTATCACTACAA,0
TAGGGTCCATAACCTC,0
TAGGGTCGTCACTTAC,0
TAGGGTTCAAAGTTAC,0
TAGGTAAAAATCCGGT,0
TAGGTAAAATTAACAT,0
TAGGTAAAGGTACCTG,0
TAGGTAAGCTAACTAA,0
TAGGTAATAAAAATAT,0
TAGGTAATATCTAATT,0
TAGGTACCTGTCCAGT,0
TAGGTACTCTTGGACT,0
TAGGTACTGCACGTAA,0
TAGGTAGAAAATCACC,0
TAGGTAGACTTTATAT,0
TAGGTAGCTTTACCTT,0
TAGGTATATGTGATAT,0
TAGGTATCCCACACTA,0
TAGGTATGTTGCAGAA,0
TAGGTCAAACAGTTAA,0
TAGGTCAACATACGCC,0
TAGGTCAACGGAACTA,0
TAGGTCATGGAAAAGG,0
TAGGTCCACAGCTTCT,0
TAGGTCCCAGAGCAGC,0
TAGGTCCGCGAAACGC,0
TAGGTCGCATATTGAA,0
TAGGTGAGCTATGTAT,0
TAGGTGATGCGATCAA,0
TAGGTGCAACATGAAT,0
TAGGTGCTGACTAAAC,0
TAGGTGGACACTGGGT,0
TAGGTGGGAAGACGGG,0
TAGGTGGGGTACTGAG,0
TAGGTGGTAGAAGGTC,0
TAGGTGTGAGTGAAAG,0
TAGGTTAAAGTCACAA,0
TAGGTTACAATTTAGA,0
TAGGTTATAGGGGAGC,0
TAGGTTATCCTTACTT,0
TAGGTTTTGAGGGACG,0
TAGGTTTTTGTGCACT,0
TAGTAAAAATAACTCT,0
TAGTAAAACAAACAGC,0
TAGTAAACTCTGTCCT,0
TAGTAAATGAGCATGT,0
TAGTAAATGTATAAAA,0
TAGTAAATGTGTAGTA,0
TAGTAAATTGTCACAA,0
TAGTAACAAAGACCAT,0
TAGTAACAAGACTATT,0
TAGTAACAATACCAGA,0
TAGTAACGAATGACCA,0
TAGTAAGACAAACCAT,0
TAGTAAGACTTGCAGT,0
TAGTAAGCGATTCAGC,0
TAGTAATAAACTTATA,0
TAGTAATACCTCATAC,0
TAGTAATCCTGCCGAC,0
TAGTAATCGCTGAGGG,0
TAGTAATCTTACGGAT,0
TAGTAATGGTCTGCAT,0
TAGTAATTTATGATCG,0
TAGTACAAGACTCATC,0
TAGTACACACTAATAC,0
TAGTACACATAAATCA,0
TAGTACATCAAAGGGA,0
TAGTACATTTTTAAAA,0
TAGTACGTAAACGTAC,0
TAGTACGTACATAAAT,0
TAGTACGTCGAAGCTA,0
TAGTACGTTTCTCCTA,0
TAGTACTATAATGTGG,0
TAGTACTATAGGCTCA,0
TAGTACTGGTTCATGT,0
TAGTACTGTCCTAGAA,0
TAGTACTTAATGAATC,0
TAGTAGAAAAACGACT,0
TAGTAGAACAACAAAA,0
TAGTAGAAGTACCTTG,0
TAGTAGACATAAATGG,0
TAGTAGATATCACTGC,0
TAGTAGATCTATGTCT,0
TAGTAGCAATACAGAT,0
TAGTAGTATTATGAAA,0
TAGTATAAATATGTAT,0
TAGTATACGGGGTAAG,0
TAGTATAGAAACCGGA,0
TAGTATAGTCTCGCAG,0
TAGTATATACATGGCT,0
TAGTATATCCAGTGCA,0
TAGTATATCTCGAGTC,0
TAGTATCAAAATTCTA,0
TAGTATCATGGCAGAG,0
TAGTATCGAATCACAA,0
TAGTATCGAATCCCCA,0
TAGTATCTTCGTACAT,0
TAGTATCTTTTTGCCA,0
TAGTATGCGTTAGAAA,0
TAGTATGTTGAAAAAC,0
TAGTATTGCTAATATG,0
TAGTATTTTGAACAAT,0
TAGTCAAAAACAACGC,0
TAGTCAAAAATCAACC,0
TAGTCACACCATAAAG,0
TAGTCACCCAGAAATG,0
TAGTCACGCAGCTAAT,0
TAGTCACTAAATCTTA,0
TAGTCACTCTACAATT,0
TAGTCAGAATATTTGA,0
TAGTCAGACATCAAAC,0
TAGTCAGGAGATGCCT,0
TAGTCAGGTAACGATA,0
TAGTCCAACATCTAAA,0
TAGTCCACAGTTCTTT,0
TAGTCCACGAACATAA,0
TAGTCCCTTTGAGACC,0
TAGTCCGCACAGCGGA,0
TAGTCCGCCCGGGTAT,0
TAGTCCTCAAGTAACT,0
TAGTCCTCTATCAGAG,0
TAGTCCTCTTACACGT,0
TAGTCCTTTGCCCTGT,0
TAGTCGAAATCAAGTT,0
TAGTCGAACTGAAAAT,0
TAGTCGACAATTTGAC,0
TAGTCGACTTCTCAGC,0
TAGTCGCAGGCGTCCT,0
TAGTCGGAACAGTTCA,0
TAGTCGGCACTGCAGA,0
TAGTCTACGCCTTTGT,0
TAGTCTATGAAAACTT,0
TAGTCTCAAACCCTAA,0
TAGTCTCAGCCAGGGA,0
TAGTCTGAGACCACCC,0
TAGTCTTGAGAACCCA,0
TAGTCTTGTCTTTTAA,0
TAGTCTTTATGGTACT,0
TAGTCTTTCTATATAA,0
TAGTGAAATACAAAGG,0
TAGTGAACGCCACAGG,0
TAGTGAATAGTCAACA,0
TAGTGACTTCATATTG,0
TAGTGAGAAAACCAGA,0
TAGTGAGAAATAAAAA,0
TAGTGAGAAGAAAATC,0
TAGTGAGCAAAGAAAT,0
TAGTGAGTAATGCCCC,0
TAGTGATCAATTAGAA,0
TAGTGCACGACTACGC,0
TAGTGCATTTTTTAAG,0
TAGTGCCATATCAGTA,0
TAGTGCGCATGTTCGT,0
TAGTGCTCGTAGAAGA,0
TAGTGCTGTAGCTTTA,0
TAGTGCTTTAACCCCA,0
TAGTGGAAGATCAAAT,0
TAGTGGAATCCCTAAT,0
TAGTGGCATTAAAACC,0
TAGTGGCTCACCCGCT,0
TAGTGGGAAGGATAAA,0
TAGTGGGCAAGCATAA,0
TAGTGGGGTTCAGTTG,0
TAGTGGTGACTCTATA,0
TAGTGGTTTTCAAGAA,0
TAGTGTAAACATGTCC,0
TAGTGTATGATCTAAT,0
TAGTGTATTGACCTTA,0
TAGTGTCACACAGAGC,0
TAGTGTCCACTCAGAA,0
TAGTGTCCATTATAGT,0
TAGTGTGCCGGCTCCA,0
TAGTGTGTAACAAGTG,0
TAGTGTGTTAAGATAA,0
TAGTGTTACCGTACCT,0
TAGTGTTAGGACTGGA,0
TAGTGTTCAATTAGAC,0
TAGTTAAAACGACAGG,0
TAGTTAAAAGTCAACA,0
TAGTTAAAGGATCTTT,0
TAGTTAAATGAAACCT,0
TAGTTAACGACGTCCT,0
TAGTTAAGCAACACTG,0
TAGTTAAGCGTCACAA,0
TAGTTAAGGGAGTAAC,0
TAGTTAATAAATATCG,0
TAGTTAATACTGATTA,0
TAGTTAATCTAACACC,0
TAGTTACAGGGAGCGG,0
TAGTTACCTACCATCA,0
TAGTTACCTGATGCAG,0
TAGTTAGAAATAATGA,0
TAGTTAGCCAAAGGAT,0
TAGTTAGCTCTAACTA,0
TAGTTAGCTTTAGCAT,0
TAGTTAGTCAAACTTG,0
TAGTTATCAAATCATA,0
TAGTTATCCAAATCCG,0
TAGTTATTATCAACAA,0
TAGTTATTCAACCCTT,0
TAGTTCAAATGGTCGA,0
TAGTTCAAGAAGGTAG,0
TAGTTCAGCTAAGCTA,0
TAGTTCCCGTGTCATT,0
TAGTTCCGGGCGCGCG,0
TAGTTCGCAGTTTGCC,0
TAGTTCTTTCAGAATT,0
TAGTTGAACCATCACA,0
TAGTTGAACTATGAAC,0
TAGTTGACCATTACAA,0
TAGTTGATCTTTTTCG,0
TAGTTGGCTCAAAAAG,0
TAGTTGGCTGATGACG,0
TAGTTGTAACATGTAT,0
TAGTTGTAATTCAATA,0
TAGTTGTTACCCCCAC,0
TAGTTTAAATCACAAA,0
TAGTTTAACAAATTGG,0
TAGTTTAGGTTATCTT,0
TAGTTTATAACAATAA,0
TAGTTTATATGGAAAC,0
TAGTTTGCGTTGATAA,0
TAGTTTGGACTCGCAT,0
TAGTTTTCACCCTAGA,0
TATAAAAAAAACACTG,0
TATAAAAAAGTTATGT,0
TATAAAAAATTCCCTT,0
TATAAAAACATGACAA,0
TATAAAAACTCACTTA,0
TATAAAAAGGCCGCTA,0
TATAAAAATACAGCCG,0
TATAAAAATAGCCCGA,0
TATAAAAATTACATCC,0
TATAAAACACAAAAAT,0
TATAAAACGTGGATAG,0
TATAAAACTAATGTAG,0
TATAAAACTTGCAAGC,0
TATAAAAGCAGTGAGA,0
TATAAAAGTTGGATGT,0
TATAAAATTAACAAAA,0
TATAAACAAACAGAAG,0
TATAAACAAGCAGAGT,0
TATAAACAGACAAAGT,0
TATAAACAGAGTGGGA,0
TATAAACATTTCCCCA,0
TATAAACGAATGAATA,0
TATAAACGGTGCCTAT,0
TATAAACTAAGATACT,0
TATAAACTATGGAGAC,0
TATAAACTCAAGAGAA,0
TATAAACTTCGTTTTG,0
TATAAAGCCTGAGTCT,0
TATAAAGCTCCCCCAC,0
TATAAAGGACCTAACT,0
TATAAATACAAGTTTC,0
TATAAATACCCAGTTA,0
TATAAATATAATACAG,0
TATAAATCTTAGTCAA,0
TATAAATCTTCGGTAC,0
TATAAATGAAAGGCAG,0
TATAAATGGACAAAAA,0
TATAAATGGTCAAGCT,0
TATAAATGTTGTACAA,0
TATAAATTTTACCTAA,0
TATAACAACCATTGCC,0
TATAACAATAAAGCTT,0
TATAACAATACAACTA,0
TATAACAATACCGCAT,0
TATAACACCCGCCGAT,0
TATAACACCTAGTTCC,0
TATAACACGAAGCGAA,0
TATAACAGAAGATAAA,0
TATAACAGGTGATTAT,0
TATAACATATGACTAC,0
TATAACATCTGAAAAC,0
TATAACATGACAAAGA,0
TATAACCAACAACTCG,0
TATAACCAAGGTAAAG,0
TATAACCAATGCAGCC,0
TATAACCACGTCCGGT,0
TATAACCATTAAGTTC,0
TATAACCCAGCCAAAA,0
TATAACCCCGCAGCCT,0
TATAACCCGCCTAAAA,0
TATAACCTATTAATAG,0
TATAACGAATTGACAT,0
TATAACGAGAAGGATT,0
TATAACGATAATGGAT,0
TATAACGCATTAGGCA,0
TATAACGTACAAAAGA,0
TATAACGTGAGAATTT,0
TATAACTACATAAAAG,0
TATAACTATCCGATGT,0
TATAACTATTCAATGA,0
TATAACTCATGCTAGA,0
TATAACTCCCTACTTA,0
TATAACTGAAAGTCTA,0
TATAACTGTAATAAGA,0
TATAACTTTCCCGGGT,0
TATAAGAACTGGAACC,0
TATAAGACCGCAGGTA,0
TATAAGACGCCTAGCC,0
TATAAGACTTGCACGA,0
TATAAGAGAGAGTATT,0
TATAAGAGAGGGCGAT,0
TATAAGAGTATTATTA,0
TATAAGATATAAGACA,0
TATAAGATGAACAACT,0
TATAAGATGACGTTGA,0
TATAAGCAATTAGCAT,0
TATAAGCAGATTCCAT,0
TATAAGCATATCATCT,0
TATAAGCGAGTGGCTA,0
TATAAGCTAAATCTGA,0
TATAAGGCGATCCTAC,0
TATAAGGGGAACTGAG,0
TATAAGGTTAACGGGT,0
TATAAGGTTTAGAATG,0
TATAAGTAAACCATAC,0
TATAAGTACATTCCAG,0
TATAAGTACGAATGGG,0
TATAAGTAGAACATAG,0
TATAAGTAGATGCGCA,0
TATAAGTCAAATCTAA,0
TATAAGTCCAGAAGAA,0
TATAAGTGAAGAGGCT,0
TATAAGTGGTACACAA,0
TATAAGTTTCATTCAA,0
TATAATAAGCACCATG,0
TATAATAATGACCAAA,0
TATAATACAAATAGAT,0
TATAATACAAGAAGGT,0
TATAATACCGACAGAC,0
TATAATACGAGTTACC,0
TATAATACTAATAAGA,0
TATAATACTGAGAATC,0
TATAATACTGCCATAA,0
TATAATAGCTATTTGT,0
TATAATATATCGATAA,0
TATAATCACAAAACAC,0
TATAATCCAGTCATAA,0
TATAATCCTTCCAGAC,0
TATAATCTCCACATTC,0
TATAATCTGACAACCT,0
TATAATCTGTACGTAT,0
TATAATGATAGCTAAT,0
TATAATGTCACTCAAC,0
TATAATTAAAATCATC,0
TATAATTAACACAAAC,0
TATAATTATTATACAA,0
TATAATTTCGGGTTTG,0
TATACAAAAAAATTCT,0
TATACAAACGTAAATA,0
TATACAAAGGTAAATG,0
TATACAACGAAGAACA,0
TATACAAGAACTAAGG,0
TATACAAGACCAATAC,0
TATACAAGCGTTAGGT,0
TATACAAGGAGCTATT,0
TATACAATAACCTTCT,0
TATACAATACAATTAA,0
TATACAATACCTATGG,0
TATACACAAGACTCCA,0
TATACACAAGGTAAAT,0
TATACACAGTATTGAA,0
TATACACATAACAGAA,0
TATACACATTTGTTTC,0
TATACACCTTCAACTC,0
TATACACTCAATGATG,0
TATACAGTACTTATGC,0
TATACAGTGAGGACGC,0
TATACATAACAAGTTG,0
TATACATATAGACAGT,0
TATACATCCTTTGTAA,0
TATACATGCCGATGAA,0
TATACCAAAAAGGATA,0
TATACCAAAACAGCGA,0
TATACCAAAATCCCCT,0
TATACCAAGATCCCAA,0
TATACCAAGGGCGAAC,0
TATACCAATTATGCGC,0
TATACCACGGAATAAT,0
TATACCATACAAACAA,0
TATACCATTGCAGGAT,0
TATACCCAAACCGAGT,0
TATACCCCATCTAACA,0
TATACCCGGGTGTTTA,0
TATACCCTAGCATAGC,0
TATACCGGAAATTCTT,0
TATACCGTAAAGCGGA,0
TATACCGTACTACCGG,0
TATACCTAAAATGTTA,0
TATACCTATTACAAAA,0
TATACCTCGAGTGGCA,0
TATACCTGCCCACAGT,0
TATACCTGTCATTCTT,0
TATACCTGTTACGCAC,0
TATACGAACATAAGCA,0
TATACGAACCAAAGCT,0
TATACGACTGCATCTC,0
TATACGACTGTTAAGA,0
TATACGAGTGACCCAT,0
TATACGATCGGGATAC,0
TATACGGAAACATCAA,0
TATACGTACATAAACT,0
TATACGTCCACTGTCG,0
TATACGTCGAACATAA,0
TATACTAACAGATATT,0
TATACTAATTGATATC,0
TATACTAATTTGAAAT,0
TATACTACCAGCGCGG,0
TATACTATGAAATAAT,0
TATACTATGCCGGGGC,0
TATACTATTTAGGAGG,0
TATACTCAGATTTACA,0
TATACTCGAGATGGAC,0
TATACTGAGTCTTCCA,0
TATACTGCCTGAGCTC,0
TATACTGTAATACTGT,0
TATACTTAGACAAACA,0
TATACTTAGACCTCGT,0
TATACTTAGACTACAC,0
TATACTTATCAATTAC,0
TATACTTCCCAACCTT,0
TATACTTCTGGATACC,0
TATACTTGGATGTATA,0
TATACTTGTACGAACC,0
TATACTTTTTGAAGGT,0
TATAGAAAAGACAATA,0
TATAGAAATAATCTAG,0
TATAGAACAGAAACTA,0
TATAGAAGAGCTAGTT,0
TATAGAAGGGCAACTT,0
TATAGAATCTTATAAC,0
TATAGACATCAGATAT,0
TATAGACATCCTGATA,0
TATAGACGACGACTGA,0
TATAGACTACAGACCA,0
TATAGACTGCAACCCC,0
TATAGAGAATACCACC,0
TATAGAGATCGTGATC,0
TATAGAGCACTGGGAC,0
TATAGAGTGTTAGCCC,0
TATAGAGTTTCGGCAT,0
TATAGATACAACCTAG,0
TATAGATGGAATAAAA,0
TATAGATGGCAACAGA,0
TATAGATTAACATATC,0
TATAGATTATTTCCTA,0
TATAGATTGAAAGAAA,0
TATAGATTTCAATGAA,0
TATAGCAAATGTGCTA,0
TATAGCAATCGTTTTA,0
TATAGCACCACGCAAG,0
TATAGCACTCTGAAGA,0
TATAGCAGAAATGACC,0
TATAGCATCGTTAAGG,0
TATAGCTAACATGAAG,0
TATAGCTAATAACCAG,0
TATAGCTACAGCCTTA,0
TATAGCTACCTCAAGG,0
TATAGGAAACCCGATT,0
TATAGGAATGTGGAGC,0
TATAGGACATGAATTC,0
TATAGGATCACCATAA,0
TATAGGATTGACAGCT,0
TATAGGCATGGCAGAG,0
TATAGGTAATAGATCC,0
TATAGGTAGAAAGTTT,0
TATAGGTTGGGATGTC,0
TATAGTATAATACTTT,0
TATAGTATACAGAAAT,0
TATAGTATCATCAACA,0
TATAGTATCCGCTATC,0
TATAGTATTACCCAAA,0
TATAGTCAAGGTCAAC,0
TATAGTCATGGAGCAC,0
TATAGTCGGCAAGCTT,0
TATAGTCTTATGAACA,0
TATAGTGAGGAGTAAT,0
TATAGTTACGTAAACC,0
TATAGTTCCCGGTAAA,0
TATAGTTGACCCGATG,0
TATAGTTTATACGTTG,0
TATATAAAAAGCCCTT,0
TATATAAAAGGCGAGG,0
TATATAAACATATTTG,0
TATATAAACTAGTGGT,0
TATATAACCACACACT,0
TATATAACCGGAGCCA,0
TATATAACGATCCCGA,0
TATATAACTATAAAGA,0
TATATAACTTGTCGGG,0
TATATAATAAAGAACT,0
TATATAATAAATGGCT,0
TATATAATATGCTCAA,0
TATATAATCCCTAAAT,0
TATATAATTACACTAT,0
TATATAATTCATTATT,0
TATATACAAAAACGCC,0
TATATACAAACCGGCT,0
TATATACACCCTTCAG,0
TATATACGGTGTAGAA,0
TATATACGTGGGGTAA,0
TATATACTTACTATGT,0
TATATACTTGTAAAGA,0
TATATAGAACTTGTAT,0
TATATAGATCCGCTCT,0
TATATAGCCCAGTTTC,0
TATATAGCTAAGGCAT,0
TATATAGTACATTACA,0
TATATAGTTCATACAT,0
TATATATAACGGGACA,0
TATATATAATCTAATT,0
TATATATATCCCTAAA,0
TATATATCAACAATAG,0
TATATATCAACTACTT,0
TATATATCGGCAGTGG,0
TATATATCTAGAAAAC,0
TATATATGCCTCGGAA,0
TATATATTAAAAAGCA,0
TATATATTAATAGAGC,0
TATATATTAGAACAAG,0
TATATATTAGATTTGA,0
TATATCAACCACGTTT,0
TATATCATGATGCCGC,0
TATATCCAAAAGTATA,0
TATATCCAAAATAAAT,0
TATATCCAACACAGCT,0
TATATCCACTCATAGA,0
TATATCCACTGATATG,0
TATATCCAGAAGGATG,0
TATATCCCAGACGAGA,0
TATATCCCATAATTAA,0
TATATCCCATCTGTAT,0
TATATCCGGCCTTTCA,0
TATATCCGGGATTGTG,0
TATATCCTTAGTCGAC,0
TATATCGGATCTACTA,0
TATATCTAGAAATAAA,0
TATATCTATGAGTGAT,0
TATATCTATTCGGTAC,0
TATATCTCTAAAACAA,0
TATATCTGACCAAGCA,0
TATATCTTAACCTAGT,0
TATATCTTCTCCAAAC,0
TATATCTTTACTAATA,0
TATATGAAGAATATGT,0
TATATGAGATCCGCGC,0
TATATGATAAATACGC,0
TATATGATATCAGTTC,0
TATATGATTACCGTTT,0
TATATGCACATATATG,0
TATATGCGTCCCGCCC,0
TATATGGTTGTGTTGA,0
TATATGTAAATAGAGG,0
TATATGTACCACTGAG,0
TATATGTGAAGAAACC,0
TATATTAATGACGGAA,0
TATATTAATGACGTAC,0
TATATTATAACTTCAG,0
TATATTATAAGTTTAA,0
TATATTATCACCGAAT,0
TATATTCACCAATCAA,0
TATATTCCTGCAGAAC,0
TATATTGAACCTACTA,0
TATATTGATCGTAAAA,0
TATATTGCTAAACTGT,0
TATATTGTAAGACAAC,0
TATATTGTGCTCTCAT,0
TATATTTAAATTGGGA,0
TATATTTAATCATAAG,0
TATATTTAATCCGATT,0
TATATTTTTGCACATC,0
TATCAAAAATAAAAAA,0
TATCAAAACTTAATAG,0
TATCAAAATAAAGCTC,0
TATCAAACAAATTGCA,0
TATCAAACACCCTTAG,0
TATCAAACAGAGTCTA,0
TATCAAACAGTATTGA,0
TATCAAACATAGCATT,0
TATCAAACATGTAACC,0
TATCAAACCGGGTACC,0
TATCAAACTATGCTAC,0
TATCAAACTTGGTCAA,0
TATCAAATATAGTGCC,0
TATCAAATCACGAAGG,0
TATCAAATCACGAAGT,0
TATCAAATGAAACTTG,0
TATCAACAAACCCCAA,0
TATCAACATCAGACGT,0
TATCAACATCTGGACA,0
TATCAACCAACGAACT,0
TATCAACGCAGAGGTA,0
TATCAACGGCATACAC,0
TATCAACTAAGAAAAC,0
TATCAACTTTATGGCG,0
TATCAAGAGATTGGGT,0
TATCAATTGTCAAGTG,0
TATCACAATCCACGTC,0
TATCACAATGGCAAAG,0
TATCACAATTGGGAAA,0
TATCACAATTTTAACT,0
TATCACACTAATTAGG,0
TATCACAGAGAGTAAT,0
TATCACAGCGGACATC,0
TATCACATCCCGCGGA,0
TATCACATGAGTGAGT,0
TATCACATGGCCATCA,0
TATCACATTATATCCA,0
TATCACCAACGATTTC,0
TATCACCATATACACC,0
TATCACCATATAGCAT,0
TATCACCTAAAGCTTT,0
TATCACTAAATTAGCT,0
TATCACTAGGATACTA,0
TATCACTATAAAATTT,0
TATCAGAAGTAAATCA,0
TATCAGACCACTAGAT,0
TATCAGATGAGCAATA,0
TATCAGCACATCTAGC,0
TATCAGCACTCGAAGC,0
TATCAGCAGGTTTTTC,0
TATCAGCGCCAAAATA,0
TATCAGGGTAACAACA,0
TATCAGTAAGCATTTT,0
TATCAGTGGTACGTTT,0
TATCAGTGTCCTTAAT,0
TATCATAAAATAGTGA,0
TATCATAAAGTTCAAA,0
TATCATAATTACAAGA,0
TATCATACCAAATGTG,0
TATCATACTTTTCTAT,0
TATCATATCAAGCTTC,0
TATCATATCTGCCCTA,0
TATCATCAAAAAATAC,0
TATCATCAAGCTGAAA,0
TATCATCAATAGTCAA,0
TATCATCACTTTCTAG,0
TATCATCAGAAGTGAA,0
TATCATCCATAAAGTT,0
TATCATCGAAAAAGGA,0
TATCATCTAGATTATA,0
TATCATCTCTTCATAT,0
TATCATGAGTTACGTA,0
TATCATGCATAAGCAC,0
TATCATGCATCAATGC,0
TATCATGCCAGATAAT,0
TATCATGGAATTAATG,0
TATCATGGTTATGTGG,0
TATCATTAACTAGCAA,0
TATCATTACATATGAC,0
TATCATTATGGACCGA,0
TATCATTCAAAAAAGG,0
TATCATTCACTAACCT,0
TATCATTTTGAACAGT,0
TATCCAAAAGACGATG,0
TATCCAAATATTGTCC,0
TATCCAACAAGAGATT,0
TATCCAACCGACTAGA,0
TATCCAAGAGAACGGT,0
TATCCAAGTCTATAAG,0
TATCCAATAACCGGAC,0
TATCCAATTTATATCT,0
TATCCACAAACTACTC,0
TATCCACCAAACCTCA,0
TATCCACGTTCCGGGA,0
TATCCACTCTGCCGAG,0
TATCCATAATCCAGTA,0
TATCCATAGAGCCATT,0
TATCCATAGTCTCCGA,0
TATCCATGAATCAGAT,0
TATCCATTATTATTGG,0
TATCCCCAACTAATGA,0
TATCCCCATAGAAAAT,0
TATCCCCATATTACAT,0
TATCCCCCAAGTATAG,0
TATCCCCCAATAAACC,0
TATCCCCGCTACTTAC,0
TATCCCTACTGTGGAC,0
TATCCCTCTGACTGAA,0
TATCCGAAGACCGTCC,0
TATCCGAAGGCGCAAG,0
TATCCGATAATTGACA,0
TATCCGATATTATCAC,0
TATCCGATTAGCCCAG,0
TATCCGCCATGAAACC,0
TATCCGCGGAGTTCCG,0
TATCCGCTGCAGTTTT,0
TATCCGGATACAGTCA,0
TATCCGGGACGGCCGA,0
TATCCGTAGCTGAACT,0
TATCCTAAACCCTTAG,0
TATCCTAACCGATACA,0
TATCCTAACTCATCAA,0
TATCCTAATCAAGAAT,0
TATCCTACCACACTTG,0
TATCCTACGAGCAAAT,0
TATCCTAGAATGTATC,0
TATCCTATTAACCAGA,0
TATCCTCACACGTGGA,0
TATCCTCGCCAGGATA,0
TATCCTGTATAAACGG,0
TATCCTTAAAACTGTT,0
TATCCTTAAACTATCA,0
TATCCTTATAAAAGGA,0
TATCCTTGATATAGCA,0
TATCCTTGATGACAGA,0
TATCCTTGGATAAGCG,0
TATCCTTTCACACGGA,0
TATCCTTTGAATTTTA,0
TATCGAAAGTTGTTGA,0
TATCGAAATTACAGGA,0
TATCGAACAACCCCTA,0
TATCGAAGAAAAAAGC,0
TATCGACAAAATAAAG,0
TATCGACAACTCTGTA,0
TATCGACCAAAATAAG,0
TATCGACCGTTTTTCT,0
TATCGAGAGATATCAC,0
TATCGAGCAGACTCAC,0
TATCGAGGCATGTTAA,0
TATCGAGTACATAAAC,0
TATCGATAATTATGGT,0
TATCGATCAAACAGAC,0
TATCGATGCAAATGTC,0
TATCGATTAAAACGTA,0
TATCGATTTATTAAAT,0
TATCGCATACAGGCAA,0
TATCGCCTAAAAAATA,0
TATCGCGAAAAAGTAG,0
TATCGCGTCCATGCCA,0
TATCGCTAACTCGCGC,0
TATCGCTAATAAACGG,0
TATCGCTATACTTTTT,0
TATCGGAAATTATTGC,0
TATCGGACTTAGGGAG,0
TATCGGATGTTTTGAA,0
TATCGGATTCGCTATT,0
TATCGGGGACCATGTT,0
TATCGGTACTAAAGTC,0
TATCGGTATACTGCCG,0
TATCGTAAATAAATAG,0
TATCGTAACATTCGAG,0
TATCGTAAGAAGATAA,0
TATCGTACAAACGTAC,0
TATCGTAGCAAAAAAA,0
TATCGTAGCCCGCATC,0
TATCGTAGCTCAATGT,0
TATCGTAGTGATTATT,0
TATCGTATTTGACCAG,0
TATCGTCCCCAGCTCC,0
TATCGTCGCTTCGAGA,0
TATCGTCGTAGATATA,0
TATCGTCTTGAAGGAC,0
TATCGTGATAGATACT,0
TATCGTTAAAGTGATT,0
TATCGTTTACAGTATG,0
TATCGTTTCACAAGAT,0
TATCTAAAAACAATCC,0
TATCTAAAAGGACAAA,0
TATCTAACAATACGAA,0
TATCTAACCGCTCATG,0
TATCTAACGCGCAAAC,0
TATCTAATGTTTCTAG,0
TATCTAATTTAAGCGA,0
TATCTACAACGGCTAT,0
TATCTACCTAAGGCTC,0
TATCTACGCCCGCCAC,0
TATCTACTATGACGAG,0
TATCTAGTGTCTTAGC,0
TATCTATAAGGCGTGT,0
TATCTATTTTAAAATC,0
TATCTCACAGCGAATC,0
TATCTCACAGCGGATC,0
TATCTCCCAATAGGAT,0
TATCTCCCTACCACAA,0
TATCTCGCTTCAGTCA,0
TATCTCGTCAACTTTC,0
TATCTCTAAAACTATA,0
TATCTCTAAGTTCCTA,0
TATCTCTATGAACAAT,0
TATCTCTGGTCCTAAG,0
TATCTCTTCTACACTA,0
TATCTGATATAGCCTT,0
TATCTGATCCATGACT,0
TATCTGCAACCAGTAG,0
TATCTGGACTACTATT,0
TATCTGGATATTCCTC,0
TATCTGTCACCTTCAG,0
TATCTGTCATAGTCCA,0
TATCTGTGGAAGGCTG,0
TATCTGTTAGCGTAAA,0
TATCTTAAACCCAGCC,0
TATCTTAATCATTCGA,0
TATCTTAGGAGAGAAA,0
TATCTTGAGAAAGCTG,0
TATCTTGGATCAACCA,0
TATCTTGTAAAGCTCT,0
TATCTTTCAACCTGTG,0
TATCTTTCACAATCTA,0
TATCTTTGAGGCTGAC,0
TATCTTTTCCAACATC,0
TATGAAAAAGCAGCCA,0
TATGAAAAAGTACTTC,0
TATGAAAACAGAGATT,0
TATGAAAACGAAAAAT,0
TATGAAAAGAGTAATA,0
TATGAAAGAAACCGCC,0
TATGAAAGTGACTCAT,0
TATGAAATAAGCACTT,0
TATGAAATAATTTAGC,0
TATGAAATACTGTGTC,0
TATGAAATGGATATGA,0
TATGAACACAGCATAT,0
TATGAACATCCGACTT,0
TATGAACCAATATAGA,0
TATGAACCAGGTCATT,0
TATGAACCCAAGAGTA,0
TATGAACCGTCAAAAT,0
TATGAACGTATCGATA,0
TATGAACTAATAAGAA,0
TATGAACTCGACTGGA,0
TATGAAGAAATAAATC,0
TATGAAGATATACAAA,0
TATGAAGCGGTGCAGC,0
TATGAAGGAGTAAGCA,0
TATGAAGGTCAAAAAT,0
TATGAAGTATAGAGAA,0
TATGAATCCAATCCGA,0
TATGAATGTAATAGAC,0
TATGACAACATAGGAG,0
TATGACAATATGTCAG,0
TATGACAGTCTTCTAA,0
TATGACCAATTCTGAA,0
TATGACCACCGCTAAT,0
TATGACCCTATATATA,0
TATGACGAATTCTTAC,0
TATGACGCAAAGCGAC,0
TATGACGGGTAGGTAC,0
TATGACGTTTTCTTAA,0
TATGACTCTTATCTAT,0
TATGACTGGCCCCCTC,0
TATGACTTTTTCATTC,0
TATGAGAAGCATTCAA,0
TATGAGACCATACGAA,0
TATGAGACGAATCACG,0
TATGAGACTACGCTGT,0
TATGAGATCATGTATA,0
TATGAGATTTGGACCG,0
TATGAGCAAACCTAGA,0
TATGAGCAAAGTGGAC,0
TATGAGCATGACACAA,0
TATGAGCCGAATTTCA,0
TATGAGCGACAGGAGC,0
TATGAGGAATGATGAA,0
TATGAGGCGCATCAAA,0
TATGAGGTAAAAAATT,0
TATGAGGTTTGGCCAA,0
TATGAGTAACGATACC,0
TATGAGTAGACGCTAA,0
TATGAGTATTGCTAAG,0
TATGAGTCAAGAATGT,0
TATGAGTCACCGTCAT,0
TATGAGTCAGCTTAAC,0
TATGAGTGAAACAAAA,0
TATGAGTTATATAGGA,0
TATGAGTTTAGAGACT,0
TATGATAAAATCGCCA,0
TATGATAAAGATAATC,0
TATGATAACTGTTAAC,0
TATGATAAGATTGGGG,0
TATGATAAGCCTAAAG,0
TATGATAAGTAAAAAC,0
TATGATAATGGCACAA,0
TATGATAGAAAACACA,0
TATGATAGTCAACCAT,0
TATGATATCCCCCCTC,0
TATGATATCTTACCAT,0
TATGATATGCATTCGT,0
TATGATATTACTAGAT,0
TATGATCATTCTGTGT,0
TATGATCCGATAACCT,0
TATGATCGAATGACTG,0
TATGATCTTACAGGGG,0
TATGATGAGGTGAACT,0
TATGATGCCGCGTTGC,0
TATGATGGATCAAATA,0
TATGATGTATACCGTT,0
TATGATTACCTTATAA,0
TATGATTCAAAACCTA,0
TATGCAAACAAACCAC,0
TATGCAAACCCTGATC,0
TATGCAACAAGGCCAA,0
TATGCAACCAAAATGC,0
TATGCAACCCACAATC,0
TATGCAACGGTTATTG,0
TATGCAATATTTGTAA,0
TATGCAATGAAACCAA,0
TATGCACACACACAGC,0
TATGCACCACGAAAAA,0
TATGCACCCAGAAATA,0
TATGCACGCCTAAGAT,0
TATGCACTATCCAAAG,0
TATGCACTCCCTATTA,0
TATGCAGCGGACAAAA,0
TATGCAGGAATAAGAT,0
TATGCATAATAAGGCT,0
TATGCATCAATCGATT,0
TATGCATTATCTTAGA,0
TATGCATTGCATTGAA,0
TATGCCACACTTGAGC,0
TATGCCAGCAAGGTAC,0
TATGCCATAAGCACTA,0
TATGCCCAACACGGAA,0
TATGCCCAAGATGACG,0
TATGCCCACTCGGAAA,0
TATGCCCCAGACACAA,0
TATGCCCGTCGGACCG,0
TATGCCCTAAAGTGCT,0
TATGCCTAGCACAATA,0
TATGCCTGACTCCGAT,0
TATGCCTGGGAGACAA,0
TATGCCTTCAACTGGC,0
TATGCGCACCGTGATA,0
TATGCGCCTTTGGCCA,0
TATGCGTTCTCAGACG,0
TATGCTACAACGAGTC,0
TATGCTACCAAAGCCC,0
TATGCTAGACCTAAGC,0
TATGCTATTTTGCGGG,0
TATGCTCATCCTTCAC,0
TATGCTCCTATAGTTG,0
TATGCTCTAAACTCGG,0
TATGCTGACTCGAAAT,0
TATGCTGCTCATGGCA,0
TATGCTGCTCTAACCT,0
TATGCTTAAAGCGCGC,0
TATGCTTACCAGACCA,0
TATGCTTCACATAAAT,0
TATGCTTCGCATCTTT,0
TATGCTTTACATTCCT,0
TATGCTTTTTCTCAAT,0
TATGGAAAAGATATGC,0
TATGGAACTCACTTGA,0
TATGGAAGCATTAGAA,0
TATGGAATAGCAAATA,0
TATGGAATGGCCTAAC,0
TATGGAATGTAGCCTT,0
TATGGACACGCTTGAA,0
TATGGACATAAGAAGG,0
TATGGACGGTAGTACA,0
TATGGACTATCAAGAT,0
TATGGAGAACAAATTA,0
TATGGAGCTTAATAGC,0
TATGGAGTGAATAAAA,0
TATGGATAACGAGTTG,0
TATGGATATCGATTTA,0
TATGGATTCAATCGAC,0
TATGGCAACGGATCAG,0
TATGGCATGATTGCAG,0
TATGGGAATGTATCAT,0
TATGGGCATAATCACA,0
TATGGGCCCTGTCAGT,0
TATGGGGTCGAAAAGC,0
TATGGGTACAATTCTG,0
TATGGGTCATAGTTGA,0
TATGGTACCATAAAGG,0
TATGGTAGCGGCCCAC,0
TATGGTCTAAGTCAAG,0
TATGGTGATACGAATT,0
TATGGTTATCTTTAGG,0
TATGGTTATGATGATT,0
TATGTAAAAAAATAAT,0
TATGTAAAAGAGACAC,0
TATGTAAACGCACCTT,0
TATGTAAAGATAAAGG,0
TATGTAAATAGATTGA,0
TATGTAAATGGTCAAG,0
TATGTAAATTTGACTC,0
TATGTAACAAGTCCAG,0
TATGTAAGACCGAAAG,0
TATGTACACCAAAATT,0
TATGTACACCAAACCC,0
TATGTACGATGTTTCA,0
TATGTACTAGGGTCTG,0
TATGTACTGAAATTTT,0
TATGTAGAACATTCGC,0
TATGTAGAACTGTACG,0
TATGTAGATTTGTTGA,0
TATGTATAAATCCCTA,0
TATGTATAAATTAGGG,0
TATGTATCTCCATGTC,0
TATGTATGACTTCATC,0
TATGTATTACCCCGTG,0
TATGTCAATCAAAACT,0
TATGTCATATGGACAG,0
TATGTCATCGAAACAT,0
TATGTCCCACCCCGGT,0
TATGTCCCGTCAATCT,0
TATGTCGAATACACAT,0
TATGTCGATATTAATC,0
TATGTCGTTAACAACC,0
TATGTCTCAACGAAAT,0
TATGTCTTTCGGCCTC,0
TATGTGAAACAATGAT,0
TATGTGAACGAAGGCG,0
TATGTGACTAAAAGCA,0
TATGTGATACTGTACG,0
TATGTGATGTAGGCAA,0
TATGTGCAACCTTCAG,0
TATGTGCAACGAAACA,0
TATGTGCCATACGCAG,0
TATGTGCCCCGCAGCC,0
TATGTGTACGAGTAAC,0
TATGTGTGGGAACGAA,0
TATGTGTTGTACAAAC,0
TATGTGTTTATGCAAC,0
TATGTGTTTGACGGGT,0
TATGTTAAGGGACGTT,0
TATGTTAATAGATATC,0
TATGTTAGGGGTTCTT,0
TATGTTATCCCAGATC,0
TATGTTATGAAGGTAG,0
TATGTTATTTTCTTCG,0
TATGTTCAATTATAAC,0
TATGTTCCGTTACCAA,0
TATGTTGACCAACTCA,0
TATGTTGACTACATAT,0
TATGTTGCTAATAAAC,0
TATGTTGCTATTTGGT,0
TATGTTGTTAGCGCAC,0
TATGTTTAAAAGTTAA,0
TATGTTTATAATGGTA,0
TATGTTTCTGCCAGTA,0
TATTAAAAACAATTAC,0
TATTAAAAAGACAGGC,0
TATTAAAAAGCACAGG,0
TATTAAAACCAATACA,0
TATTAAACAATAAAAC,0
TATTAAACAATGTCCA,0
TATTAAACACCCTTAT,0
TATTAAACCAGAGCTA,0
TATTAAACGAATGCGG,0
TATTAAAGAAGTCTCC,0
TATTAAATAAGTAAAA,0
TATTAAATAGGCGTCT,0
TATTAAATATTAAACG,0
TATTAACAATGTGCGA,0
TATTAACACCACGGGA,0
TATTAACACTTTTCAG,0
TATTAACCAAATAGAA,0
TATTAACCACAAATAA,0
TATTAACCATACTCTA,0
TATTAACCGATGTAAT,0
TATTAACTAAAAGGCC,0
TATTAACTATCGGCCA,0
TATTAACTATGAAAAG,0
TATTAACTTTCATCCC,0
TATTAAGATTGGCGTT,0
TATTAAGATTTGCGGG,0
TATTAAGCCCGAATAA,0
TATTAATAAACCCTCA,0
TATTAATAACACACCC,0
TATTAATAATTCCAGC,0
TATTAATAGGGTTACT,0
TATTAATATACTAAAC,0
TATTAATCACCATAGG,0
TATTAATGACTGAAGA,0
TATTAATGCGAGAACA,0
TATTAATGCTCTAAAC,0
TATTAATTAATCTTGA,0
TATTACAATTCTTCCA,0
TATTACACAATCGTTC,0
TATTACACTATCGGAT,0
TATTACACTGGATCAG,0
TATTACATGAGTGTTG,0
TATTACCACTATGTAA,0
TATTACCACTATTCCA,0
TATTACCGATAAGGTA,0
TATTACCGATATACAA,0
TATTACCGATGTAAAA,0
TATTACCGGTCAATCA,0
TATTACCTACGGAAGA,0
TATTACCTTAACGGCT,0
TATTACGAAGATCATT,0
TATTACGAGGTAAGAC,0
TATTACGCAATGACAT,0
TATTACGCACCTACAA,0
TATTACGCCAACTACT,0
TATTACTAAAACGTCA,0
TATTACTAGCAATTTT,0
TATTACTCCGCAGCGA,0
TATTACTTAATCTGTC,0
TATTAGATTACCATAA,0
TATTAGATTACGTATC,0
TATTAGATTTATTGGG,0
TATTAGCACGTAGCCC,0
TATTAGCAGCGAACGT,0
TATTAGCCATAATTAT,0
TATTAGCCTGTACTAT,0
TATTAGGAAGTGGCCC,0
TATTAGGCTATACGAG,0
TATTAGGTGCCCCCAA,0
TATTAGTACGGGCACA,0
TATTAGTATCGAATGG,0
TATTAGTCTGATGAGA,0
TATTAGTCTGGCTTTG,0
TATTATAAACGATGGC,0
TATTATAAATAGCTAT,0
TATTATAACTCAAAAG,0
TATTATAAGGCCCTCC,0
TATTATAAGGTAGCCC,0
TATTATAATAAGCTAA,0
TATTATACACGCGCAA,0
TATTATACATGCTCAG,0
TATTATACTCTGATTC,0
TATTATAGAAAAAGAC,0
TATTATAGACACTTTG,0
TATTATATCAAGTACT,0
TATTATATCCGAGACA,0
TATTATCAACCAACAT,0
TATTATCACTTCACTT,0
TATTATCCATGTGTCG,0
TATTATCCCATTTGAT,0
TATTATCCGTTCCAAA,0
TATTATCGAAAATCAA,0
TATTATCTACACATAA,0
TATTATCTATGGGGGA,0
TATTATGACGGCCATC,0
TATTATGCACCATCAT,0
TATTATGCCTGGGTAC,0
TATTATGCTGCAGAAA,0
TATTATGGAGCTCAGA,0
TATTATGGATGCAAAT,0
TATTATTAAACCCTTC,0
TATTATTACTAAGGAC,0
TATTATTTATCCGACA,0
TATTATTTTAACTACA,0
TATTCAAAAAAATACC,0
TATTCAACCGGAAAGG,0
TATTCAACCTAGAAAA,0
TATTCAAGCTTTATCG,0
TATTCAAGGTGACCTC,0
TATTCAATAAATCAAA,0
TATTCAATGCGTCATA,0
TATTCACCACGCAAAA,0
TATTCACGCAATGTGA,0
TATTCACTCAGAATCC,0
TATTCACTCGGAGCAA,0
TATTCAGATATTTTTT,0
TATTCAGGTAAAAATG,0
TATTCAGTCTGTATTG,0
TATTCATATATATAAC,0
TATTCATCAGCGCTAC,0
TATTCATCCAGATATG,0
TATTCATCCCAAATAT,0
TATTCATTAATCATAG,0
TATTCCAAGAAAGTAA,0
TATTCCACACTGACCA,0
TATTCCACTAAAAACG,0
TATTCCACTATAGCTT,0
TATTCCACTCTAATAG,0
TATTCCCGAGATACTC,0
TATTCCCTACAGAGTC,0
TATTCCGCAGGCCGTC,0
TATTCCTAATGTCACA,0
TATTCCTTACAAATGC,0
TATTCGACTTGATAAA,0
TATTCGAGAAATACCC,0
TATTCGATATGAGTAT,0
TATTCGATCATGAGTC,0
TATTCGCAGCCAACCT,0
TATTCGCCCCTAACGT,0
TATTCGCCTTAAATCA,0
TATTCGGACGAGATTA,0
TATTCGGCTATGCAAC,0
TATTCTAATCCTAAGA,0
TATTCTACATACTGCT,0
TATTCTACCGGGAAAG,0
TATTCTACTAATGATT,0
TATTCTAGACTCTAAC,0
TATTCTAGCATTTAGG,0
TATTCTATTTAGCCAC,0
TATTCTCAAACAAACT,0
TATTCTCATACTACAT,0
TATTCTCGACAGAAGG,0
TATTCTCTCACTTAAT,0
TATTCTGTTCTCTTAT,0
TATTCTTAAAATGGTG,0
TATTCTTAACAGCTGA,0
TATTCTTCGGGTTAAA,0
TATTGAAAGGAACAAC,0
TATTGAAATCGATAAC,0
TATTGAATAGACGCGC,0
TATTGAATTAGAAACA,0
TATTGACAGCATCGCA,0
TATTGACTATTTAACA,0
TATTGACTGGTATATT,0
TATTGACTTTCTGATC,0
TATTGAGAATACTAAA,0
TATTGAGGAATCGCTA,0
TATTGAGGGTTATATA,0
TATTGAGGTTGGTCAC,0
TATTGAGTACACTTTC,0
TATTGATAATGAAGGG,0
TATTGATACCTTCTGA,0
TATTGATCTAGATTAA,0
TATTGATGATGTTTCG,0
TATTGATGGCTAAAGA,0
TATTGCACAGAAGCAT,0
TATTGCACCAATATTG,0
TATTGCAGAAAAACTC,0
TATTGCATAACTAAAA,0
TATTGCATTATATACC,0
TATTGCATTGATTACA,0
TATTGCCTGACATAAT,0
TATTGCGCTTTTGCTA,0
TATTGCGTATCTATGC,0
TATTGCTAAAATAGAA,0
TATTGCTAATAATTGA,0
TATTGCTTATCGACCG,0
TATTGGACATCACTTT,0
TATTGGAGCATGTGGG,0
TATTGGCAAATATCCC,0
TATTGGCACTTAGACA,0
TATTGGGACATATTTC,0
TATTGTAACGTCCTTT,0
TATTGTACGATGTTTC,0
TATTGTCAATTACAAA,0
TATTGTCGAACGGAAT,0
TATTGTCTAATAAGCC,0
TATTGTGCAATTACAA,0
TATTGTGCTTAAACGT,0
TATTGTTTCATCTATA,0
TATTTAAAAAAGCGAT,0
TATTTAAAAGCTAACC,0
TATTTAAACTATTCTG,0
TATTTAAATTCAGTAT,0
TATTTAAGATTCGAAT,0
TATTTAATCGTTGAAC,0
TATTTAATGCATTAAA,0
TATTTACAATCCCACA,0
TATTTACACGCGCAAA,0
TATTTACAGAGATGTT,0
TATTTACATAATACTT,0
TATTTACATATTGAGT,0
TATTTACCCAAAAAGA,0
TATTTACCCAACAAAA,0
TATTTACGCATATCTA,0
TATTTACTCAGTCAGA,0
TATTTACTCCAGCCCT,0
TATTTAGACAGATACA,0
TATTTAGCTATCAATC,0
TATTTAGCTATGTCCG,0
TATTTAGGTCGGTCGC,0
TATTTAGTTGAAAATA,0
TATTTATAAGAATAAA,0
TATTTATAGTAGGTGT,0
TATTTATCAATTTATA,0
TATTTATCACAGACCG,0
TATTTCAACCCGAAAC,0
TATTTCAACCGAATAA,0
TATTTCAATGAACTTC,0
TATTTCACCAGATATA,0
TATTTCACCAGTAAAG,0
TATTTCAGATACAGCT,0
TATTTCATGTACTGAG,0
TATTTCCAGTCAGACC,0
TATTTCCGAAATCCTA,0
TATTTCCGTTCAACCA,0
TATTTCGAAAGCACCA,0
TATTTCGAGGTTAAAT,0
TATTTCGCCTAGATCC,0
TATTTCGGAACTATAT,0
TATTTCTCTTCAGCCA,0
TATTTGAACCCATCTT,0
TATTTGACGCAGAATG,0
TATTTGATGAATATCT,0
TATTTGCAAACGTCGG,0
TATTTGCATCGATCAC,0
TATTTGCGGCTATCAC,0
TATTTGGAAATAGCGC,0
TATTTGGATGACTACT,0
TATTTGGCAGCGCCAC,0
TATTTGTAATTTACAC,0
TATTTGTGATTATCTA,0
TATTTTAACAAACCTA,0
TATTTTAATCAACTGT,0
TATTTTACCCATCTGG,0
TATTTTAGAACGATTG,0
TATTTTAGCTCGATAA,0
TATTTTATAGCCATGT,0
TATTTTATCGGCCAAA,0
TATTTTATTTATGCAA,0
TATTTTCAAATACGAC,0
TATTTTCATTAAGACG,0
TATTTTCCAAAAGCTG,0
TATTTTGATTTCTCTA,0
TATTTTGTGAGGTCGC,0
TATTTTTGATACGATC,0
TCAAAAAAAAAGCCAT,0
TCAAAAAAAGAACCGA,0
TCAAAAAACATCATAA,0
TCAAAAAAGAAATATC,0
TCAAAAAAGAGAATGA,0
TCAAAAAAGCAAAATC,0
TCAAAAAAGTATCTAT,0
TCAAAAAATAACTCTA,0
TCAAAAAATATCCGCT,0
TCAAAAAATCGGTCAA,0
TCAAAAAATGAAGGCT,0
TCAAAAAATTGCCAGT,0
TCAAAAACAAAAAGCA,0
TCAAAAACAGCATGAA,0
TCAAAAACATAATATC,0
TCAAAAACCGGCCACA,0
TCAAAAACGATTATAA,0
TCAAAAACTGAACTAA,0
TCAAAAAGACATAGTA,0
TCAAAAAGTAGACACC,0
TCAAAAATAAAATATC,0
TCAAAAATAGAAGTCA,0
TCAAAAATTGTCATTG,0
TCAAAACAAATACCAT,0
TCAAAACATAATTGTA,0
TCAAAACATCTCGCCA,0
TCAAAACCAGAAGCGG,0
TCAAAACCCCAAAACT,0
TCAAAACCCTAAGCGG,0
TCAAAACGTACAGGTA,0
TCAAAACTACAGAGAA,0
TCAAAACTCAACTTTA,0
TCAAAACTTGTTCAAC,0
TCAAAAGCCAGGATTC,0
TCAAAAGCGAATTTAA,0
TCAAAAGCGCATCACC,0
TCAAAAGCTAACTATA,0
TCAAAAGGATCATCAA,0
TCAAAATAAAAAGAAT,0
TCAAAATAACAATACA,0
TCAAAATAACATAAAG,0
TCAAAATACCTGCTCA,0
TCAAAATACGGGTACT,0
TCAAAATACGGTGCTC,0
TCAAAATACTGAACAG,0
TCAAAATCATGCATAG,0
TCAAAATCCCGAATAG,0
TCAAAATCCCGGTTAT,0
TCAAAATCCGTGCTAA,0
TCAAAATCTCTACGTG,0
TCAAAATGAAGCATAA,0
TCAAAATGCTAGCTAT,0
TCAAAATGTCCATCTA,0
TCAAAATTAACAATAC,0
TCAAAATTACTCCGGC,0
TCAAAATTACTCTAAC,0
TCAAAATTAGTAACCG,0
TCAAAATTATTTAAGC,0
TCAAAATTCGAATTAC,0
TCAAAATTTAACTAAA,0
TCAAACAAGGTAGGGA,0
TCAAACAAGTAATCAT,0
TCAAACAGGAAGTAAT,0
TCAAACAGGGCTTAAA,0
TCAAACATAATATAAA,0
TCAAACATCGTTAATA,0
TCAAACATGAAACTCG,0
TCAAACATGTAAAGTA,0
TCAAACCAAAGAAGAC,0
TCAAACCAAAGTCATG,0
TCAAACCAACCATCCC,0
TCAAACCAAGGAAGGC,0
TCAAACCACTGAAAAC,0
TCAAACCATGCTATAA,0
TCAAACCCGGATAACT,0
TCAAACCCTTCTAGAG,0
TCAAACCGCAATGAAC,0
TCAAACCTCAACTAGG,0
TCAAACCTGTTAACTT,0
TCAAACCTTACAGCCC,0
TCAAACGATACAGTGC,0
TCAAACGCACGCATCC,0
TCAAACGGCGCCTCGC,0
TCAAACGTATGCTAAA,0
TCAAACGTGGTGCGAA,0
TCAAACTAAAATATAA,0
TCAAACTAAAGTCGTT,0
TCAAACTATGAAAGAA,0
TCAAACTCGGCACCCG,0
TCAAACTGAGACCTCA,0
TCAAACTGCATCACAA,0
TCAAACTGTAACCAAT,0
TCAAACTGTGCCCCCG,0
TCAAACTTAGATCCCA,0
TCAAACTTCATACAAT,0
TCAAACTTGCAGTTCC,0
TCAAACTTGGATAAAT,0
TCAAAGAAAAAAACTT,0
TCAAAGAAATCACAAC,0
TCAAAGAAATGCCGGA,0
TCAAAGAACTGAAAGG,0
TCAAAGAACTTGATAA,0
TCAAAGACAGATTAGC,0
TCAAAGACCATTTACA,0
TCAAAGACCGCGGCGA,0
TCAAAGAGAGGGGATG,0
TCAAAGAGCAAAGTTT,0
TCAAAGAGTATCTCAA,0
TCAAAGATTCCTAAAA,0
TCAAAGATTTCATATT,0
TCAAAGCAAAATTTCG,0
TCAAAGCAACTCCATC,0
TCAAAGCAGGGACCCC,0
TCAAAGCATCCCGCAC,0
TCAAAGCATTCACAAT,0
TCAAAGCCACAATAAA,0
TCAAAGCCCAAGCCAC,0
TCAAAGCCCACCGTCA,0
TCAAAGCGATAATACG,0
TCAAAGCGTCTATGGA,0
TCAAAGCTGTAATTAA,0
TCAAAGGATATCTCTC,0
TCAAAGGATGACTTTG,0
TCAAAGGGTCCCTCTA,0
TCAAAGTAACAGAAAT,0
TCAAAGTAACGAAGGA,0
TCAAAGTACAAATAGA,0
TCAAAGTAGTTACAGT,0
TCAAAGTCAAGGTAAA,0
TCAAAGTGAAACTAAG,0
TCAAAGTTAACTAGAT,0
TCAAATAAACATGCAA,0
TCAAATAAACGAACTA,0
TCAAATAACTGTCTTT,0
TCAAATAAGATAACGC,0
TCAAATAAGATTAGGC,0
TCAAATAATAATTGGA,0
TCAAATAATATAGTTC,0
TCAAATACACGGAGGT,0
TCAAATACATCGATAC,0
TCAAATACCAAAATGC,0
TCAAATACCATTAAAA,0
TCAAATACCCCTTGCA,0
TCAAATACTTAACGTG,0
TCAAATAGACTTACGT,0
TCAAATAGATAACTAT,0
TCAAATAGCGGGACCA,0
TCAAATAGGCCAGTGT,0
TCAAATATATTCGCGG,0
TCAAATATCACTTCGG,0
TCAAATATCCATACCT,0
TCAAATATCTCCTCGT,0
TCAAATATGGTAAATA,0
TCAAATATTAAGTACA,0
TCAAATCAAATAGAAA,0
TCAAATCAACTGGGTA,0
TCAAATCACCTAAAAG,0
TCAAATCACGAATCGT,0
TCAAATCACGATCACC,0
TCAAATCATCCACTAT,0
TCAAATCATGAAATGA,0
TCAAATCATGTAGTGT,0
TCAAATCATTGACGCT,0
TCAAATCCACATCAAG,0
TCAAATCCCACGTCAC,0
TCAAATCCCGTTGATC,0
TCAAATCGACACTGAT,0
TCAAATCGACTACCCT,0
TCAAATCGGATATACG,0
TCAAATCGTTAAGTAG,0
TCAAATCTAAAATCCA,0
TCAAATCTTGAGTAAA,0
TCAAATGAAATAAAGG,0
TCAAATGACGCCCTCG,0
TCAAATGCATTTACAT,0
TCAAATGTAAACGTCG,0
TCAAATGTTTCATTAC,0
TCAAATTCAGTTACTA,0
TCAAATTCCTGTCTAT,0
TCAAATTCTAAGAAAC,0
TCAAATTTACAACCTA,0
TCAAATTTATTAAATG,0
TCAAATTTCGACCTTG,0
TCAACAAAACACGGAA,0
TCAACAAATGAAAGTG,0
TCAACAAATGTTACCA,0
TCAACAACAATACTAT,0
TCAACAACCGAATGAA,0
TCAACAAGCCAAGTGA,0
TCAACAAGCCTAACTA,0
TCAACAAGGCTCCATA,0
TCAACAATAGACAACA,0
TCAACAATCAATATGA,0
TCAACAATGCTAAACC,0
TCAACAATGTTCCACG,0
TCAACACAGACTTTTT,0
TCAACACAGGCTTGTG,0
TCAACACCTAAAATGG,0
TCAACACCTATGTCTA,0
TCAACACGCAGACTTA,0
TCAACACTAATTAAGT,0
TCAACACTTTATATAA,0
TCAACAGAAAACTGTT,0
TCAACAGAGCCAGCCA,0
TCAACAGCAAATGAAT,0
TCAACAGCAAATGATC,0
TCAACAGCATGCACAT,0
TCAACAGTAAGCAAAT,0
TCAACAGTATGAATCT,0
TCAACAGTCCCGGGTA,0
TCAACAGTGCCACAAG,0
TCAACAGTTGAATGTT,0
TCAACATAAAAAGCAC,0
TCAACATAATTCTACT,0
TCAACATACACTCAAA,0
TCAACATAGAACAGTG,0
TCAACATCAGTAATAC,0
TCAACATCTGAAAGGA,0
TCAACATGAATGATCG,0
TCAACATGCCCCCCTC,0
TCAACATGGTGCAGAC,0
TCAACCAAAATCCAAG,0
TCAACCAAATTAAATT,0
TCAACCAACCTGAGGT,0
TCAACCAGGCAACGAC,0
TCAACCCTTAAAGACC,0
TCAACCGAAGACCTGA,0
TCAACCGCCAGAGCAT,0
TCAACCGGCACGATAA,0
TCAACCGGTGTGTTCA,0
TCAACCGTCCTAAACA,0
TCAACCTAATCCCCTG,0
TCAACCTACTTTATAC,0
TCAACCTGAGATTAAT,0
TCAACCTTAGTGAAGT,0
TCAACGAACAAAAGAT,0
TCAACGACACCGGATT,0
TCAACGAGATAGTGAT,0
TCAACGATAACAAATT,0
TCAACGATAAGAATTA,0
TCAACGGAAATTAGAT,0
TCAACGTCGTTCCTCG,0
TCAACGTTCATAAGTT,0
TCAACGTTGATGCGGA,0
TCAACGTTGTGCCAGG,0
TCAACTAAACAAAGCA,0
TCAACTAAGCATGGGT,0
TCAACTACACGTTCAA,0
TCAACTAGAATTATTT,0
TCAACTAGGTACACAA,0
TCAACTAGGTGATGAA,0
TCAACTATAACAAAAC,0
TCAACTATACAACCAA,0
TCAACTATATGGTAAT,0
TCAACTATGTGGCTTG,0
TCAACTCCAAATCGTA,0
TCAACTCCTAACGGAT,0
TCAACTCGAGAAGCAT,0
TCAACTCTAGAGCCGA,0
TCAACTCTGATGGTAT,0
TCAACTCTGGCGTATA,0
TCAACTGCCAAAAGAA,0
TCAACTGCTGCCAAAG,0
TCAACTTAAGACAGAG,0
TCAACTTAGAAACAAA,0
TCAACTTAGGGTTCCA,0
TCAACTTCACTAAAGA,0
TCAACTTTAAACAGAT,0
TCAAGAAAAAAAAACG,0
TCAAGAAACAAGTGAA,0
TCAAGAAAGCTCTATA,0
TCAAGAACACCTATCA,0
TCAAGAACATGGCTAC,0
TCAAGAACCATATGAA,0
TCAAGAACCATTCAAT,0
TCAAGAAGAGGAAAAG,0
TCAAGAAGGTCTTATC,0
TCAAGAAGTGTAAAAG,0
TCAAGAATAGAATAGT,0
TCAAGACACCGGCAAG,0
TCAAGACACCTTTCAA,0
TCAAGACATTTTCGAC,0
TCAAGACGCACCACGA,0
TCAAGAGAAATTTTAA,0
TCAAGATCAAATTTGT,0
TCAAGATGAATACGAA,0
TCAAGATGAGGAGAAA,0
TCAAGATGAGTTATAG,0
TCAAGATGATTGGTGG,0
TCAAGATGCGACAATG,0
TCAAGATGGAGTTGTA,0
TCAAGATTTAATGTGC,0
TCAAGATTTCAGGTAC,0
TCAAGCAAAAACTAAT,0
TCAAGCAAAGGAAGTG,0
TCAAGCAATACCTAGG,0
TCAAGCAATCGCGGAG,0
TCAAGCACAAAAATCC,0
TCAAGCACGCAGATCA,0
TCAAGCATACGCAACT,0
TCAAGCATCACACTTA,0
TCAAGCATTTAAGATC,0
TCAAGCATTTCAAACG,0
TCAAGCCATAATGCAC,0
TCAAGCGATAGGCAAA,0
TCAAGCGTGTACTTTT,0
TCAAGCTAAGCTAGAC,0
TCAAGCTAGAACTGGC,0
TCAAGCTAGTCGGTTC,0
TCAAGCTCGCTGCCAA,0
TCAAGCTCGTTGCTAG,0
TCAAGGAAATAGCTGT,0
TCAAGGAACCAAACTG,0
TCAAGGAAGTCTGTCA,0
TCAAGGAAGTTCGAAT,0
TCAAGGAATTTTATCG,0
TCAAGGACGATAATTA,0
TCAAGGATTGGAAATC,0
TCAAGGCACTAGCACG,0
TCAAGGCTACACACCT,0
TCAAGGCTCTTACACG,0
TCAAGGGACCTCCTGA,0
TCAAGGGAGTATGCCA,0
TCAAGGGCAGCCGTGG,0
TCAAGGGGTACGTTCA,0
TCAAGGGTCACAACCA,0
TCAAGGGTTGTCTTAT,0
TCAAGGTAACTATTCC,0
TCAAGGTCAACAGATG,0
TCAAGTAACTAGCGCC,0
TCAAGTACTTATCTGT,0
TCAAGTATACCTACCG,0
TCAAGTATATATGCCA,0
TCAAGTATCACACGGT,0
TCAAGTCACGCACACA,0
TCAAGTCCAATCACTC,0
TCAAGTCCACTATACC,0
TCAAGTCCCTGTAAAT,0
TCAAGTGGTAACCAAA,0
TCAAGTTATCGATACT,0
TCAAGTTCCCCGTAAA,0
TCAAGTTCTACACACG,0
TCAAGTTGACCCCATT,0
TCAAGTTGATAATAGC,0
TCAATAAAAGGGACTT,0
TCAATAAACTAACTCG,0
TCAATAAAGTAGAGGA,0
TCAATAAATGAGTTAT,0
TCAATAACCCTTAATC,0
TCAATAACCTCACGCG,0
TCAATAAGCAGTCAGG,0
TCAATAAGCTAGTTTA,0
TCAATAAGGTCCATGG,0
TCAATAATAACAAAAA,0
TCAATAATAATCCCCA,0
TCAATAATTAATAACA,0
TCAATACAAAGACTAT,0
TCAATACAACAAAACA,0
TCAATACAACACATTT,0
TCAATACACCGACAGC,0
TCAATACCAGCAATGG,0
TCAATACCCATTTTGG,0
TCAATACCCTGCCATA,0
TCAATACCTCCCCGAA,0
TCAATACGAACGTTTC,0
TCAATACTAAACATTT,0
TCAATACTTTTTCAAC,0
TCAATAGACAAGCTTA,0
TCAATAGATCCTTCAT,0
TCAATAGCATATGGGC,0
TCAATAGTGTATACTT,0
TCAATAGTTCCCCGCG,0
TCAATATACCACTCAT,0
TCAATATAGAGCTTGA,0
TCAATATATACTAATA,0
TCAATATCAGTTAGTA,0
TCAATATGCACAAAGA,0
TCAATATTATTTCCAC,0
TCAATATTTACTGCTT,0
TCAATCAAAAAAAGCC,0
TCAATCAAAGGTGATT,0
TCAATCAACAAATCTG,0
TCAATCAACAACTGTA,0
TCAATCAGAGATAGAA,0
TCAATCAGGACTTACT,0
TCAATCATACACGTTG,0
TCAATCATGAAGAATA,0
TCAATCATGTTATGAC,0
TCAATCCACATCTATA,0
TCAATCCACTTAAGGT,0
TCAATCCAGTCTCTTT,0
TCAATCCATCGTGAGC,0
TCAATCCGAATAGACG,0
TCAATCCTTACTTAGA,0
TCAATCCTTGAAATAT,0
TCAATCGACTCCAAGA,0
TCAATCGGCGCAATAT,0
TCAATCGTCACATATT,0
TCAATCTAGTGTGCTT,0
TCAATCTATATGGCAC,0
TCAATCTATTGAAGCT,0
TCAATCTCCCTCATCC,0
TCAATCTCTTACATAT,0
TCAATCTGCAATGTAT,0
TCAATCTTGGCCCGGC,0
TCAATGAAAAATAACT,0
TCAATGAAACATAATA,0
TCAATGACACAAACCA,0
TCAATGAGTTCGCCTA,0
TCAATGATCCTGATAT,0
TCAATGATTGTAGTAC,0
TCAATGCATCTACCAG,0
TCAATGCGTAGCTAGC,0
TCAATGGAAGTGGCTA,0
TCAATGGCCTTAATCA,0
TCAATGTACTAAAGAA,0
TCAATGTATTCCATAA,0
TCAATGTCGAGGATCC,0
TCAATGTGGGGCAAGT,0
TCAATGTTAATGGGTG,0
TCAATGTTCCGCCAAC,0
TCAATTAAAATCTAAA,0
TCAATTAAATATGGGC,0
TCAATTAACAAACACT,0
TCAATTAATATATTGG,0
TCAATTAATTTGATGA,0
TCAATTACCAGCTTAA,0
TCAATTACCCCTGATT,0
TCAATTAGACGTACCG,0
TCAATTATATCATGAG,0
TCAATTCACACCTCTC,0
TCAATTCATGAATCAA,0
TCAATTCCCAATATGC,0
TCAATTCCCTAGTGTC,0
TCAATTCCTGCATATC,0
TCAATTCGATTATTAT,0
TCAATTGATAATATTG,0
TCAATTGATCTAGTGT,0
TCAATTGCAGATGTCA,0
TCAATTTACATGCAAC,0
TCAATTTACATTGAAA,0
TCAATTTAGGCAAGAA,0
TCAATTTCATAAAACC,0
TCAATTTGAGGAGCTA,0
TCAATTTGCTTACGCA,0
TCAATTTTGAGAAAAG,0
TCACAAAAACTGGAAT,0
TCACAAAAGCATAGTT,0
TCACAAAATAAACCCA,0
TCACAAACATTACGGA,0
TCACAAACCAGTCCCC,0
TCACAAACGGCCCGCC,0
TCACAAACTCGACATG,0
TCACAAAGCAAATTTA,0
TCACAAAGGAATTACA,0
TCACAACAAACTCTTG,0
TCACAACAATCACCTC,0
TCACAACAGCGTTAAT,0
TCACAACGAAATCCCG,0
TCACAACGTGAAAGTG,0
TCACAAGAAAGCAGGG,0
TCACAAGATGAGGCCG,0
TCACAAGATTGAACTG,0
TCACAAGCGAAAATGT,0
TCACAAGGAAGTACCG,0
TCACAAGGAGCCCGGC,0
TCACAAGTTTGTACCA,0
TCACAATAAACATACA,0
TCACAATAATCAGAAA,0
TCACAATAGGATGGAG,0
TCACAATATGAAATTT,0
TCACAATCCGAACTCC,0
TCACAATTAACTAAAA,0
TCACACAAAAGATATA,0
TCACACAAAGCTGCAA,0
TCACACAACCAACAGA,0
TCACACAATCCGTGGC,0
TCACACACCGTACAGA,0
TCACACAGGGAATTAT,0
TCACACATTTTGGTCA,0
TCACACCACGGCGACT,0
TCACACCAGAACTGAT,0
TCACACCATAAGCTGT,0
TCACACCGACATAGAG,0
TCACACCGGCAGTTAC,0
TCACACCTCCGCACGT,0
TCACACCTCCGCCACA,0
TCACACGACTCTGTAT,0
TCACACTACATCATAA,0
TCACACTACCCACCCG,0
TCACACTATAGGGATA,0
TCACACTCACATTCAA,0
TCACACTCCATTTATG,0
TCACACTTGTTATGAT,0
TCACACTTTACTGAAT,0
TCACACTTTTCCCATT,0
TCACAGAAAAACTCCA,0
TCACAGAAAAATATAT,0
TCACAGAATATGTAGT,0
TCACAGACACATAAAC,0
TCACAGACATCACAGA,0
TCACAGACCTATTAAT,0
TCACAGACGTATTCGA,0
TCACAGAGGAATACAT,0
TCACAGAGGGAGATAT,0
TCACAGCAAACCAAAA,0
TCACAGCCTATAAAAA,0
TCACAGCGATATGACA,0
TCACAGCTAAGCAGAG,0
TCACAGCTTTTAGACG,0
TCACAGGACAGACAGT,0
TCACAGGAGAGACCCC,0
TCACAGGCATTATTGC,0
TCACAGTGAGACTTCA,0
TCACAGTGATCTGGCG,0
TCACAGTGGCAATTCG,0
TCACATAAATAGGCGC,0
TCACATAACGCTAAGA,0
TCACATAAGTTCCGTA,0
TCACATAATAGAACCT,0
TCACATAATGTTCCAA,0
TCACATAGAATCCCTC,0
TCACATATAATAATTG,0
TCACATATATACAATA,0
TCACATCAAACTCTTC,0
TCACATCAAATAAGTA,0
TCACATCACTTCTGGA,0
TCACATCGATCCGGTA,0
TCACATGCTAATTAAA,0
TCACATGCTACTCAGA,0
TCACATGTAGTAGAAA,0
TCACATGTATTAACAC,0
TCACATTACACAATAA,0
TCACATTATTATCAGA,0
TCACATTCAGTAAAAC,0
TCACATTCGATAGACT,0
TCACATTCTGAGACCA,0
TCACCAAAATACTTGC,0
TCACCAAGCATGAAAC,0
TCACCAATAATGGATA,0
TCACCAATATACAATA,0
TCACCAATATCATTTT,0
TCACCAATCGATGCTT,0
TCACCACAATCTCTAT,0
TCACCACACTTAAGAG,0
TCACCACAGGATTGGA,0
TCACCACAGTATAGTT,0
TCACCACGCTCATAAT,0
TCACCACGCTTTACTA,0
TCACCAGATCTGGCAA,0
TCACCAGCACTAAACC,0
TCACCAGCCTGCCATC,0
TCACCAGTTCCGGTAT,0
TCACCATACTTCTATT,0
TCACCATATATAAAAA,0
TCACCATCTGTTAGTT,0
TCACCATGAAACTGAA,0
TCACCCAACTTACCCC,0
TCACCCATCACAACTC,0
TCACCCATCCCGCCGC,0
TCACCCCAATGTTCTG,0
TCACCCCATGATTATA,0
TCACCCGGAACCGAAA,0
TCACCCTAATTTGAAG,0
TCACCCTGAATTATAT,0
TCACCCTGAGATCGTG,0
TCACCCTTTCTCCCAA,0
TCACCGAAACATATAA,0
TCACCGAACCGAGAAG,0
TCACCGAAGCCATATT,0
TCACCGAGCTTGAGTA,0
TCACCGATAGTAACGT,0
TCACCGATATATTTGT,0
TCACCGCCACAGTTAA,0
TCACCGCCCCGACTAT,0
TCACCGCCGAAAGCAT,0
TCACCGGGGACTCATT,0
TCACCGTACAGTCTAA,0
TCACCGTACCAATTTC,0
TCACCGTATCCTAACA,0
TCACCGTCTAACCAAT,0
TCACCTAATTTTTAAC,0
TCACCTAGTGCCGATT,0
TCACCTATAACTAAAC,0
TCACCTCCGGATACAA,0
TCACCTTAATAACCAG,0
TCACCTTATAAGACGA,0
TCACCTTGAAAGTGTC,0
TCACCTTGCACTTATT,0
TCACCTTGTCGAATCG,0
TCACGAAAAACTAGTA,0
TCACGAACATTAAAAA,0
TCACGAATAAGGCCAA,0
TCACGAATACCTGATC,0
TCACGAATACTAGGCA,0
TCACGAATTATAAGTA,0
TCACGACAAGAATAGA,0
TCACGACAAGACCTGA,0
TCACGACAATAAAAAA,0
TCACGACCAACTTCGA,0
TCACGACTACAACACA,0
TCACGAGACAGCCTTA,0
TCACGAGCCCCAGCTT,0
TCACGAGCCCCGGGTA,0
TCACGATAAAATCTAA,0
TCACGATCGCCCCTCA,0
TCACGATGACATAACC,0
TCACGATTCTAAAAAA,0
TCACGCAACGACTCAA,0
TCACGCAGACCCGCTC,0
TCACGCATACACACAC,0
TCACGCGCTCAAAATT,0
TCACGCGTTTACTTTA,0
TCACGCTAGCCCAATT,0
TCACGCTATTAAGTAT,0
TCACGCTATTACGGGA,0
TCACGCTCCTCGCCAT,0
TCACGCTTTTAGTGCA,0
TCACGGAAAAATATCT,0
TCACGGACCTGTTGAA,0
TCACGGAGACTGCAAG,0
TCACGGAGCCTCGCGC,0
TCACGGATATTAGATA,0
TCACGGATTTGCAGCC,0
TCACGGCCGGGTGTCG,0
TCACGGCTTTCAATCT,0
TCACGGGATAAATAAC,0
TCACGGGCGTGGTTTC,0
TCACGTACTAAAAATG,0
TCACGTACTCCTGCTC,0
TCACGTATTTGAGCTC,0
TCACGTATTTGATACG,0
TCACGTCTGAGCTTCA,0
TCACGTGATGCGACGA,0
TCACTAAACATATAAA,0
TCACTAAAGACGATGT,0
TCACTAAGCTGATCTG,0
TCACTACACAATTTAA,0
TCACTACACGCGAATG,0
TCACTACCTCCACAAC,0
TCACTACTGAGACTAT,0
TCACTACTGCTCAAAT,0
TCACTAGAATAACTAT,0
TCACTAGATAGCAATG,0
TCACTATGGCTAAAGC,0
TCACTCAATTTCAGAA,0
TCACTCACAGATCTAC,0
TCACTCACTACCTGCT,0
TCACTCATCCATAAAG,0
TCACTCATTTACCTGG,0
TCACTCCGTGGAAACA,0
TCACTCTACGATGCGT,0
TCACTCTTAATGCAAA,0
TCACTCTTATAAACTA,0
TCACTGAATAACAGCA,0
TCACTGAGTTATCAGA,0
TCACTGCAATGGCTTG,0
TCACTGCTGTGTAAGT,0
TCACTGGACAGGCAAG,0
TCACTGGTCATGTCGA,0
TCACTGTAACATAACG,0
TCACTGTCACGAACCC,0
TCACTTAAACACATAA,0
TCACTTAACACAACAA,0
TCACTTACTGGAGCAT,0
TCACTTCGAGAAGACG,0
TCACTTCTACGCAGGC,0
TCACTTCTGTATATAT,0
TCACTTGAACGATCTT,0
TCACTTGAAGCCGCGT,0
TCACTTGGGTGCGGCT,0
TCACTTTGTTAATCTA,0
TCAGAAAAACCCTACA,0
TCAGAAAAACTTTCTA,0
TCAGAAAAAGGCATTT,0
TCAGAAACAATATCGA,0
TCAGAAACATAGAGAG,0
TCAGAAAGACCCTGAC,0
TCAGAAAGATAAACAC,0
TCAGAAATAAACAGAA,0
TCAGAAATAACGAGTT,0
TCAGAAATCCATTGCA,0
TCAGAAATTCATAGGA,0
TCAGAACAAAATCAAA,0
TCAGAACAAAATTAGC,0
TCAGAACAAGATCTAG,0
TCAGAACAGCTAAACG,0
TCAGAACCGAAAGCTC,0
TCAGAACGAAAACAAC,0
TCAGAACTGATATCAA,0
TCAGAACTTAAATGCG,0
TCAGAACTTTTATCTC,0
TCAGAAGACATTCTCG,0
TCAGAAGTTCAAAAAC,0
TCAGAATAATGAGTTT,0
TCAGAATATACCGATT,0
TCAGAATATGACGCAC,0
TCAGAATCAGCATCGT,0
TCAGAATGTAGACGTC,0
TCAGAATGTTGCCGTA,0
TCAGACAAAACCTTAT,0
TCAGACAAAGTGTCAA,0
TCAGACAACAAAATAA,0
TCAGACAATGCTACTG,0
TCAGACACTATGCACA,0
TCAGACAGTGCCCCGA,0
TCAGACATGGACTTAG,0
TCAGACCACTGGTTGA,0
TCAGACCAGCTATGCT,0
TCAGACCATAAATAAC,0
TCAGACCATGAAATTA,0
TCAGACGATAATAAAC,0
TCAGACGATTAGCAGC,0
TCAGACGCGTGGATTA,0
TCAGACTATAAAAACC,0
TCAGACTATTCAGAAT,0
TCAGAGAAATATTAGA,0
TCAGAGAACAATGACT,0
TCAGAGAAGCATCAGC,0
TCAGAGATGCCCCTTA,0
TCAGAGCACACTAATA,0
TCAGAGCCTAAATTTA,0
TCAGAGCTTAAGCAGG,0
TCAGAGCTTTGATTCT,0
TCAGAGGGTTCGAACA,0
TCAGAGTATACCAAGC,0
TCAGAGTGTTATTCAT,0
TCAGAGTTACAAGAAA,0
TCAGATAACGCGTTAT,0
TCAGATAATGGCTCAT,0
TCAGATACAGGCCAAC,0
TCAGATACTCACGAAA,0
TCAGATAGCAATTCCG,0
TCAGATAGGAATTAGA,0
TCAGATCATAACGGGC,0
TCAGATCCTAGCCTCT,0
TCAGATCTACTTAGAT,0
TCAGATCTGTTGTTCC,0
TCAGATGAATTCTTAT,0
TCAGATGCAAGGTGAA,0
TCAGATGCATGTCTCT,0
TCAGATTCTGTAGCTT,0
TCAGATTGCAACAATC,0
TCAGATTTTCGAATAA,0
TCAGCAAAGAAAAGTA,0
TCAGCAAGAAAACGAG,0
TCAGCAAGAGTTATTC,0
TCAGCACAGTTTGCCA,0
TCAGCACATATCACGA,0
TCAGCAGCAACAACAA,0
TCAGCAGCATCCTGGA,0
TCAGCAGCCTGCAGCT,0
TCAGCAGCGAGAAAAC,0
TCAGCAGCTAACGTAA,0
TCAGCAGGATTTATTA,0
TCAGCATAGTGCAAAG,0
TCAGCATATGACTGAT,0
TCAGCCAAACTTGCAA,0
TCAGCCACGCATAAGC,0
TCAGCCCAACCTCCCA,0
TCAGCCCATGGTGGAC,0
TCAGCCCCGGAAGAAT,0
TCAGCCCTAAACCTGT,0
TCAGCCGGAAGGATTG,0
TCAGCCGGACAAACTA,0
TCAGCCTAGCTATCGA,0
TCAGCGAAGGCCTTGA,0
TCAGCGATAAACTCAT,0
TCAGCGCATCCATTAC,0
TCAGCGCGCGATATGA,0
TCAGCGCGGTTAAGCT,0
TCAGCGTATATCATAA,0
TCAGCGTCAATTATCT,0
TCAGCGTCTGCACGAA,0
TCAGCTAACCCTCAGA,0
TCAGCTACTTAGGATC,0
TCAGCTAGCAAACAAT,0
TCAGCTATCGCCATCT,0
TCAGCTCAAGATATAA,0
TCAGCTCCTACATACA,0
TCAGCTGAAATTCCTC,0
TCAGCTGTAGGACTTG,0
TCAGCTTACTAAGCAT,0
TCAGCTTGTCACCGGG,0
TCAGCTTGTCCCGCCA,0
TCAGCTTTACAACCTT,0
TCAGGAACCGCGACAC,0
TCAGGAACCTATCCCG,0
TCAGGAACGAATTCAA,0
TCAGGAACTCAGACTG,0
TCAGGAATTTGATAAT,0
TCAGGACAACGAGGAA,0
TCAGGACACTTGACAG,0
TCAGGACCTAACCGAC,0
TCAGGACCTACCAGAG,0
TCAGGAGGAATATAAA,0
TCAGGAGGAGCGGCAT,0
TCAGGAGTTAAATAAT,0
TCAGGATAACCTCAAA,0
TCAGGATACATCACAA,0
TCAGGATAGAGATAAC,0
TCAGGATATTTGGATC,0
TCAGGATGACCTACTA,0
TCAGGATGCCACGGGT,0
TCAGGCAAACGTCTCT,0
TCAGGCAACAAATACA,0
TCAGGCAGTGACTTGC,0
TCAGGCATAAAAGACC,0
TCAGGCATGCATATCG,0
TCAGGCCATGTTTTTG,0
TCAGGCTATAGTGACA,0
TCAGGGATCCGATACG,0
TCAGGGGGAAGACGCT,0
TCAGGGTCAATTTCCT,0
TCAGGGTTGAAAAATC,0
TCAGGTATACACAAAT,0
TCAGGTCAGAATGCAC,0
TCAGGTGTGTAAGAGA,0
TCAGGTTACATAACGA,0
TCAGGTTACATTACGA,0
TCAGGTTCCCCACACC,0
TCAGTAAACGTCTGCG,0
TCAGTAAAGGTCCCAT,0
TCAGTAACACAAGGAC,0
TCAGTAACATGAACCA,0
TCAGTAACGCGTAAGA,0
TCAGTAAGGTGATTCG,0
TCAGTAATAAATCACT,0
TCAGTAATCCGATCCT,0
TCAGTAATGGCAGCTC,0
TCAGTAATTAGGTCAA,0
TCAGTACAAAACTTTT,0
TCAGTACAACAACGGG,0
TCAGTACATTACATGC,0
TCAGTACTAGGGTTAC,0
TCAGTACTTATAGATA,0
TCAGTAGAATGGATTC,0
TCAGTAGACTAACTCT,0
TCAGTAGCGCTGCGCT,0
TCAGTATAATTACGTT,0
TCAGTCACTATCGAGA,0
TCAGTCAGGCCCTAGT,0
TCAGTCATATGTAAAA,0
TCAGTCATCTTGATCT,0
TCAGTCCACAAACGAA,0
TCAGTCCAGAATTCAT,0
TCAGTCCATAGGAAGA,0
TCAGTCCCACCCCCTT,0
TCAGTCGTCAGCCTGC,0
TCAGTCGTCTTCATAT,0
TCAGTCTTAGAGATCC,0
TCAGTGAAATAAGCTC,0
TCAGTGAACGCTCCAG,0
TCAGTGAACGTGGTAT,0
TCAGTGAAGAGAATAA,0
TCAGTGAAGTAATGAC,0
TCAGTGACCTATTACA,0
TCAGTGATGAGAATTG,0
TCAGTGCACATAGACT,0
TCAGTGCCATCGGGGA,0
TCAGTGCGCCCAATAA,0
TCAGTGCTTCCAAATA,0
TCAGTGGTATTTACAT,0
TCAGTGTGACAAGAGA,0
TCAGTGTTTAATAGAC,0
TCAGTTTTGGCTCTAA,0
TCATAAAAAAGCCCCC,0
TCATAAAACAAGGATA,0
TCATAAAACACTTCAC,0
TCATAAAAGGATCCCA,0
TCATAAAAGGCCTTGC,0
TCATAAAATATACAAA,0
TCATAAACAGAGCGGG,0
TCATAAACATACGCAA,0
TCATAAACCAATTAAG,0
TCATAAACCCGCAGCG,0
TCATAAAGGATCATTT,0
TCATAAAGTCACTAAT,0
TCATAAATAAATTACT,0
TCATAAATATAAGAAT,0
TCATAACAATACAGGT,0
TCATAACACGATGATA,0
TCATAACCTCGCGTCA,0
TCATAACCTGGAAAAC,0
TCATAACGATTATGAA,0
TCATAACTATGTACAC,0
TCATAACTATTCAAAG,0
TCATAACTCGGGGGAA,0
TCATAAGACCAGATGT,0
TCATAAGCTTATCTGG,0
TCATAAGTGACGTCAG,0
TCATAATAGAGTACTA,0
TCATAATAGGTGAAAC,0
TCATAATCACAGATAA,0
TCATAATCCCACCCTA,0
TCATAATCTAAAAAGT,0
TCATAATGCGCAGTTT,0
TCATAATGTGATGAAA,0
TCATAATTAAACAACT,0
TCATAATTTTTTCCGA,0
TCATACAAAAAAACTG,0
TCATACAAATCAGAAA,0
TCATACAATAAAGGCT,0
TCATACAATATCCCCA,0
TCATACAATCAAGATG,0
TCATACACTCTATCAA,0
TCATACACTTAAGATG,0
TCATACATACCTCTAC,0
TCATACATACTACCAC,0
TCATACCATATCTAGA,0
TCATACCCCAAACACA,0
TCATACCGAAAAGAGC,0
TCATACCTCAAGAATA,0
TCATACCTTGTTAGCC,0
TCATACGCTTAACACG,0
TCATACGGACCCTGTA,0
TCATACGGATACTGGC,0
TCATACTAAGAGTAAT,0
TCATACTCCATAAAAA,0
TCATAGAACCCATAAA,0
TCATAGACCAAAAAAG,0
TCATAGATAATATAAA,0
TCATAGATCGAGTCAT,0
TCATAGCCATTTTAAT,0
TCATAGCCTTAAGTTC,0
TCATAGCTAGTGGATG,0
TCATAGCTTTAAATCA,0
TCATAGGTCATTTGAA,0
TCATAGGTTAGGATTA,0
TCATAGTCGACTACAA,0
TCATAGTGCACTATGA,0
TCATATAAAACTGATT,0
TCATATAAACAGAGTT,0
TCATATAAAGGCCTGC,0
TCATATAAGATAAACT,0
TCATATACTACTTGAG,0
TCATATACTTGCGAAA,0
TCATATAGCAACTCAC,0
TCATATATACTTGCAA,0
TCATATATCCGCAAGA,0
TCATATATGCTGGAAC,0
TCATATCACACAGTAC,0
TCATATCACTGTAAAA,0
TCATATCATAAATTAA,0
TCATATCCTCTCGATT,0
TCATATCTTAACGTAA,0
TCATATGAAACGCACA,0
TCATATGACATGATTG,0
TCATATGCTACCTCCG,0
TCATATGTTTGAATCT,0
TCATATTACCGCTAAG,0
TCATATTATGATAAAG,0
TCATATTTTATTACAT,0
TCATCAAACTGTACAA,0
TCATCAAAGGTCATTC,0
TCATCAACATAATATA,0
TCATCAAGATTAGTAT,0
TCATCAAGCAACCTAA,0
TCATCAATACCAAAAA,0
TCATCACCATTATCTT,0
TCATCACCCGCTCAAG,0
TCATCACGGTTGAGTG,0
TCATCACGTAAAAATT,0
TCATCAGTCTGTGGCG,0
TCATCAGTTCCTGTCG,0
TCATCATATTTATTAC,0
TCATCATCCACATAGG,0
TCATCATCTCACTTAC,0
TCATCATGGTAACACA,0
TCATCATTGGAATTAC,0
TCATCCACAAAACCCT,0
TCATCCACCTTAAAAA,0
TCATCCACGCCAAAGA,0
TCATCCACGCTTTGAC,0
TCATCCATGTCAACTC,0
TCATCCCAATAAACCC,0
TCATCCCCATAAGGGT,0
TCATCCCGGCCGCCAA,0
TCATCCGAAACTGCTA,0
TCATCCGGGAATGCAG,0
TCATCCTAAATCTATT,0
TCATCCTATACTTTTT,0
TCATCCTCAATTCCAA,0
TCATCGAACGTCAGAT,0
TCATCGAATGTGGTAG,0
TCATCGAGAGCCAACA,0
TCATCGAGATGCCCTC,0
TCATCGAGATTTTCTA,0
TCATCGGGGCAGGCAG,0
TCATCGTAAATCATAG,0
TCATCGTATTGATTGT,0
TCATCGTCATAGAAAG,0
TCATCGTTTTTTACGA,0
TCATCTAAAAGAAAAG,0
TCATCTAAATTTTTAA,0
TCATCTACGACGCCAC,0
TCATCTATCCCCAAAG,0
TCATCTCAATGACCAA,0
TCATCTCCCCGCAACA,0
TCATCTCGGACCATAC,0
TCATCTCTTAAATGCA,0
TCATCTTAGCCTCCGT,0
TCATCTTCACGCCTAC,0
TCATGAAAACCGATTT,0
TCATGAACAACCATTA,0
TCATGAAGATCATGAG,0
TCATGAATGCTCAGTA,0
TCATGAATTCACATAC,0
TCATGACATAGGATCC,0
TCATGACCCTCGAACC,0
TCATGACCGTTAGTAC,0
TCATGACCTCGATGCG,0
TCATGACGACAAATAT,0
TCATGACTCTCACATA,0
TCATGAGAATAAAAGC,0
TCATGAGCATACCCCT,0
TCATGAGGGGATCAGA,0
TCATGAGGTCATGCAT,0
TCATGAGTAGAAACAG,0
TCATGAGTCGTTAGAG,0
TCATGAGTCTAATTCC,0
TCATGAGTGTATTGCT,0
TCATGATTGATAATTC,0
TCATGATTTCAGACAC,0
TCATGCAGTACGTTTG,0
TCATGCATGTATGTTC,0
TCATGCATTCATGGAA,0
TCATGCCAATGGACGC,0
TCATGCCCGTATCAAG,0
TCATGCCCTTTAAAAA,0
TCATGCCGCAAAAAGT,0
TCATGCGGAATATCAT,0
TCATGCTACAGGCAAA,0
TCATGCTTGTACCATA,0
TCATGGAATTAACTAT,0
TCATGGACATGGTCTA,0
TCATGGAGGACATAAA,0
TCATGGCAACCCTCGT,0
TCATGGCCTTGTTTTA,0
TCATGTAATTGAACTC,0
TCATGTAGAAATTATA,0
TCATGTCAACACGATA,0
TCATGTCACAACCAAA,0
TCATGTCCCCAAAATC,0
TCATGTTATAAGATCC,0
TCATGTTATATAAATT,0
TCATGTTGATCAATCA,0
TCATGTTTATCCTTCA,0
TCATTAAAGAAGGAGT,0
TCATTAAAGTGAACTG,0
TCATTAAATTAATATA,0
TCATTAACAACTTCAA,0
TCATTAACAATCGATA,0
TCATTAAGAATAGACA,0
TCATTAATAAATGCAT,0
TCATTAATAACGTTGA,0
TCATTACAAGAAAATC,0
TCATTACCGGACCTGT,0
TCATTACTGCAACCAA,0
TCATTAGCCCTAGATC,0
TCATTAGTAATTCTAA,0
TCATTATACAAAACAC,0
TCATTATCCGGTAAAA,0
TCATTATCTAAATGCA,0
TCATTATTAGATCAAA,0
TCATTCAATTTGGCAT,0
TCATTCACAAAGGTCA,0
TCATTCACGAAACAAC,0
TCATTCACTACAATAA,0
TCATTCAGATATGCCA,0
TCATTCAGGCAGCTCT,0
TCATTCCACATCAAAC,0
TCATTCCAGATAGCGA,0
TCATTCCATTACAAAT,0
TCATTCCCCAGGGATG,0
TCATTCCCGTGAGTAA,0
TCATTCCCTCCGCCAG,0
TCATTCCCTGGCAAAC,0
TCATTCTACAGATGCC,0
TCATTCTCACGAGAAA,0
TCATTCTCGACGAAAC,0
TCATTCTTCCCACAAT,0
TCATTGAAAAATTAAG,0
TCATTGAAGAAGAAAA,0
TCATTGACAATGAGGG,0
TCATTGCAGACCTAAA,0
TCATTGTACACGCATT,0
TCATTGTCATCCACAA,0
TCATTGTCATGGACGA,0
TCATTGTCCCAAAAGA,0
TCATTGTGAAACAAAA,0
TCATTTAAATAGTTAC,0
TCATTTACATTAGAAA,0
TCATTTACCTTCCGTA,0
TCATTTAGTATCAAAC,0
TCATTTATCAGCCGGT,0
TCATTTATGGACGTAA,0
TCATTTCCGTTTTAAA,0
TCATTTCTAAACTCAG,0
TCATTTCTCCCACGTT,0
TCATTTGAATAAGCAC,0
TCATTTGAATCTAAAA,0
TCATTTGAATTTTATA,0
TCATTTGTACCTTATA,0
TCATTTTAAAATCAGA,0
TCATTTTCGAATCTCA,0
TCATTTTCGCATCAGA,0
TCCAAAAAATTTTCAC,0
TCCAAAAACATAGGAA,0
TCCAAAAATCAGTGGA,0
TCCAAAAATTGATAAC,0
TCCAAAACATAAATAT,0
TCCAAAACTACGGACC,0
TCCAAAAGTAAGGTCT,0
TCCAAAAGTACTGGGT,0
TCCAAAAGTATAGACT,0
TCCAAAAGTATGAAGA,0
TCCAAAATCTAAGAGA,0
TCCAAAATGAAAAATA,0
TCCAAAATGCTGAGAT,0
TCCAAAATTTAGGTTA,0
TCCAAACAACGCGTTA,0
TCCAAACTTATTTTAA,0
TCCAAACTTTACCATT,0
TCCAAAGATTAGAAAG,0
TCCAAAGTCTAACCCA,0
TCCAAATACACTAATA,0
TCCAAATCAACGAGTA,0
TCCAAATCACGCAAGA,0
TCCAAATTCAACTTAT,0
TCCAAATTTGCGAGGG,0
TCCAACAAAAAGTAAA,0
TCCAACAAAAGAAGAT,0
TCCAACAAGAAGAAAA,0
TCCAACAAGCCATCTT,0
TCCAACACTCACAACA,0
TCCAACAGTAACACCT,0
TCCAACAGTGGGGCCA,0
TCCAACATAAGCAATA,0
TCCAACATAGGGGCAC,0
TCCAACCAAAGGGATA,0
TCCAACCACTTGATTG,0
TCCAACCATAAATCGC,0
TCCAACCCTGCATTAA,0
TCCAACCTTAATCAAT,0
TCCAACGCTGAGAGGC,0
TCCAACGGTGAAAGAA,0
TCCAACGTCAGACATG,0
TCCAACGTCCCTAACG,0
TCCAACGTGTGCCTGC,0
TCCAACTAGACGTGTT,0
TCCAACTATATAGTCA,0
TCCAACTGTGAGACTG,0
TCCAAGAAGCCAATGC,0
TCCAAGAATGCCAAGT,0
TCCAAGACATAACTCC,0
TCCAAGATACCATGAC,0
TCCAAGCTATGACGGT,0
TCCAAGTACTACGTTG,0
TCCAAGTCACCGGCAC,0
TCCAAGTGATTAATCA,0
TCCAAGTTTATCCTAC,0
TCCAATAACACACTGA,0
TCCAATAACACTACGG,0
TCCAATAGACAACTCG,0
TCCAATAGACAGCACA,0
TCCAATCATCATATCT,0
TCCAATCCTCCTACCA,0
TCCAATCGACAAATGT,0
TCCAATGAGATGCTGT,0
TCCAATGATTATAAGA,0
TCCAATGATTGTACAA,0
TCCAATGCTCCAACCG,0
TCCAATGTAGAAATTA,0
TCCAATTTGCATATAA,0
TCCACAAAAAATAATA,0
TCCACAAACAAAGACA,0
TCCACAAATAAAACAG,0
TCCACAAGGCACTCCA,0
TCCACAAGTGTAACTA,0
TCCACAATACATAAGA,0
TCCACAATAGGACTAA,0
TCCACAATTCAGCTTA,0
TCCACACAAAATACGA,0
TCCACACAACATGATA,0
TCCACACAGGAGGTTA,0
TCCACACATAACTGTC,0
TCCACACTGTCCCCGT,0
TCCACAGAACCAATAC,0
TCCACAGGACGCTTGT,0
TCCACATGACGTCTAA,0
TCCACATGCTCCTATC,0
TCCACATGGAAGACAC,0
TCCACATTTATATACC,0
TCCACCAACCCAGCCA,0
TCCACCCACCAACTAT,0
TCCACCCCAATACATC,0
TCCACCCCCAGTAAAC,0
TCCACCCTCTGATAAA,0
TCCACCGAACCAAATT,0
TCCACCGGTAAAATAT,0
TCCACCTTAGGCGAAC,0
TCCACGAAACTCATGA,0
TCCACGAAGGTCATTC,0
TCCACGATGTATCCTC,0
TCCACGCCCGAAACTT,0
TCCACGCGGCTGTCGA,0
TCCACGCGTAACGGAT,0
TCCACGGCACGCTAAC,0
TCCACGGGAATTAGCT,0
TCCACGTAGAGCGCAC,0
TCCACGTTAAACATAG,0
TCCACGTTTAAAAATA,0
TCCACTACAACAGATG,0
TCCACTACATCTCAGA,0
TCCACTCAAATCTGAC,0
TCCACTCACCCCATTA,0
TCCACTCCTACCAGGA,0
TCCACTGAAACGAACC,0
TCCACTGTCTAGCATC,0
TCCACTGTTTTCGATC,0
TCCACTTATCCGGAGT,0
TCCACTTTCGTGTTCC,0
TCCAGAAAGGTGAAAC,0
TCCAGAAGGGATCGGG,0
TCCAGACACAACAAAA,0
TCCAGACCCCCAATTG,0
TCCAGACCGTGGGTGA,0
TCCAGACCTGGTACGA,0
TCCAGACGCAATTCAA,0
TCCAGACTAATATTGA,0
TCCAGAGACTCCCCCA,0
TCCAGAGCATGTACGT,0
TCCAGAGCGCCGATGA,0
TCCAGAGGAATATATT,0
TCCAGAGGCGATTTAT,0
TCCAGATCAAAGAAAA,0
TCCAGATGAAACTAAT,0
TCCAGATGCTACAATG,0
TCCAGATTGTGGCACA,0
TCCAGATTTACCCAAC,0
TCCAGCAAAGATGTAT,0
TCCAGCAACAGATTCA,0
TCCAGCAACGCTCCTG,0
TCCAGCAATAACATTT,0
TCCAGCACAACCATCA,0
TCCAGCACAGCCAAAT,0
TCCAGCAGGACGATAA,0
TCCAGCATATCATATC,0
TCCAGCCGACCGAAGT,0
TCCAGCGAGAGATGAC,0
TCCAGCGCCAGGACTA,0
TCCAGCTATACACAGT,0
TCCAGCTTTGTACCGT,0
TCCAGGAGAGTGCTGT,0
TCCAGGATCATAACCG,0
TCCAGGCACAGAGTAC,0
TCCAGGCCGAAAAGGT,0
TCCAGGCTACATGGAT,0
TCCAGGTACCCAATCA,0
TCCAGGTCCCGCGCAG,0
TCCAGTAAGTGTGAAG,0
TCCAGTACTTGACTGC,0
TCCAGTAGTCACTGGC,0
TCCAGTGACTACAGTA,0
TCCAGTGATTCACTCC,0
TCCAGTGTTATTCAAC,0
TCCAGTTAAAGCTCTT,0
TCCAGTTATGGAAAAT,0
TCCAGTTCGCAAACCT,0
TCCAGTTGATATATCC,0
TCCAGTTGCAATCATC,0
TCCAGTTTGATTACAT,0
TCCATAAAACGGGTAG,0
TCCATAAAAGGTTCAT,0
TCCATAACGACGAGAC,0
TCCATAATCAGGTTGG,0
TCCATACAGATCGAGT,0
TCCATACCCGCCTATT,0
TCCATACTTGCACACG,0
TCCATAGAAGTACTGA,0
TCCATAGTAGAAACCC,0
TCCATAGTGATATGCA,0
TCCATATAGGGCCAAC,0
TCCATATCGAATAGTT,0
TCCATATTACAATGCC,0
TCCATATTAGAACCAA,0
TCCATATTATGGAGCT,0
TCCATCAACACTTACA,0
TCCATCAATCTGCTTA,0
TCCATCATATAGTAAC,0
TCCATCATCACTCCTT,0
TCCATCATCTATACCG,0
TCCATCCCATACCGCA,0
TCCATCCCGCTGCACC,0
TCCATCGAAAGAAGCG,0
TCCATCTATAAAAAGG,0
TCCATCTATAAACCAC,0
TCCATGAAAAACGAAG,0
TCCATGCAATTGCATT,0
TCCATGGATCGAAAAA,0
TCCATGGGCGGATGGC,0
TCCATGGTGTTCCGAT,0
TCCATGTTGGTTCGAA,0
TCCATTACCAACACCG,0
TCCATTACGATCAGAA,0
TCCATTACGCTTGCCT,0
TCCATTACTAAAGTTA,0
TCCATTATCAAAGGGA,0
TCCATTATTTGCCAGA,0
TCCATTCAGCACCGCC,0
TCCATTCATATAGGCG,0
TCCATTCTATACAAAA,0
TCCATTGAACCCAATT,0
TCCATTGATAATTTAT,0
TCCATTGCTTAGGAAA,0
TCCATTGTAAACAAGG,0
TCCATTTAACTGTGAA,0
TCCATTTAAGAGGGCG,0
TCCATTTACTTGCACA,0
TCCCAAAAATTCTATC,0
TCCCAAAATTAGTCAA,0
TCCCAAACGATAGAAT,0
TCCCAAATAGCCAAGC,0
TCCCAACAATGTTTGA,0
TCCCAACAGCCAACAT,0
TCCCAACCCAAGAAGT,0
TCCCAACCGCACGAGC,0
TCCCAACGGAGAAACT,0
TCCCAACTCATTTTAA,0
TCCCAAGAAAAAACAG,0
TCCCAAGAATCATTAG,0
TCCCAAGAGTAACCTA,0
TCCCAAGATGCTATCA,0
TCCCAAGTAAGACCTC,0
TCCCAATAAAGCAGCG,0
TCCCAATATCTGGCGA,0
TCCCAATATTGCACCA,0
TCCCAATCTAATTCCC,0
TCCCACAAAGAAACCA,0
TCCCACAACCTGAATT,0
TCCCACACGTCGAGAC,0
TCCCACATCCCGTTGA,0
TCCCACCACCGACAAA,0
TCCCACCTCAAGCATC,0
TCCCACGGGCCACCGG,0
TCCCACGTTAGAAAAA,0
TCCCACTTAAGGATAG,0
TCCCACTTACTTGAGC,0
TCCCAGAAAATGTTCA,0
TCCCAGACGTTACTAG,0
TCCCAGACTAACGCGT,0
TCCCAGAGACGATTTA,0
TCCCAGGACAGATGGT,0
TCCCAGGACGGGCTGA,0
TCCCAGGCTTAGGTAA,0
TCCCAGTGAAAGCACA,0
TCCCAGTTGTAAGATG,0
TCCCATAATTTCTCTC,0
TCCCATACGTAATTAC,0
TCCCATAGATAGTAGC,0
TCCCATATAACACATC,0
TCCCATATCCTCGCGC,0
TCCCATATTCCACCGA,0
TCCCATATTTCCAAAG,0
TCCCATCCAGCAAATG,0
TCCCATCCCTCTGCTT,0
TCCCATCGGCGCAAGT,0
TCCCATTAAACTGAAT,0
TCCCATTACATGCACA,0
TCCCATTACGGCGTAA,0
TCCCCAAAACCTCAAC,0
TCCCCAAAGGGCTTTG,0
TCCCCAACAAAATCTA,0
TCCCCAACATAGGCTC,0
TCCCCAACCTTACCGG,0
TCCCCAACGAATAAAG,0
TCCCCAAGAAAGCACA,0
TCCCCAAGAAATAACA,0
TCCCCAATCACTTTTC,0
TCCCCAGAGTAGTAAT,0
TCCCCAGCGTGCTCAT,0
TCCCCAGGCCCATTCG,0
TCCCCAGTACTGCCGA,0
TCCCCATACAAGTGAT,0
TCCCCATCATCACATT,0
TCCCCATTACTTACCA,0
TCCCCATTTGAATACA,0
TCCCCATTTGAGCTAG,0
TCCCCCAACCACGACT,0
TCCCCCAATGATAACC,0
TCCCCCACATCTATAT,0
TCCCCCAGTGATCAGT,0
TCCCCCATTATCCTTG,0
TCCCCCCTAACACCAG,0
TCCCCCGAATCTGGGT,0
TCCCCCGAGGACAATC,0
TCCCCCGGCGGTGCTA,0
TCCCCGACCCTTTATT,0
TCCCCGCATGAGCTGG,0
TCCCCGCCTGAATAGC,0
TCCCCGCGAACAGGCG,0
TCCCCGCTCAATTGAC,0
TCCCCTAAGCTAAATA,0
TCCCCTAATGCTAATG,0
TCCCCTGAAACAGCGA,0
TCCCCTGGTAAGAAAT,0
TCCCCTTAACTTTGTG,0
TCCCCTTAGCAGCCGA,0
TCCCCTTTATTCGGCT,0
TCCCGAAAAAGTGTCT,0
TCCCGAAAATGCAAAT,0
TCCCGACGGTGGATTA,0
TCCCGACTGTCACTTG,0
TCCCGACTTAGTCCGA,0
TCCCGATAATAGTCGA,0
TCCCGATTACCGTGCA,0
TCCCGCAAGACTCGAA,0
TCCCGCACATAATAAC,0
TCCCGCCACGAACCTA,0
TCCCGCGAATTGACTT,0
TCCCGCGACACCACCG,0
TCCCGGAAAAAATCCG,0
TCCCGGAATCGTGTAT,0
TCCCGGACCTTAACTA,0
TCCCGGACGATCTGGG,0
TCCCGGATCATGTAAC,0
TCCCGGGAATGGCGTT,0
TCCCGGGACATAAACA,0
TCCCGTCCCAGCTTAA,0
TCCCGTCCCTTTTGTA,0
TCCCGTCCTGAGGTTT,0
TCCCGTGCGCCTTTCC,0
TCCCGTTTATAAAAAC,0
TCCCGTTTCATGTACA,0
TCCCTAAAAAAGATTA,0
TCCCTAACGAGCTAAC,0
TCCCTAAGCAACACAG,0
TCCCTAATTTTATATA,0
TCCCTACCAAATGCCT,0
TCCCTACTATACCAAA,0
TCCCTACTATTCAGTC,0
TCCCTATGATAGGTCA,0
TCCCTCACAATGAACA,0
TCCCTCATCACTAATA,0
TCCCTCGAGATGAGAA,0
TCCCTGAAACCCAACG,0
TCCCTGAATCCAGACA,0
TCCCTGCGAAAAACAT,0
TCCCTGCGTAAATACA,0
TCCCTGCTAGAGCCAA,0
TCCCTGCTATAGTTCA,0
TCCCTGTAAAAGATTA,0
TCCCTGTGAAGAAGAC,0
TCCCTTAAAAATTGCT,0
TCCCTTAATCTTTATA,0
TCCCTTACCCTCAGCA,0
TCCCTTAGCCGTCCTT,0
TCCCTTCAAACTACCA,0
TCCCTTCACTCAGCGA,0
TCCCTTCTAATACATC,0
TCCCTTGAAAAAAAAA,0
TCCCTTGAATCTTCCG,0
TCCCTTGATAGACTCT,0
TCCCTTGCCACCATAT,0
TCCCTTGCTACCTAAC,0
TCCCTTTAGTTGGAAT,0
TCCCTTTCATTGCTCT,0
TCCCTTTTGCCGTTTG,0
TCCGAAAAAGAGTGAT,0
TCCGAAACCAGATTCA,0
TCCGAAACCCCCTGAT,0
TCCGAAATATATGCAA,0
TCCGAAATCTGGGACT,0
TCCGAACACTATTAGC,0
TCCGAAGAATTGGGGG,0
TCCGAAGATACAAGAC,0
TCCGAAGATCGAGGCG,0
TCCGAAGGAGGCACAA,0
TCCGAAGGCCGAAACT,0
TCCGAAGTTAATGAGT,0
TCCGAATAGAGTAACT,0
TCCGAATAGATATTGC,0
TCCGAATGAGACGCGA,0
TCCGAATGTCATATAC,0
TCCGAATTAACCCAAT,0
TCCGAATTATATACCC,0
TCCGACAAAAAGGAAG,0
TCCGACACGAGCGATA,0
TCCGACCACGCGTCCA,0
TCCGACCGAAAATGTT,0
TCCGACCGACATCTTG,0
TCCGACCGTAATTTAT,0
TCCGACCTAGTCTAGG,0
TCCGAGAAAACAACCA,0
TCCGAGACAAGACCCC,0
TCCGAGACCGATAAAC,0
TCCGAGACTGGTTCAA,0
TCCGAGCATAAACCAT,0
TCCGAGCTAATAGGTG,0
TCCGAGCTATTAGCCA,0
TCCGAGGAGTATTTGC,0
TCCGAGTTGAAACAGC,0
TCCGATAAGCCTGAAC,0
TCCGATACTTGTATTG,0
TCCGATAGAGTGAGCC,0
TCCGATCAGGGCCAGA,0
TCCGATCATAAGGCCG,0
TCCGATCATTATGATC,0
TCCGATCCATAATCCC,0
TCCGATCCTTATGACC,0
TCCGATGACTTTGTTG,0
TCCGATTAAAATCTGT,0
TCCGATTATGGCTACG,0
TCCGATTGAACCCATC,0
TCCGCAACTCATGCTC,0
TCCGCAATGCCTGAGA,0
TCCGCACAAGGTTAAT,0
TCCGCACCTACTCGAT,0
TCCGCACCTCTAACAC,0
TCCGCAGTGGACCCAA,0
TCCGCATACGTATAAA,0
TCCGCATATTCACCAA,0
TCCGCATCAAGCGTTC,0
TCCGCATCCCTAACAT,0
TCCGCATTAAACGTAC,0
TCCGCCAATGTAAAAA,0
TCCGCCATTAACACAC,0
TCCGCCCCCAGCAAAG,0
TCCGCCTACATTACTA,0
TCCGCGATATCAACCA,0
TCCGCGCATAGTTGTT,0
TCCGCTATTGCAAACG,0
TCCGCTCCGGGCTTGT,0
TCCGCTTACTACATTG,0
TCCGCTTTAAGACAAA,0
TCCGCTTTCGAAAACC,0
TCCGGAAACTACTCCC,0
TCCGGAAGACAGTTAG,0
TCCGGAAGACCTGAGC,0
TCCGGACCAGTCATCA,0
TCCGGACTGCAACAAT,0
TCCGGAGTCTTTACAC,0
TCCGGATCTGCGGAAG,0
TCCGGATTTTCAGAAA,0
TCCGGCATGCCTGCCG,0
TCCGGCCACGTCCGAT,0
TCCGGCTCGGGTCCTT,0
TCCGGGACATACAAAT,0
TCCGGGGCCGTAAAGG,0
TCCGGTAAAAGTACGT,0
TCCGTAAATGATATAA,0
TCCGTAACACATTGTC,0
TCCGTAACCCGATGTC,0
TCCGTAAGCTATAAAG,0
TCCGTAAGGATACTAA,0
TCCGTACACACACACA,0
TCCGTACATCGACTGA,0
TCCGTACGCAAGACGA,0
TCCGTAGAATATTACG,0
TCCGTATAACTTGCAA,0
TCCGTATGCTCAATCA,0
TCCGTCAAAACATACC,0
TCCGTCACGAAGTAAA,0
TCCGTCAGATATGAGA,0
TCCGTCATGATAATGA,0
TCCGTCCACGCGACGT,0
TCCGTCCCATGGGAAC,0
TCCGTCCCTAAAACAG,0
TCCGTCGCTAGTTAGG,0
TCCGTCGGAACTTAAT,0
TCCGTCGGTGTGCGTG,0
TCCGTCGTATCCAAGA,0
TCCGTCTAACGCGAAC,0
TCCGTCTAGAATCTCT,0
TCCGTCTTACTACGTT,0
TCCGTGAACTAAGACA,0
TCCGTGGTAATCAAAC,0
TCCGTTAATTCAGTAT,0
TCCGTTACCTCACAGC,0
TCCGTTATAGCTCCAG,0
TCCGTTCCATTAGATC,0
TCCGTTCTCCGTTATT,0
TCCGTTGACAGGATTT,0
TCCGTTGGATCTCGTG,0
TCCGTTTACGACAGAA,0
TCCGTTTATCGGTGAC,0
TCCGTTTCCAAACGGA,0
TCCGTTTCGTTCACAA,0
TCCGTTTGTTTAAGGG,0
TCCGTTTTGGTAGAAT,0
TCCTAAAACGAACAAT,0
TCCTAAAAGCACTGAA,0
TCCTAAAATAGAGGAT,0
TCCTAAACCATAATCC,0
TCCTAAACTCTATACC,0
TCCTAAAGAAATACAC,0
TCCTAAAGCCCGGACA,0
TCCTAAATACTCTTAA,0
TCCTAAATATATGCCC,0
TCCTAAATATTAGAGA,0
TCCTAAATATTTTTAC,0
TCCTAAATGTATACTG,0
TCCTAAATTCATAGGG,0
TCCTAAATTTTCCGGC,0
TCCTAACGGAAAAAAC,0
TCCTAACGTCTCGATT,0
TCCTAACTAGCCTCAG,0
TCCTAAGAACCCAACA,0
TCCTAAGCAACATGGA,0
TCCTAATACTGTGCAT,0
TCCTAATATAGCATAC,0
TCCTAATATGACGACG,0
TCCTAATCAAGCCTTA,0
TCCTAATCTGCAATGT,0
TCCTAATGTGGCCAAA,0
TCCTAATTTTTAACAG,0
TCCTACAAATGACACT,0
TCCTACAATATTCAGT,0
TCCTACACACAAACAC,0
TCCTACATCCACAATA,0
TCCTACATTACCCGAT,0
TCCTACATTTCTAATG,0
TCCTACCAAAAGTTAC,0
TCCTACCAGATAAGTC,0
TCCTACGATAAATCGT,0
TCCTACGATAACAGTT,0
TCCTACGCTCGACAAT,0
TCCTACGCTGATAATA,0
TCCTACTGACTCACAA,0
TCCTAGAATAAAATAA,0
TCCTAGACCGAAGTGT,0
TCCTAGATACTAATCA,0
TCCTAGCAGAAAACTT,0
TCCTAGCCAAATACGA,0
TCCTAGGTCAAAAGTT,0
TCCTAGTGGAATAATA,0
TCCTAGTTAAACCGCA,0
TCCTATAGAATAAAGA,0
TCCTATATCGGCCCGC,0
TCCTATCACATAAACC,0
TCCTATCCAAAGTGTC,0
TCCTATCCATTACATA,0
TCCTATCGTGAGACAC,0
TCCTATCTACTTCATT,0
TCCTATCTTGAATAGA,0
TCCTATTCTATGAAGA,0
TCCTCAAAATTTATGG,0
TCCTCAAAGTATCAGT,0
TCCTCAATTATACCTA,0
TCCTCACGGGTATCAA,0
TCCTCAGTCAAAAAGA,0
TCCTCATGCAAGATGG,0
TCCTCATGCTGCGGCT,0
TCCTCATTGATCTAGC,0
TCCTCATTTGAATGCT,0
TCCTCCCCAACATGTC,0
TCCTCCGCCAAAGTTT,0
TCCTCGAATCTTCTTC,0
TCCTCGAGATAATTTT,0
TCCTCGATATTATTAG,0
TCCTCGGATTCGCTCC,0
TCCTCGTAAGGACTGA,0
TCCTCGTATGACGAAT,0
TCCTCGTATTATACAC,0
TCCTCGTTAAATATGT,0
TCCTCTAGCAACCATA,0
TCCTCTATGTCTAGCC,0
TCCTCTATTTGCCTTA,0
TCCTCTCCTACAATTG,0
TCCTCTGAGGCATATC,0
TCCTCTGATCCCATTT,0
TCCTCTTAAGCCTGAG,0
TCCTCTTACCTCTTAT,0
TCCTCTTCGCAATAGT,0
TCCTGAAAAATGAAGC,0
TCCTGAAAATCTCTCA,0
TCCTGAAACCAGAGGA,0
TCCTGAAATAAACCAA,0
TCCTGAAATATTGTAA,0
TCCTGAACAGAGTAAT,0
TCCTGAGATAACTCGT,0
TCCTGAGTTAATACGA,0
TCCTGAGTTCACTGAA,0
TCCTGATAAGTCTAAA,0
TCCTGATCGGACAGCC,0
TCCTGCACGTGAAACA,0
TCCTGCAGACTACAGA,0
TCCTGCCAAAAAGATG,0
TCCTGCCAACCAAATC,0
TCCTGCGCGTAGCGAC,0
TCCTGCTATAAGCAAT,0
TCCTGCTATTAGACAT,0
TCCTGGACAACACCAG,0
TCCTGTAAAACGCTAA,0
TCCTGTCACTATTATA,0
TCCTGTCTCTTGAATA,0
TCCTGTTGACACACAA,0
TCCTGTTTAAAGAACG,0
TCCTTAACACCAGGAG,0
TCCTTAACATACGATA,0
TCCTTAACCCACATTA,0
TCCTTAAGAATATAAC,0
TCCTTAATGTCTGGGC,0
TCCTTACCATGAAATC,0
TCCTTACCCCAATACC,0
TCCTTACGAGACAGGC,0
TCCTTAGAGAGTTCTT,0
TCCTTAGGGTAATTAT,0
TCCTTATACGTGATTG,0
TCCTTATGATAGTGCA,0
TCCTTCAGAATAAAAA,0
TCCTTCCACCCAAACT,0
TCCTTCCGGATATTAC,0
TCCTTCCTTGAAATGA,0
TCCTTCTGCTAACAAT,0
TCCTTCTTTAGTAGAT,0
TCCTTGAACAAACGAG,0
TCCTTGAACTCCAGGA,0
TCCTTGAAGTTTTACG,0
TCCTTGAGGTCAGAAA,0
TCCTTGGGCTAAGAAA,0
TCCTTGGTGCTGTGTC,0
TCCTTGTCATCTTCAT,0
TCCTTGTCGATAAAAT,0
TCCTTTACAGTGATGA,0
TCCTTTACCTTCACGG,0
TCCTTTAGGGGGTACT,0
TCCTTTAGGTTCCGGA,0
TCCTTTATGTTTAGAC,0
TCCTTTCCTGGTAGTG,0
TCCTTTGGGCCACTTA,0
TCCTTTTAAAAGATTG,0
TCCTTTTACATGCTGA,0
TCGAAAAAACAATGTT,0
TCGAAAAACATAGAAC,0
TCGAAAAATAGCTAAC,0
TCGAAAAATTGGCTCA,0
TCGAAAACGCACGAAA,0
TCGAAAAGAATCCGTA,0
TCGAAAATAAAAAACG,0
TCGAAAATCGCCCCGG,0
TCGAAAATTATACCTT,0
TCGAAAATTGCATACC,0
TCGAAACAGTCAAGAC,0
TCGAAACCGCATAGTC,0
TCGAAACCGCTACACA,0
TCGAAACCTGATTATG,0
TCGAAACGCACACCCT,0
TCGAAACTGGGCAGAC,0
TCGAAAGCAAGAGAGA,0
TCGAAAGGCTGGAAGT,0
TCGAAAGTACGACGCG,0
TCGAAAGTGATTCCAT,0
TCGAAATATGGATAGC,0
TCGAAATGACAACAAA,0
TCGAAATGTATATATC,0
TCGAACAAAACATTAT,0
TCGAACAAGTATAGTT,0
TCGAACAATGGGTAAG,0
TCGAACACAAACGAAT,0
TCGAACATCCGCACCC,0
TCGAACATGATAAATG,0
TCGAACATTTTACGCA,0
TCGAACGAAATTAAAC,0
TCGAACGAATGTGTAC,0
TCGAACGGACACACTA,0
TCGAACGGCTCCCCAA,0
TCGAACTACAACATAA,0
TCGAACTACCATATAA,0
TCGAACTATTCTTAAA,0
TCGAACTTCACTGTAG,0
TCGAAGAAAAAGCCAT,0
TCGAAGACGAGCGAAA,0
TCGAAGAGCAGGAAGC,0
TCGAAGAGCCCTCACT,0
TCGAAGAGTAACGGCA,0
TCGAAGAGTCGGACTT,0
TCGAAGCCTTGCGATG,0
TCGAAGGACGACTTAC,0
TCGAAGTAAGATCCAT,0
TCGAAGTAATAAAAAG,0
TCGAAGTACAATCGAT,0
TCGAAGTGTCATACAC,0
TCGAAGTTACCCATAC,0
TCGAATAAGCAGGCGC,0
TCGAATAATATGTATA,0
TCGAATACCATAAAAT,0
TCGAATAGGCTGTCAT,0
TCGAATCAAGTAAAAC,0
TCGAATCCTGAAATAA,0
TCGAATGCAAAGCTAA,0
TCGAATTAAAAAAAAC,0
TCGAATTCTTCACGCC,0
TCGAATTTAATCCCCT,0
TCGAATTTATCCACAG,0
TCGAATTTGATTAGAC,0
TCGAATTTGTTGTTGT,0
TCGACAAAACGTAAAT,0
TCGACAAACGCGTCTT,0
TCGACAAAGCGCAGTC,0
TCGACAAATAATCGTG,0
TCGACAAATTGTAGGA,0
TCGACAACGCGTCACT,0
TCGACAAGAGACAGAC,0
TCGACAAGTCAGAGTG,0
TCGACAATATCTGCCT,0
TCGACACCAGAAGATA,0
TCGACACCCACGCCCA,0
TCGACACTCATAAAAA,0
TCGACACTTACGACCC,0
TCGACAGGAAACCGTG,0
TCGACATGAGCTAATC,0
TCGACATTTGACGAGG,0
TCGACCAATCCCCGAT,0
TCGACCAATTTATTTA,0
TCGACCCTTAACCCAC,0
TCGACCTGGACTCACA,0
TCGACCTTATAAGCCA,0
TCGACCTTCGGAAATT,0
TCGACGACATAACGCT,0
TCGACGATAGACTATG,0
TCGACGCACTATCCTG,0
TCGACGCATGAACAAT,0
TCGACGCGATCACATA,0
TCGACGGAGTTTGGTG,0
TCGACGGGTACCAGTA,0
TCGACGGTTCACATAA,0
TCGACTAATCAAAGTT,0
TCGACTCCTTCAAATT,0
TCGACTCGCGCACCTA,0
TCGACTCGGGCTCATA,0
TCGACTCTCTTGAGTA,0
TCGACTGAACATTGAA,0
TCGACTGTTCCTCACG,0
TCGACTTACTATAGTA,0
TCGAGAAAAAAAGACA,0
TCGAGAAAAAACCAAA,0
TCGAGAAAAAAGGAAT,0
TCGAGAAAGTCGTATG,0
TCGAGAAATCCCATCC,0
TCGAGAAATTTGACAT,0
TCGAGAACGCCTTCGA,0
TCGAGAACTGCGCGCT,0
TCGAGAAGAAATGGAG,0
TCGAGAAGACATCTCA,0
TCGAGAAGGACGGCAG,0
TCGAGACACCTAGAGT,0
TCGAGACCTCGGTATA,0
TCGAGACGAAGCCTGA,0
TCGAGACGTGCATTTT,0
TCGAGACTATGAGACT,0
TCGAGACTGATGCTAC,0
TCGAGATATACGTATC,0
TCGAGATGTAAAGTAT,0
TCGAGATTAATTGATG,0
TCGAGATTTAACTCAT,0
TCGAGCAATAGGCCAC,0
TCGAGCACGAATCACG,0
TCGAGCACTATGCAAT,0
TCGAGCCACATTTAAC,0
TCGAGCCCTTATGGAT,0
TCGAGCGACACGCATT,0
TCGAGCTATAGCATCT,0
TCGAGCTCAAACTCCA,0
TCGAGCTTCTTGAAGC,0
TCGAGGAATACGGCCA,0
TCGAGGACAAATTATA,0
TCGAGGACGTAAAGTA,0
TCGAGGATCTATAATA,0
TCGAGGATGAGGATTC,0
TCGAGGATGTCTGATA,0
TCGAGGCAAGTTCACG,0
TCGAGGCCATATCGCT,0
TCGAGGCTTACGTGCG,0
TCGAGGTTCCCGTTGG,0
TCGAGTATAATAACCC,0
TCGAGTCTTCTGATTC,0
TCGAGTGAAAAACGGA,0
TCGAGTTCACACACGT,0
TCGAGTTTGAGTGAGA,0
TCGATAAAAGTGACAG,0
TCGATAAACAAATAGC,0
TCGATAACAAGGATCT,0
TCGATAAGAAGAGCAT,0
TCGATACAGCCCAAAA,0
TCGATACGATTGGGAA,0
TCGATAGCCCATACGG,0
TCGATATACGACTTAG,0
TCGATATCCACAAGCT,0
TCGATATCGAACCGGA,0
TCGATATGCAGACTGG,0
TCGATATTTACGGTTA,0
TCGATCACAAAGTACC,0
TCGATCATACAGGGAG,0
TCGATCCAGGGCCCCG,0
TCGATCCCAGAAGCAT,0
TCGATCTAACCAAAGG,0
TCGATCTACAATAGCA,0
TCGATCTATGTAAATT,0
TCGATGAAACAGCAAA,0
TCGATGAAATCTTGCC,0
TCGATGAAGAAATCGA,0
TCGATGAAGTGTAAAA,0
TCGATGAATGTTGTGC,0
TCGATGCCTTTTCGTA,0
TCGATGCGATCTAAGC,0
TCGATGGCGAGTCTTT,0
TCGATTACTACATACT,0
TCGATTACTACCTCCA,0
TCGATTCATAAGCCAC,0
TCGATTGACTATCGAG,0
TCGATTGCTATACAGT,0
TCGATTTATTTAATAT,0
TCGCAAAAAAACAACA,0
TCGCAAAAAATCTAGA,0
TCGCAAAAGATAATAA,0
TCGCAAACACATGCCA,0
TCGCAAACACCTCCAT,0
TCGCAAATCAACGAAA,0
TCGCAAATCGACAAAG,0
TCGCAACAATAAGTGG,0
TCGCAACAGTATTGTA,0
TCGCAACCCGATCCCT,0
TCGCAACCTAATTGCT,0
TCGCAACTAAGATTAG,0
TCGCACACATAAGTCA,0
TCGCACATCAGCGTCA,0
TCGCACCAAAAATTTC,0
TCGCACCAACACACAC,0
TCGCACCATCAAAGTG,0
TCGCACTAGACGCAAA,0
TCGCAGGACGCGATTC,0
TCGCAGGAGTAAAGAA,0
TCGCAGTAAAAGTCAT,0
TCGCATAAATAAAGCT,0
TCGCATAATCGATGGA,0
TCGCATACCAGGAAAC,0
TCGCATATAAACAAAA,0
TCGCATCAGATGATGA,0
TCGCATCCATAAGTCC,0
TCGCATCCTCATCGTA,0
TCGCATCGCTAAGATA,0
TCGCATCTATTCAGCC,0
TCGCATCTCTACATCC,0
TCGCATCTTATAAGAA,0
TCGCATGGACCAAAAA,0
TCGCATGTAGAGTTCA,0
TCGCATGTGAAGACGC,0
TCGCATGTGCGAATGA,0
TCGCATTTTTGCGCCC,0
TCGCCAAATAAAAAAA,0
TCGCCAACATAGTCTA,0
TCGCCAACTTTATGCA,0
TCGCCAATAGTATACT,0
TCGCCATCGCAATCTA,0
TCGCCCCAGGTTGGCC,0
TCGCCCCCAAAACAAA,0
TCGCCCCTATCGAGAT,0
TCGCCCGTGCTCAGAG,0
TCGCCCTCTCGAGACA,0
TCGCCGACAAATCACT,0
TCGCCGACTGTTACTA,0
TCGCCGGAATTGTTGA,0
TCGCCGGCTCACCACT,0
TCGCCGTGGTGGCCCG,0
TCGCCGTTTAAAAGAG,0
TCGCCGTTTTCAAAAT,0
TCGCCTATACAGGCCA,0
TCGCCTCCTGCCACGA,0
TCGCCTGGATGATGGA,0
TCGCGAATCAATAGGG,0
TCGCGAGAGCTCCCTG,0
TCGCGATCTAGGAAAC,0
TCGCGCAAGCAGAATA,0
TCGCGCTCCACCAGTA,0
TCGCGCTTGGATCGTC,0
TCGCGGAGATCAATGC,0
TCGCGGGTGATTATAG,0
TCGCGGTATAGAATCT,0
TCGCTAACACGCATAC,0
TCGCTAACATAACATC,0
TCGCTAACATTTCTTA,0
TCGCTACAGAATGCAG,0
TCGCTAGAAGGAGATT,0
TCGCTAGCAGAGTCAC,0
TCGCTAGGCGTATCTG,0
TCGCTAGTTCAACACC,0
TCGCTATAAGAACTGT,0
TCGCTATACACCTCAA,0
TCGCTATATCACAAGA,0
TCGCTATCCAATTCAA,0
TCGCTATGAATGAACT,0
TCGCTCAACACCAATG,0
TCGCTCATAAATTAAA,0
TCGCTCCTACTAAGAC,0
TCGCTCTATAAGATAT,0
TCGCTCTGTGTCGATC,0
TCGCTGACCACGCTTT,0
TCGCTGCCCTAGTCTT,0
TCGCTGCTGATGTCGG,0
TCGCTGTCACAAAAAA,0
TCGCTGTCATAATTAC,0
TCGCTTAAAATCTTAA,0
TCGCTTCCCGTCTGAT,0
TCGCTTTCACGCGAAT,0
TCGCTTTTAGAGATCG,0
TCGGAAAAAATTACTG,0
TCGGAAAAAGGCTGAA,0
TCGGAAACCAAAAGAG,0
TCGGAACAACTAGTAT,0
TCGGAACCGAAAATAA,0
TCGGAAGTCCAAGACG,0
TCGGAATAAAATAGAG,0
TCGGAATCTGAGAGCA,0
TCGGAATGAGCAAATA,0
TCGGAATGATTGCAAA,0
TCGGAATGCCTAGGAC,0
TCGGAATGCTTAGTGT,0
TCGGAATTCAAAATTG,0
TCGGACCATCGCATTT,0
TCGGACCCCTTCATCT,0
TCGGACTAACTTTACC,0
TCGGACTGGATTAACG,0
TCGGAGACTTCACAAG,0
TCGGAGCGGAACTTGA,0
TCGGAGGACTAAATCG,0
TCGGAGGATCCATGAT,0
TCGGAGTTAAATGGAG,0
TCGGATAAAGCCGATG,0
TCGGATACAAGAGATA,0
TCGGATACCTCTTGGC,0
TCGGATACGTAACTTC,0
TCGGATAGGAGTCAAC,0
TCGGATATATTTAAGA,0
TCGGATATGTTTTAGA,0
TCGGATCCACGCATAC,0
TCGGATGAAATTCTGC,0
TCGGATGCAACATCCC,0
TCGGATTCGCACATCC,0
TCGGATTGGAGAATAT,0
TCGGATTTCGAGAAGA,0
TCGGCAAACCAGCAAC,0
TCGGCAATGATAGATG,0
TCGGCACGATTATGGT,0
TCGGCATATACCACAG,0
TCGGCCATAAAATCCA,0
TCGGCCCACATGCACT,0
TCGGCCGCTAATAACA,0
TCGGCCTTAAGACGTA,0
TCGGCGATTACGAACT,0
TCGGCGCACATGAGTA,0
TCGGCGCCGATAACAC,0
TCGGCGGAAGAGATTA,0
TCGGCTATGAAATCGT,0
TCGGCTGAAATCACCA,0
TCGGCTGTACACTATC,0
TCGGCTTAGTATTCAG,0
TCGGCTTTAGACGCTC,0
TCGGGAAAGGAGAAAA,0
TCGGGAACCACCGAAT,0
TCGGGACTCTAAAGGA,0
TCGGGATTCCATCAGA,0
TCGGGATTCGACTGGT,0
TCGGGCAAATTAATCA,0
TCGGGCAACACTATGA,0
TCGGGCACTAGATTTC,0
TCGGGCCCTCGGCCGC,0
TCGGGCGCTAAATACT,0
TCGGGCGTAATAAGCT,0
TCGGGCTATGCTTACT,0
TCGGGCTGCATAGAAG,0
TCGGGGACCTAAAAAT,0
TCGGGGTTGCGCCTTA,0
TCGGGGTTTTCAATAC,0
TCGGGTGAAATCTAAA,0
TCGGTAACGATAATAC,0
TCGGTAACGCAAAAAA,0
TCGGTAAGGAGCAACA,0
TCGGTACACAAACGCA,0
TCGGTACCACCAACAA,0
TCGGTACTAGCAATTA,0
TCGGTAGCGATGACGC,0
TCGGTATAAGGCAATA,0
TCGGTATTCTACATAC,0
TCGGTATTTAAGGAGC,0
TCGGTCAATAATCTTA,0
TCGGTCAATATCCGAA,0
TCGGTCCGAAAAAGGG,0
TCGGTCGTACGCCCCG,0
TCGGTCTATGCCTCAA,0
TCGGTGATTTAACCGA,0
TCGGTGTATACCTCGC,0
TCGGTTAACCTCGAAG,0
TCGGTTAAGAGCGGTC,0
TCGGTTACTCCAGTTA,0
TCGGTTAGGATGTCAA,0
TCGGTTCAAAGCTACA,0
TCGGTTCCGACATCCA,0
TCGGTTGCAATTTAAA,0
TCGTAAACGTTAATTA,0
TCGTAAACTTCTAAAA,0
TCGTAAAGAATAGAGA,0
TCGTAAAGGTGTACGA,0
TCGTAAATAATCCCAC,0
TCGTAACCATTTAAAT,0
TCGTAAGAGGATATCA,0
TCGTAAGCCGCATAAA,0
TCGTAATATCGACTTT,0
TCGTAATCAAATGCGC,0
TCGTAATCATTGACAA,0
TCGTAATGAAATTACA,0
TCGTAATTTCGGCGGT,0
TCGTACAAAAACCTTA,0
TCGTACAAAGGTATAT,0
TCGTACAACACCTGGA,0
TCGTACACATCTTACT,0
TCGTACACTCAGATGA,0
TCGTACATCAGTAAAG,0
TCGTACCATACGACTA,0
TCGTACCCGGCTTCAA,0
TCGTACCGGAAATGAA,0
TCGTACGAGTTCCCCG,0
TCGTACTAACTCATAC,0
TCGTACTAGACTACAT,0
TCGTACTGTAATCGAG,0
TCGTAGAAACACACCC,0
TCGTAGAGGCCGTACA,0
TCGTAGATACAAATCT,0
TCGTAGCATTATAACG,0
TCGTAGCCTTGTAAGC,0
TCGTAGGATCAAACAA,0
TCGTAGTGAATAAAGC,0
TCGTATATGCCACCGC,0
TCGTATGAATGAACGT,0
TCGTATGATCGGCTTC,0
TCGTATGCGTACAAAT,0
TCGTATGCTCTCTTGA,0
TCGTATGGTCACACCT,0
TCGTATTCTAGGCGCC,0
TCGTATTGAGAATTAC,0
TCGTCAAAATTTAGCA,0
TCGTCAATCATAGCGT,0
TCGTCAATTACTCAGC,0
TCGTCACACAAACTTC,0
TCGTCACGTGTTTATT,0
TCGTCACTCATGGCAG,0
TCGTCATAATATACAA,0
TCGTCATGTCGACAGT,0
TCGTCCAGAGATACAA,0
TCGTCCCGAGGTCCAG,0
TCGTCCCGGCATCTAG,0
TCGTCGAATGATGACT,0
TCGTCGAGCAATAAAG,0
TCGTCGAGCACTATAG,0
TCGTCGCAAGACAGCT,0
TCGTCGCAATTCATAT,0
TCGTCGGCGTTGCTAA,0
TCGTCGTATAATACCT,0
TCGTCGTCAACACCAA,0
TCGTCTCAATAAACAA,0
TCGTCTCAATAGCATT,0
TCGTCTTGAAAGGAGG,0
TCGTGAACCATTCAAT,0
TCGTGACTTGCTACCG,0
TCGTGATTATAACAGC,0
TCGTGCCCGCGTAAGC,0
TCGTGGACAAAAAAAC,0
TCGTGTCACCTCTCCA,0
TCGTGTCTGACTTAAT,0
TCGTTAAAAAGAAATC,0
TCGTTAAATAATCACC,0
TCGTTAATATAATATA,0
TCGTTACTTACAACCC,0
TCGTTACTTATTCGTA,0
TCGTTAGTAATATATA,0
TCGTTATATATAGACA,0
TCGTTATTGGACATTC,0
TCGTTCAATCAGTAAA,0
TCGTTCAGATCTTTCC,0
TCGTTCCGAATACACA,0
TCGTTCCGTAAAATAT,0
TCGTTCTCTATTAACG,0
TCGTTGGAACGACCGG,0
TCGTTGGCACGGTCAT,0
TCGTTGTCCCAACGAC,0
TCGTTGTCTAATTTAC,0
TCGTTTATGCCTCATA,0
TCGTTTCTAATGACCA,0
TCGTTTTCTGAACCAT,0
TCGTTTTCTTCGCATC,0
TCTAAAAAACTGGGGC,0
TCTAAAAAATTCGCCT,0
TCTAAAAAGATCAAGA,0
TCTAAAAAGTAACTAT,0
TCTAAAAATGAATTAA,0
TCTAAAACAAATTTAT,0
TCTAAAACGATAAGCA,0
TCTAAAACTTTGCTAA,0
TCTAAAAGAATACACC,0
TCTAAAAGACTTAAAC,0
TCTAAAATAACTAAAT,0
TCTAAAATACACACTC,0
TCTAAAATCACTAATA,0
TCTAAAATCCAATAAT,0
TCTAAAATTGTCCTGT,0
TCTAAAATTTTAGCGC,0
TCTAAAATTTTCGGGA,0
TCTAAACAAACTGTTA,0
TCTAAACAATGGAGTC,0
TCTAAACACAAAGATC,0
TCTAAACACGCCTGTT,0
TCTAAACAGAAAACCA,0
TCTAAACCCATAAACT,0
TCTAAACCGGATTCAA,0
TCTAAACCGTGTTGTG,0
TCTAAACGAAGAGTAC,0
TCTAAACGAGTGAACC,0
TCTAAACGTAGAGCGA,0
TCTAAACTATTAACAG,0
TCTAAACTGACGTCCA,0
TCTAAAGACGAGACCA,0
TCTAAAGCACCGAACT,0
TCTAAAGTATCCGAAC,0
TCTAAAGTATTTGCAC,0
TCTAAAGTCACATCGG,0
TCTAAATAACCATTAC,0
TCTAAATCAGATCATA,0
TCTAAATCAGCTAAAG,0
TCTAAATCCCAGAGCT,0
TCTAAATCGCCGTGTT,0
TCTAAATCTTTAAGAT,0
TCTAAATTAATTTCGG,0
TCTAACAAAAACACGT,0
TCTAACAAGATGCCCC,0
TCTAACACGTGCCACC,0
TCTAACACTTTACGCT,0
TCTAACATGCAAACCA,0
TCTAACCAACCGCTTG,0
TCTAACCACCAATCCA,0
TCTAACCACCCGGAGG,0
TCTAACCTCGATTCAA,0
TCTAACCTGACGCTAC,0
TCTAACGAACCGGACA,0
TCTAACGAAGAGGCGG,0
TCTAACGATTCTATTT,0
TCTAACGCAGGTTGGA,0
TCTAACGTCCGCTAGG,0
TCTAACGTTTGCTGAA,0
TCTAACTAAATAAACC,0
TCTAACTAGGCTTTTT,0
TCTAACTATCAAAAGT,0
TCTAACTATCTATATG,0
TCTAACTGTCCAATAC,0
TCTAAGAAAACACAAA,0
TCTAAGACTCCAGAGA,0
TCTAAGACTGGATGAA,0
TCTAAGAGGCATGAAT,0
TCTAAGATATCGCTCC,0
TCTAAGCAAATATTTA,0
TCTAAGCAACGATATC,0
TCTAAGCCCAAGAATT,0
TCTAAGCCGAGGCTAA,0
TCTAAGCGCATACAAT,0
TCTAAGCGGATTACAT,0
TCTAAGTCGAGAAACC,0
TCTAAGTCTCAATGTT,0
TCTAAGTTCCACAAAA,0
TCTAAGTTCGGCCGAA,0
TCTAAGTTTTATGATA,0
TCTAATACATATGGAC,0
TCTAATAGAGTATTGA,0
TCTAATAGATGAATTG,0
TCTAATATAAAAACGT,0
TCTAATATAATATTCA,0
TCTAATATAGATCCGT,0
TCTAATATATTAGGAG,0
TCTAATCAACGTCTGT,0
TCTAATCATACTGACA,0
TCTAATCCAATGCTAA,0
TCTAATCCCACTCTTG,0
TCTAATCCGCTGGCTC,0
TCTAATCCTTCTCCAC,0
TCTAATCTATCCTTGA,0
TCTAATGCATGAAACT,0
TCTAATGCTCACTAAC,0
TCTAATGGGATGTCAG,0
TCTAATGTCCCGTATA,0
TCTAATTAAGGCAATG,0
TCTAATTAATAAGTAA,0
TCTAATTACGGCAACA,0
TCTAATTATGTGCCTG,0
TCTAATTCATAAAGAA,0
TCTAATTCGTGAATAT,0
TCTAATTGAAGCATCT,0
TCTAATTGCCAGACCA,0
TCTAATTTCTTCCACC,0
TCTAATTTGCGACGAA,0
TCTAATTTTGAATGTG,0
TCTACAAAGTATACAA,0
TCTACAAATTTCCCGC,0
TCTACAACAATTATCA,0
TCTACAACACTGTGAT,0
TCTACAACTACACTAT,0
TCTACAATAGCGACTT,0
TCTACACAAGACATGA,0
TCTACACACACGGTAG,0
TCTACACACCCCCGCA,0
TCTACACACTACACTC,0
TCTACACATGACCATA,0
TCTACACCTAATGTAA,0
TCTACACTAATACTCT,0
TCTACACTGCTATTTT,0
TCTACACTGGCAAGAA,0
TCTACACTTATAAGGA,0
TCTACAGACTATAAGG,0
TCTACAGCCCGAAATA,0
TCTACAGCGGCCCAGA,0
TCTACATACAAACAAG,0
TCTACATCTCTGCAGT,0
TCTACATTGATTTTTT,0
TCTACATTTTAAATGT,0
TCTACCATAGTTCACA,0
TCTACCATTCACTTCA,0
TCTACCGAAGTTGACA,0
TCTACCGACGGACAGC,0
TCTACCGCGATATGTG,0
TCTACCGTTGTGTACG,0
TCTACCTCAAGCGGAA,0
TCTACCTCCGAACTCT,0
TCTACCTCTACCTCCA,0
TCTACCTCTCGAAACA,0
TCTACCTCTGGAAACC,0
TCTACCTGAGAAACGA,0
TCTACCTGCAACCGAT,0
TCTACCTGGATTGAAT,0
TCTACGACATAGGAAA,0
TCTACGAGACCTTGTT,0
TCTACGAGTGCGAGAA,0
TCTACGATTACAGAAA,0
TCTACGCCCTAGCAGG,0
TCTACGGGAAATTTAC,0
TCTACGTGAAAGCCAA,0
TCTACGTTTCTCTTCG,0
TCTACTAAAAATTGAC,0
TCTACTAAAGACCCAA,0
TCTACTAATGGACACA,0
TCTACTCAATATTGCC,0
TCTACTCCCCTTAATA,0
TCTACTCTAAAATGAT,0
TCTACTGATGTCTATT,0
TCTACTGCAGATAAGA,0
TCTACTGTAGAGGCAT,0
TCTACTGTCCACCACT,0
TCTACTGTTTTGTGTA,0
TCTACTTCATCGAACA,0
TCTACTTGAATATTTC,0
TCTACTTGCATCTCCA,0
TCTACTTTCCTTCTCA,0
TCTAGAAAAACTGGTG,0
TCTAGAAACAAATCCC,0
TCTAGAAAGTTTGAGA,0
TCTAGAACATGAGGGA,0
TCTAGAACCTAATGCC,0
TCTAGAACTCCCAACA,0
TCTAGAAGCCCCATAA,0
TCTAGAATATCTACAC,0
TCTAGAATATGACAAG,0
TCTAGAATTCACGCAC,0
TCTAGAATTCTCTATG,0
TCTAGACAAAAACCAA,0
TCTAGACAAAATCGTC,0
TCTAGACAAAGTATCC,0
TCTAGAGAATTTAGAT,0
TCTAGAGACTTTTGAC,0
TCTAGAGATCATTCAG,0
TCTAGAGCTTACAGAG,0
TCTAGAGGAACAATTA,0
TCTAGAGTATTGAAAA,0
TCTAGAGTCAGTATAC,0
TCTAGATAACCAAAAC,0
TCTAGATATAACACAC,0
TCTAGATATAATAAAA,0
TCTAGATATACGGTAA,0
TCTAGATCAAAACATC,0
TCTAGATCATCCATAA,0
TCTAGATCGAACATCA,0
TCTAGATCGACCACCA,0
TCTAGATCTCCCGGTC,0
TCTAGATGTCGCGCTT,0
TCTAGATTAAGGGGCA,0
TCTAGATTCAAAAACC,0
TCTAGATTCCCAAGTA,0
TCTAGATTTAGGATTT,0
TCTAGATTTGTGCTTT,0
TCTAGATTTTACGGTA,0
TCTAGCAACGACAAGG,0
TCTAGCAACTACTTGG,0
TCTAGCAAGATATACT,0
TCTAGCAATCATAGAC,0
TCTAGCAATGTGACTC,0
TCTAGCAGTTTAGTGC,0
TCTAGCATACTTGAAA,0
TCTAGCATTAAAAAAA,0
TCTAGCCCATAAGGAT,0
TCTAGCCCCTTAAATC,0
TCTAGCGCAAGTTCAT,0
TCTAGCGCGTATAACC,0
TCTAGCGGTGAGCTAA,0
TCTAGCGTTAAGATGT,0
TCTAGCTACACACCAG,0
TCTAGCTAGCATGAAC,0
TCTAGCTAGGACCCGA,0
TCTAGCTATGCCAATA,0
TCTAGGAAGAACCTGA,0
TCTAGGATCGGATCCC,0
TCTAGGCAAAAATAAG,0
TCTAGGCAAAGAGACG,0
TCTAGGGGTTAAGAGT,0
TCTAGGGTTGGCAACA,0
TCTAGGTAACCAACTG,0
TCTAGGTATCTCCCCA,0
TCTAGGTCCATATCGG,0
TCTAGGTTAAATCTCC,0
TCTAGGTTACAATTTG,0
TCTAGTAGATTTCGTT,0
TCTAGTATACATCCCT,0
TCTAGTATTCCAATAC,0
TCTAGTCAATTAGGGC,0
TCTAGTCACACATGAG,0
TCTAGTCTTAAGTTTT,0
TCTAGTGAGAGACTAA,0
TCTAGTGTGGGATTCC,0
TCTAGTTACCCTCACC,0
TCTAGTTCCTTGACTC,0
TCTAGTTGAGCTATTA,0
TCTATAAAAAAAGGTT,0
TCTATAAAATTATGAG,0
TCTATAAACAAACCAA,0
TCTATAACAAACCCAC,0
TCTATAAGAGAACTAA,0
TCTATAATGTACTCGA,0
TCTATACAAAATTGCG,0
TCTATACAGATGCTTC,0
TCTATACATTAGTGAG,0
TCTATACCAGTCCTAA,0
TCTATACGGTCAGGCC,0
TCTATACTGCGTAGCA,0
TCTATAGATTTAAGAG,0
TCTATAGCAAATCCAC,0
TCTATATAATGCAACT,0
TCTATATAATTACATG,0
TCTATATGCTGAAGTA,0
TCTATCAAACATATGA,0
TCTATCAAAGAAAAGA,0
TCTATCAAGACATGAA,0
TCTATCACAACCCACA,0
TCTATCCAATCCCGAC,0
TCTATCCATGGTTAGG,0
TCTATCCGGACCCCGC,0
TCTATCCGTAGGCAAT,0
TCTATCCTCCAAACTA,0
TCTATCCTTATGAGAA,0
TCTATCGAGAAATAAA,0
TCTATCGCGCCTGTCT,0
TCTATCGTTAGATTAT,0
TCTATCTACGGACGTA,0
TCTATCTGAGGGTAAC,0
TCTATCTGCTTCAGAC,0
TCTATCTTATTGCAAA,0
TCTATGACACGAAATT,0
TCTATGAGACAATCCG,0
TCTATGATATTGGCCC,0
TCTATGATGAAACAGT,0
TCTATGATGATGCACT,0
TCTATGCAGACTACAC,0
TCTATGGAACGTATTC,0
TCTATGGAGTGAACAC,0
TCTATGTCAACTAATG,0
TCTATTAATAAAATGG,0
TCTATTAATAAATACT,0
TCTATTACTCGGAGAG,0
TCTATTAGATACAGCT,0
TCTATTCCCGCGAGAC,0
TCTATTCTTTAGACAG,0
TCTATTGCAGCCGGCT,0
TCTATTGCATACTCGT,0
TCTATTGTAGATTGAC,0
TCTATTTTAAATAGAC,0
TCTATTTTAGTTCGAT,0
TCTCAAAAACCTTAAA,0
TCTCAAAAATCAAAAA,0
TCTCAAAATAACCAGC,0
TCTCAAACATAAGATA,0
TCTCAAAGTAAAATAG,0
TCTCAACACCCGACCA,0
TCTCAACGGATCAGGA,0
TCTCAACTCTCAATTT,0
TCTCAAGAATGGTTAC,0
TCTCAAGACATGAGCA,0
TCTCAAGACTTTACAA,0
TCTCAAGCGGAAAAAA,0
TCTCAATAAAATGGCT,0
TCTCAATAACAAGGCG,0
TCTCAATAATGATACG,0
TCTCAATATAAAACAC,0
TCTCAATCAAATTTAG,0
TCTCAATCTTTACATA,0
TCTCAATGTCGGTAAT,0
TCTCAATTAATGCCCT,0
TCTCACAACCAACATC,0
TCTCACCAATAATCAA,0
TCTCACCAGACGTAAA,0
TCTCACCATATAACGA,0
TCTCACCTAAATATCT,0
TCTCACGACTTCTTCA,0
TCTCACGCCCTGAATA,0
TCTCACGCTCTAAATA,0
TCTCACGTGCCAAGAG,0
TCTCAGAAGCTGCGTA,0
TCTCAGACCTTCATGC,0
TCTCAGAGACTTTGGT,0
TCTCAGAGCACGTAAT,0
TCTCAGGAGGCATATT,0
TCTCAGTACATGACCG,0
TCTCAGTAGAACTCAC,0
TCTCAGTATGATCCCT,0
TCTCAGTGAAACCTCC,0
TCTCATAAAAAAATTG,0
TCTCATAAACGTACTA,0
TCTCATAAGGGTAGAT,0
TCTCATAATGCCGGAA,0
TCTCATATACTAGTTA,0
TCTCATCTAGGATTCG,0
TCTCATGCTGTACAAC,0
TCTCATGTACAATAAA,0
TCTCATGTGGTGAGAT,0
TCTCATTAGACGTGGG,0
TCTCATTCCTACGATG,0
TCTCATTCGAAAACCT,0
TCTCATTCTGTTAGCA,0
TCTCCAAAACTGATCA,0
TCTCCAAACGAATGTA,0
TCTCCAACAACAGTAA,0
TCTCCACACAAAATAG,0
TCTCCACCAAAAACAC,0
TCTCCACTAAATATGA,0
TCTCCAGACCTTCCTA,0
TCTCCCACATTCGAGG,0
TCTCCCAGCTTATAGG,0
TCTCCCATTGTCCAGA,0
TCTCCCCAGCGTGACC,0
TCTCCCTCCCCCTAAA,0
TCTCCCTTCAAAACAG,0
TCTCCGAATATAAACG,0
TCTCCGATAGGATTAT,0
TCTCCGATGAATTAAG,0
TCTCCGGCCCTGGACA,0
TCTCCGTATAAGCAAA,0
TCTCCGTCAAAATACC,0
TCTCCGTGGCAATAGG,0
TCTCCTCTAAACAGAA,0
TCTCCTGAAAAAGTGC,0
TCTCCTTAAAATATAA,0
TCTCGAAAAATACAAA,0
TCTCGAACAAATAAGG,0
TCTCGAAGTATGTGAC,0
TCTCGACCATTATACG,0
TCTCGACGCGGTCCAA,0
TCTCGAGACCAATGAG,0
TCTCGAGCCTCCATCC,0
TCTCGATAAATGTACA,0
TCTCGATACTAACACC,0
TCTCGATCCGACGTCT,0
TCTCGATCGGCTGTCG,0
TCTCGATGAGTCAGAT,0
TCTCGCAATATGCAAT,0
TCTCGCATAACGTTTA,0
TCTCGCCATGCTGCTA,0
TCTCGCCCACATGAGA,0
TCTCGCCGAATCAAGA,0
TCTCGGAAAAATTATA,0
TCTCGGCAATAACTCC,0
TCTCGGCATTACGCTT,0
TCTCGGGAGCTTAGGA,0
TCTCGGGGTATAGACC,0
TCTCGGTACGAAGAAA,0
TCTCGGTCAGAACAGC,0
TCTCGTGATGCCCTGA,0
TCTCGTGATTAATAAA,0
TCTCGTGGCATTCCAC,0
TCTCGTGTCGTCCGAA,0
TCTCGTTGTCTCCCCC,0
TCTCGTTTGGACGAAG,0
TCTCTAAAAAGATGAC,0
TCTCTAAAAATAGACC,0
TCTCTAAACAAGCGAC,0
TCTCTAACGGACGTAT,0
TCTCTAAGAACCCACC,0
TCTCTAATCTAGTAAC,0
TCTCTACATTCTAATG,0
TCTCTACCAACCATGC,0
TCTCTACTGGTTCAGG,0
TCTCTAGACGGAAATA,0
TCTCTAGATTAATATT,0
TCTCTAGATTTTCGAC,0
TCTCTAGCACGAAGGG,0
TCTCTAGCGAATATTT,0
TCTCTATACGTCACCT,0
TCTCTATAGAACATAC,0
TCTCTATCGTATAAAC,0
TCTCTATCTCTGAGAT,0
TCTCTATCTGCGACAT,0
TCTCTATGTTGGGGGC,0
TCTCTATTCCGTACTG,0
TCTCTCAATGGAGTAG,0
TCTCTCACATTAAAGA,0
TCTCTCCAAACCATTC,0
TCTCTCCCTTAGTATA,0
TCTCTCCTGCCTCCCA,0
TCTCTCGGATCAGGCA,0
TCTCTGATATCTGACA,0
TCTCTGCAGACTACTC,0
TCTCTGCATTACGGTG,0
TCTCTGCCTGACATAA,0
TCTCTTCCAACCAGCA,0
TCTCTTCTTATTGATC,0
TCTCTTGACTGTTAGG,0
TCTCTTGATAATCTAT,0
TCTCTTGGGATAGTAT,0
TCTCTTTACAGCACAT,0
TCTCTTTCGGCTTTGT,0
TCTCTTTTCCTGAGGA,0
TCTGAAAACAGCGCTC,0
TCTGAAAAGACTTACA,0
TCTGAAAATTAAGAAA,0
TCTGAAACACGAATCC,0
TCTGAAACTTAGACAA,0
TCTGAAAGAACGCTTA,0
TCTGAAAGGAATGGGT,0
TCTGAACAGCATAAAA,0
TCTGAACGCGGATATC,0
TCTGAACTGCCTGTAG,0
TCTGAACTGCGGAGTA,0
TCTGAAGTTTCTATTT,0
TCTGAATAAACCACCT,0
TCTGAATAACCGATGA,0
TCTGAATATACGAAAA,0
TCTGAATCAATCAACA,0
TCTGAATGAATTCCGT,0
TCTGAATGCAACAGAT,0
TCTGAATGCAATGAAT,0
TCTGAATGCATGTTAT,0
TCTGACAGTTTCTCGA,0
TCTGACCGCGCACTAG,0
TCTGACCTCAACCACG,0
TCTGACGTCAATCCAC,0
TCTGACTACAAGAGCC,0
TCTGAGAATGTTAATG,0
TCTGAGACGGGAATTT,0
TCTGAGATACCTATGA,0
TCTGAGATTGTGTTTT,0
TCTGAGGATAAGTAAT,0
TCTGAGTATCTAGGAT,0
TCTGATAAAAAAAGAA,0
TCTGATAAACACCCAG,0
TCTGATAAGTCTTTGG,0
TCTGATACATTTACCA,0
TCTGATAGCGGCGGGA,0
TCTGATATACATGGGC,0
TCTGATATCAGACCAC,0
TCTGATGAAGTTTAGA,0
TCTGATGAATGCCAAG,0
TCTGATGAATGCTCAC,0
TCTGATGACACAATTT,0
TCTGATGACTAAAAAC,0
TCTGATGATATTACGA,0
TCTGATTAACCACCAT,0
TCTGATTGGTTGCCGA,0
TCTGATTTGAACTTCG,0
TCTGCAAATATAGCTT,0
TCTGCAAATGCACCGC,0
TCTGCAACAAACCGGC,0
TCTGCAACAGAGGGCC,0
TCTGCAAGATAATATT,0
TCTGCAATAAATACTT,0
TCTGCACAAACACTGC,0
TCTGCACAATTCATTC,0
TCTGCAGAGGAGAATA,0
TCTGCAGTCCTGCAAC,0
TCTGCATACATTCAAT,0
TCTGCATATAGCGAAC,0
TCTGCATCACAAGAAA,0
TCTGCCACCAAACTAT,0
TCTGCCATAACTGCAC,0
TCTGCCATAGATGTTG,0
TCTGCCGAAAATCAAA,0
TCTGCCGCTAGAAATA,0
TCTGCCTAATGTTCTA,0
TCTGCCTAGAAAATTA,0
TCTGCCTCGACACACA,0
TCTGCCTGCATTGAAG,0
TCTGCGCCTACTATCA,0
TCTGCGGCACCGCCTA,0
TCTGCGTCCACGAATT,0
TCTGCTAACGTAACAA,0
TCTGCTAAGCGGTTAC,0
TCTGCTTCGAAATCCC,0
TCTGCTTGAAGGCACA,0
TCTGGAAATGAAAAAA,0
TCTGGACAGGGACTCG,0
TCTGGACCGGAATCGG,0
TCTGGACGCCTTCAAA,0
TCTGGAGGACGTTAGA,0
TCTGGATCAAGACTAA,0
TCTGGATGTATAAATT,0
TCTGGCAAATAATATT,0
TCTGGCAATAATGCGA,0
TCTGGCATTACAGGTA,0
TCTGGCCAAGCCTCAC,0
TCTGGCCCAAATAGCT,0
TCTGGCCTGCCTCATG,0
TCTGGGAGATATCATC,0
TCTGGGATTGCATGTT,0
TCTGGGCTACAAGCAT,0
TCTGGTACAGCAACAA,0
TCTGGTCCATTTCGCC,0
TCTGGTCCCAAAAGAC,0
TCTGGTTGACGGATAT,0
TCTGGTTTCCGAGGAC,0
TCTGTAAAACCAGGGC,0
TCTGTAAATGAAACAA,0
TCTGTAATTTACGTTC,0
TCTGTACATCACACAA,0
TCTGTAGAGGTAACAG,0
TCTGTAGTCACCGGGC,0
TCTGTAGTTATACTTA,0
TCTGTATACAAATTGT,0
TCTGTATTGAAGCTAA,0
TCTGTCAAAAACCAAA,0
TCTGTCAAAGAAACCG,0
TCTGTCACCTACAATT,0
TCTGTCACTACGGGAT,0
TCTGTCAGACTGTATG,0
TCTGTCCCTTCTAACA,0
TCTGTCCGGAATAAGA,0
TCTGTCCTCCGATTTT,0
TCTGTCGAGCTAAAAA,0
TCTGTCTAAACAAGAG,0
TCTGTCTAGAGTGCCT,0
TCTGTCTCTATTTCTG,0
TCTGTGAGTGCATGGA,0
TCTGTGCAACTAGAAA,0
TCTGTGGATACTGATC,0
TCTGTGGCTTTTTGCA,0
TCTGTTAAAATGGTAA,0
TCTGTTAAAGAAAGAA,0
TCTGTTAGAGTCGCTA,0
TCTGTTAGGACATACG,0
TCTGTTGATCGCGGTT,0
TCTGTTGTCTACAACT,0
TCTGTTGTGCAGCCTA,0
TCTGTTTTTGTCATTC,0
TCTTAAAAAAAAATTG,0
TCTTAAAAACCTTACA,0
TCTTAAACAATCCCAA,0
TCTTAAACACGGGTTA,0
TCTTAAAGACAGATAC,0
TCTTAAAGATGGTATA,0
TCTTAAATACGGGAAT,0
TCTTAACCTTTGTCCT,0
TCTTAACTCAGATACC,0
TCTTAAGCTTATTAAT,0
TCTTAAGGAATAACCG,0
TCTTAAGGAGCAACAT,0
TCTTAAGGCCTAGATC,0
TCTTAATACATAATGG,0
TCTTAATTTAATATGA,0
TCTTAATTTTCATAGT,0
TCTTACAAAGCCTTTA,0
TCTTACAACATATTAA,0
TCTTACAAGTTTAAAA,0
TCTTACACCAGTTACG,0
TCTTACACGAATGACC,0
TCTTACCACGAAATGA,0
TCTTACCCGTAATTCT,0
TCTTACCTCAAACACA,0
TCTTACGAAACAAGCA,0
TCTTACGATTTAGCGA,0
TCTTACTAGTCCCGAT,0
TCTTAGAATAATTCCA,0
TCTTAGATACCACGGG,0
TCTTAGATACCCTAAT,0
TCTTAGCAAGGTGAAA,0
TCTTAGCACCTATCAA,0
TCTTAGGATATCAAGA,0
TCTTAGGGGATTCAAA,0
TCTTATAACATGCGCC,0
TCTTATACCGATGTCA,0
TCTTATACGGCAGCGA,0
TCTTATACTATTCCAA,0
TCTTATAGAAATATCA,0
TCTTATAGCATAATTG,0
TCTTATCATTATGGAC,0
TCTTATCCAATGACAA,0
TCTTATCGAGAAAAGT,0
TCTTATCGTATAATCC,0
TCTTATGAGTTGACTA,0
TCTTATGTCCATGCGC,0
TCTTATGTTGTCAAAA,0
TCTTATTACGATTAGA,0
TCTTATTTAATGTATA,0
TCTTCAAACCGATGAA,0
TCTTCAAATAGGAACA,0
TCTTCAAATTTGAATC,0
TCTTCAAGGAAAAGTC,0
TCTTCAAGGTCACACT,0
TCTTCAATACTAACAC,0
TCTTCACATTAAAAAG,0
TCTTCACTTGACACTA,0
TCTTCATCTGAGACAC,0
TCTTCCAAACGACTCT,0
TCTTCCACGTGATAAG,0
TCTTCCAGCTCAGTGC,0
TCTTCCGACCAAAAAG,0
TCTTCCTCCTTATAGA,0
TCTTCGAGCATCATCC,0
TCTTCGCCTGCAAATT,0
TCTTCGGACTTTGCAC,0
TCTTCGGTTGTTACAT,0
TCTTCGTAGATCAATT,0
TCTTCGTTATCTCCAA,0
TCTTCTCTCAAGGGGG,0
TCTTGAAATGAAAAAT,0
TCTTGAACAATGTATT,0
TCTTGAACATAAGTTT,0
TCTTGAACCATCACAT,0
TCTTGAAGATTTGAAC,0
TCTTGACAAATTAATG,0
TCTTGACAGTCCACAT,0
TCTTGACCATAGATCA,0
TCTTGACCCTCGCATG,0
TCTTGACTGATACGCC,0
TCTTGAGATTCATTAG,0
TCTTGAGTAAACACTT,0
TCTTGAGTCCCACACT,0
TCTTGATAGGTCCCTT,0
TCTTGCAACAATCAAC,0
TCTTGCATAGTTAAAG,0
TCTTGCATATTAAATG,0
TCTTGCATTGACCCTA,0
TCTTGCGGTCTAACAG,0
TCTTGCGTTGTCGAAT,0
TCTTGCTACTAATGGT,0
TCTTGCTCTTATTGTC,0
TCTTGCTGCGAACATA,0
TCTTGCTGTAGCAATA,0
TCTTGGACTTTTCAAC,0
TCTTGGAGCCAGTCAA,0
TCTTGGATATTATAAA,0
TCTTGGGAGCACCATC,0
TCTTGGTAACTATAAG,0
TCTTGGTCTGACCTGG,0
TCTTGTAACATGAAAC,0
TCTTGTATAAAGATCC,0
TCTTGTCCATTGTCGA,0
TCTTGTGCACATAAAC,0
TCTTGTTTTACGGTTA,0
TCTTTAAAAATTTTTA,0
TCTTTAAAGCCCCCTA,0
TCTTTAATAGACGGGC,0
TCTTTACAATTGTGTC,0
TCTTTACCACAATCTT,0
TCTTTACGATGGCTTC,0
TCTTTACGCACTGTGC,0
TCTTTAGAACTGTACC,0
TCTTTAGAATAGCAAA,0
TCTTTAGAATGAAGAC,0
TCTTTAGAGAGTCCGC,0
TCTTTAGCATAAAACA,0
TCTTTATACAACGAAC,0
TCTTTATACTATGACC,0
TCTTTATATTTGCATA,0
TCTTTATCAGAACGCT,0
TCTTTATGACAAAAAG,0
TCTTTATTCTCCCTAG,0
TCTTTCACTTGGATGA,0
TCTTTCATGTTACGGG,0
TCTTTCCACCATGCGG,0
TCTTTCCATACGAAAT,0
TCTTTCCCAGAGAAAT,0
TCTTTCCTCCCAACGA,0
TCTTTCCTCCTTGATA,0
TCTTTCGATGCTACAT,0
TCTTTCTAACTAAATT,0
TCTTTCTGGAAGATTA,0
TCTTTGAACCTTGTAG,0
TCTTTGAGAGTGAAAT,0
TCTTTGAGCCTTTAAT,0
TCTTTGATACGAAACG,0
TCTTTGCCTAACACGA,0
TCTTTGGAGCGTTACT,0
TCTTTGTGCAGTCATA,0
TCTTTGTGGTAAATGA,0
TCTTTGTTAAGTTGAA,0
TCTTTGTTCTGCAAAT,0
TCTTTGTTGTTAGTCT,0
TCTTTGTTTACAAGGA,0
TCTTTTATCGTATGAT,0
TCTTTTCAAACATGTA,0
TCTTTTCATAGTAAAC,0
TCTTTTGATGGGGACC,0
TCTTTTTAAGCTCATA,0
TCTTTTTCTAGAAGAG,0
TCTTTTTTAATAAAAC,0
TCTTTTTTCTGTTGAT,0
TGAAAAAAACTAAGAA,0
TGAAAAAAATCTTTTA,0
TGAAAAAACAGAAAGC,0
TGAAAAAACCATTGAT,0
TGAAAAAACTACTATA,0
TGAAAAAAGGGTTTAA,0
TGAAAAACAACACTAA,0
TGAAAAAGGAACTCAG,0
TGAAAAAGGTAAATGT,0
TGAAAAAGTCAACGAC,0
TGAAAAATACCCGCAT,0
TGAAAAATCCTTGAGA,0
TGAAAAATCTAAACAA,0
TGAAAAATTAGCCTGT,0
TGAAAACAAAACCAGA,0
TGAAAACAAAATCCGA,0
TGAAAACAACAATTCT,0
TGAAAACAGGCTGGAT,0
TGAAAACATCAAGAAT,0
TGAAAACCCAAACCAA,0
TGAAAACCTCAGTGAC,0
TGAAAACGGTAGTCAT,0
TGAAAACGTATGAAAT,0
TGAAAACTAAAAAAAC,0
TGAAAACTACTTTACA,0
TGAAAACTGGAAGATA,0
TGAAAACTGGGTTCAT,0
TGAAAAGACGCCGGGC,0
TGAAAAGATAAGGATA,0
TGAAAAGTGTATTAAC,0
TGAAAAGTTAGTATCA,0
TGAAAATAAAAAAACA,0
TGAAAATAAAATGCTA,0
TGAAAATAACTAGCAG,0
TGAAAATACGATATCA,0
TGAAAATCCAACCAGC,0
TGAAAATCGCGAAATA,0
TGAAAATGAAGTATGG,0
TGAAAATGATAAGGCC,0
TGAAAATTCCCTAAGA,0
TGAAAATTTGTAACCA,0
TGAAACAAAAAGAATA,0
TGAAACAAATAATACA,0
TGAAACAAGAAAAGAT,0
TGAAACAAGTTAAGGT,0
TGAAACACTTTTAACA,0
TGAAACAGAAAAAATA,0
TGAAACAGCACATAGT,0
TGAAACAGCTTTCTAC,0
TGAAACATAACATACA,0
TGAAACATCCTGATCA,0
TGAAACATCTCACTCA,0
TGAAACATGGATCGAG,0
TGAAACATTATAGATG,0
TGAAACATTCGATAAA,0
TGAAACCCGGGATGCA,0
TGAAACCGATCGACTA,0
TGAAACGAAAACGACG,0
TGAAACGAAAAGTGCA,0
TGAAACGAATAATATA,0
TGAAACGACAGAATAT,0
TGAAACGGACCAAAGA,0
TGAAACGGCACTCTAA,0
TGAAACGTACATTCCT,0
TGAAACGTCATAAACC,0
TGAAACGTTAGGTTGT,0
TGAAACGTTTATGTAA,0
TGAAACTAAAGAAAGC,0
TGAAACTAATCTTCCT,0
TGAAACTCATCCCAAC,0
TGAAACTTATTAGCGA,0
TGAAACTTCTATCTGT,0
TGAAAGACTTAAAGCG,0
TGAAAGAGAACGGAAA,0
TGAAAGATTCAAATAA,0
TGAAAGCAAATTTGTA,0
TGAAAGCCTACAAAGC,0
TGAAAGCCTGTAAAGG,0
TGAAAGCGTATCCAAA,0
TGAAAGCTATAAACCT,0
TGAAAGCTATATATCA,0
TGAAAGGATCCTCTCT,0
TGAAAGGTACAAAGCG,0
TGAAAGTATGACTATG,0
TGAAAGTTGTCCCAAC,0
TGAAATAACGCAGAAA,0
TGAAATAAGGCTCGAC,0
TGAAATAAGTAGCGAT,0
TGAAATAGACCCCCAA,0
TGAAATAGACTGAAGC,0
TGAAATATTTGGGTGC,0
TGAAATCAATCAGACA,0
TGAAATCAGCTGACTT,0
TGAAATCGTCCTTCAT,0
TGAAATCTATGTAGTT,0
TGAAATCTCTAAACAT,0
TGAAATGACATTGGGG,0
TGAAATGAGTAACGTG,0
TGAAATGCCGCGATAA,0
TGAAATGGCTCATAAA,0
TGAAATGGTGACAAAA,0
TGAAATGTACTTAGAT,0
TGAAATGTGATTGTTA,0
TGAAATTAATCCGAAA,0
TGAAATTCCATAAAAA,0
TGAAATTGACGGAGTA,0
TGAAATTTAAACACAA,0
TGAAATTTGGAGTAAG,0
TGAAATTTTATGCGAA,0
TGAACAAAAAATCCTA,0
TGAACAAATCCACGCC,0
TGAACAACACGACTCC,0
TGAACAACGCAATAAA,0
TGAACAAGATACAGTA,0
TGAACAATGTCTTAGA,0
TGAACACAATATGACC,0
TGAACACCCAAAAAAG,0
TGAACAGAAGCCATGA,0
TGAACAGACTCCACCC,0
TGAACAGATACAATTT,0
TGAACAGCTGAAAGTG,0
TGAACAGCTTAAGTAG,0
TGAACAGGCGCCTATA,0
TGAACATAGTAAGACT,0
TGAACATTATATTCTC,0
TGAACATTGCAAAATC,0
TGAACATTGCACCCCG,0
TGAACATTTAACAAGA,0
TGAACCAAACTGGCAC,0
TGAACCAACCGCTAAC,0
TGAACCAATACGAATC,0
TGAACCACTAAACACA,0
TGAACCACTGAGTTTA,0
TGAACCAGACAACAAA,0
TGAACCAGGAAACTAT,0
TGAACCAGGCCATTAT,0
TGAACCCCACAACAAC,0
TGAACCCCCAGTTTTC,0
TGAACCCCTTTGATAT,0
TGAACCCTCAAACCAA,0
TGAACCCTCACAAATC,0
TGAACCGAACCCAATC,0
TGAACCGAAGCTACAA,0
TGAACCTCACGCGCAA,0
TGAACCTGAATACAGA,0
TGAACCTGCAAATAAT,0
TGAACGAAATGAGCAA,0
TGAACGACCAAATCTA,0
TGAACGACGCTGGTAA,0
TGAACGACTAAATATT,0
TGAACGATATAACTAT,0
TGAACGCCAAAAAGTA,0
TGAACGCGGATCCTGG,0
TGAACGCTACAGACGG,0
TGAACGTCAGAGATAT,0
TGAACTAAACATTGAT,0
TGAACTAAGCCAAGAA,0
TGAACTAATATAGACA,0
TGAACTAATGGAAATA,0
TGAACTACATATTAAT,0
TGAACTACGTAGACTG,0
TGAACTACTGCTTAAT,0
TGAACTAGAACAAAGT,0
TGAACTAGGCTATAGT,0
TGAACTAGGGCAACTA,0
TGAACTATGACTGAAC,0
TGAACTATGCCCCACT,0
TGAACTATTAACTAGT,0
TGAACTCAACCAAAGT,0
TGAACTCAATAGCCGT,0
TGAACTCATCGCTAAA,0
TGAACTCATCTCAAAG,0
TGAACTGTAAAGTACA,0
TGAACTGTGGCAACCC,0
TGAACTTAAAGGAAAA,0
TGAACTTCATGGACTG,0
TGAACTTTGAACTTAC,0
TGAACTTTTCCATTGC,0
TGAAGAAACATCTCAT,0
TGAAGAAACCTCCGTG,0
TGAAGAACGTCGTTCG,0
TGAAGACAAATGTCAA,0
TGAAGACAGAGATACC,0
TGAAGACGCTCACCTT,0
TGAAGACGTGCACAAA,0
TGAAGACTAAAAGCTA,0
TGAAGACTCGAGTGGC,0
TGAAGAGAAAATAGTA,0
TGAAGAGACGGTCTTG,0
TGAAGAGCCCGCATTT,0
TGAAGAGGTATAGACG,0
TGAAGAGTGACAATAA,0
TGAAGAGTGGAAGCCG,0
TGAAGATAAAAAGGAC,0
TGAAGATAACCGAACA,0
TGAAGATATACGTAAG,0
TGAAGATCAAAGCGGA,0
TGAAGATCATTAGTAT,0
TGAAGATTGACAGAGT,0
TGAAGCAAAAAACACA,0
TGAAGCAACTGGTTCG,0
TGAAGCAATCATTACT,0
TGAAGCATAAGCACAT,0
TGAAGCCGGAGCCATG,0
TGAAGCCTGTGTAGAC,0
TGAAGCGACTCTAACA,0
TGAAGCGGCTAGACAG,0
TGAAGGAGTCAACACA,0
TGAAGGGCCAAGCATA,0
TGAAGGGTCCAACACT,0
TGAAGGTCTGTTAAGT,0
TGAAGTAACTGGAATC,0
TGAAGTACCAGGAGCA,0
TGAAGTATGATATTAG,0
TGAAGTCACTCGTGCC,0
TGAAGTCATTTCACAC,0
TGAAGTGCAGAGCCAT,0
TGAAGTGGTTTAAGAA,0
TGAAGTGTTCAACAAC,0
TGAAGTTATCCACGGG,0
TGAAGTTCATAATACT,0
TGAAGTTGAGGAAGAC,0
TGAAGTTTAACTACAA,0
TGAATAAAATAAGCCA,0
TGAATAAATAGTATCA,0
TGAATAAATTTATTGT,0
TGAATAATCAACGCTA,0
TGAATAATTACTCTCA,0
TGAATACACCTGAGGA,0
TGAATACATATCACGA,0
TGAATACGTTAATAAT,0
TGAATACTAAAAAGTT,0
TGAATAGATCGAGGGG,0
TGAATAGTACCCTCGT,0
TGAATAGTCATTATCT,0
TGAATAGTGGAGAACA,0
TGAATAGTTTGTAGTG,0
TGAATATACAAGGTAA,0
TGAATATCCAAACATG,0
TGAATATCGCCTACCT,0
TGAATATTAAACAAAG,0
TGAATCAAGCACGAAT,0
TGAATCAAGCGGGCCA,0
TGAATCAGCACCATTA,0
TGAATCATTTTGAGCC,0
TGAATCCAACTAAACA,0
TGAATCCAAGGAAGCA,0
TGAATCCCCCTTGGAG,0
TGAATCGAGGCTCCTA,0
TGAATCGCCAACAAAC,0
TGAATCGCGTGAGCAT,0
TGAATCGCGTGGGAGA,0
TGAATCGGAAGGATTT,0
TGAATCGGACGTCGCA,0
TGAATCGTCCGCTCGC,0
TGAATCGTTTGCTGCA,0
TGAATCTGACTAGCTC,0
TGAATCTGTCAATGAT,0
TGAATCTTCTATATAA,0
TGAATGAAATTAATAC,0
TGAATGAACACTGATC,0
TGAATGCAAAAGAGAC,0
TGAATGCACTAACATC,0
TGAATGCCACCAGTTA,0
TGAATGCGCGGAGGGT,0
TGAATGCTGCTTCTTC,0
TGAATGGCCCTTGCAT,0
TGAATGGGGTATTCAC,0
TGAATGGTTATTACAA,0
TGAATGTGGGTTGTAC,0
TGAATGTTTCGTAAAT,0
TGAATTAACGCACATA,0
TGAATTAAGACTTTCT,0
TGAATTAAGCACTGTA,0
TGAATTAAGCGTAAAA,0
TGAATTAATACTTGAT,0
TGAATTAGCTCTCCCG,0
TGAATTATTAACCGTT,0
TGAATTCCGCCAAAGA,0
TGAATTCGCAACCACC,0
TGAATTCTAGTCGCCC,0
TGAATTGACACCCCTC,0
TGAATTGACGAACGTG,0
TGAATTGCACTAGGAG,0
TGAATTGGTAGATAAA,0
TGAATTGTCTGACGAT,0
TGAATTTAACAAACAT,0
TGAATTTAGCAAACCT,0
TGAATTTATAGCCTCC,0
TGAATTTATCTGCAGA,0
TGAATTTGTACCTCGA,0
TGAATTTTAATACAAT,0
TGAATTTTTGATCTTA,0
TGACAAAAAGTTAGCG,0
TGACAAAATAAGGTTC,0
TGACAAAATACCATAT,0
TGACAAAATTGTATTT,0
TGACAAACTGCAAGTA,0
TGACAAATACATGTTC,0
TGACAAATACGGTACG,0
TGACAAATCATTACTC,0
TGACAAATGACTCAAG,0
TGACAACAGAGAAACG,0
TGACAACCTCCCCCGT,0
TGACAAGACTCACGCG,0
TGACAAGAGGAATGCA,0
TGACAAGCGCTGACAA,0
TGACAAGTACCAGAGA,0
TGACAATAATACTCTG,0
TGACAATATGTTTCTC,0
TGACAATCTAATATGA,0
TGACAATGAATCCCTT,0
TGACAATTCCAGCTTT,0
TGACAATTGAAGTAAG,0
TGACACAATACGCTCG,0
TGACACACATGTCGTC,0
TGACACACATTACTTT,0
TGACACCATCCAAATC,0
TGACACCCATAACGCA,0
TGACACGAAACCACTA,0
TGACACGCTCACGTTT,0
TGACACGGTAAATCAC,0
TGACACTCAATGGATG,0
TGACACTCCAACAAAA,0
TGACAGAAGCTTAAAC,0
TGACAGACGTTTGCCA,0
TGACAGAGAGTTCCTG,0
TGACAGAGATGAGTTA,0
TGACAGATTTTAAAAG,0
TGACAGCAAAGAACAG,0
TGACAGCAAGAAGCGT,0
TGACAGCCAAAGGACA,0
TGACAGTTACGAATAC,0
TGACATAGGTCGTAAG,0
TGACATAGTCCTACAT,0
TGACATCCGAGCCTGA,0
TGACATCGCAATCAAA,0
TGACATCTTGCTTCAC,0
TGACATGTTGCGTTCA,0
TGACATTAAGATATCT,0
TGACATTCAGTTGCCC,0
TGACATTTTAAAAGCT,0
TGACCAAAAAAAACAT,0
TGACCAAAACACTTTA,0
TGACCAAACCTCCACA,0
TGACCAAATGGTCATA,0
TGACCAACAAAGGTAG,0
TGACCAACAGACGCAA,0
TGACCAAGAACCCTCT,0
TGACCAAGGGGAAGTT,0
TGACCACAAATAGGAA,0
TGACCACACCAGATTA,0
TGACCACTGACGCATT,0
TGACCACTTTAGGCGG,0
TGACCAGACTCATACA,0
TGACCAGAGGCGCCAG,0
TGACCATAGAGAAATG,0
TGACCATCACAAAATA,0
TGACCCAAACTGTGAT,0
TGACCCATAAACCTTG,0
TGACCCATACAAACCT,0
TGACCCATACCGACTA,0
TGACCCCAGCGATCTA,0
TGACCCCGGACTGAAT,0
TGACCCGACTACTAAA,0
TGACCCGCGCTGACGT,0
TGACCCGTTAATATGA,0
TGACCCTCCGTTCAAA,0
TGACCGAAGCGACTGA,0
TGACCGAATAATGATA,0
TGACCGAATTCATAGC,0
TGACCGACGAAATCGC,0
TGACCGATATAAAACC,0
TGACCGATATTTAGCG,0
TGACCGATTCTGACCC,0
TGACCGCCATCTGATA,0
TGACCGGAAAATGAAC,0
TGACCGGCAAAAGGCT,0
TGACCGGTGCAAAGAC,0
TGACCTAAACTGGACC,0
TGACCTAACGACTCTA,0
TGACCTAAGTGTATTA,0
TGACCTAGCGCCAACT,0
TGACCTAGTCCGCAAT,0
TGACCTCACCACCAAT,0
TGACCTCCTCCCGCAC,0
TGACCTCCTTGTCGCT,0
TGACCTCGTCATAAAT,0
TGACCTGTACAATATA,0
TGACGAAAACCGACTG,0
TGACGAAACCAAAGTC,0
TGACGAAACTATCAAT,0
TGACGAAATTCCGGTC,0
TGACGAATAATAAGTG,0
TGACGAATGAGCCTAC,0
TGACGAATGGTGTTCA,0
TGACGAATTGACTGCT,0
TGACGACAAGTATTAA,0
TGACGACATTGTCATA,0
TGACGAGTTGACTACG,0
TGACGATAGAATAGCA,0
TGACGATAGCAATATC,0
TGACGATATAAGATTA,0
TGACGCAACGAAAATC,0
TGACGCATAATGGGTA,0
TGACGCCTAGCCAGAA,0
TGACGCGACCTAAATC,0
TGACGCGCATTTTATT,0
TGACGCGGAAACTCAA,0
TGACGCGGATTACAAG,0
TGACGCTACTGAATTG,0
TGACGGACAGGTCTAA,0
TGACGGATGGACAGCA,0
TGACGGCAGCCATAGC,0
TGACGGCTCCGACATT,0
TGACGTAAACACAATA,0
TGACGTACAAGAGTAG,0
TGACGTAGAATCGGCA,0
TGACGTGACAACTTAC,0
TGACGTGTCATACTAG,0
TGACGTTCACAACCTT,0
TGACGTTTCGGAAAAT,0
TGACTAAAAAAGTTAG,0
TGACTAAAGACGGAAT,0
TGACTAACAACAATGT,0
TGACTAACGACCAAAA,0
TGACTAACGTAACTCT,0
TGACTAAGACCAAAAA,0
TGACTAAGCTACTTAT,0
TGACTAAGGCTGAGTA,0
TGACTAATAATAAACG,0
TGACTACACGTAATAC,0
TGACTACCAAACCCGC,0
TGACTACCCGGAAGCA,0
TGACTAGAACATCCAC,0
TGACTAGTACATGGAC,0
TGACTATAGAAAAATA,0
TGACTATATATACTCA,0
TGACTATCCTTAACAT,0
TGACTATGATCTTAAT,0
TGACTCAAGGATATAA,0
TGACTCAAGGTTTGAG,0
TGACTCAGTGAATTCG,0
TGACTCATATCGTATC,0
TGACTCATCACCCTCC,0
TGACTCCACATCACTG,0
TGACTCCGAAAAATGT,0
TGACTCGCTAGTAATA,0
TGACTCGCTATCGCAT,0
TGACTCTAAACACAGA,0
TGACTCTAGGTGAAAC,0
TGACTCTTGGACTATT,0
TGACTGAAGGGGATTA,0
TGACTGAATGCACAAA,0
TGACTGACCCTATACA,0
TGACTGAGCGACACCT,0
TGACTGCACTGACAAA,0
TGACTGCCCCGGGTTA,0
TGACTGCTAAACTTGA,0
TGACTGGAGTTTATCT,0
TGACTGGGTATTAGAC,0
TGACTGTAAATATCCA,0
TGACTGTACCAAGGGT,0
TGACTGTAGGTCAATG,0
TGACTGTCGCAGCCGT,0
TGACTGTTAAAGTGCC,0
TGACTTAGTTTAAATG,0
TGACTTATCGACAACA,0
TGACTTCAGGCCCTAT,0
TGACTTCCCCCGCCCC,0
TGACTTCTCGTGATCA,0
TGACTTGATAAAATAT,0
TGACTTTAATAATAGA,0
TGACTTTACCCTAGAG,0
TGACTTTATATGGACG,0
TGACTTTATTGGACAT,0
TGACTTTCACTTCAAT,0
TGACTTTTTCGACGAG,0
TGAGAAAAAGTGACAA,0
TGAGAAAAATCATATG,0
TGAGAAAATAGGATGA,0
TGAGAAAATATCAACG,0
TGAGAAACCACGTAAA,0
TGAGAAATACATAAGC,0
TGAGAAATACGTAAAT,0
TGAGAACACAACACCG,0
TGAGAACATGGCAATA,0
TGAGAACCAAAACATA,0
TGAGAACGGAAGAAAC,0
TGAGAACTAAAAGAGA,0
TGAGAACTTAATAAAA,0
TGAGAAGAACTATGAT,0
TGAGAAGACATAATAA,0
TGAGAAGATATATCCT,0
TGAGAAGTCTCTGCTA,0
TGAGAATATTGAGCCT,0
TGAGAATATTGGCTAA,0
TGAGAATCCCATTCAC,0
TGAGAATGCGCTACCA,0
TGAGAATTTACCACAT,0
TGAGAATTTAGGGACA,0
TGAGACAACAAGGTAG,0
TGAGACAATTAAATAC,0
TGAGACCACAATTATA,0
TGAGACCCCACTATGC,0
TGAGACGCTCCTGATT,0
TGAGACGGGCCCGATA,0
TGAGACGGTGACGTTT,0
TGAGACTATCCTGATT,0
TGAGACTGCTAGTGTA,0
TGAGAGAAGATGAGTA,0
TGAGAGAAGTAAACTA,0
TGAGAGAGGGGATTCT,0
TGAGAGCAGATATAGA,0
TGAGAGCCCCGGGGCT,0
TGAGAGCCTGATTGGA,0
TGAGAGCTAGTATATA,0
TGAGAGGCAAGTTACC,0
TGAGAGTACACATTCT,0
TGAGAGTGCTCTCCAT,0
TGAGATAAAAACAGTC,0
TGAGATAACTACCAAA,0
TGAGATAAGGTGTGTT,0
TGAGATAATCGCAAGG,0
TGAGATAATGAGTTAG,0
TGAGATAGGAAGGCAA,0
TGAGATAGGAGTCTGT,0
TGAGATATCACACTCA,0
TGAGATATCCCTATTA,0
TGAGATCCTTAAAAAA,0
TGAGATCTATGCCATT,0
TGAGATGGTTGAATTT,0
TGAGATTATCACCGTG,0
TGAGATTATTGTAAAA,0
TGAGATTCAAATTGTA,0
TGAGATTCCTAACGCG,0
TGAGATTTCTATTAGG,0
TGAGCAAACAACATGG,0
TGAGCAAACTCCCAAT,0
TGAGCAAAGGGAGCAA,0
TGAGCAAGGGACCGCT,0
TGAGCAATAGTCTATA,0
TGAGCAATCCATAGTT,0
TGAGCACATACGATTT,0
TGAGCACATGACGCAG,0
TGAGCACCATCATAAA,0
TGAGCACTATTTCAAT,0
TGAGCACTGCGGGTAA,0
TGAGCACTTTTTACAG,0
TGAGCAGAGAAACACA,0
TGAGCAGCTATAAATC,0
TGAGCAGGATCGTATA,0
TGAGCATATCCTGTAG,0
TGAGCATTGGCACAAT,0
TGAGCCACACATTATA,0
TGAGCCACTTCACCAA,0
TGAGCCCCTCAACAAG,0
TGAGCCCGAGGCTATT,0
TGAGCCGATAAAGCTG,0
TGAGCCGGAAAACTGT,0
TGAGCCTAGTGCAGGT,0
TGAGCCTCGGACTTAT,0
TGAGCCTGAAAGCTAA,0
TGAGCCTGCCTGTCTA,0
TGAGCGAAACCACAGA,0
TGAGCGAAATCATGAC,0
TGAGCGAGATAGAAAA,0
TGAGCGATGAACCTGT,0
TGAGCGATTCCGCCGA,0
TGAGCGCGCCTTGCCT,0
TGAGCGGAGGAGAGAG,0
TGAGCGGATAAACCAG,0
TGAGCGTAGATTTTAT,0
TGAGCGTCCCTTTAGG,0
TGAGCGTTTATGTGAG,0
TGAGCTAAAGTTGCAA,0
TGAGCTATGTGAAAAC,0
TGAGCTCAATCGAGTA,0
TGAGCTCATAAAAGAG,0
TGAGCTCCTGTAGGCA,0
TGAGCTCGGTAACATT,0
TGAGCTGCGAATTCCG,0
TGAGCTGGTGGTGCTG,0
TGAGCTTCTGGTCGTA,0
TGAGCTTTGCTTTCAA,0
TGAGGAAAATTGACCC,0
TGAGGAAATATGTGAT,0
TGAGGAAATCTCTGAG,0
TGAGGAAATGATAGGA,0
TGAGGAAGAGCCTCAC,0
TGAGGAAGCCGATAGA,0
TGAGGACATTCAAAAC,0
TGAGGATAGACATTGA,0
TGAGGATGTAAATGGG,0
TGAGGATTCCCGTAAG,0
TGAGGATTCTGGCCTC,0
TGAGGCAAAATTGGAT,0
TGAGGCAACAACTCGA,0
TGAGGCATCACCAAGA,0
TGAGGCGAGATCTTTG,0
TGAGGCGCTACACCTT,0
TGAGGGAGATAATTTC,0
TGAGGGCAAAACTGTG,0
TGAGGGCACACCCGTT,0
TGAGGGCCATAGAGAC,0
TGAGGGCCCTGAAGAA,0
TGAGGGCCGCGAATAA,0
TGAGGGGAAGTGGAAT,0
TGAGGGGAGAACAGTT,0
TGAGGGTTTTGCTATA,0
TGAGGTAGAGACCAAT,0
TGAGGTCTGTTGTACG,0
TGAGGTGCTAGCCAAT,0
TGAGGTGGAACGAGGA,0
TGAGGTTATAAATTAC,0
TGAGGTTGCTATGCGC,0
TGAGGTTTTTTCAACG,0
TGAGTAAAAAAGACAC,0
TGAGTAAAACAGACAT,0
TGAGTAAAAGCTACGC,0
TGAGTAAACGTAACTA,0
TGAGTAAAGATCAGAC,0
TGAGTAATACACGGCA,0
TGAGTAATAGAAGACC,0
TGAGTAATTCTTCATG,0
TGAGTAGCCAACCTAG,0
TGAGTAGCCCCGACTT,0
TGAGTATCACCCTCGT,0
TGAGTATCTCAACGCT,0
TGAGTCAAGGGTTTAA,0
TGAGTCATAACTTAAA,0
TGAGTCATCATAATCG,0
TGAGTCCTATCCCCAT,0
TGAGTCGGGTTGAGCC,0
TGAGTCTGGTGGGACA,0
TGAGTCTTAGCGCACA,0
TGAGTGAGAAAACCAT,0
TGAGTGGCAGCAATAG,0
TGAGTGGGCTTTGAAC,0
TGAGTGTAAAACTAAA,0
TGAGTGTGGAACAGCA,0
TGAGTTAAAGCCAGGT,0
TGAGTTACTAGGAGCC,0
TGAGTTACTCAAATAT,0
TGAGTTCAACAACGCA,0
TGAGTTCAGGACCTCT,0
TGAGTTCGGACAAGCA,0
TGAGTTCTGATGTTAC,0
TGAGTTGAAACTAGAC,0
TGAGTTGGAATCACCG,0
TGAGTTGGTAAATCGT,0
TGAGTTTACGGCGCTT,0
TGAGTTTAGAACACTC,0
TGAGTTTCAAGCTCTC,0
TGAGTTTGAGGTGCTT,0
TGAGTTTGTTTCAAAC,0
TGAGTTTTAGTTTTTA,0
TGATAAAAAACTATTT,0
TGATAAAAAATAGGGT,0
TGATAAAAATGAGGGG,0
TGATAAAACATCGGCA,0
TGATAAAATATATCGT,0
TGATAAAGCTTGATGG,0
TGATAAATAAAGTTTT,0
TGATAAATACGTACGA,0
TGATAAATAGGAATAA,0
TGATAACACTACGAAA,0
TGATAACCCCCCAATC,0
TGATAACTTATATGTA,0
TGATAAGAAACCTAGC,0
TGATAAGAACAATGTA,0
TGATAAGAGACAGCCT,0
TGATAATAAAAAAAAA,0
TGATAATAGGAAAGGG,0
TGATAATCCCCTGACG,0
TGATAATCCGTAAACA,0
TGATAATGCACAGAAA,0
TGATAATTCAATTCAA,0
TGATACAAATGATTAG,0
TGATACAAGCATAGGT,0
TGATACAAGCTCCTCG,0
TGATACATGTTCCCTC,0
TGATACCCCCTAAAGC,0
TGATACCCGTAGAGCC,0
TGATACCCTAACAGGT,0
TGATACGCACAGTCGC,0
TGATACTCCCCATACA,0
TGATACTGCACAGAAT,0
TGATACTGTGTAAAAT,0
TGATACTTGAATACTT,0
TGATACTTTAGTTTTC,0
TGATAGAAAAGCCCCT,0
TGATAGAAAGATACTG,0
TGATAGAACAATGGAT,0
TGATAGAACGCGCGCC,0
TGATAGACAAAATAAT,0
TGATAGACTGAGTTCA,0
TGATAGAGACTAGACA,0
TGATAGAGATTTATTT,0
TGATAGATAAGAAGTT,0
TGATAGATCTAGCCAT,0
TGATAGCGATCTTTAC,0
TGATAGGACAACAAAC,0
TGATAGGCCTGCAACA,0
TGATAGTAACTGCCCC,0
TGATAGTGCCACCCCT,0
TGATAGTGTCGTAAAC,0
TGATATAAACAAAAAT,0
TGATATAACAATATTA,0
TGATATACCCGGGTAT,0
TGATATAGAATTATAA,0
TGATATAGCCAAAGGT,0
TGATATATAAGTCGGG,0
TGATATATTATGTATA,0
TGATATATTGTGAATA,0
TGATATCAGCCCACCA,0
TGATATCCAATTAAGA,0
TGATATCGGTTAAGAA,0
TGATATCTATATACCA,0
TGATATCTCCAAGAAA,0
TGATATCTGCAGAATT,0
TGATATCTGTTCTGGC,0
TGATATGAATAAATTC,0
TGATATGATACATTAT,0
TGATATGCCTTTGTCA,0
TGATATGGCTTCACTT,0
TGATATTGAAGTGTCT,0
TGATATTGCGGGGTTT,0
TGATATTGGCCCTCTA,0
TGATCAAAAAAAGGTA,0
TGATCAAATACGAAGC,0
TGATCAACGGAAGAGT,0
TGATCAATCCGATACG,0
TGATCAATTACCACAG,0
TGATCAATTCATCGAG,0
TGATCACATAAATATA,0
TGATCACCACGGAACC,0
TGATCACGGTATAGAC,0
TGATCACGGTGCCCTG,0
TGATCATCCCAACGAG,0
TGATCATGAACTGAAT,0
TGATCATGATCAAGAC,0
TGATCATTGATATGGA,0
TGATCCAAAATCCATC,0
TGATCCAAACTAAAAC,0
TGATCCAAGTCGTTTA,0
TGATCCACTCTCTGCA,0
TGATCCATTAACACGA,0
TGATCCCATAGTCGAT,0
TGATCCCGAATAACAA,0
TGATCCGAAAATAATA,0
TGATCCGAATAAACTC,0
TGATCCGACGCCCTGC,0
TGATCCGGGGGCAAGA,0
TGATCCTATCTTGGGG,0
TGATCCTATGTGGCTA,0
TGATCGAAATCGAAAA,0
TGATCGAGTCAAGAAA,0
TGATCGAGTTGCATTT,0
TGATCGATTAGAATTC,0
TGATCGCACCCATAAT,0
TGATCGGCAAAAAAAA,0
TGATCTAGAGCTGACG,0
TGATCTATAGCCTAGT,0
TGATCTATCTTGTCAG,0
TGATCTATGCTGATTA,0
TGATCTATTTGCCAAG,0
TGATCTCAGATAGTTA,0
TGATCTCGAAATGACA,0
TGATCTGAACCCACCC,0
TGATCTGAGCAACATC,0
TGATCTTAGCGCGGAC,0
TGATCTTATGTAGTTT,0
TGATCTTCATCAACCA,0
TGATCTTTCAATCAAA,0
TGATGAAAAAACCGGC,0
TGATGAAAAGCAAAAT,0
TGATGAAAGCCTATTT,0
TGATGAACGACTCAGA,0
TGATGAACTTCAACGC,0
TGATGAAGGCTAATAC,0
TGATGAAGTAAGCGAA,0
TGATGACCCACATTGT,0
TGATGACGCTTCCGCT,0
TGATGAGACGACCGGA,0
TGATGAGAGCGTCTAA,0
TGATGAGATAATGCAC,0
TGATGAGCTTGACAGG,0
TGATGAGGGACCCTTA,0
TGATGATCATGGTCAT,0
TGATGATGACTAGCCA,0
TGATGATGGTCTCTAA,0
TGATGATTATCTCTTT,0
TGATGATTCATTAATA,0
TGATGCATTAACCAAA,0
TGATGCCACAAAAAAA,0
TGATGCCCTAATGATA,0
TGATGCCCTCGCGCGC,0
TGATGCGTTGTCGTGA,0
TGATGCTACCGATAAA,0
TGATGCTACGCGTTTT,0
TGATGCTGCGGACTGC,0
TGATGGAATGAAACTA,0
TGATGGCAAAAAATAG,0
TGATGGCAACACAGCC,0
TGATGGCAGAGAACCA,0
TGATGGGAAGGAACCT,0
TGATGGGACCTTAACT,0
TGATGGGATATCCCCG,0
TGATGGGGCAACCTCG,0
TGATGGGTATAGAGAC,0
TGATGGTACTAAAATT,0
TGATGTAAACGTAAAT,0
TGATGTAACAAAATTT,0
TGATGTAAGCCAAAGT,0
TGATGTAATAGTGGTT,0
TGATGTACATGCCCAA,0
TGATGTACGTCAAATG,0
TGATGTCCACAAGGTA,0
TGATGTCGCATGTGGG,0
TGATGTCTAGATATAT,0
TGATGTGATACATTAT,0
TGATGTTTGGCTTAAA,0
TGATTAAAAACCTTTC,0
TGATTAAAACTAAACC,0
TGATTAAATAAGTTGT,0
TGATTAAATCTCGAAC,0
TGATTAACGTACGTGA,0
TGATTAAGAATCTAAC,0
TGATTAAGCTGCAGCC,0
TGATTAATAGACTATA,0
TGATTAATGGCCAAAA,0
TGATTAATTCTGAAGT,0
TGATTACCAACCTCAT,0
TGATTAGTATCTGAAA,0
TGATTATAACAGAATT,0
TGATTATACAGTTTAT,0
TGATTATAGCGACCTT,0
TGATTATCCTGTTCAA,0
TGATTATGCCGAATAT,0
TGATTATTTTGACATA,0
TGATTCATCTGGTTAA,0
TGATTCCAAATAGCTT,0
TGATTCCTAACTCAAA,0
TGATTCGAATACAAAA,0
TGATTCGAGCCATAGC,0
TGATTCGGACAAAAAG,0
TGATTCGGACATGATA,0
TGATTCGGATAAATCC,0
TGATTCTTCTAAGCTG,0
TGATTCTTGAGCCCTC,0
TGATTGAAAATCAAAG,0
TGATTGATAATTTCTG,0
TGATTGATCTGATGAT,0
TGATTGCGCCGAGCCA,0
TGATTGCGCTGAATCA,0
TGATTGGAAAATAAAC,0
TGATTGGAACGACCGT,0
TGATTGGCACACTTAA,0
TGATTGTAACTAGATA,0
TGATTGTACGGGAAAA,0
TGATTGTGGGTGGTTG,0
TGATTTAAGAGTTGGT,0
TGATTTAATGAAACAT,0
TGATTTAATGGATCCA,0
TGATTTACCCGCACTA,0
TGATTTAGAAAAAAAG,0
TGATTTAGAAGTCCTG,0
TGATTTAGATACATTT,0
TGATTTAGGATATAGA,0
TGATTTAGGCAACTAT,0
TGATTTATAGTGACCA,0
TGATTTATTATTATGA,0
TGATTTCAGAGCAGAA,0
TGATTTCATAATCTAA,0
TGATTTGACAAAGCGG,0
TGATTTGCGCAATGGT,0
TGATTTTATCCTTAAG,0
TGCAAAAAAACCCTAG,0
TGCAAAAAACGCATGT,0
TGCAAAAAAGCTTAAT,0
TGCAAAAACTGAAAAC,0
TGCAAAAATTAGAACG,0
TGCAAAACGCCCAAAA,0
TGCAAAACTTTGAAGT,0
TGCAAAAGAAGTGCAC,0
TGCAAAAGGATAAAGA,0
TGCAAAATAGAAATTG,0
TGCAAAATATAACCGG,0
TGCAAAATCATATACT,0
TGCAAAATTGTTGCAG,0
TGCAAACAAACGCCTT,0
TGCAAACGAACTTAAC,0
TGCAAACGTAACAATG,0
TGCAAACTAACCCTAA,0
TGCAAACTAATAGTCC,0
TGCAAACTTTTAATGG,0
TGCAAAGACCGAAGAG,0
TGCAAAGCCACATTTT,0
TGCAAATAAACGCAGA,0
TGCAAATAATACATTC,0
TGCAAATAGAATCAGA,0
TGCAAATAGGAGCGAA,0
TGCAAATATACAAGAA,0
TGCAAATCCATACGTT,0
TGCAAATTACGACGTT,0
TGCAAATTATACGTGC,0
TGCAACAAGTAAAAAC,0
TGCAACAAGTAAATTA,0
TGCAACACATCATCAT,0
TGCAACACCTTAGCGT,0
TGCAACCCTTAACAAT,0
TGCAACCTCACGAGTG,0
TGCAACTAATGATGAA,0
TGCAACTATCACGGCT,0
TGCAACTCAGAAACCA,0
TGCAACTGTAATAGTT,0
TGCAAGAAAAACCACC,0
TGCAAGAAAACAAGGA,0
TGCAAGAAACCACCGT,0
TGCAAGAAATAGAAAT,0
TGCAAGATTAGAACAG,0
TGCAAGCATAAAACAC,0
TGCAAGCGGTAACAAC,0
TGCAAGGAATTTCCGC,0
TGCAAGGACAAACTTT,0
TGCAAGGCATCATTCT,0
TGCAAGGTACTAACGT,0
TGCAAGGTCATTAAAA,0
TGCAAGTAAATGTAAT,0
TGCAAGTATAGTAAAA,0
TGCAAGTTATATAAAA,0
TGCAATAACACAGTAT,0
TGCAATAGACTAAATT,0
TGCAATATAGCGCAGG,0
TGCAATCCCCTACTAA,0
TGCAATCCTAATGGTT,0
TGCAATCCTAGACCGA,0
TGCAATCGCAACGAAA,0
TGCAATCGTTTTCAGA,0
TGCAATCTAAGCTTCA,0
TGCAATCTTAACCGAT,0
TGCAATCTTATTAATT,0
TGCAATGAACTCTACC,0
TGCAATGAGAACAACG,0
TGCAATTAGGTATTCA,0
TGCAATTCAACAAGTC,0
TGCAATTCATTTTTCA,0
TGCAATTGAGTCGCAG,0
TGCAATTGCAGCAACT,0
TGCACAAGAGTAGGAG,0
TGCACAAGTCGCTGAT,0
TGCACAATGAAACGCT,0
TGCACACAAAGCGAAA,0
TGCACACATCGGACCC,0
TGCACACTAACCGTAT,0
TGCACAGAATACGCTT,0
TGCACAGAGAGCAAGA,0
TGCACAGTCGTCCTGA,0
TGCACATAAAAAATAT,0
TGCACATCCTCGTTGT,0
TGCACATGATGAAATA,0
TGCACATGCGCATATT,0
TGCACATGGAACCACA,0
TGCACATTAATATCGG,0
TGCACATTCAAGAAAC,0
TGCACCACAATCTTCT,0
TGCACCATAATTAAAA,0
TGCACCATTAATGCTT,0
TGCACCATTCTGTTCA,0
TGCACCCCTGGGCACC,0
TGCACCGACACTAATT,0
TGCACCGGCCATTCAA,0
TGCACCGTGTCAACTC,0
TGCACCTAAAAACAAA,0
TGCACCTTTTAAAGAA,0
TGCACGAATAATACCT,0
TGCACGAATTCGTTGC,0
TGCACGACACAAGTCA,0
TGCACGAGCGCACCCC,0
TGCACGATCGGCAGCT,0
TGCACGATTACAAAAA,0
TGCACGCCCCCAGCGC,0
TGCACGTCACCATAAA,0
TGCACTAACTAAACAA,0
TGCACTAGAAATACAC,0
TGCACTAGTCTATAAA,0
TGCACTATCCAAAAAT,0
TGCACTCAATAAAGCT,0
TGCACTCAGACCCTAG,0
TGCACTCGTAAAAACT,0
TGCACTGAGTTAATCA,0
TGCACTGCATTTTATT,0
TGCACTTATAATTTGC,0
TGCACTTCACAATATA,0
TGCACTTTTTAACGTA,0
TGCAGAAAGACTCCTC,0
TGCAGAAATAAGCACC,0
TGCAGAAGGGAGCTCA,0
TGCAGAAGTGCTTTAA,0
TGCAGAATCAATAGAG,0
TGCAGAATTCGCCAAG,0
TGCAGACACCTAGGAA,0
TGCAGACACGAAGGGA,0
TGCAGACACTAAACCT,0
TGCAGACTTGGGGACG,0
TGCAGAGCTCCACAGC,0
TGCAGATAGTTTATAC,0
TGCAGATTGAAATTAA,0
TGCAGCATGAGCATAG,0
TGCAGCCGAAACATGT,0
TGCAGCCTAGTGCGTA,0
TGCAGCCTTTAGACCG,0
TGCAGCGAGATAACCC,0
TGCAGCGTGATGAAAA,0
TGCAGCTAAGCCAGTA,0
TGCAGGTGCTTAATCT,0
TGCAGTAAAAATAAAA,0
TGCAGTATCTACTTCG,0
TGCAGTGACTAAAAAG,0
TGCAGTTAGCGTCGGC,0
TGCAGTTCCCAACATA,0
TGCAGTTTGATTACAA,0
TGCATAAAACATGGAG,0
TGCATAAAAGTGTTCC,0
TGCATAAACCCTAAAT,0
TGCATAAACGATACTT,0
TGCATAATCCTAGCTG,0
TGCATAATCTTCGTAA,0
TGCATAATTATAAGAA,0
TGCATACAATGCCGAA,0
TGCATACGAGCTATTG,0
TGCATACGTCAATTTA,0
TGCATATACAAATTGA,0
TGCATATACTAACTGA,0
TGCATATCATCTAGTA,0
TGCATATGAATGTACA,0
TGCATATTCGGACAGG,0
TGCATCAAACCACAAC,0
TGCATCAAGATAGAAA,0
TGCATCAGCCATAGCA,0
TGCATCATAAAAGGAT,0
TGCATGACACGACACA,0
TGCATGAGTACTAAAC,0
TGCATGATTTCAAGCC,0
TGCATGCAGCCTATAT,0
TGCATGTATGCATCTA,0
TGCATGTGGCCATATT,0
TGCATTAAACCAAAAC,0
TGCATTAACGGTCAGA,0
TGCATTACACTACGTT,0
TGCATTATAAACCCAT,0
TGCATTATCCCTCAAA,0
TGCATTCGAAGATATC,0
TGCATTCTTCAATCAG,0
TGCATTTAACTTCAAT,0
TGCCAAAATGTCCAAC,0
TGCCAAAGCACGATTT,0
TGCCAAAGGGAACTGA,0
TGCCAAATCGCCATCA,0
TGCCAAATTGTACCGG,0
TGCCAACAAACAATGC,0
TGCCAACAAATAAACA,0
TGCCAACAAGACTTTT,0
TGCCAAGAGACTGATA,0
TGCCAAGCCCGGAGGT,0
TGCCAATAAAGCAAAT,0
TGCCAATACCCAGAAG,0
TGCCAATCCACCTACT,0
TGCCAATCTAGTGTGG,0
TGCCAATGCGAGGAGA,0
TGCCAATTCCCTCATC,0
TGCCACAAAGAAAACT,0
TGCCACATTCGTAAAT,0
TGCCACCATATGGTCT,0
TGCCACCCGGGCTTTT,0
TGCCACTAACAATAAA,0
TGCCACTTTATCTTGG,0
TGCCAGAATACCAACA,0
TGCCAGCCACTGAAGT,0
TGCCAGCCGTAGTTGT,0
TGCCAGGTGAGAAAAA,0
TGCCAGGTGTCCGATA,0
TGCCAGTCAATACACA,0
TGCCAGTTATATTCCC,0
TGCCATAAGCACGCTC,0
TGCCATATAACCCAAC,0
TGCCATATAGAAAGTC,0
TGCCATGAACACAACT,0
TGCCATTCTTGATGAC,0
TGCCATTGAGACGGAA,0
TGCCATTTTCATCACT,0
TGCCCACAAAAGACCC,0
TGCCCACCCTTTAATA,0
TGCCCACGAAAAGTGC,0
TGCCCAGACTGCGTTC,0
TGCCCAGAGGATACGA,0
TGCCCATGATCCAGAC,0
TGCCCATTAACTAACC,0
TGCCCCAAACGACTCT,0
TGCCCCATAACTTTGA,0
TGCCCCATTATCGCGA,0
TGCCCCCACAAGTACA,0
TGCCCCTCAAGACCCA,0
TGCCCCTTTAGATCAG,0
TGCCCGACGACAATTA,0
TGCCCGCAATTAAGGT,0
TGCCCGCGTCACAAAT,0
TGCCCGGACGCAACTT,0
TGCCCGGTAAGGTTAT,0
TGCCCGTCGGACGAAG,0
TGCCCGTTTATAAAAT,0
TGCCCTATTATAACTT,0
TGCCCTATTTTAGAGC,0
TGCCCTCACCCAATTA,0
TGCCCTGCCTTACAGC,0
TGCCCTTGTAATATTC,0
TGCCCTTTGATCTAAA,0
TGCCGAAAGATTAAAC,0
TGCCGAAGGTTTCATT,0
TGCCGACACGAATATT,0
TGCCGACCCCTGAAAA,0
TGCCGACTGCGGGATC,0
TGCCGAGGTAGTAGAA,0
TGCCGATAAATATAGA,0
TGCCGATAAGCCCGTA,0
TGCCGATGAAATGTTT,0
TGCCGATGCCCCTAAA,0
TGCCGCAAGAAATACC,0
TGCCGCATCAAAGTAT,0
TGCCGCCAGCAAAGCC,0
TGCCGCGAGAATTGAC,0
TGCCGCTAACAAGTTG,0
TGCCGCTGCGGGTACC,0
TGCCGCTTACTTCGCC,0
TGCCGGGACAGTTTAG,0
TGCCGTAACGAGATGG,0
TGCCGTACGCTGACAC,0
TGCCGTAGTCTTGAAA,0
TGCCGTCACTAGCAAC,0
TGCCGTCTAAAAAAAC,0
TGCCTAAAAATATAAA,0
TGCCTAAATTTATGTG,0
TGCCTAAGACGCTGGC,0
TGCCTAATAGCCTAAA,0
TGCCTACAACAGTAAA,0
TGCCTACCACCTATTT,0
TGCCTACGCTTCATCT,0
TGCCTAGGTGATTGGG,0
TGCCTAGTCTCACAAG,0
TGCCTCCCATCTAACT,0
TGCCTCCGAAGTCGAG,0
TGCCTCGACTTGGACT,0
TGCCTCTATTGAGGGG,0
TGCCTGAACTCTAAAA,0
TGCCTGAGAGTTGGGT,0
TGCCTGCCCATCATAA,0
TGCCTGTCCCTATTTA,0
TGCCTTAAAATATCTA,0
TGCCTTAACCCGCTAG,0
TGCCTTATGACTACTC,0
TGCCTTGCAGACGAAC,0
TGCCTTGCAGTTTCGT,0
TGCCTTGGGACGACTC,0
TGCGAAAAAATGAATT,0
TGCGAAACTTGTTTAA,0
TGCGAAATACTTCAGA,0
TGCGAACCTTTTCGGA,0
TGCGAACGACCAGGGA,0
TGCGAACGGGCTCGAG,0
TGCGAACTGTTTAATC,0
TGCGAAGAGAACGCAT,0
TGCGAAGTAAAATGGA,0
TGCGAAGTAATACTAT,0
TGCGAATAAGGCGGAA,0
TGCGAATATAAATTCT,0
TGCGAATATCGGGCAA,0
TGCGAATTAAGTCCTT,0
TGCGACACCAATCCTC,0
TGCGACGCAGACCCTC,0
TGCGACTTTACGTATC,0
TGCGAGATCACATATA,0
TGCGAGCTAGGCAAAG,0
TGCGAGTTACTTACAA,0
TGCGATAATTAATTCA,0
TGCGATATATTTCGAA,0
TGCGATCACCTAGGAC,0
TGCGATCGATAAGGCC,0
TGCGATGCAATAATCG,0
TGCGCAAAAAAAAAGA,0
TGCGCAAAATCGAAGG,0
TGCGCAAAGAGAAAGA,0
TGCGCAAGTGCGGGGA,0
TGCGCACAGACTTACA,0
TGCGCACGGGTCTGAT,0
TGCGCACTAGCCATCC,0
TGCGCAGCATTATATT,0
TGCGCAGTGTAAAGGG,0
TGCGCATACATAATTT,0
TGCGCATTAAAAGCGA,0
TGCGCCAAATAAAGAA,0
TGCGCCCACTGAACTG,0
TGCGCCCACTGGGAGA,0
TGCGCCCAGCCAGCTT,0
TGCGCCCTAATTGCGC,0
TGCGCGACCATAAATA,0
TGCGCGCCCCTGACAT,0
TGCGCGCTGACAAAGC,0
TGCGCGGACGATAAAA,0
TGCGCTAGCTTACGCC,0
TGCGCTAGGTGGCCAA,0
TGCGCTATTTGTAAAG,0
TGCGCTCTGGTCTAGG,0
TGCGCTGATGAAAACT,0
TGCGGACAAGCATTCA,0
TGCGGACAGCTATCAC,0
TGCGGAGAGTAGAATT,0
TGCGGAGGAACCATAA,0
TGCGGATGCAGCGCCG,0
TGCGGATGCTTATGGC,0
TGCGGCCAAGAGTGAA,0
TGCGGCCTAACTCGGT,0
TGCGGCGAATGCAGTA,0
TGCGGCGACGACAAAC,0
TGCGGGACCTGAAAAA,0
TGCGGGGTACCATGGA,0
TGCGGTACGCTGATCT,0
TGCGGTAGAGATAAGA,0
TGCGGTATTACCTTTG,0
TGCGGTTGCGCTACAT,0
TGCGGTTTCACCGCAC,0
TGCGTAAAATCATGCA,0
TGCGTACTAAGATTTG,0
TGCGTAGACTGGCACA,0
TGCGTAGCACAATCAC,0
TGCGTCACCGTCCCCT,0
TGCGTCCAATGCATGT,0
TGCGTCCAGCTTTGTA,0
TGCGTCTCTAGACACT,0
TGCGTCTGACCATCTG,0
TGCGTGAGATAGTAGA,0
TGCGTGATCACTCTTC,0
TGCGTGCGCATACACA,0
TGCGTGTGCAAACACA,0
TGCGTGTGCAACACAG,0
TGCGTTAAATAAAGTT,0
TGCGTTAACATGACAA,0
TGCGTTACAAGAATCT,0
TGCGTTACAGATGACC,0
TGCGTTACCCAAACCA,0
TGCGTTAGACATACCA,0
TGCGTTATCATGCACA,0
TGCGTTCGTATATAAT,0
TGCGTTCTCAAATGAA,0
TGCGTTCTGCATCACA,0
TGCGTTTCAGATGGGA,0
TGCGTTTCTATCAAAG,0
TGCGTTTTATTACGTC,0
TGCGTTTTTGGCGAGA,0
TGCTAAACAAACCGCA,0
TGCTAAACAACAGCCA,0
TGCTAAAGACTTTTAG,0
TGCTAAATAACCTTCC,0
TGCTAACAAGAAACAA,0
TGCTAACAATCGATGC,0
TGCTAACATATTTTCT,0
TGCTAACATGTTCGGA,0
TGCTAACTTTGGAAAG,0
TGCTAAGAAGTATTCC,0
TGCTAAGAATTACATA,0
TGCTAAGATAGGTATC,0
TGCTAAGATGAAAATA,0
TGCTAAGATGCATCTT,0
TGCTAAGTCTGGTGCC,0
TGCTAAGTTCTTAACT,0
TGCTAATTATCCTACC,0
TGCTACACACACGTAA,0
TGCTACAGCCGTTATT,0
TGCTACCACTCAACTT,0
TGCTACTTTACGCCCC,0
TGCTAGACCAGTCTGT,0
TGCTAGCAATACAACA,0
TGCTAGGACAACAATC,0
TGCTAGGGCCGCAGTA,0
TGCTAGTAATACACAT,0
TGCTAGTATTATTAGA,0
TGCTAGTGGAACACTT,0
TGCTATAAACGTCTCA,0
TGCTATAAAGTCACGT,0
TGCTATACGGATTACC,0
TGCTATATAGACTGCA,0
TGCTATATGCTCCCAA,0
TGCTATCGGGACCGTT,0
TGCTATCTTAAATTTA,0
TGCTATGATGCATTTA,0
TGCTATTGCTCACAAT,0
TGCTATTTAGTGACAA,0
TGCTCAAAAAGAAAGT,0
TGCTCAAAAAGATAGC,0
TGCTCAAATAGTGTAC,0
TGCTCAAATATCACCT,0
TGCTCAACACACACAA,0
TGCTCAACCAAAACGG,0
TGCTCAGAGCAATCAT,0
TGCTCATCAGCGACTT,0
TGCTCATCGGGCATTA,0
TGCTCCCCAAAGCCCG,0
TGCTCCCCCTTCCAAA,0
TGCTCCCCGGAGCGAA,0
TGCTCCCTTATCTGAT,0
TGCTCCGACGTGAGCG,0
TGCTCCGCCATTAACA,0
TGCTCCTATAAGATTG,0
TGCTCCTATTCCATGT,0
TGCTCCTATTGTTATT,0
TGCTCGAATGTCGATT,0
TGCTCGACGTTTGACA,0
TGCTCGATATAATTGA,0
TGCTCGCTACTTAGAC,0
TGCTCGCTCTCACTAT,0
TGCTCGGTTTCATACG,0
TGCTCGTATATATAAA,0
TGCTCTAAAACCCGTT,0
TGCTCTCCCAATAACA,0
TGCTCTCTCGCATACA,0
TGCTCTCTCTCCAACC,0
TGCTCTTCTAGCAATA,0
TGCTGAAATATAGCAT,0
TGCTGAACACATTGTT,0
TGCTGACAAAGGTAAA,0
TGCTGACAAGTCATCG,0
TGCTGACCCCAATCAA,0
TGCTGAGAAAATATAA,0
TGCTGAGCTAATCACA,0
TGCTGATGAGATCAGT,0
TGCTGATTTAAAAGGT,0
TGCTGCAACAGTGAGA,0
TGCTGCAATACTGAAA,0
TGCTGCCAGAAATAGC,0
TGCTGCCGTACCCTCC,0
TGCTGCTCTCAATATG,0
TGCTGGATTGCCACTT,0
TGCTGTAAACGCTTGT,0
TGCTGTAAATTTCATT,0
TGCTGTCATGATATGA,0
TGCTGTCGTATTCGAC,0
TGCTGTTAGGTTACAC,0
TGCTGTTATCCCGGCT,0
TGCTTAAAGATTAGAG,0
TGCTTAAATACTAACA,0
TGCTTAATATACCAAA,0
TGCTTAATGGCTATTA,0
TGCTTAATTTAATGTA,0
TGCTTACAAGTTACAT,0
TGCTTACCGAACAAGA,0
TGCTTAGCTTTAACCG,0
TGCTTAGGAAGCAAAG,0
TGCTTATAGAGTTACA,0
TGCTTCAACTCGGTTT,0
TGCTTCAGCTATCAAC,0
TGCTTCATGTGCCGTG,0
TGCTTCATTTCTGAAC,0
TGCTTCCTCGGATCTG,0
TGCTTCCTGAAGATGT,0
TGCTTCGAACACAAAC,0
TGCTTCGGACGTCAGA,0
TGCTTGATCATACGTA,0
TGCTTGCAGAAGCAGA,0
TGCTTGCAGGATCAGT,0
TGCTTGCTACATGAAA,0
TGCTTGGGCTAGAAAA,0
TGCTTGGGTAACACGT,0
TGCTTGTATTGTAACA,0
TGCTTGTCCACGAATG,0
TGCTTGTCTAACAACC,0
TGCTTGTTAAGAATCA,0
TGCTTTAACAAATGGA,0
TGCTTTATCTAAAGGT,0
TGCTTTGCACGGGCGT,0
TGCTTTTAAAAGCACC,0
TGGAAAAAAACATAGA,0
TGGAAAAAACCAGAAC,0
TGGAAAAAATACCGGG,0
TGGAAAAACCCACTCT,0
TGGAAAAAGGACCTGT,0
TGGAAAACAAATAGAC,0
TGGAAAACGACCGAAT,0
TGGAAAATAAACCAGG,0
TGGAAAATACCATATG,0
TGGAAAATGCGCGACA,0
TGGAAACCCTTCCTCC,0
TGGAAACTTCTTACAA,0
TGGAAAGAAAACACAT,0
TGGAAAGAACTGTTAC,0
TGGAAAGAATGGATTC,0
TGGAAAGATTATAAAT,0
TGGAAAGTAAGATAAA,0
TGGAAAGTCGATTCTA,0
TGGAAATCTTGCAGCG,0
TGGAAATGAACCCGCC,0
TGGAAATTAAACCAAG,0
TGGAACAAAAAAGGAC,0
TGGAACAATTTATACA,0
TGGAACACCGATAGCC,0
TGGAACACGCCTGTCC,0
TGGAACAGGAAACGTA,0
TGGAACGACAGCTTGT,0
TGGAACGCACCTGAAA,0
TGGAACTAACAAACAG,0
TGGAACTATATCCAAA,0
TGGAACTCGACGAAGT,0
TGGAAGACTTGGGATC,0
TGGAAGCCAATTATCT,0
TGGAAGCGTCAACCGA,0
TGGAAGCTTAATATCT,0
TGGAAGGCCTTCTCAT,0
TGGAATACCACCAGCG,0
TGGAATATCGGAGCAG,0
TGGAATCAAAACTCTC,0
TGGAATCATAAATGCT,0
TGGAATGAAATCCTTG,0
TGGAATGACTGGCTTG,0
TGGAATGCCGAGTAAA,0
TGGAATGCCTTCTTTG,0
TGGAATGTTGTTGCCC,0
TGGAATTGGAAGCGAC,0
TGGAATTTGCAATAAA,0
TGGAATTTTAAAAATA,0
TGGACAAAAAAGATAC,0
TGGACAAAATGTCTGA,0
TGGACAAACAAGCCCT,0
TGGACAACATCAAAAT,0
TGGACAACCTAAGATA,0
TGGACAATACATAAAT,0
TGGACAATCAAGAAAA,0
TGGACAATCCTAAACG,0
TGGACACCAACCAAGC,0
TGGACACCCATCACTC,0
TGGACACTCTGTGATA,0
TGGACAGAGTTAAAGT,0
TGGACAGCACTACGAG,0
TGGACATACCAAGATT,0
TGGACATCGCCACGAA,0
TGGACATGCATTTGAA,0
TGGACATGCGATATGC,0
TGGACATTTCGCCAAC,0
TGGACCAAGTACCGTT,0
TGGACCATCAAAAAAG,0
TGGACCCACCAACCAC,0
TGGACCCCCAGAGGTC,0
TGGACCCTCCTTTGTT,0
TGGACGACATCCGATT,0
TGGACGAGCCACACCA,0
TGGACGATAATAGACT,0
TGGACGCAATAAGCGA,0
TGGACGTAAGCAATAA,0
TGGACTAAAGACCCGC,0
TGGACTAATCCTAAAT,0
TGGACTACCTAGATCA,0
TGGACTAGTTAAACTA,0
TGGACTATTCCATTGC,0
TGGACTCACGCAATAT,0
TGGACTGACTATCGTA,0
TGGACTGAGCGTGCGA,0
TGGACTGATTTCTACC,0
TGGACTGGTTACAAAC,0
TGGACTTAAGCAAACC,0
TGGACTTTGTAAAGAG,0
TGGAGAAACACCAATC,0
TGGAGAAAGAATACTA,0
TGGAGAAAGACTCATA,0
TGGAGAACGCAGGTAC,0
TGGAGAAGACTCTCTA,0
TGGAGAATAGGGAATA,0
TGGAGAATTCCCAGTC,0
TGGAGACACGCATGAG,0
TGGAGACCCGTCTTAC,0
TGGAGACGATCTAGTT,0
TGGAGACTAACAGTAT,0
TGGAGACTCTTTGTTC,0
TGGAGATAAACGAGTT,0
TGGAGATAACATACAT,0
TGGAGATCTATTACAT,0
TGGAGATCTTCGGAAC,0
TGGAGATGTAGAAGAA,0
TGGAGCAAAAAAGGAC,0
TGGAGCACAACACAAA,0
TGGAGCAGTAACTCAT,0
TGGAGCCCGAGCTATC,0
TGGAGCCTTAGACTGC,0
TGGAGCGGATTTCCAA,0
TGGAGGAACCAAAGAG,0
TGGAGTAAGGTTTACA,0
TGGAGTACACCTAGCG,0
TGGAGTAGAGAAGGAC,0
TGGAGTATCCTTACAC,0
TGGAGTGAATGATCAG,0
TGGAGTTTCTTAGTTG,0
TGGATAAAATATATGT,0
TGGATAAATCCATCCT,0
TGGATAATGCACAACA,0
TGGATACAAATAGCGT,0
TGGATACATGACAAGT,0
TGGATACCGGATTTGG,0
TGGATACTACCAATAT,0
TGGATAGACTTAACAT,0
TGGATAGAGTACTCCA,0
TGGATAGCAAATGATA,0
TGGATAGGAACAAATT,0
TGGATAGGGTATAAAG,0
TGGATAGGTTAATATT,0
TGGATATACGCGACTC,0
TGGATCAAACATCCAG,0
TGGATCCAATACAAAA,0
TGGATCTAACCTTGTT,0
TGGATCTATATGAAAC,0
TGGATCTGTAAAAAAA,0
TGGATGAGTATAACTT,0
TGGATGCCAACTCGGA,0
TGGATGGAAACAATAT,0
TGGATGTATCAAATGG,0
TGGATGTCCAGAGCAC,0
TGGATGTTCGCGCATA,0
TGGATTAATCTCAACC,0
TGGATTATACGAGTCT,0
TGGATTCATTACTAAC,0
TGGATTCGGCCCGGAC,0
TGGATTGAACGAGAGC,0
TGGATTGGCAGCTATC,0
TGGATTTAGTTGGCGA,0
TGGCAAAAATGGAATA,0
TGGCAAAAGTGACGAT,0
TGGCAAATACAGATGG,0
TGGCAACAAATAATTT,0
TGGCAACTGTCGAATG,0
TGGCAACTTAATGTAA,0
TGGCAATTTAACTATT,0
TGGCACAACAAATAAG,0
TGGCACAACCTATTAA,0
TGGCACACTCACATGA,0
TGGCACAGAAATAAAA,0
TGGCACAGCTTCTTCC,0
TGGCACATCACAAAGG,0
TGGCACATCTTATGCA,0
TGGCACCGCAGCAAAC,0
TGGCACGATAAAAACG,0
TGGCACTATTTGCACG,0
TGGCAGAACGATAAGC,0
TGGCAGACGTCAAATC,0
TGGCAGAGGTCAAACG,0
TGGCAGATAAACCGAT,0
TGGCAGCCCTTCCGCT,0
TGGCAGTGTGACACAA,0
TGGCATAAACTAACGA,0
TGGCATACAGATCTTT,0
TGGCATACCCAATTTC,0
TGGCATAGCCCCCACA,0
TGGCATAGTTATCTGG,0
TGGCATATACAGGCGG,0
TGGCATCCCAGCCGAT,0
TGGCATGTTCCTCAAA,0
TGGCCAAAAATAACTA,0
TGGCCAAATGTTTACT,0
TGGCCACCGCTATGCT,0
TGGCCAGATTCCAGCA,0
TGGCCAGGACACTCTA,0
TGGCCAGTCGGATCCA,0
TGGCCAGTCGTGGCTC,0
TGGCCATATAGAGAAA,0
TGGCCATCTGCGTCCT,0
TGGCCATTCTATGCAT,0
TGGCCATTTAAATCCA,0
TGGCCCACAATAACCG,0
TGGCCCACTTTCATAA,0
TGGCCCAGATAAACAA,0
TGGCCCAGTACACCAA,0
TGGCCCCAATCCGCAT,0
TGGCCCCTGATTGGCC,0
TGGCCCGAGAAATTCA,0
TGGCCCGATACAATCT,0
TGGCCGATGCGGCCGT,0
TGGCCTAGATCACGTA,0
TGGCCTGGGTTTGCCA,0
TGGCCTTTTATAAAGT,0
TGGCGAAGTTAAGGCC,0
TGGCGATGATATTACA,0
TGGCGCAAGACAAAAA,0
TGGCGCATACGATTAT,0
TGGCGCCAGGTATTAA,0
TGGCGGAGCGATTACA,0
TGGCGGATTCATATCA,0
TGGCGGCACCTAATGT,0
TGGCGGCGACTCATGA,0
TGGCGTGTCATCCGGC,0
TGGCGTTTAGCCGCAT,0
TGGCTAACTGACTACT,0
TGGCTAAGTTAGAGCC,0
TGGCTAATCCAAGTAT,0
TGGCTACCGCTACAGC,0
TGGCTACGAATTAGCG,0
TGGCTAGAAAATCAGT,0
TGGCTAGACCGAAACT,0
TGGCTAGATAACACTC,0
TGGCTAGCAGAACGGC,0
TGGCTAGTCGGGACTT,0
TGGCTCAACCAACCTA,0
TGGCTCAATGTGAGCC,0
TGGCTCAGAACGCGTC,0
TGGCTCGACCCCGAAC,0
TGGCTCGACTTGCACC,0
TGGCTCGAGATTAATC,0
TGGCTCGTACAACATA,0
TGGCTCTCTATCGAAA,0
TGGCTCTGCTTTAAGA,0
TGGCTCTTCCTTACAT,0
TGGCTGAAACCTAGCT,0
TGGCTGAGCCACACAC,0
TGGCTGAGTACTATAC,0
TGGCTGCCTTTTGGTC,0
TGGCTGCTTAATACGT,0
TGGCTGTCATTCTTGA,0
TGGCTGTCTAGACAGA,0
TGGCTGTTATAACTTT,0
TGGCTTAAATAGAACC,0
TGGCTTTAATGCTGTT,0
TGGGAAAACGTTTAAA,0
TGGGAAACCAGGTCAA,0
TGGGAAATGTAAAGAT,0
TGGGAACTCCTTCGCC,0
TGGGACAAACGTAAGC,0
TGGGACATAAAGGGCA,0
TGGGACGCGCACATGG,0
TGGGAGAACCCAAACG,0
TGGGAGAATGACCTCA,0
TGGGAGCAAATTAACA,0
TGGGAGCACTTGAAAC,0
TGGGAGGATGTGACTT,0
TGGGAGTAACCTTGCG,0
TGGGAGTCTCTACTAA,0
TGGGAGTTGAACTATG,0
TGGGATAAATCACTGA,0
TGGGATAACGAATGAT,0
TGGGATAGCCGGAAAG,0
TGGGATCGAAAAGCGT,0
TGGGATGCAACCAACA,0
TGGGATGGACAAAAAG,0
TGGGATGGGCCGGGCC,0
TGGGATTCCCCAAGTG,0
TGGGATTTGTCGTGCA,0
TGGGCACCAATGCCAA,0
TGGGCACCATACCACC,0
TGGGCAGTTGAGCCAA,0
TGGGCATAACTAGAAA,0
TGGGCATATAGGGATA,0
TGGGCATCGTTTGCAG,0
TGGGCCAGGGAGAGAA,0
TGGGCCATTAATCAAC,0
TGGGCCCTGACCGTTG,0
TGGGCCGGTAGAGTTA,0
TGGGCCTAAACTTCAC,0
TGGGCCTTTGAATTCA,0
TGGGCGAATAAAAGCG,0
TGGGCGGCAGTAAAGG,0
TGGGCGTACCCGTCCA,0
TGGGCTACACCTAAGA,0
TGGGCTTCGACTAAAT,0
TGGGGAATTTCAAAAA,0
TGGGGACTCTACCATT,0
TGGGGAGTAGTAACTA,0
TGGGGATAGAAAAGAC,0
TGGGGCATAATTTAAT,0
TGGGGCGCCTAAAATA,0
TGGGGCTCTGCTCATA,0
TGGGGCTTATACGGTA,0
TGGGGGAGGTGTCATA,0
TGGGGGATCTGCCTGT,0
TGGGGGCGATATCTAA,0
TGGGGGGCACACGGCT,0
TGGGGTCTTAAGAGGA,0
TGGGGTTAACATAGTG,0
TGGGTAACAGAGTGGT,0
TGGGTACTAAAACATG,0
TGGGTAGCAGTGAACC,0
TGGGTAGGATATAGGT,0
TGGGTAGTGTGCTTCA,0
TGGGTATAAATGAATC,0
TGGGTATGGCCGAATA,0
TGGGTATTTAAGACCT,0
TGGGTCAAATCTTGTA,0
TGGGTCACTCACTGTA,0
TGGGTCCGCTACTACA,0
TGGGTCGATCTTATTA,0
TGGGTCTGAATGCAGA,0
TGGGTGAACGAGCCAC,0
TGGGTGACAATTGTTG,0
TGGGTGCCGGTTCACC,0
TGGGTGCCTCCTGTGA,0
TGGGTGCGCCGTCCAA,0
TGGGTTAAAGACCATT,0
TGGGTTATCACTGGAA,0
TGGGTTGAAAATAAAT,0
TGGGTTTACTGAGATA,0
TGGGTTTCTTAATCGA,0
TGGTAAACAGATTAAG,0
TGGTAAAGGATTTTAC,0
TGGTAAATTCAAATCG,0
TGGTAACAAGCGTGAA,0
TGGTAACAAGTCAAAA,0
TGGTAACCTAAGTATA,0
TGGTAACGCGAGAACA,0
TGGTAACGTATGTAAT,0
TGGTAATCAATCTTTA,0
TGGTAATGAAGAATAG,0
TGGTAATGACATCCTA,0
TGGTAATGAGGAAAAG,0
TGGTACAAGCGAAATC,0
TGGTACAAGTACTCAA,0
TGGTACAATTCATATA,0
TGGTACACGCTCATGA,0
TGGTACCGTTAAGGGC,0
TGGTACTGTGAAGCTA,0
TGGTAGAGATGTGAAA,0
TGGTAGATACTCACTT,0
TGGTAGCAAAGCCACC,0
TGGTAGTGCACAACTA,0
TGGTATAATCAACGAC,0
TGGTATAATGCCACCT,0
TGGTATGAGTACATAA,0
TGGTATGGTCGACAAT,0
TGGTATTCAGTTATTT,0
TGGTATTTCGATATAG,0
TGGTATTTCGCGAATA,0
TGGTCAAAATCGGCCC,0
TGGTCAAACGATGGTC,0
TGGTCACAGAACTGTG,0
TGGTCACAGAATATAA,0
TGGTCACTAAGGCCGC,0
TGGTCAGATAGAGGCT,0
TGGTCATAATGTACTA,0
TGGTCATTTCTTGATA,0
TGGTCCCCTACTACGG,0
TGGTCCGAGACCCAGT,0
TGGTCCGTAGACTTTA,0
TGGTCGAACTAGAATA,0
TGGTCGAGCCCTTCCA,0
TGGTCGATAGCACATA,0
TGGTCGCAAAACCGAA,0
TGGTCGCACTCTAAAA,0
TGGTCGGTCAGAATCT,0
TGGTCGTAACAAAAAA,0
TGGTCGTCGACTAAAT,0
TGGTCTTAAGCTCGCT,0
TGGTCTTCAATCGAGA,0
TGGTCTTGTCAAAAAT,0
TGGTCTTTGTGTTAAT,0
TGGTGAAAACAGATTA,0
TGGTGAACACTAGCCG,0
TGGTGAACGTGAACCT,0
TGGTGACAAAGGGAGG,0
TGGTGAGATTGTGGAA,0
TGGTGAGTAGCCGGGA,0
TGGTGATACGAGTATT,0
TGGTGCACTCGTATAC,0
TGGTGGACAATCGAAC,0
TGGTGTATCAGAAAAG,0
TGGTGTCACACCCACA,0
TGGTGTCCAGACTAGT,0
TGGTGTCTTTTAACTG,0
TGGTTAAATATCTGCA,0
TGGTTAAATCATAAGA,0
TGGTTAAATTCAACTT,0
TGGTTAATTTGTGCTG,0
TGGTTAGAAGACTTTA,0
TGGTTAGCCACACACC,0
TGGTTAGCGTTCAAAG,0
TGGTTAGGTGCATAAT,0
TGGTTCACCATTTTGC,0
TGGTTCATGAGAATAC,0
TGGTTCTCACTTCACT,0
TGGTTCTCCGCTGATA,0
TGGTTCTTCGTGATTT,0
TGGTTGATTGAGTAAT,0
TGGTTGCAAGAAGTTC,0
TGGTTGCAGTCTACCA,0
TGGTTGTGCTGCTGGG,0
TGGTTTTCTTGACAAC,0
TGTAAAAAATAACCAA,0
TGTAAAAAATAATTTG,0
TGTAAAAAATCGTCTC,0
TGTAAAAACGTTTAGG,0
TGTAAAAAGAGAGCGA,0
TGTAAAAGTCTCAGAA,0
TGTAAAATTGAGTCAA,0
TGTAAACACATACACA,0
TGTAAACAGATAGCCC,0
TGTAAACCAGAATATA,0
TGTAAACCGGAACTAA,0
TGTAAACCGGCTGGGG,0
TGTAAACTGTCCCTAC,0
TGTAAAGAAAAACGAA,0
TGTAAAGAAACGCACA,0
TGTAAAGTCAGGATGG,0
TGTAAAGTTATGACAT,0
TGTAAATAAGGTCGAT,0
TGTAAATACACACACA,0
TGTAAATCTCGGGAAT,0
TGTAAATTAACGAATC,0
TGTAAATTCTTACGTA,0
TGTAAATTTACTTAGT,0
TGTAACAAAACCCAGC,0
TGTAACAAAATATAAC,0
TGTAACAAACCAGTCA,0
TGTAACAAGTATGTCA,0
TGTAACAATCCCAATC,0
TGTAACACGATACGAG,0
TGTAACACTCGTTAAA,0
TGTAACATAGATTAGC,0
TGTAACCAACTCTACA,0
TGTAACCAGAACAAAA,0
TGTAACCCAACGCTTT,0
TGTAACCCAAGTGACT,0
TGTAACCGAAGTAACA,0
TGTAACCGTCAAGGAA,0
TGTAACGAAGTATGAC,0
TGTAACGATGAGGGAG,0
TGTAACGCAATTTGAA,0
TGTAACTAAACGGAAT,0
TGTAACTAAGAAACAA,0
TGTAACTGACAGTAAA,0
TGTAACTTACTGTGAT,0
TGTAAGAACGGCAAGC,0
TGTAAGAATTTGACAG,0
TGTAAGAGTCCACAAA,0
TGTAAGATACAATCAA,0
TGTAAGATTGCACCTT,0
TGTAAGCAAACCCCAG,0
TGTAAGCCAAAGACTA,0
TGTAAGCCCAAAATTT,0
TGTAAGCTTCGGACAA,0
TGTAAGGCATCACAAA,0
TGTAAGTATGGGATCA,0
TGTAAGTTCCCCCTGC,0
TGTAATAATAGTGCCG,0
TGTAATAATCTAAAAA,0
TGTAATACATCGCACG,0
TGTAATACCCCCACTA,0
TGTAATAGAACGTACA,0
TGTAATCAGAGTAATA,0
TGTAATCCAGAGAGCG,0
TGTAATCCCTTGCCCA,0
TGTAATGAAAGGAAGG,0
TGTAATGTTAGTTTTC,0
TGTAATGTTCAAAAAG,0
TGTAATTCACGCCCAG,0
TGTAATTTGCAGCAAA,0
TGTACAAAAGACCTAT,0
TGTACAAACGGACAGA,0
TGTACAACAACTGCCA,0
TGTACAAGAAAACAGA,0
TGTACAATTCATTCAG,0
TGTACACAATCACTTA,0
TGTACACGAGTCAGTG,0
TGTACACGCCATGACC,0
TGTACACTCAGTGGTG,0
TGTACACTCGGATACC,0
TGTACACTTAAATCGC,0
TGTACAGAAATGGTCT,0
TGTACAGACTTTGTTT,0
TGTACATATATTAAAC,0
TGTACCACCCGACAAC,0
TGTACCACGGTACTCC,0
TGTACCATACCACCAT,0
TGTACCCCAACGAAGT,0
TGTACCCCCTGGCACC,0
TGTACCCGACACGTCT,0
TGTACCCGGACATTCA,0
TGTACCCGTGGAAACA,0
TGTACCCTAAGCAGAT,0
TGTACCTTTTAAATAA,0
TGTACGACGTTGATAG,0
TGTACGAGCCTTGCAC,0
TGTACGCCATCTTTGT,0
TGTACGCTAAACTGTG,0
TGTACGCTGGATAATT,0
TGTACGTATGGGAGCT,0
TGTACTAATTAAAATA,0
TGTACTACCCCTATTG,0
TGTACTAGAGAAAGAA,0
TGTACTAGATCATAAT,0
TGTACTAGGCAACTAT,0
TGTACTATAAATTAAA,0
TGTACTCAACCATGTA,0
TGTACTCTAGACTCGA,0
TGTACTCTCGAATATG,0
TGTACTGAATAGACTA,0
TGTACTGCTAATAAAT,0
TGTACTGGAGTCCCCA,0
TGTACTGTAAGAGCCT,0
TGTACTTTGTCGGTTA,0
TGTAGAAAATCCAGAA,0
TGTAGAACCATGACGG,0
TGTAGAATATAACGTA,0
TGTAGACAGGTCTAAA,0
TGTAGATAATAATAGG,0
TGTAGATAGGTATTAC,0
TGTAGATCTACAAGCA,0
TGTAGATTACATCAGA,0
TGTAGCAAACGAGCAC,0
TGTAGCCATCACCCAT,0
TGTAGCCCAAATCAAG,0
TGTAGCTAAAAAAAAA,0
TGTAGGATCTCAAAAA,0
TGTAGGATCTGCGACA,0
TGTAGGCGAATGAAGA,0
TGTAGTAATTCACTGG,0
TGTAGTAATTGCAAAA,0
TGTAGTATTATTGGCT,0
TGTAGTTCAGTGCAAG,0
TGTAGTTCTCGGCAAT,0
TGTATAATAATACCCT,0
TGTATAATCGACCAAG,0
TGTATAATTTTCGACA,0
TGTATACAATTGTCTA,0
TGTATACTGAACTTAA,0
TGTATAGAATACAAAG,0
TGTATAGAATGTATAT,0
TGTATAGACAAACCGA,0
TGTATAGGGATATTGG,0
TGTATAGTGACTAAAC,0
TGTATATAACAGTACA,0
TGTATATAATCCAAGC,0
TGTATATCATAACATA,0
TGTATATCTGCGGTCA,0
TGTATATGGTCTCAGA,0
TGTATCAACAGTACGA,0
TGTATCAACTGGGTAC,0
TGTATCATTCCGTCAT,0
TGTATCCAACCTTATG,0
TGTATCCACGCGAACA,0
TGTATCTGTATGTCAT,0
TGTATGAACCTATACA,0
TGTATGATAAGAAAAG,0
TGTATGATACGCTAAG,0
TGTATGCCAGAGCCTG,0
TGTATGCTAGCTCATA,0
TGTATGGTGGAACAAA,0
TGTATGTCATACAGAA,0
TGTATGTTATTTCAAA,0
TGTATGTTTAATCTAC,0
TGTATTACAATGAATT,0
TGTATTATTATTAAGG,0
TGTATTCAAAATTGCC,0
TGTATTCATCCCAGAC,0
TGTATTCCCGACTCCA,0
TGTATTCTCCAACCTC,0
TGTATTGATTCGTAGC,0
TGTATTGCCATAAGCC,0
TGTATTGGGATTACAT,0
TGTATTTAGTTCATCG,0
TGTATTTTGCATCGCA,0
TGTATTTTTGAAAAGC,0
TGTCAAACAAACCAAA,0
TGTCAAATAGCCAAGA,0
TGTCAAATTAACAACG,0
TGTCAACACCATAGAC,0
TGTCAACCAAGAAATC,0
TGTCAACCATTATAAA,0
TGTCAACCCCGTATAT,0
TGTCAACTCTGGCGGC,0
TGTCAACTGAAGCTAA,0
TGTCAACTGTGAACAG,0
TGTCAAGAACAAAACT,0
TGTCAAGGAAAAAACA,0
TGTCAAGGCCTTGAAC,0
TGTCAAGTAGGCCTAC,0
TGTCAATAAAAGGAAA,0
TGTCAATAAACCAAGA,0
TGTCAATACTGAATTC,0
TGTCAATGAGAAGAAT,0
TGTCAATGTTGGTTCT,0
TGTCAATTTAACTCTA,0
TGTCACATACTCGCAT,0
TGTCACATCCCTGAGG,0
TGTCACATGCAAAAAA,0
TGTCACATTGCTAAGG,0
TGTCACCCTAGGGCAC,0
TGTCACCTATAAAGGA,0
TGTCACGTCGCTCCCC,0
TGTCACGTGTGCTAAC,0
TGTCACTGGTATCAAA,0
TGTCACTTGGACACTC,0
TGTCACTTTAGCCAAG,0
TGTCAGAAATAAAGCT,0
TGTCAGAACAGTCACA,0
TGTCAGACACCCTAAA,0
TGTCAGACACCTCCTA,0
TGTCAGAGAATCAACC,0
TGTCAGATGCTTAATT,0
TGTCAGATTAACACGT,0
TGTCAGCATAAAAGCG,0
TGTCAGGTAGAATAGC,0
TGTCAGTAAGGTAACT,0
TGTCAGTACACGCCAC,0
TGTCAGTATACTCTAA,0
TGTCAGTATTCATTCA,0
TGTCAGTATTCTGATA,0
TGTCATAAATTTGAAG,0
TGTCATAACGTAACAA,0
TGTCATACAAATTCCA,0
TGTCATGAAGTAGATC,0
TGTCATGATATAAACA,0
TGTCATGCATCTATGT,0
TGTCATTGCCACTGTT,0
TGTCCAAAATATACCA,0
TGTCCAAAGAAAAGAA,0
TGTCCAACAGTTAAAA,0
TGTCCACAACTCACCA,0
TGTCCACCACCACATA,0
TGTCCACGGATGAAGA,0
TGTCCAGAATAAAATA,0
TGTCCAGCTATGCGTC,0
TGTCCAGCTTCAAACA,0
TGTCCATCAGCTCCTT,0
TGTCCCAAAGCAAAAA,0
TGTCCCACTCATTTGA,0
TGTCCCAGCTAACGAC,0
TGTCCCATACCTGTAT,0
TGTCCCCATCAACTAC,0
TGTCCCCATTCTAAGT,0
TGTCCCGCATGAGGGA,0
TGTCCCGCGTTGTCAT,0
TGTCCGCCATCTGACT,0
TGTCCGCGGAGCCATA,0
TGTCCGTCAAACAAGA,0
TGTCCGTTATACTTCG,0
TGTCCTAAACAGTGGT,0
TGTCCTACATTCCTGA,0
TGTCCTAGATCGATAA,0
TGTCCTATACTTAAAA,0
TGTCCTATCAAATAAA,0
TGTCCTCATGAGCAAA,0
TGTCCTCCAGCTACTA,0
TGTCCTGAAAAACTAG,0
TGTCCTGAAATCGACG,0
TGTCCTTCCAACGAGC,0
TGTCCTTCGCCCGTAC,0
TGTCCTTCGCCTTTAT,0
TGTCCTTCTTAGCATA,0
TGTCCTTTTACGTCGC,0
TGTCGAAAATTCCCTT,0
TGTCGAACATCTAGTT,0
TGTCGACCATCTGAAA,0
TGTCGAGATGAGGCCA,0
TGTCGATCTAAAAACA,0
TGTCGATCTTATCAAT,0
TGTCGATTATCGCACA,0
TGTCGCAAGAAATGCG,0
TGTCGCACTAAAGGTG,0
TGTCGCCCAAACAAAG,0
TGTCGCCGTGAACTAT,0
TGTCGCTAAAGCTCTT,0
TGTCGCTGGAACGGAA,0
TGTCGGACTTAGCAAA,0
TGTCGGAGCGTTGACC,0
TGTCGGCGCGGTGCTC,0
TGTCGGGAGGTGTTAT,0
TGTCGGTATGTACGAC,0
TGTCGTAGATAATCAA,0
TGTCGTATATATTGTC,0
TGTCGTTTAACGAAAG,0
TGTCTAAAAGAGCATG,0
TGTCTAAAATCAAAAC,0
TGTCTAAACGAAGAAA,0
TGTCTAATCCAAGATA,0
TGTCTACAATTGTACG,0
TGTCTACACAATGATG,0
TGTCTACACGAACAAA,0
TGTCTACATTTCAAAT,0
TGTCTAGAAGAGACAT,0
TGTCTAGATAAATTGA,0
TGTCTATACAACAACA,0
TGTCTATGAACGTTCT,0
TGTCTCAGTAGTCAAC,0
TGTCTCGTCACATCCC,0
TGTCTCTACTCCCCAA,0
TGTCTGATACAAGTTG,0
TGTCTGATAGACGCCA,0
TGTCTGATTCCTAGCG,0
TGTCTGCTGTTTTTAC,0
TGTCTGTAGATTGTAC,0
TGTCTTAAAGCAGAGG,0
TGTCTTAATTACAAAT,0
TGTCTTATCTAGTGAT,0
TGTCTTCTGACCAGCA,0
TGTCTTGCCTCCTGAT,0
TGTCTTTCAATCCTAC,0
TGTCTTTCGCCGGGGC,0
TGTCTTTTAAAAAGTC,0
TGTCTTTTAGACCATC,0
TGTGAAAAATTTATAC,0
TGTGAAAACAAAATAA,0
TGTGAAAACCAATTAT,0
TGTGAAAAGCCATCTT,0
TGTGAAAATGTTAAAT,0
TGTGAAACACGGGGGA,0
TGTGAAACCAGTGGTT,0
TGTGAAACGAACTACG,0
TGTGAAACTCGGCGGA,0
TGTGAAATCATTATAT,0
TGTGAACCACCTAGGA,0
TGTGAACCTAACACTA,0
TGTGAACTTTAACCCA,0
TGTGAAGTATGATAGA,0
TGTGAATGGTGACCAC,0
TGTGACACGGTTTGTG,0
TGTGACAGCACGGTAT,0
TGTGACATAAACATAC,0
TGTGACATACAAGCTC,0
TGTGACCACAACCAGG,0
TGTGACTCCTTGTATG,0
TGTGACTGTCATATCT,0
TGTGACTTTAGAGAAA,0
TGTGAGAGAACCGAAG,0
TGTGAGATATCGTAGA,0
TGTGAGGAATTAAAAA,0
TGTGAGGGTACTCAAG,0
TGTGAGTAATGAGGTT,0
TGTGATAAGCTGAGAA,0
TGTGATACGAATAGAA,0
TGTGATACTCCCCAAA,0
TGTGATCGCACGTGCA,0
TGTGATGCCAATAGTC,0
TGTGATTAGACGCGCG,0
TGTGATTAGATGAGGA,0
TGTGATTATCCATGGC,0
TGTGATTGGGCACGCT,0
TGTGCAAAAAACCCTC,0
TGTGCAAAGTCACACC,0
TGTGCAAGAAGAGTAA,0
TGTGCACTAAAAGTTC,0
TGTGCACTGTCTCACT,0
TGTGCAGAGGATCTAA,0
TGTGCAGTGATCTAGA,0
TGTGCATCTCAAGATC,0
TGTGCATGAAGCGACC,0
TGTGCATTCGACCATG,0
TGTGCCATTACAACCA,0
TGTGCCCCCTCCAAGG,0
TGTGCGAAATACCGCT,0
TGTGCGCATAGTTCTG,0
TGTGCGTTACATAGAA,0
TGTGCTACCGCAAATT,0
TGTGCTAGGTACATCA,0
TGTGCTTAACATGAGA,0
TGTGCTTTACATGTAA,0
TGTGGAAACATGGAGA,0
TGTGGAACTTAGGCTA,0
TGTGGAAGAATCTGAG,0
TGTGGACAGCGCATAC,0
TGTGGACCATAGACAC,0
TGTGGAGTGTAATAAT,0
TGTGGATGAGCTGCTC,0
TGTGGATGGTACCCTG,0
TGTGGCAAGGCTTCAA,0
TGTGGCCGTGAGAGTC,0
TGTGGCGAATAGCGTG,0
TGTGGCTAAGGACTCA,0
TGTGGCTCTAATCTTA,0
TGTGGCTGCGATTTCG,0
TGTGGCTTCGCCATGG,0
TGTGGGTAAAGCTTTC,0
TGTGGGTAGAAAGCCT,0
TGTGGGTGAAGGTGCG,0
TGTGGTACCAGCTGTC,0
TGTGGTGGCCATTGCA,0
TGTGTAAAACATCGAG,0
TGTGTACCCATATAAA,0
TGTGTACCTCTGTCAA,0
TGTGTACTTTCAACCC,0
TGTGTATACGCCACTC,0
TGTGTATCAATAATAC,0
TGTGTCATGAGTGCGT,0
TGTGTCCTATGTGCGC,0
TGTGTCGACTGCAATA,0
TGTGTCTATATCGGTC,0
TGTGTGAAGACAACGA,0
TGTGTGAAGGATCGCT,0
TGTGTGTAAAAGCTCA,0
TGTGTTAAACGTCCGA,0
TGTGTTAACCCAGATT,0
TGTGTTACACTTAAGC,0
TGTGTTACGTAAAAAA,0
TGTGTTCAGTAACGCC,0
TGTGTTGACCCATACT,0
TGTGTTGATATTTATG,0
TGTGTTTCATACTACC,0
TGTTAAACAAGATCAA,0
TGTTAAACGAAAAGTC,0
TGTTAAACGAAACCCG,0
TGTTAAATTACCTCCA,0
TGTTAACACGCCCAGT,0
TGTTAACAGGTTCTCC,0
TGTTAACCTCGGAACA,0
TGTTAACGCTTGGCTT,0
TGTTAACTTCTATAAC,0
TGTTAAGCAGATTAGA,0
TGTTAAGGCTATACAC,0
TGTTAATGAATATAAG,0
TGTTAATGCACTTAAC,0
TGTTAATGTAGACAGT,0
TGTTAATGTGTCCACA,0
TGTTAATTATTACAAA,0
TGTTAATTCACGGTCC,0
TGTTACAAATGAAAAT,0
TGTTACAACCCCAATA,0
TGTTACAACCCTAAAG,0
TGTTACAACTGCACTG,0
TGTTACAAGAAGACCT,0
TGTTACACTCTACCGA,0
TGTTACCAAAACACTG,0
TGTTACCAAAATATGA,0
TGTTACCGTCTTAAGA,0
TGTTACGATTCACTTA,0
TGTTACGCATATAAAA,0
TGTTACTAATTCAAAC,0
TGTTACTTAGCACTGA,0
TGTTAGAGTTTGTCGG,0
TGTTATAATAATACTG,0
TGTTATACAGAAAACC,0
TGTTATACATTTTAGC,0
TGTTATACGACAAACA,0
TGTTATACTCTGCTCG,0
TGTTATAGCAAAGTCG,0
TGTTATAGTACGGATA,0
TGTTATATAAAGAACT,0
TGTTATGAAACTAAAA,0
TGTTATGATATAAACA,0
TGTTATTAATGTCATT,0
TGTTATTGGCCATTAC,0
TGTTATTGTACAATTT,0
TGTTCAAAAAATAGTT,0
TGTTCAAATGTGACAC,0
TGTTCAAGACGTGGTA,0
TGTTCAAGTTAAGAAA,0
TGTTCACCTTCCGGAC,0
TGTTCACGTCTCTAAA,0
TGTTCATTAAGAGCCT,0
TGTTCCAGCCTGAACA,0
TGTTCCCAGATTTAAA,0
TGTTCCCCAATGCAAC,0
TGTTCCCTAAGCTAAT,0
TGTTCCGAGGGGTAAG,0
TGTTCCGGAACATGGC,0
TGTTCCTTCCATACAC,0
TGTTCGCCCACATATC,0
TGTTCTAACAGCAATA,0
TGTTCTACCGAATACC,0
TGTTCTAGTTCACACT,0
TGTTCTATACGTAGGT,0
TGTTCTCAACCCAAGG,0
TGTTCTCCTTACGCTA,0
TGTTCTGAAATTTGTA,0
TGTTCTGCTTTAATAC,0
TGTTCTGGTATTGTGA,0
TGTTCTTTGGATATAG,0
TGTTGAACAGTAAAAA,0
TGTTGAATACATGTGA,0
TGTTGAATTCCTGTGA,0
TGTTGACACCAGTCGT,0
TGTTGACCAAAAATAT,0
TGTTGACTATACTAAG,0
TGTTGAGCTAACAACA,0
TGTTGATGATTCCCTA,0
TGTTGATGGCAAGTAA,0
TGTTGATTATACATCC,0
TGTTGCAACAGTAAGA,0
TGTTGCACCTGGTACT,0
TGTTGCCCTATGACTA,0
TGTTGCCTCTGTAAAT,0
TGTTGCGACAATCCAA,0
TGTTGCTAAAAGTAAG,0
TGTTGCTGAAAACCGG,0
TGTTGCTGTAGTACCA,0
TGTTGCTTAAATAAGA,0
TGTTGGAGTAGCTAAA,0
TGTTGGCTGGCTGAGA,0
TGTTGTAAAATTGTCA,0
TGTTGTAGCTCTGTAC,0
TGTTGTCGCTTCAAGC,0
TGTTGTGAACATGTAT,0
TGTTGTGATAATACAC,0
TGTTTAAAACTAGCCT,0
TGTTTAAAAGAAAAAC,0
TGTTTAAAGTCTTAGT,0
TGTTTAAATAACGAAT,0
TGTTTAACGACATCGA,0
TGTTTACAAAGGCTTA,0
TGTTTACACGCATTCT,0
TGTTTACGCTTGCTGT,0
TGTTTAGTTGGCTTCA,0
TGTTTATGCCAGTATT,0
TGTTTCAAGGCGGATA,0
TGTTTCATCATGACGC,0
TGTTTCCATAAATAAA,0
TGTTTCGTCGTGCACT,0
TGTTTCGTGTGGATAG,0
TGTTTGCAAATGTGTT,0
TGTTTGCAACTATTAT,0
TGTTTGGAAATATTAA,0
TGTTTGTCCTAATCAA,0
TGTTTGTCGAACGAAC,0
TGTTTTATATCACAAT,0
TGTTTTATATGGTTAA,0
TGTTTTATCCAACTAA,0
TGTTTTCCTACAGAAA,0
TGTTTTGATAGAGAAG,0
TGTTTTTAACGGTTCA,0
TTAAAAAAACGGAATT,0
TTAAAAAAAGGACACC,0
TTAAAAAACACCCAAT,0
TTAAAAAACATTAATG,0
TTAAAAAACCCAGCCC,0
TTAAAAAATAGGGTCA,0
TTAAAAACAACGGAAA,0
TTAAAAACCTCCGATG,0
TTAAAAACTATTACAA,0
TTAAAAAGGGCATAAA,0
TTAAAAATCAAATCTA,0
TTAAAAATCATAATCA,0
TTAAAAATGTACCCCA,0
TTAAAAATGTCTACAG,0
TTAAAAATTTGGCATA,0
TTAAAACACAAGCGGA,0
TTAAAACAGTTTATAT,0
TTAAAACATACGAGTC,0
TTAAAACCGGGTAATC,0
TTAAAACCTCGGCTAC,0
TTAAAACCTTAAACCA,0
TTAAAACCTTGTGAAG,0
TTAAAACGGTACTTTT,0
TTAAAACGTGTTTGTA,0
TTAAAACTATATAGCG,0
TTAAAACTCAATAAGC,0
TTAAAACTTCGAAATG,0
TTAAAACTTCTTATAC,0
TTAAAAGAAAAGAAAA,0
TTAAAAGAAAGAAATC,0
TTAAAAGAATTGCTTT,0
TTAAAAGATAATATCC,0
TTAAAAGATGATATCC,0
TTAAAAGATTCAAATT,0
TTAAAAGCCGCTACCT,0
TTAAAAGCGAGCATAC,0
TTAAAAGCGTCCTAAA,0
TTAAAAGGAGGGTGGG,0
TTAAAAGGAGTATAGC,0
TTAAAAGTATCTACTA,0
TTAAAAGTGAGAGTCC,0
TTAAAAGTTTGTGATA,0
TTAAAATAAAAGATAT,0
TTAAAATAACATACCT,0
TTAAAATAAGATTGAT,0
TTAAAATAAGTAGAAT,0
TTAAAATAATCTCTAG,0
TTAAAATACACCCCAT,0
TTAAAATACGCTGCAC,0
TTAAAATACTGAAACT,0
TTAAAATATACAACTA,0
TTAAAATCCAAAACGC,0
TTAAAATCTTATTTCA,0
TTAAAATGACATAAGG,0
TTAAAATGACGGATAC,0
TTAAAATGCATTGTTT,0
TTAAAATTATACAATA,0
TTAAAATTCGCACTAA,0
TTAAAATTCGGAACAA,0
TTAAAATTGTAATGGG,0
TTAAAATTGTTTAGCG,0
TTAAACAAAAATCGAT,0
TTAAACAAAGTATGAT,0
TTAAACAAAGTGTATG,0
TTAAACAACAATAAAA,0
TTAAACAACTTTACAG,0
TTAAACAAGGTACTGC,0
TTAAACACAACAAAAC,0
TTAAACACAGCCCAGA,0
TTAAACACATTAAGAG,0
TTAAACACCGATTAAT,0
TTAAACACTATTATAA,0
TTAAACATTTGAAGAC,0
TTAAACCACAACGCGA,0
TTAAACCACTAATCCA,0
TTAAACCACTAGGCAT,0
TTAAACCATTGGAATG,0
TTAAACCTATATAATG,0
TTAAACCTCTAAACCA,0
TTAAACGCAACAACAA,0
TTAAACGCTAAACGGA,0
TTAAACGGTGTCATAA,0
TTAAACGTGGGCCGAT,0
TTAAACTACCTCGGGA,0
TTAAACTACGTAGTCA,0
TTAAACTACTCTTTGA,0
TTAAACTAGACGCTAA,0
TTAAACTAGATCCACA,0
TTAAACTAGCCAACAG,0
TTAAACTATGTAACGA,0
TTAAACTGACGAGAGA,0
TTAAACTGGTAAAAAA,0
TTAAACTTAGTGGAAC,0
TTAAACTTTGTGGGCC,0
TTAAAGAAGACTCGGA,0
TTAAAGACAACTTCGA,0
TTAAAGACTCCCGACA,0
TTAAAGATTTACACCC,0
TTAAAGCATGGATGCT,0
TTAAAGCGCCATCAAC,0
TTAAAGCGTTAGTATC,0
TTAAAGCTTGAAGTTA,0
TTAAAGGAGGGCTATG,0
TTAAAGGCAACGAAAC,0
TTAAAGGCTACTCGGA,0
TTAAAGGTGTACCATA,0
TTAAAGTAAATGGTAC,0
TTAAAGTAACCAAACC,0
TTAAAGTACAAAAGGA,0
TTAAAGTCCAACGTCG,0
TTAAAGTCCGAATTAC,0
TTAAAGTGTGCCTGCG,0
TTAAAGTTAACCTCGG,0
TTAAAGTTATGTCAGA,0
TTAAATAAAAATTGCT,0
TTAAATAAACGTAATA,0
TTAAATAAAGCTGTAG,0
TTAAATAACACGCACA,0
TTAAATAACCTCATAT,0
TTAAATAAGTATTTAA,0
TTAAATAATTTTACAG,0
TTAAATACGTGAGTCC,0
TTAAATACTTAGAAGG,0
TTAAATATATATAATG,0
TTAAATATATATTAAC,0
TTAAATATATCTAAAA,0
TTAAATATCAGATCCT,0
TTAAATATTGCCGACC,0
TTAAATCACCGTACTA,0
TTAAATCAGGGGTACA,0
TTAAATCATAGAGCAA,0
TTAAATCGCTTTAATA,0
TTAAATCGGAGCACGC,0
TTAAATCGTCCTGCAG,0
TTAAATCTAAATCCTA,0
TTAAATCTCTCTCATA,0
TTAAATCTGGAGCTAT,0
TTAAATCTGTAAAACC,0
TTAAATGAATACAAAT,0
TTAAATGAATCGGGTA,0
TTAAATGATATACACC,0
TTAAATGCTATGCCAA,0
TTAAATGGGTACTGGG,0
TTAAATGTAATAAAAA,0
TTAAATGTATGACATC,0
TTAAATTAACACCTTA,0
TTAAATTATATGATGG,0
TTAAATTATCGCTACA,0
TTAAATTCAGAAACTA,0
TTAAATTCAGTCATAA,0
TTAAATTCATACTGAA,0
TTAAATTCCTGCTTGC,0
TTAAATTTCAACCAAG,0
TTAAATTTGACATACA,0
TTAACAAAAAATATAT,0
TTAACAAAAATTGGAC,0
TTAACAAAAGAATATC,0
TTAACAAAAGCCAAGC,0
TTAACAAAGAATCGTG,0
TTAACAACAACTACTT,0
TTAACAACTCGGCAAA,0
TTAACAAGGAGTACTA,0
TTAACAAGGCACGAAA,0
TTAACACAAAGGGATG,0
TTAACACACTGTAGTG,0
TTAACACAGCACAAAG,0
TTAACACATAACACCG,0
TTAACACCAAATCCAA,0
TTAACACCGTATCTAT,0
TTAACACCTCTTGACT,0
TTAACACCTGTCACTC,0
TTAACACTAATAAGTA,0
TTAACAGAACCCAAAT,0
TTAACAGAGAAAACCT,0
TTAACAGATTGGCCCG,0
TTAACAGCCCATTCAC,0
TTAACATATAAATGAA,0
TTAACATATTAGTGAA,0
TTAACATGATAAGATA,0
TTAACATGTCATGTAT,0
TTAACATTAAGAAGAC,0
TTAACATTAATCCTCA,0
TTAACATTAGTAAATG,0
TTAACATTATGAAGAT,0
TTAACATTTAATTTTT,0
TTAACCAAATAAATGA,0
TTAACCAAGAAGTAAT,0
TTAACCACTGATTAAA,0
TTAACCAGAAGACCAT,0
TTAACCAGAGAACTCA,0
TTAACCATCCGGGAAA,0
TTAACCATCCTCTATT,0
TTAACCATTGGGAAAA,0
TTAACCCTAAAAAGTC,0
TTAACCCTAGAGAGAT,0
TTAACCGACTCAGCAG,0
TTAACCGATATTATTT,0
TTAACCGATTACGGGT,0
TTAACCTAACTCAACC,0
TTAACCTATCTACAAC,0
TTAACCTCGGATTCAG,0
TTAACCTGAGTCCCAA,0
TTAACCTGATTGTCAT,0
TTAACGACACCTTTCA,0
TTAACGACATTATTGG,0
TTAACGACCAGACACG,0
TTAACGACGTTTGCCC,0
TTAACGACTGCACCCT,0
TTAACGATTCTAAACA,0
TTAACGCCGAGAAAGC,0
TTAACGCCGGACACAA,0
TTAACGCTTAATGATA,0
TTAACGGAAAACTCCT,0
TTAACGGATCTAGGAT,0
TTAACGGCGCTTGGTT,0
TTAACGGCGTGAAAGA,0
TTAACGGCTCTAGATG,0
TTAACGGTGTTAACAG,0
TTAACGTACAAATCAA,0
TTAACGTGAGCCGGGG,0
TTAACGTGTCCCACAA,0
TTAACGTTATTTAACC,0
TTAACGTTTCAACCGA,0
TTAACGTTTGGTGGAA,0
TTAACTACATCATTAT,0
TTAACTACCATGTTAC,0
TTAACTAGCACAAGAC,0
TTAACTCAATGCAAAG,0
TTAACTCCCCATAGAA,0
TTAACTCCGAAACACA,0
TTAACTCGCACAAAAT,0
TTAACTGAGTTAATCT,0
TTAACTGCATAGTACA,0
TTAACTGCTAGGACGC,0
TTAACTGGATGTCTTT,0
TTAACTGGCTGACACA,0
TTAACTGTTGAGTCAA,0
TTAACTTAATGCACAT,0
TTAACTTATTAAACCA,0
TTAACTTGAAAGTACA,0
TTAAGAAACAGCCAAT,0
TTAAGAAACCCGTATT,0
TTAAGAAAGCTACGGA,0
TTAAGAAATAATCTAT,0
TTAAGAACCCAAAAGG,0
TTAAGAAGAAATCCCG,0
TTAAGAATAAAGTGAA,0
TTAAGAATAATATTAA,0
TTAAGAATGGAATACA,0
TTAAGACAAGGCATAA,0
TTAAGACAAGTATCTT,0
TTAAGACACGAAAACT,0
TTAAGACAGATTGTAA,0
TTAAGACCAGAAACAA,0
TTAAGACCTGTTCGTA,0
TTAAGACGTTTAATAC,0
TTAAGACTCTAATATA,0
TTAAGAGAAGTAACTA,0
TTAAGAGGAGCTAATA,0
TTAAGAGTAAACCACA,0
TTAAGAGTATGAAATC,0
TTAAGATATCAAGTAA,0
TTAAGATCAAGTTTCC,0
TTAAGATCACAAGAGA,0
TTAAGATCCAACAGTC,0
TTAAGATCTACAAACA,0
TTAAGATGAAAGCCAA,0
TTAAGATGACAAATAC,0
TTAAGATGGCATGCCT,0
TTAAGATGTATCTTGT,0
TTAAGATTGCTCGGAA,0
TTAAGCAACAAACCGA,0
TTAAGCAATATTCCCA,0
TTAAGCATAAATAATC,0
TTAAGCATAAATATAA,0
TTAAGCATCAGCGAAA,0
TTAAGCCATAAACCTC,0
TTAAGCCATCAAAATC,0
TTAAGCCGAACGTTTA,0
TTAAGCCTATAAGACA,0
TTAAGCGAAAGCAACC,0
TTAAGCGCAAGTCGTA,0
TTAAGCTAACAACACT,0
TTAAGCTAACTTAACG,0
TTAAGCTATCACGGTC,0
TTAAGCTCTGCAACGT,0
TTAAGGAACAGGCAGA,0
TTAAGGAACTAAGCCA,0
TTAAGGAGAAGAGTCG,0
TTAAGGATACTCCATA,0
TTAAGGATTACATGCG,0
TTAAGGCAAATAAATT,0
TTAAGGCAAGGTATTA,0
TTAAGGCACAAGGACT,0
TTAAGGCCTATTCAGT,0
TTAAGGCTCGGAGTTG,0
TTAAGGGAGAATACGG,0
TTAAGGGCATTACCAT,0
TTAAGGGGACACGGCC,0
TTAAGGTCATCCTGTC,0
TTAAGGTTTACAACGC,0
TTAAGTAAAGTAAAAC,0
TTAAGTAACAAGGGAA,0
TTAAGTAACGCAACAT,0
TTAAGTAATAGATTGT,0
TTAAGTAGATAAGCTT,0
TTAAGTATGAGAAACT,0
TTAAGTATTCTTAAGT,0
TTAAGTATTGGCCCAC,0
TTAAGTCAACGAAGAA,0
TTAAGTCAAGCGGTAT,0
TTAAGTCAATCGCCTA,0
TTAAGTCCTAGAAAGC,0
TTAAGTGAAAAAAAAA,0
TTAAGTGAACATAATG,0
TTAAGTGACAATTAAA,0
TTAAGTGACTTCCTAG,0
TTAAGTGCAAATATCC,0
TTAAGTGTAAACTGAA,0
TTAAGTTGACATGCAC,0
TTAAGTTTCCTTGACG,0
TTAAGTTTGCTCGCTA,0
TTAATAAAATACCACA,0
TTAATAAACTCGTCCT,0
TTAATAAATTAGACAC,0
TTAATAACATAATACA,0
TTAATAACCAGCCACC,0
TTAATAACTACACCCT,0
TTAATAACTTGTTTTT,0
TTAATAAGAATGAAAT,0
TTAATAAGCTAGTGTA,0
TTAATAAGTTTCAAGT,0
TTAATAATACCCGCTC,0
TTAATACAACAAAAAC,0
TTAATACATTGGCGCT,0
TTAATACCATATGTGG,0
TTAATACGTGAACTTA,0
TTAATAGAAGCTCTGT,0
TTAATAGCAAAATATT,0
TTAATAGCGGATTAAC,0
TTAATATACGGTGTAT,0
TTAATATAGGATAGAC,0
TTAATATATAATAGCA,0
TTAATATTAGGAAAAC,0
TTAATATTCCATCAAG,0
TTAATATTGATTATAA,0
TTAATATTTCCAGCCA,0
TTAATATTTGAGAACA,0
TTAATATTTTAGTTTT,0
TTAATCAAGTAAAACT,0
TTAATCACGTGCAGAC,0
TTAATCACTCGGCACT,0
TTAATCCCCGACCCTG,0
TTAATCCGTCAACAAT,0
TTAATCCTCTCCTCTA,0
TTAATCCTGGATAGTT,0
TTAATCGAATCGACTT,0
TTAATCTAGAAATTCA,0
TTAATCTCAGCGTTTC,0
TTAATCTTGACCCATA,0
TTAATGAAAAAGTTAA,0
TTAATGAAACATACGT,0
TTAATGAACCGAAAAC,0
TTAATGAACGTGATCA,0
TTAATGACCAGGGAAC,0
TTAATGACTCAACCTG,0
TTAATGAGGACCAAGA,0
TTAATGATCCCCTGCT,0
TTAATGATTCCAGCGT,0
TTAATGCAAATTTGAA,0
TTAATGCAAGTCCTAT,0
TTAATGCGAGGGAGTC,0
TTAATGCGGCACCTAT,0
TTAATGCTGAAGAAAG,0
TTAATGGAGAGTAACA,0
TTAATGGAGCGAAATA,0
TTAATGGATGCACATG,0
TTAATGGCAATAAACC,0
TTAATGGCACAAAGAA,0
TTAATGGGACATCACG,0
TTAATGTCACAGAAGT,0
TTAATGTCACGAATGT,0
TTAATGTGAGGGACAC,0
TTAATGTTGGTTTAAG,0
TTAATTAAAACCGTAA,0
TTAATTAAACGATTGA,0
TTAATTAAGAACCGAT,0
TTAATTAAGCACGAAT,0
TTAATTAATACATTCA,0
TTAATTACAAGCGCAT,0
TTAATTACACTGTAAA,0
TTAATTAGGATAAAAT,0
TTAATTAGTCTCACAT,0
TTAATTATAACTTGAA,0
TTAATTATACAGTTCA,0
TTAATTATACCGCCGA,0
TTAATTCAGCTTGACC,0
TTAATTCAGTAGCACC,0
TTAATTCATTGATATC,0
TTAATTGACAACTTCC,0
TTAATTGATTAGACTA,0
TTAATTGCGTAAGTCT,0
TTAATTGCTACTGAAT,0
TTAATTGCTTGAATAC,0
TTAATTGGACTTAACA,0
TTAATTGGTCCCAAGT,0
TTAATTGGTTCTCCAT,0
TTAATTGTTGTCTACA,0
TTAATTTAATCTACAT,0
TTAATTTATGTCTGAC,0
TTAATTTCATTACAGA,0
TTAATTTTTTGGCCCC,0
TTACAAAAACTCGCTT,0
TTACAAAAACTCTGAT,0
TTACAAAACGGCTCAC,0
TTACAAAAGGGTAGAA,0
TTACAAAATTACACCT,0
TTACAAAATTGAAAGG,0
TTACAAAATTGCCAAG,0
TTACAAACCGCAAGAT,0
TTACAAAGTATCAGAA,0
TTACAAAGTGATTCAT,0
TTACAAATCAAAGATA,0
TTACAAATGGATCTAG,0
TTACAACAATGCGAGC,0
TTACAACACATGATGA,0
TTACAACAGAAGTATT,0
TTACAACCACAGGGGC,0
TTACAACGCCGAGGGC,0
TTACAACTCATTAGAA,0
TTACAAGAACCAAAAA,0
TTACAAGAAGAATACA,0
TTACAAGATTACCATT,0
TTACAAGCACAATATA,0
TTACAAGGAACGTACT,0
TTACAAGGCTAAATAC,0
TTACAAGTTATGCTAC,0
TTACAATAATGGTTTA,0
TTACAATACAGTGACA,0
TTACAATATTACACAA,0
TTACAATGTTAAATAC,0
TTACAATTACAGCTAA,0
TTACAATTAGGTTTGT,0
TTACAATTGACTGTGA,0
TTACAATTTCAGAACT,0
TTACACAACTATCCCT,0
TTACACATACCCCTTC,0
TTACACCACATCAAAC,0
TTACACCAGCGATCCA,0
TTACACCGATAAGGGA,0
TTACACCGTATGCACT,0
TTACACCTAATAACTG,0
TTACACCTAGAAATGA,0
TTACACGATATACCTA,0
TTACACTAGCTCTCAT,0
TTACACTATGAATATA,0
TTACACTCCAAAACAG,0
TTACACTCGATTACCT,0
TTACACTCTTTTGTCA,0
TTACACTGACACAAAC,0
TTACACTTATGAAGAG,0
TTACAGAAACTGAACC,0
TTACAGAAGTCAACAT,0
TTACAGATAAAAAAAT,0
TTACAGATTACACTTT,0
TTACAGCAGTGTTATC,0
TTACAGCGAAGCCTTT,0
TTACAGCTTAGAATAC,0
TTACAGCTTTCTGTAT,0
TTACAGGACATACAAT,0
TTACAGGCGCTGTGAG,0
TTACAGGGCTTCTCGT,0
TTACAGGTGATAAAGG,0
TTACAGGTGTAGAACC,0
TTACAGTGATACGCAT,0
TTACAGTGTAACGCGC,0
TTACAGTTAAAAAATG,0
TTACATAAAATCGATT,0
TTACATAACCGGTATC,0
TTACATAAGTCTGACC,0
TTACATAATTCCAATG,0
TTACATAGCAAGATGA,0
TTACATATAAAATCAA,0
TTACATCCACCACACC,0
TTACATCCATGCATAA,0
TTACATCCCAATTTTG,0
TTACATCTGCAGCCGA,0
TTACATGCGATACACA,0
TTACATGCTGACAGCC,0
TTACATGGACTTTCCA,0
TTACATTAAACGCCAC,0
TTACATTAAAGAGGGC,0
TTACATTAAAGCTACA,0
TTACATTAGTAAACAC,0
TTACATTGACTTATAG,0
TTACATTTAAAATAAT,0
TTACCAAATGGGAGTT,0
TTACCAAGAAGGCGAA,0
TTACCAAGTTGCAAGG,0
TTACCAATAAGTAACA,0
TTACCAATAGGAATAA,0
TTACCACAGGGCGACT,0
TTACCACATTCCGCGC,0
TTACCACCAACGACAA,0
TTACCACCTAAATCAA,0
TTACCAGAACCAAAGT,0
TTACCAGGATTTATTC,0
TTACCAGTATACCATA,0
TTACCAGTGGTACATC,0
TTACCATAACGCAAAC,0
TTACCATCCCAATACA,0
TTACCCAAGACTCAGC,0
TTACCCAAGATAACCC,0
TTACCCAAGCACGGAA,0
TTACCCAAGGCTAGCT,0
TTACCCACATAGAAAA,0
TTACCCACCAATAAAC,0
TTACCCAGGTAAGAGT,0
TTACCCAGTCTTTCAT,0
TTACCCATAAGCCACG,0
TTACCCATAGAAGACG,0
TTACCCCCTAAAACTT,0
TTACCCCTATACCTTT,0
TTACCCGACTGATGTA,0
TTACCCGTGACACCCA,0
TTACCCTAACGAACTA,0
TTACCCTAGGGGCTGT,0
TTACCCTCGGTGTGCA,0
TTACCCTTTTAAAATA,0
TTACCGAAAAAAATGA,0
TTACCGACATGAAAGA,0
TTACCGAGGGACGACT,0
TTACCGATCTCTGAGC,0
TTACCGATTATGCAGT,0
TTACCGCCTGTTAATG,0
TTACCGCGCATATGGT,0
TTACCGGGGTTTAGTA,0
TTACCGGTATAATCCC,0
TTACCGTCCTTAATCC,0
TTACCGTTCGATGTAA,0
TTACCTAACGCAATAA,0
TTACCTAATAGAATCT,0
TTACCTAATCCATCAA,0
TTACCTACAAGAGCCT,0
TTACCTCACAGTCAAA,0
TTACCTGACAATATGT,0
TTACCTGATATGAACT,0
TTACCTGCTCCTAATT,0
TTACCTTAAACCAATA,0
TTACCTTATTTTTAGA,0
TTACCTTCGCTTTTAA,0
TTACCTTGAATACACA,0
TTACGAAAATAAGGGG,0
TTACGAAAATAATGAC,0
TTACGAACGACCTGTA,0
TTACGAATAACACAGT,0
TTACGAATAAGTCCTA,0
TTACGAATCTCGATCT,0
TTACGACACCCAAATG,0
TTACGACGGGTCTCCA,0
TTACGACTCTACAAGG,0
TTACGACTCTGGATGA,0
TTACGACTTAATTAAA,0
TTACGAGAGATCTTGT,0
TTACGAGCCGAACTTT,0
TTACGAGGCTTGACTG,0
TTACGAGTCCAAATGC,0
TTACGATCCCGTCCAG,0
TTACGATCTTATCAAA,0
TTACGCAAACAGGGAA,0
TTACGCAAACTTTTGC,0
TTACGCAAGTTGCAAA,0
TTACGCACACAATAGA,0
TTACGCAGATATCCGG,0
TTACGCAGCTAGAGAA,0
TTACGCAGCTCCAGAT,0
TTACGCCGTGTCTTTT,0
TTACGCGACATCAGTA,0
TTACGCGAGCAGCAAA,0
TTACGCGGATATGTAA,0
TTACGCTATACCATAA,0
TTACGCTCAGCACAAT,0
TTACGGACACACTGAA,0
TTACGGCAACTATGAC,0
TTACGGCAGTAACATC,0
TTACGGCCATGATCTT,0
TTACGGCGAAATTTCA,0
TTACGGCTCCCGATAA,0
TTACGGGAGCACGCCC,0
TTACGGGGAGAAAGGG,0
TTACGTAAGTACTAAT,0
TTACGTACACTATGAG,0
TTACGTACTAACATTG,0
TTACGTAGAAATCAAT,0
TTACGTCAAAAAGACC,0
TTACGTCATAGATGCG,0
TTACGTGATCTGCTTT,0
TTACGTGCGCTGAGAC,0
TTACTAAAACGGCTAA,0
TTACTAAAATGAAAAT,0
TTACTAAAGAACCGGT,0
TTACTAAATGATTCTA,0
TTACTAACGAGAGTGA,0
TTACTAACTCAATAGC,0
TTACTAACTTTTTAAC,0
TTACTAAGAACCCTCA,0
TTACTAATAAATTTAG,0
TTACTAATAGTCAAAA,0
TTACTACAATCAATCC,0
TTACTACCACCTTATC,0
TTACTACGAAGATTAA,0
TTACTAGAATCCTTCC,0
TTACTATAGTACCAAA,0
TTACTATGAATCTTCA,0
TTACTATGGACAATAA,0
TTACTCACCCAAAATG,0
TTACTCACGCAATCAA,0
TTACTCATGTTTTTTG,0
TTACTCATTGCTAGCC,0
TTACTCCCTAAACAAA,0
TTACTCCTGAATAGCT,0
TTACTCCTTATAAACG,0
TTACTCGTCAAGAAAG,0
TTACTCGTCCATACAA,0
TTACTCTACCAAGTGA,0
TTACTCTCAAAACCAT,0
TTACTCTCCTTTTAAA,0
TTACTGAATTCGCAAC,0
TTACTGGGATCAAACT,0
TTACTGTAAACGGTGT,0
TTACTGTCATACTACT,0
TTACTTAGCATAGCAA,0
TTACTTATGTTCCTTT,0
TTACTTCAAGAATAAA,0
TTACTTGTTGCATAGT,0
TTACTTTAACTAACAA,0
TTACTTTAGCGGGCAG,0
TTACTTTCAAACAAAA,0
TTACTTTTAAGGTTGT,0
TTAGAAAAATCCTAAA,0
TTAGAAAAATTAAAAT,0
TTAGAAACCACTTGTC,0
TTAGAAACTACGTCTT,0
TTAGAAAGCTAGACAG,0
TTAGAAAGTAAGCGGA,0
TTAGAAATCCAAAAAT,0
TTAGAAATTCAGATAC,0
TTAGAAATTCTATAAG,0
TTAGAACACATGAAAG,0
TTAGAACACGGGGAAT,0
TTAGAACAGAACCCGA,0
TTAGAACATTAATGAA,0
TTAGAACGCCCAAAAA,0
TTAGAAGAGCAAATTT,0
TTAGAAGATATGCGTA,0
TTAGAAGCACGGCGAT,0
TTAGAAGCTTGAAGAT,0
TTAGAAGGACAAAGCA,0
TTAGAAGGTTAAGTTA,0
TTAGAAGTACCACTAA,0
TTAGAATAAAGACTAG,0
TTAGAATAACGATAAC,0
TTAGAATAATATCATG,0
TTAGAATATCCTGTTA,0
TTAGAATCCAATACTC,0
TTAGAATCTCCGAAAT,0
TTAGAATGCGAAAGCG,0
TTAGAATGTAGCACGC,0
TTAGAATTAAGCCTGT,0
TTAGACAATTAAGAAA,0
TTAGACAATTTTTAAC,0
TTAGACACCTGATGGG,0
TTAGACATGTAGTAGG,0
TTAGACCAATATGGTC,0
TTAGACCATTCTAAAT,0
TTAGACGACCCACGGA,0
TTAGACGATACACAGG,0
TTAGACGCTAACAACC,0
TTAGACTATCAAAGCG,0
TTAGACTCACAAACCA,0
TTAGACTTAGACGTGT,0
TTAGACTTAGTGAGAC,0
TTAGAGAAAAGATCTT,0
TTAGAGAATGTAAACC,0
TTAGAGAATTACTTCC,0
TTAGAGAGTTATACAA,0
TTAGAGATTAGATTCG,0
TTAGAGCAAATTAAAA,0
TTAGAGCACCTGAATT,0
TTAGAGCGGCAGAGAG,0
TTAGAGCTTATATAAT,0
TTAGAGGAAAAGGATT,0
TTAGAGTCATAGAAAA,0
TTAGAGTGAGAAATCC,0
TTAGATAATGAGATAA,0
TTAGATACCATCCAAC,0
TTAGATACGGATGAAA,0
TTAGATACTGTCGAAG,0
TTAGATAGACTGAATA,0
TTAGATAGATCGAGCC,0
TTAGATAGGTCAGATG,0
TTAGATATGTACTGGG,0
TTAGATATTTATCACC,0
TTAGATCACACGGAGT,0
TTAGATCCACTTGTGC,0
TTAGATCGAGTTATTT,0
TTAGATCGATGCTCGG,0
TTAGATCGGTTGCGAT,0
TTAGATCTATTGATAA,0
TTAGATGAGTGGTATA,0
TTAGATTACCCTAACA,0
TTAGATTATCGGATAA,0
TTAGATTCATTGCAAA,0
TTAGATTGACTATGGA,0
TTAGATTGTCTTAGAA,0
TTAGATTTACAGTAAG,0
TTAGATTTATCCCAGT,0
TTAGATTTGAGCAAGC,0
TTAGATTTTCAAGAAT,0
TTAGATTTTGGTATAC,0
TTAGCAAACACATTCA,0
TTAGCAAAGACTGAGT,0
TTAGCAACTAATTCAA,0
TTAGCAAGAGAGTAGC,0
TTAGCAATATATAACT,0
TTAGCAATCTTACATT,0
TTAGCAATGGGCGCAA,0
TTAGCAATTACTGTAC,0
TTAGCACCCGCGTACA,0
TTAGCACGAAGGATCA,0
TTAGCACTACATATTA,0
TTAGCACTCAGGAGAT,0
TTAGCACTCCAATCTG,0
TTAGCAGATGCACCAT,0
TTAGCAGATGCCTATC,0
TTAGCATCTGACTCGA,0
TTAGCATGAGCTCAAG,0
TTAGCATGGGACTCTA,0
TTAGCATTGGAACTGG,0
TTAGCCAATTAGTGAA,0
TTAGCCAGAACACCAA,0
TTAGCCAGCCCCAACT,0
TTAGCCAGTAAATACT,0
TTAGCCCATGAGAGCA,0
TTAGCCCTTCACTTTG,0
TTAGCCGCTTCGGGCA,0
TTAGCCGTTTAATCTC,0
TTAGCCTCTAACCGAT,0
TTAGCCTGTACACTAA,0
TTAGCGAACTCAACAT,0
TTAGCGACCGGAGGGA,0
TTAGCGACGAAGAATA,0
TTAGCGACTAGATTCA,0
TTAGCGAGAAGTTATA,0
TTAGCGAGCAACTTCA,0
TTAGCGATACCCACCT,0
TTAGCGCATAATGTTT,0
TTAGCGCTGACGTTAA,0
TTAGCTAAACCCTAAA,0
TTAGCTAATGCATTGG,0
TTAGCTAGCTTAATAT,0
TTAGCTAGGCCTGGCG,0
TTAGCTATTAAGTGCT,0
TTAGCTCTCGTATCTA,0
TTAGCTGAGCAATGCG,0
TTAGCTGCCTACCGCT,0
TTAGCTGTCCGTTATT,0
TTAGCTTCGTTGAAAA,0
TTAGCTTGATACAAGA,0
TTAGCTTGCCCAGCCA,0
TTAGCTTGTGCTGAAA,0
TTAGCTTTTTCATTGT,0
TTAGGAAAATGTACAA,0
TTAGGAACCGCTATTC,0
TTAGGAACCTTGACAG,0
TTAGGAACGTCGACGA,0
TTAGGAATCCCGATAC,0
TTAGGAATTGTTATGC,0
TTAGGACTACAAAGGC,0
TTAGGAGACCACAGGT,0
TTAGGAGGGACTAGAT,0
TTAGGATATACTTAAC,0
TTAGGATTAAACGTCA,0
TTAGGCAACAGAACCG,0
TTAGGCCAACTAACGA,0
TTAGGCCAATGGAGTA,0
TTAGGCCATTCGATAG,0
TTAGGCCGCTTGTTGC,0
TTAGGCCTCTATAAAC,0
TTAGGCTCAATTCATC,0
TTAGGCTGCACAATAG,0
TTAGGCTGTTACAAAA,0
TTAGGGAAGAGCGAAC,0
TTAGGGCAAAAACCGC,0
TTAGGGCCCTCGGCTT,0
TTAGGGGTCGTCAATT,0
TTAGGGTCAATGTATC,0
TTAGGTAGCACACCCT,0
TTAGGTCCTAAAAACC,0
TTAGGTGACAAATACG,0
TTAGGTGTATGTCAGA,0
TTAGGTTACATATATC,0
TTAGGTTCGACACCAA,0
TTAGGTTGGTCATATT,0
TTAGTAAAACAACGTA,0
TTAGTAAAGCTTACTG,0
TTAGTAAATTTGATCG,0
TTAGTAACACGGCTCC,0
TTAGTAACGGACAAAA,0
TTAGTAAGCTGCCTCA,0
TTAGTAATTGATCCCC,0
TTAGTACAAAGTAGTA,0
TTAGTACCGGTCACCA,0
TTAGTACCTTACGTCC,0
TTAGTACGGGTGCGAA,0
TTAGTACTCAAAGTGT,0
TTAGTAGCCATTAAGC,0
TTAGTAGGATGTAATC,0
TTAGTAGGCGTGACGC,0
TTAGTAGGCTAACTTT,0
TTAGTATCGTGAAAAA,0
TTAGTATTTCACTGCA,0
TTAGTATTTCTTCACA,0
TTAGTCAACGCCTGAC,0
TTAGTCACGTTAAGAT,0
TTAGTCACTTCGTGTC,0
TTAGTCATTACTAGCA,0
TTAGTCCAAAATACCA,0
TTAGTCCGATGAAACG,0
TTAGTCGAACGTCCAT,0
TTAGTCTACCGTATAT,0
TTAGTCTAGGCCATAC,0
TTAGTCTTTCGTGTAT,0
TTAGTGAAACAGATTC,0
TTAGTGAAAGCTTCGT,0
TTAGTGAAATGAAATT,0
TTAGTGACAAAAGTGG,0
TTAGTGCAAAAACATC,0
TTAGTGCATGTATGGT,0
TTAGTTAACATGTAAT,0
TTAGTTACGAATACAC,0
TTAGTTACTGTAATAC,0
TTAGTTAGGTAATACC,0
TTAGTTATAAATTAAA,0
TTAGTTATTGGCTAGA,0
TTAGTTCACAATACCA,0
TTAGTTCGAAATTATC,0
TTAGTTCGACCAACGA,0
TTAGTTCTAGAGAATA,0
TTAGTTCTATTAAATC,0
TTAGTTGAACATAGGT,0
TTAGTTGCGAACACTT,0
TTAGTTGCGATCTAAG,0
TTAGTTGCTTCGGTTT,0
TTAGTTGGACTTCTCG,0
TTAGTTTAAATGCGAC,0
TTAGTTTAGCTTGACC,0
TTATAAAAATTTGAGC,0
TTATAAAACAGAACTG,0
TTATAAAAGTAAATTA,0
TTATAAAAGTTATAGA,0
TTATAAAATAGAAGTT,0
TTATAAAATCCCTTCA,0
TTATAAACATGACAAA,0
TTATAAACCCCCCCCC,0
TTATAAAGATACACAA,0
TTATAAAGTATGTCTT,0
TTATAAATATTTCATT,0
TTATAAATGGAGGAGC,0
TTATAACACGCCCTAT,0
TTATAACACTCTGAGC,0
TTATAACAGCCATGTA,0
TTATAACATCCCAACA,0
TTATAACCGCAGGCAC,0
TTATAACCGGTTAATC,0
TTATAACGCATTTTTA,0
TTATAACTCATAAAAT,0
TTATAACTTCATAAAA,0
TTATAACTTTGCCTCT,0
TTATAAGAAAAGACCT,0
TTATAAGAAGCGATGA,0
TTATAAGAATTATGCC,0
TTATAAGACACTTAGT,0
TTATAAGACTTTTGTA,0
TTATAAGATCTCCGAA,0
TTATAAGATTAGAGGA,0
TTATAAGCCGAGAGAG,0
TTATAAGCTACTCGGA,0
TTATAAGTAAGCCACC,0
TTATAATAACATCTAA,0
TTATAATACCTCAACG,0
TTATAATAGAGCCAAG,0
TTATAATAGCACTACT,0
TTATAATATACCAAAG,0
TTATAATCTTCGACGT,0
TTATAATGATGATAAA,0
TTATAATGCAACCCCT,0
TTATAATGGATCACCA,0
TTATAATTATGGTGAG,0
TTATAATTCCTTGTAA,0
TTATACAAAGAAATGA,0
TTATACAAATATAGCG,0
TTATACACAAGTAACT,0
TTATACACACAACAGT,0
TTATACAGATAATGTG,0
TTATACATAGTAACCA,0
TTATACATTCAGCATA,0
TTATACCAACGATAGA,0
TTATACCACATTTACA,0
TTATACCACCAAAATA,0
TTATACCAGCACTATA,0
TTATACCATACTAGTT,0
TTATACCCAACAAAAA,0
TTATACCGACCCTATT,0
TTATACCGATGCCGAG,0
TTATACCGTAGAACTC,0
TTATACCTAACAGTAA,0
TTATACCTCTGGACAA,0
TTATACCTGCGAAGAA,0
TTATACGACTGCGGTC,0
TTATACGATCGCGCAA,0
TTATACGCAAGATCCG,0
TTATACGCCGGTTACG,0
TTATACGGACAAATTG,0
TTATACGTGAATTAAA,0
TTATACTAGCCGCGAT,0
TTATACTCTATGTACA,0
TTATACTGAGAGGATG,0
TTATACTTCAACAATA,0
TTATACTTGAGACGAC,0
TTATACTTGGCAGCCC,0
TTATAGAATAATTAGA,0
TTATAGAATCGATACA,0
TTATAGAATTGAAGCA,0
TTATAGACAATGGACA,0
TTATAGACCTATCTAC,0
TTATAGACTCTAGGAC,0
TTATAGACTGTGTGCC,0
TTATAGAGACAACAGC,0
TTATAGAGACACGTGT,0
TTATAGAGAGGGAATT,0
TTATAGCGAAAAATCT,0
TTATAGCTTTACACAT,0
TTATAGGGTATTACCG,0
TTATAGTAAATTCCAG,0
TTATAGTAATTCTAAA,0
TTATAGTATTAATATA,0
TTATATAAACAACTCA,0
TTATATAAACAATATG,0
TTATATAAGTTGACTT,0
TTATATACCCTTAAAT,0
TTATATATCAATAATT,0
TTATATATTTCTGAGT,0
TTATATCAACGAATGA,0
TTATATCAGGAAATAT,0
TTATATCATAGAACTG,0
TTATATCTATCATGTT,0
TTATATGAAAATGCGC,0
TTATATGAAATAACTT,0
TTATATGATGCCCCCA,0
TTATATGTACATTCGC,0
TTATATGTACCTAAAA,0
TTATATTAAATTCTTA,0
TTATATTAATGATTAG,0
TTATATTATCAGAACT,0
TTATATTTCGGACTAC,0
TTATATTTTCACCAGT,0
TTATCAAAATTCACAT,0
TTATCAAATCCTATAT,0
TTATCAACGCTGGATT,0
TTATCAAGATATAAGC,0
TTATCAAGATCACTAT,0
TTATCAAGCATCTCGT,0
TTATCAATGAAGATCA,0
TTATCACATAAAAGAA,0
TTATCACATGAAATCC,0
TTATCACCATACATGT,0
TTATCACCGAGCCAAA,0
TTATCACCTGTGAAAT,0
TTATCACTGTCGGACA,0
TTATCACTTAACGACC,0
TTATCACTTTCGGTCA,0
TTATCAGAATCGTCAA,0
TTATCAGGCCAGTGGT,0
TTATCAGGTGTGAACG,0
TTATCATAACGATACA,0
TTATCATAGAATCAAT,0
TTATCATATCGTGACT,0
TTATCATATTACAAAT,0
TTATCATTAGAAAGGC,0
TTATCATTCCCAAATA,0
TTATCATTCTCTTCCG,0
TTATCATTCTTAAACG,0
TTATCCAAATCGTCGG,0
TTATCCAACTCCGTAA,0
TTATCCAACTCGAGCC,0
TTATCCAAGTAGCAGG,0
TTATCCAGACAACATG,0
TTATCCAGCCAACTAT,0
TTATCCCAAATACTTA,0
TTATCCCAATACGACT,0
TTATCCCCAAGAGCTT,0
TTATCCCGCAAGCGAC,0
TTATCCCTAAATTAGT,0
TTATCCGCATAACCCA,0
TTATCCGTGTATGGAC,0
TTATCCTATAGAAACA,0
TTATCCTATTAGTACT,0
TTATCCTCATACCAAA,0
TTATCCTGAATACTAA,0
TTATCGAAAGATACCT,0
TTATCGAGGGCTTTAT,0
TTATCGCCATATAAGT,0
TTATCGCGCCAAATCA,0
TTATCGGACCCGAATC,0
TTATCGTTTACCTTGC,0
TTATCTAACACCTGTA,0
TTATCTAACATCACCG,0
TTATCTCAAAGTCAAT,0
TTATCTCAACACCAAG,0
TTATCTCCACTCTATC,0
TTATCTTTAGGCCAAG,0
TTATGAAAAAACATCC,0
TTATGAAAATGACAAC,0
TTATGAAACAATGTAT,0
TTATGAAGCGGTCCTT,0
TTATGAAGTCTTAAAA,0
TTATGAATACGAAGCA,0
TTATGAATGTCGAACC,0
TTATGACACATAAACC,0
TTATGACACGATGCCC,0
TTATGACATCCTACCA,0
TTATGACCATGCACAG,0
TTATGACCTACAAAAG,0
TTATGAGCATAAACAT,0
TTATGAGGTTAAAAGC,0
TTATGAGTAGATGTAT,0
TTATGATACCAGACGA,0
TTATGATATCATTAAA,0
TTATGATCCACTCTTA,0
TTATGATTCCATAGAC,0
TTATGATTGTACAATC,0
TTATGCAACAGAAGTA,0
TTATGCATAGACCAAT,0
TTATGCATCTCCCAGA,0
TTATGCCACGAAGCGC,0
TTATGCCATCCTGCTA,0
TTATGCCCTATTCAAA,0
TTATGCCTAAGATGAT,0
TTATGCCTGAACTTAA,0
TTATGCCTTTACTAAA,0
TTATGCGAAGTCACAA,0
TTATGCGAATACACCG,0
TTATGCGCCTGGACAG,0
TTATGCGCTTATAGAC,0
TTATGCTTTGAAAGTA,0
TTATGGACCTAAAGAA,0
TTATGGACCTATTAAG,0
TTATGGGTCCTGAGCC,0
TTATGGTATGAGTAAG,0
TTATGTAAAAAACTTG,0
TTATGTAGCACTTCCC,0
TTATGTAGTTATTGCG,0
TTATGTATTAAAATGC,0
TTATGTCAAAAGATTA,0
TTATGTGAAACGTGCC,0
TTATGTGAATGAACAT,0
TTATGTGACCTGACAG,0
TTATGTGGGAACTGAA,0
TTATGTGTCTTTCCTA,0
TTATGTTATATTTCTC,0
TTATGTTATCTTAAAA,0
TTATGTTTAAACAAAT,0
TTATTAACGAACACAT,0
TTATTAAGAATAGAAT,0
TTATTAATCCAACACG,0
TTATTACAAATTCTGT,0
TTATTACAATGGAAAA,0
TTATTACCTAGGAATG,0
TTATTACTCTTTGTAC,0
TTATTACTGTGTACCC,0
TTATTAGAAGTTGTAT,0
TTATTCAAAAAGCCTA,0
TTATTCAAAAGCACAC,0
TTATTCAAACCATAGT,0
TTATTCAGATTCGGAA,0
TTATTCATAACAATCG,0
TTATTCATATACGAGG,0
TTATTCATCGAAGTGA,0
TTATTCATGCCCATGA,0
TTATTCATGCTAGCTA,0
TTATTCCAAGTGATTA,0
TTATTCCATCACCTTC,0
TTATTCCCTGCAATTC,0
TTATTCGAGAGATACA,0
TTATTCGATCAATGCA,0
TTATTCGCAGAACAAG,0
TTATTCGCTAACGTGG,0
TTATTCTCAAACTAGA,0
TTATTCTCGTGCCCCA,0
TTATTGACATGGAATA,0
TTATTGACGAGGTAAT,0
TTATTGCAAGGTCCCA,0
TTATTGCACTACAGAC,0
TTATTGCCAGTAATAA,0
TTATTGCGAAATTCCA,0
TTATTGCGCGAAATAT,0
TTATTGGAATATCTTC,0
TTATTGGGACAACACA,0
TTATTGGTAGGAACAT,0
TTATTGTAAAACCTTC,0
TTATTGTCAACCTCCA,0
TTATTGTCCCCTTTTG,0
TTATTGTCCGTGTGTA,0
TTATTGTCGCGCATAC,0
TTATTGTGGAAAGCAC,0
TTATTGTTCAATTCTA,0
TTATTTAAACGAGGCA,0
TTATTTAACATGTCTT,0
TTATTTAACTGACGGA,0
TTATTTAATTATAGAA,0
TTATTTACAGCAGGCC,0
TTATTTACCTACTGCG,0
TTATTTAGAGACGATT,0
TTATTTAGGATGACGA,0
TTATTTCGTTATTTTA,0
TTATTTCTACTAGCGT,0
TTATTTGAATAACAAG,0
TTATTTGAGGGCGAAC,0
TTATTTGTAACATAGA,0
TTATTTGTAGCCGAAT,0
TTATTTGTCTATGTAA,0
TTATTTGTTACCGTGA,0
TTATTTTAACAGACAG,0
TTATTTTATGTGACAA,0
TTATTTTGAAACCTTC,0
TTATTTTGTCCACACT,0
TTATTTTGTTTCGCTG,0
TTCAAAAAAATCTTGA,0
TTCAAAAACAAGGTTA,0
TTCAAAAAGACTCTAA,0
TTCAAAAATTCCTACA,0
TTCAAAACAGATGATT,0
TTCAAAACCATGTAAA,0
TTCAAAACGATAACGT,0
TTCAAAATTTTCTACG,0
TTCAAACAAACAAAAA,0
TTCAAACAAACCAAGG,0
TTCAAACACCTGACAC,0
TTCAAACAGAAGATCT,0
TTCAAACAGAGGTAGA,0
TTCAAACCTATTAAAA,0
TTCAAAGAATGACCCA,0
TTCAAAGACATATTCA,0
TTCAAAGACCACAACA,0
TTCAAAGACTCACACA,0
TTCAAAGCCCTATAAT,0
TTCAAAGGCGCCTGTC,0
TTCAAAGTTTACTAAA,0
TTCAAATAAAACCGCA,0
TTCAAATACTGACCTG,0
TTCAAATCAAGCAGCG,0
TTCAAATGAACGAACT,0
TTCAAATGTCCATTCC,0
TTCAACAAAAACCTTA,0
TTCAACAGGGTAAAAA,0
TTCAACAGTTTAGAAC,0
TTCAACATAAATAACA,0
TTCAACCATAGCAAAT,0
TTCAACCCCAAGGATA,0
TTCAACCTAAACGATG,0
TTCAACCTGACGCCTT,0
TTCAACGCTTGATACT,0
TTCAACGGGATAAGTA,0
TTCAACGTGCACCTGC,0
TTCAACTAATATGATG,0
TTCAACTACTGATTAC,0
TTCAACTCCAACAGTA,0
TTCAACTTCGCCCAGC,0
TTCAAGAATGAGAAGA,0
TTCAAGACACGAAAAC,0
TTCAAGACCCAAACCG,0
TTCAAGAGCTTAGATT,0
TTCAAGATGAAAAATA,0
TTCAAGATTATAAGGA,0
TTCAAGCATCCCTTGT,0
TTCAAGCCCCAGACAC,0
TTCAAGCGACTAAGTA,0
TTCAAGCTTACGGGAA,0
TTCAAGGACTAAGGTT,0
TTCAAGGACTGAACAT,0
TTCAAGGATGACGAAT,0
TTCAAGGCTAATTTAG,0
TTCAAGTATAGTAGTC,0
TTCAAGTCATGTAAAC,0
TTCAAGTTCATAAATA,0
TTCAATAAAATATACT,0
TTCAATAAAGTTCATT,0
TTCAATAATATGAGTG,0
TTCAATAGATTATAAG,0
TTCAATAGTTACTCCG,0
TTCAATATTAGCAGAG,0
TTCAATCAGAAGCGGC,0
TTCAATGAGTTAGGCC,0
TTCAATGTGTCTCAAT,0
TTCAATTAACGTTCTT,0
TTCAATTAATGCTTTC,0
TTCAATTCTAAGAAAA,0
TTCAATTGTGTAACGT,0
TTCACAAAAAAATTTA,0
TTCACAAAAGGTCTGC,0
TTCACAAACTAACATG,0
TTCACAAAGTGGAGCT,0
TTCACAAAGTTCAAAG,0
TTCACAAATGAATTTT,0
TTCACAACTAAAGTGA,0
TTCACAAGAAACTCAA,0
TTCACACCGAATGAAA,0
TTCACACGAACTAATA,0
TTCACACGATTCTAAC,0
TTCACACGCCATGACA,0
TTCACACGGTGCTACA,0
TTCACACTACCGTAAC,0
TTCACAGCCTTCTCGT,0
TTCACATCAGTCGAAG,0
TTCACCAAAGATTATT,0
TTCACCAGTCATACCC,0
TTCACCCATAGCTTAG,0
TTCACCCATCAAGAAT,0
TTCACCCGCTTATTCA,0
TTCACCGACAATGCAA,0
TTCACCGACGATAATA,0
TTCACCGAGAAACCGA,0
TTCACCGATACACGTC,0
TTCACCTTCAAATTGA,0
TTCACGAACTGCACAA,0
TTCACGAATAACTACA,0
TTCACGAGCCCATCTC,0
TTCACGCCACCAATCA,0
TTCACGCTATGTTCTT,0
TTCACGTGAAAGATGA,0
TTCACGTTAAGACCCC,0
TTCACTAACATAGCCT,0
TTCACTACAGATACCC,0
TTCACTACCCAGGCTA,0
TTCACTACGACTTAGG,0
TTCACTCATACGTGCA,0
TTCACTCATTAACCAG,0
TTCACTCGATCTGCTA,0
TTCACTCTGAGTACAG,0
TTCACTCTGGAGTCTC,0
TTCACTGCTGTACGGA,0
TTCACTTCATGAATGA,0
TTCACTTCCATGAACA,0
TTCAGAAAATCATACA,0
TTCAGAAAGCTTTAGA,0
TTCAGAAATACACCCC,0
TTCAGAACAAGTCCCC,0
TTCAGAATATGAAATG,0
TTCAGACAAGTTAAGG,0
TTCAGACACTAGTGAC,0
TTCAGACAGTAGAACC,0
TTCAGACCTAGATACT,0
TTCAGAGAATACAATT,0
TTCAGAGACCGAATAA,0
TTCAGAGATTTGCTTG,0
TTCAGATAATTAAATG,0
TTCAGATAGTACACGC,0
TTCAGATGCCAAAATA,0
TTCAGATTCTCAAAGA,0
TTCAGCAGAAACAGAT,0
TTCAGCAGACGCGTGC,0
TTCAGCATTAAATGAG,0
TTCAGCCATTTGATAG,0
TTCAGCGACCTTAACA,0
TTCAGCGTTCTCCTCG,0
TTCAGCTGTTCAACAC,0
TTCAGGCAAATGATTT,0
TTCAGGGGTGAGAGTG,0
TTCAGTACACCAAAGG,0
TTCAGTAGATTACAAT,0
TTCAGTATCGGCTCAA,0
TTCAGTCTATCTCCCG,0
TTCAGTGACATCTGGT,0
TTCAGTGAGCTCGACC,0
TTCAGTTCCAATTTGG,0
TTCAGTTGAAAAGTAT,0
TTCAGTTGCCAATAAT,0
TTCATAAAATACGGAT,0
TTCATAAACGGTAGCC,0
TTCATAAATAACATGA,0
TTCATAAATAATAGTA,0
TTCATAAATTCGTAAT,0
TTCATAAGCGCGACCA,0
TTCATACATTTCCTGG,0
TTCATACCAACAAACC,0
TTCATACCTACCGAGC,0
TTCATAGAATACACGT,0
TTCATAGCAAATCACT,0
TTCATAGCCGGGTGAA,0
TTCATATAACCACCCT,0
TTCATATTGAGCTGAA,0
TTCATCAAAAAATTTA,0
TTCATCAAAAACATCA,0
TTCATCAGCCAATATT,0
TTCATCCCTTAGGACC,0
TTCATCCTAGCCGAGA,0
TTCATCGAGCAGACTC,0
TTCATCGGGGGTGGGT,0
TTCATCGGTAAAATGT,0
TTCATCTCACGAGTGC,0
TTCATCTCGATTAATC,0
TTCATCTGATAGATGA,0
TTCATCTTGTCCCTCG,0
TTCATGAACCCGACTA,0
TTCATGAAGCCGCCTA,0
TTCATGAATTGGAGAA,0
TTCATGATATTGAGCT,0
TTCATGATTACTAAGT,0
TTCATGCAGAAGTGCT,0
TTCATGCAGCGTAAAG,0
TTCATGGGCTTCTCCT,0
TTCATGTCCAGTTTAA,0
TTCATGTGTAAGCAAA,0
TTCATGTTATATACGA,0
TTCATTAGGGATTACC,0
TTCATTCCGGCTAGAG,0
TTCATTCTCCAGGATG,0
TTCATTCTTCTTGCAT,0
TTCATTGCGACCACCA,0
TTCATTGGAATCCCAA,0
TTCATTGGGAGGTGAC,0
TTCATTTACCTGTAAT,0
TTCATTTACGACTAAG,0
TTCATTTACGCAAAGT,0
TTCCAAAAAAAGTAGG,0
TTCCAAAGAACTCCAG,0
TTCCAAAGACCACGTT,0
TTCCAAAGTCAAAATG,0
TTCCAACACGATACCC,0
TTCCAACCTAGATCAA,0
TTCCAACGTTATTCCT,0
TTCCAACTCGTTAAAT,0
TTCCAAGCAAAAGATT,0
TTCCAAGGAATTTTGA,0
TTCCAAGGTATACCTC,0
TTCCAAGTTAAGCATT,0
TTCCAATCTTTACCAC,0
TTCCAATGCAGCAATT,0
TTCCAATGCTGTAAAA,0
TTCCACAAGTGATCCA,0
TTCCACAATACCAGCA,0
TTCCACAATATATGGC,0
TTCCACAATTTCAATT,0
TTCCACAGCTCCTTAG,0
TTCCACAGTATGAAAT,0
TTCCACCCTTCGCTCG,0
TTCCACCGACATGATA,0
TTCCACCGGTCAATGA,0
TTCCACGAAAGCTAGC,0
TTCCACGCAATATAAG,0
TTCCACTAACACGATA,0
TTCCACTAGGACGTTA,0
TTCCACTATTACTAGG,0
TTCCACTGAACGAGCA,0
TTCCAGCATGACATTA,0
TTCCAGCATGTTGCAA,0
TTCCAGCCAGGTTGAC,0
TTCCAGCCTTTATAAC,0
TTCCAGCGCTTCCTTA,0
TTCCAGCGTATGCTAA,0
TTCCAGCTGCCGACGA,0
TTCCAGGAATAGTCAC,0
TTCCAGTACAGGAGGC,0
TTCCAGTCTCGTACAT,0
TTCCAGTTAAACTAAG,0
TTCCATAACGCGAAAA,0
TTCCATACTGCATAAT,0
TTCCATACTTTAACCC,0
TTCCATAGACGTCAAA,0
TTCCATATATAGGCAT,0
TTCCATATATTTAAAC,0
TTCCATATCGGTTCGG,0
TTCCATATCTAGCATA,0
TTCCATATTGCGCACA,0
TTCCATCCCACAGATA,0
TTCCATCGGGCTTCAG,0
TTCCATCTTTTTGGGA,0
TTCCATGAAGATCCAC,0
TTCCATGAGGCAATAG,0
TTCCATGTATGTTAGA,0
TTCCATTCCTCAACAT,0
TTCCCAAACAACTGTT,0
TTCCCAACCGTATCCC,0
TTCCCAATGAAAGACC,0
TTCCCAATTACTCAAG,0
TTCCCACAAAGATGAT,0
TTCCCACAGTGGAACA,0
TTCCCACATACAAAAG,0
TTCCCAGAACTATAAC,0
TTCCCAGAATCTTGAA,0
TTCCCAGACTTTGACA,0
TTCCCAGCATTCACTT,0
TTCCCAGCCAAACGCC,0
TTCCCAGCTTCCCGAA,0
TTCCCATTATTACCCA,0
TTCCCCAAAAAACAAT,0
TTCCCCAGCGTTATAC,0
TTCCCCCCCATATTCA,0
TTCCCCCGAAAATGGT,0
TTCCCCCTAATCAAAC,0
TTCCCCCTAGATGAGT,0
TTCCCCGAGAGCTGTC,0
TTCCCCGATGAACACA,0
TTCCCCGGGACCGACG,0
TTCCCCGGGCTTGATC,0
TTCCCCTACTAAAGGG,0
TTCCCCTTACTTGGAC,0
TTCCCCTTTACACGGG,0
TTCCCGAAATAGCCCA,0
TTCCCGCAACTATAGA,0
TTCCCGCAAGATGACC,0
TTCCCGCTTATAACGT,0
TTCCCGGGATTACGCA,0
TTCCCGTAACTATTAA,0
TTCCCGTACAATGACG,0
TTCCCTAAAAAAATGT,0
TTCCCTAACCCTGATT,0
TTCCCTAACGAAGGGT,0
TTCCCTAGCATGCGTA,0
TTCCCTCAAGCTTCGA,0
TTCCCTCATGGAAAGA,0
TTCCCTCCCTAAGCAC,0
TTCCCTGTGAACCACA,0
TTCCGAAAATACGCAT,0
TTCCGAACTGTTCTCA,0
TTCCGAATACGAGAGT,0
TTCCGAATGAACGAGT,0
TTCCGACAATAGGTCA,0
TTCCGACACAACTGTA,0
TTCCGAGCCACACTCG,0
TTCCGAGCTTAGCGGT,0
TTCCGATAAATAAAAT,0
TTCCGATGCAATGACA,0
TTCCGCAATCCCTGCT,0
TTCCGCAATTAACCTC,0
TTCCGCAGGCAATCAA,0
TTCCGCCCATAATCCT,0
TTCCGCGAACTGGTGA,0
TTCCGCTCCGTAACAC,0
TTCCGCTCGAATAATA,0
TTCCGCTGAATAACCG,0
TTCCGGACCACTTAAT,0
TTCCGGATGATAGTCA,0
TTCCGGCACAAATTTG,0
TTCCGGGCTTGCAGCT,0
TTCCGGTGCCATTGGC,0
TTCCGTAACTCATAGG,0
TTCCGTAATCAGGATA,0
TTCCGTCCATAGCTAG,0
TTCCGTCCTTTCAGAC,0
TTCCGTTTCTAGTAAT,0
TTCCGTTTTATAAACA,0
TTCCGTTTTATAACGA,0
TTCCTAAATGGAATTA,0
TTCCTAATATGAGTTC,0
TTCCTAGACCGCACAT,0
TTCCTAGATCGGTATG,0
TTCCTAGGAGGAGTTA,0
TTCCTAGGGTACCTAT,0
TTCCTAGTGCGAGAGC,0
TTCCTATAAGACATTT,0
TTCCTATACCGGTGAC,0
TTCCTATCACTGAAAC,0
TTCCTATCTACAGTTA,0
TTCCTATTTGATGAAA,0
TTCCTCAAAGTCACCA,0
TTCCTCACCGCAGGAC,0
TTCCTCAGCCATCGCG,0
TTCCTCCAAAATAAAA,0
TTCCTCCCACAAACTT,0
TTCCTGACAGCAGTAC,0
TTCCTGATGAACCTCT,0
TTCCTGCCCGTAACCG,0
TTCCTGCTAACGTGGG,0
TTCCTGGATCATGAAA,0
TTCCTGGTTGTTAGTA,0
TTCCTTAACTTTATAT,0
TTCCTTAGACCAAATG,0
TTCCTTATAGCGCGAC,0
TTCCTTATCTAAAAAA,0
TTCCTTCAATAGCTAG,0
TTCCTTCCATATCCCT,0
TTCCTTCGAGCAGAAG,0
TTCCTTGCAAATTTTG,0
TTCCTTGGTATAGTGC,0
TTCCTTGTTGTCCCGT,0
TTCCTTTCTGCAAAAG,0
TTCCTTTTACACTAGA,0
TTCGAAAAAGTAACAG,0
TTCGAAAACGACTGAG,0
TTCGAAAAGAATCACA,0
TTCGAAAAGATACAAC,0
TTCGAAACCCACAAGG,0
TTCGAAACGAGATTCC,0
TTCGAAACTGAATAAA,0
TTCGAAAGCCTTTAGC,0
TTCGAAAGCTTGTATA,0
TTCGAACCGATGTTCA,0
TTCGAACTGATATAAA,0
TTCGAAGAATGGGTAA,0
TTCGAAGAGTAAATGA,0
TTCGAAGATATTGAAT,0
TTCGAAGCGGACCAAA,0
TTCGAAGGAATAAATT,0
TTCGAAGGACAGTTAA,0
TTCGAAGTTTGCCGAC,0
TTCGAATATAAGCTAC,0
TTCGAATCCATCTTAC,0
TTCGAATCCTTTCATT,0
TTCGAATCTTTACGGC,0
TTCGAATGTCTAGCAA,0
TTCGACAAAAATAAGT,0
TTCGACATTTCTACAA,0
TTCGACCATGTACAGA,0
TTCGACCCATAACCCA,0
TTCGACCGAATTAAGT,0
TTCGACCTACAAAAAC,0
TTCGACCTAGTATGCA,0
TTCGACCTTAATATAT,0
TTCGACCTTATTTCAC,0
TTCGACTAGGGGAAAA,0
TTCGACTGCAGCAGAG,0
TTCGAGACCCACGACG,0
TTCGAGAGAAACGAAA,0
TTCGAGAGTTAAGGCC,0
TTCGAGATTGATTCAG,0
TTCGAGCGCAGCTCCG,0
TTCGAGGAAAAATATT,0
TTCGAGGCACAAGCAG,0
TTCGAGGCCTTCACCG,0
TTCGAGGCTGATATAA,0
TTCGATAAAACATACA,0
TTCGATAAGAAGACTA,0
TTCGATATTAAAATGA,0
TTCGATCAAGAAACGG,0
TTCGATCTACAAGCAC,0
TTCGATTATAGTTACA,0
TTCGCACCACGATCCA,0
TTCGCACTATGTAGAC,0
TTCGCAGAGATATCTC,0
TTCGCATATCCGGGCC,0
TTCGCATTAAGATACT,0
TTCGCCACAAGAATGA,0
TTCGCCATAACTACTA,0
TTCGCCATCATGTAGA,0
TTCGCCATTTGCAACT,0
TTCGCCCAAAAAGGCG,0
TTCGCCCGGTAAACGG,0
TTCGCGCTGACCATCG,0
TTCGCGGAAAAACTTT,0
TTCGCGTCTATCAAAT,0
TTCGCTAGGTTCCTAC,0
TTCGCTCGATAGCAGG,0
TTCGCTTAACACACGC,0
TTCGCTTCTTCCCACA,0
TTCGGAAAGGGATATC,0
TTCGGAAATAACAACA,0
TTCGGAGCGGTGAGCA,0
TTCGGAGTAGCTCTTC,0
TTCGGAGTGACCATGT,0
TTCGGATGTGATGCCG,0
TTCGGCCTTTGTTTAC,0
TTCGGCTTTACCTTGT,0
TTCGGGAGCAACCCTG,0
TTCGGGCAATTCAACA,0
TTCGGGCTGGGCGTAA,0
TTCGGGTGATAAATAA,0
TTCGGTAACTTCATAT,0
TTCGGTAGAGTTCAAG,0
TTCGGTATTTGCTTGT,0
TTCGGTCATAACCTCC,0
TTCGGTTCCGTATTGC,0
TTCGGTTGAGAAGGGG,0
TTCGTAAAAGCACTTT,0
TTCGTAACCCGAAAAC,0
TTCGTAACGGCCGAGA,0
TTCGTAATGTGACGCA,0
TTCGTACAAGCGGGCA,0
TTCGTAGTAAAGCAGG,0
TTCGTCATAACAACAT,0
TTCGTCATTTGAGGCA,0
TTCGTCCCGACATTGG,0
TTCGTCGCAGATAACC,0
TTCGTCTAAATAAGTA,0
TTCGTGCGCAAGTGAA,0
TTCGTGTCAAAGCTTT,0
TTCGTTCAAAAAAAAC,0
TTCGTTGCCTGTATAC,0
TTCGTTTACAATGTTT,0
TTCGTTTATAGCAATG,0
TTCTAAAAACACGATG,0
TTCTAAAAAGCCCTGT,0
TTCTAAAAATCCAAGG,0
TTCTAAAAGAGGAATC,0
TTCTAAAAGTGATTTA,0
TTCTAAAAGTTATCAT,0
TTCTAAAATAAGATAG,0
TTCTAAACCTCGAGCT,0
TTCTAAACTCGGATGA,0
TTCTAAACTGATAGGC,0
TTCTAAACTGTAAATA,0
TTCTAAACTTAGAGAA,0
TTCTAAAGCGTACATA,0
TTCTAAATTCGAAACA,0
TTCTAAGACCCTCTCA,0
TTCTAAGACGCATAAA,0
TTCTAAGAGGATTCCC,0
TTCTAAGATATTAATA,0
TTCTAAGCAGAGTGGG,0
TTCTAAGCTATTTCTT,0
TTCTAAGGGATTGACA,0
TTCTAAGTAGTACAGA,0
TTCTAAGTGCATGCAT,0
TTCTAATAAAAACATG,0
TTCTAATACATCTGTT,0
TTCTAATCCGTAGACT,0
TTCTAATCTGACCGAC,0
TTCTAATGCATTGAAT,0
TTCTAATGCGACAGAC,0
TTCTAATGTCAAAAAC,0
TTCTAATTCCTGTAGA,0
TTCTAATTTTGTCACG,0
TTCTACAAACTCACGA,0
TTCTACAAATTCCCAT,0
TTCTACAAGAATAGGA,0
TTCTACACCCATATCC,0
TTCTACCAACCCACAA,0
TTCTACCAGAAGATTA,0
TTCTACCAGGAAAACG,0
TTCTACCCTCAAAAAC,0
TTCTACCGGACCGGTA,0
TTCTACCGGCCAGCTG,0
TTCTACGCAGAAAAGG,0
TTCTACTCCCACAATG,0
TTCTAGAAACAGCGCT,0
TTCTAGAACACCAGAT,0
TTCTAGACATATGTTA,0
TTCTAGAGTGACACAC,0
TTCTAGATAAATTGAT,0
TTCTAGATTGTGCAGA,0
TTCTAGGTATGGTTAT,0
TTCTAGTCCCCGCGTT,0
TTCTATAAGATGAACT,0
TTCTATAATGTATAAA,0
TTCTATACAATTGGCT,0
TTCTATACATATCTAA,0
TTCTATCAAATTGACC,0
TTCTATCGTAATATTG,0
TTCTATGAACAGTATG,0
TTCTATGACATGTAAA,0
TTCTATGATAACATAA,0
TTCTATGCTCTCACAT,0
TTCTATGGATCGACGT,0
TTCTATTAAATTAAGG,0
TTCTATTAATCCAGGG,0
TTCTATTCTGAACGGA,0
TTCTATTTAAGGTCAA,0
TTCTATTTCCATCAAG,0
TTCTCAACACGTCATA,0
TTCTCAAGACTAATGA,0
TTCTCAAGTCACGGTT,0
TTCTCAATCAGACTGG,0
TTCTCAATCCTGCACA,0
TTCTCAGTTACGGATC,0
TTCTCAGTTATAAGTA,0
TTCTCATGATGTTGCA,0
TTCTCCATAACTAAAT,0
TTCTCCATAGTAACCA,0
TTCTCCCTGTATCATA,0
TTCTCCGAAAACGCAA,0
TTCTCCGACGGCGTAC,0
TTCTCCGAGAATTGCT,0
TTCTCCTAGCTGGGCA,0
TTCTCCTAGTGACCTA,0
TTCTCCTGAAAAAATA,0
TTCTCCTGTACGCAAG,0
TTCTCCTGTTAACATA,0
TTCTCGATTTTGAGCG,0
TTCTCGCAACTCGACT,0
TTCTCGCGCTTGTCCT,0
TTCTCGTTCAGTCCGG,0
TTCTCTAGTAACAAAT,0
TTCTCTATAGCGTTTG,0
TTCTCTTCAAGGATAT,0
TTCTCTTTAAAAGAGA,0
TTCTCTTTCTCTAGAT,0
TTCTGAAAATGCCAAT,0
TTCTGAAAATGCTCTA,0
TTCTGAACAAGGCAGT,0
TTCTGAATACGATTAC,0
TTCTGAATCAGGACAA,0
TTCTGACACATGCGCA,0
TTCTGACACGACAGAA,0
TTCTGACTACTCCTCG,0
TTCTGACTTAGCAAAT,0
TTCTGACTTTAATGCG,0
TTCTGAGTTACATTTT,0
TTCTGATAGTGCTTAG,0
TTCTGATAGTTTATCT,0
TTCTGATCATGTCTCC,0
TTCTGATGTTAACTGG,0
TTCTGATTCGTCGACT,0
TTCTGCACCAGTTAAT,0
TTCTGCACCGGGACCT,0
TTCTGCCAGCAGACTT,0
TTCTGGACGGTTCCCG,0
TTCTGGTCTAGGCTAA,0
TTCTGGTCTGCCGTGG,0
TTCTGTAATCCGCTGA,0
TTCTGTCGACCCGTTA,0
TTCTGTCTTGAAACTA,0
TTCTGTGATCTTGCGA,0
TTCTGTTTTAAATGCC,0
TTCTTAAAAAGAGCGT,0
TTCTTAAAACAGATGA,0
TTCTTAAAGAGGGCCG,0
TTCTTAAAGGATTCAA,0
TTCTTAACAAGGTATG,0
TTCTTAACATATAAAT,0
TTCTTAAGCGACGACA,0
TTCTTAATAGACTGAC,0
TTCTTAATCACGGGCA,0
TTCTTAATTCACGGAA,0
TTCTTACAAATTGGTG,0
TTCTTACAGGGAGGGT,0
TTCTTACTTCAAACAA,0
TTCTTAGAGAGGGTGA,0
TTCTTAGCAATGCATA,0
TTCTTAGGTAGCCTTG,0
TTCTTATCACCCAGTA,0
TTCTTATTAAATAACA,0
TTCTTCAATGCTACAA,0
TTCTTCAGTTACCTTT,0
TTCTTCATCAAGCTAA,0
TTCTTCCGACTAGAAC,0
TTCTTCTACGGAATCG,0
TTCTTCTGAGAGCGAA,0
TTCTTCTGGCATCGGT,0
TTCTTCTGTCCGTCAA,0
TTCTTGATGAACCCAG,0
TTCTTGGTGAAATGGA,0
TTCTTGTAAGGTGTTA,0
TTCTTTAAAATGTTAC,0
TTCTTTAAATAGGAAC,0
TTCTTTAAATCGTATT,0
TTCTTTAAGCGTCACC,0
TTCTTTACTTCAAGTA,0
TTCTTTAGACAGATGC,0
TTCTTTAGAGTATTAG,0
TTCTTTAGTTTACGAA,0
TTCTTTATATTATCAC,0
TTCTTTCCGTCCTCAA,0
TTCTTTGAAACAACAA,0
TTCTTTGAATACTAAG,0
TTCTTTGGACTCTGTG,0
TTCTTTTAATTATAAA,0
TTCTTTTTGATGAGCC,0
TTGAAAAAAATTGGTC,0
TTGAAAAACACATATA,0
TTGAAAAATCAAAAGA,0
TTGAAAAATTGACCAG,0
TTGAAAACGCCGAAAA,0
TTGAAAAGAATACCAT,0
TTGAAAATATATAATT,0
TTGAAAATATGTACCT,0
TTGAAAATGAGATAAA,0
TTGAAAATTGAAAGAT,0
TTGAAACCCCAGCATA,0
TTGAAACGTCGCACCA,0
TTGAAACTCACTTATC,0
TTGAAACTTCCAGTAT,0
TTGAAAGAATAATTTC,0
TTGAAAGATGTACAGA,0
TTGAAAGGCTTTTTTA,0
TTGAAAGGTGTTACAT,0
TTGAAAGTAACCTACA,0
TTGAAAGTAAGTCATA,0
TTGAAAGTACTCTGCC,0
TTGAAATCATGCTCAA,0
TTGAAATCCATGAGAG,0
TTGAAATCGGAAATTA,0
TTGAAATTACTACACA,0
TTGAAATTATATAGAG,0
TTGAACAATTCCTACT,0
TTGAACACGCATAATT,0
TTGAACATTAGGAACA,0
TTGAACCCATCCCTTG,0
TTGAACCCCATAGATA,0
TTGAACCCTAGAGGAA,0
TTGAACCCTAGATGCG,0
TTGAACCGGAGACGAA,0
TTGAACCGTAACAAAC,0
TTGAACCGTAGGAGAA,0
TTGAACGAACAAGAAG,0
TTGAACGAACTATATG,0
TTGAACGATACAACTT,0
TTGAACGCATACCGTA,0
TTGAACGCTACAAACT,0
TTGAACGGAGCAACGT,0
TTGAACGGTCAACAAT,0
TTGAACTGGGTGATGC,0
TTGAACTTGGGCTAGG,0
TTGAAGAATCGGAACG,0
TTGAAGACGTATTCTA,0
TTGAAGATACAAAAAC,0
TTGAAGATTTTGGGAC,0
TTGAAGCCATCTCCTA,0
TTGAAGGAAACCGACA,0
TTGAAGGATAAGTATA,0
TTGAAGGGGACTAAAG,0
TTGAAGTAGTTGGAGC,0
TTGAAGTGACCAACCT,0
TTGAAGTGGTCATAAA,0
TTGAAGTTATTATCGA,0
TTGAATAAAGCAGCTA,0
TTGAATACCTGGGAGG,0
TTGAATACGCCATACG,0
TTGAATCAACCCAGAA,0
TTGAATCATAGTGTCC,0
TTGAATCGGGTTTGAA,0
TTGAATCTAAAGACAT,0
TTGAATCTTAAACTGC,0
TTGAATGACCACTAAC,0
TTGAATGATATCCACA,0
TTGAATGCGTTACTTG,0
TTGAATTACATTGTAT,0
TTGAATTATAACAACA,0
TTGACAAACACCTAAA,0
TTGACAACGGAGTAGA,0
TTGACAATAGTAACAA,0
TTGACAATCATGAATA,0
TTGACAATCCAAATCA,0
TTGACAATGGACCGAA,0
TTGACACCTTGACAAA,0
TTGACACGGAGCATTA,0
TTGACACTCTTGTCTA,0
TTGACAGAAAAGCTCG,0
TTGACAGAACTTCTGA,0
TTGACAGAAGGGCTCT,0
TTGACAGGGGGGAAAC,0
TTGACAGTCCACGCTC,0
TTGACATACGATACCA,0
TTGACATTAAATTTAC,0
TTGACCACGTTAAGCC,0
TTGACCAGAGCTTATA,0
TTGACCCTCCTGCTAG,0
TTGACCGACAAACACT,0
TTGACCGCTTAACATG,0
TTGACCGTGTTAGAAC,0
TTGACCTCATACTGCA,0
TTGACGACAATACATC,0
TTGACGCATAAAGATA,0
TTGACGCCTCTCAACT,0
TTGACGCGACATTACT,0
TTGACGCGTTAACAAA,0
TTGACGCTAGAAACTT,0
TTGACGGACAAGATGC,0
TTGACGGACGAGCACT,0
TTGACGGTCAAACCCA,0
TTGACGGTTGAAAGAA,0
TTGACTAATACTACGC,0
TTGACTAGCGTGAACC,0
TTGACTATAACGTCTC,0
TTGACTATACCCCTCT,0
TTGACTATAGCAAGAA,0
TTGACTGTACCGTTAC,0
TTGACTTACAGACTAT,0
TTGACTTGAATCGCTG,0
TTGAGAAAATTAATTG,0
TTGAGAAATACATCGA,0
TTGAGAACACAATCCG,0
TTGAGAAGGCACACAT,0
TTGAGAATAAACTATA,0
TTGAGACATAATAGAA,0
TTGAGACCAGCATCAC,0
TTGAGAGAGTAGCCCC,0
TTGAGATAAGAAAAAA,0
TTGAGATACAAAGTTC,0
TTGAGATAGCCACAAA,0
TTGAGATCACTAGGAC,0
TTGAGATGACAAAGAG,0
TTGAGCAAAGTCAATA,0
TTGAGCAACCTCCAGA,0
TTGAGCACGGGAGAAC,0
TTGAGCATTTAGATGA,0
TTGAGCGAAATCATGA,0
TTGAGCGCTGAATCCG,0
TTGAGCGGATGAAAAA,0
TTGAGCTAAAATCCTA,0
TTGAGCTGTACTACTA,0
TTGAGGAAATTTCGAT,0
TTGAGGATGCCCTGTC,0
TTGAGGGAACCACACA,0
TTGAGGGACGAATAAA,0
TTGAGGGATGACAAAC,0
TTGAGGGCCTAAGTTG,0
TTGAGGGCGATGCAAC,0
TTGAGGGGCAGTCATC,0
TTGAGGGGCTCGACAA,0
TTGAGGTAAATGATGT,0
TTGAGGTGTTCACGCA,0
TTGAGTAAAAAGCATG,0
TTGAGTATACCTAATA,0
TTGAGTCCCTAGGTCC,0
TTGAGTGACCGACATA,0
TTGAGTGCTTCATAGA,0
TTGAGTGTCCACTTAT,0
TTGATAAATGGACGTA,0
TTGATAACCCTAAAGC,0
TTGATAATAAAACCAC,0
TTGATACACACGATTA,0
TTGATACAGACCCGCG,0
TTGATACATCCTTATG,0
TTGATACCTGAACGAA,0
TTGATACTACTCAATC,0
TTGATATAAGACAATA,0
TTGATATACATGCTAA,0
TTGATATCCAGAGACC,0
TTGATATGACAGACAA,0
TTGATATGACTCGCTG,0
TTGATATGCGGCTTTG,0
TTGATCAAAGAACCGA,0
TTGATCAACACTGTCG,0
TTGATCAACTTCTTCC,0
TTGATCACAATTATAG,0
TTGATCACGCACTGTA,0
TTGATCAGTAGATAGC,0
TTGATCATGATCGTAA,0
TTGATCATGATTCTGA,0
TTGATCCAGGGACGCC,0
TTGATCCGACGCAATA,0
TTGATCGAACCAGGAA,0
TTGATCGTTACTTCTC,0
TTGATCTAAGACCTGC,0
TTGATCTAATTATACG,0
TTGATCTTAACCTCAA,0
TTGATGACGCCCGTTA,0
TTGATGACTACATCAC,0
TTGATGCACGCGAAGA,0
TTGATGCATGAAATTG,0
TTGATGCGCAAACAGT,0
TTGATGGACATAAAAA,0
TTGATGGACGTAATGA,0
TTGATGGTCGATGGTT,0
TTGATGTACACATCGT,0
TTGATGTGATTATATA,0
TTGATTAACTTGTACT,0
TTGATTAAGACCGGCA,0
TTGATTAATGAAACAT,0
TTGATTACAAATCACG,0
TTGATTAGTAAGAAAC,0
TTGATTATGAAGGGAT,0
TTGATTGTAAACTGAA,0
TTGATTTAAGGACGGC,0
TTGATTTATATGGTTC,0
TTGATTTGGTTAAAGG,0
TTGATTTTCAACAACA,0
TTGCAAAAATTTAAAA,0
TTGCAAAACCGATCGT,0
TTGCAAAGCCCGGAAT,0
TTGCAAAGTCAGTTCA,0
TTGCAAATCCAAATTG,0
TTGCAACGAAGTCATA,0
TTGCAAGACGTTAACC,0
TTGCAAGAGCATCGTT,0
TTGCAAGCTAAAAGAC,0
TTGCAAGCTTAAAGAC,0
TTGCAATAATACCAAC,0
TTGCAATATGAATTGA,0
TTGCAATATGATAATA,0
TTGCAATCATATAGAG,0
TTGCAATGGAAAATGA,0
TTGCAATTATCAAGAT,0
TTGCAATTCACACCGG,0
TTGCAATTCTACAGAA,0
TTGCACAAAAAACACA,0
TTGCACAAACGACCTT,0
TTGCACAAATTATTCC,0
TTGCACAAGCTCTAAA,0
TTGCACACAAAAAAAA,0
TTGCACACATTATCAC,0
TTGCACAGAGTGAGCA,0
TTGCACCCCGATCAAC,0
TTGCACCGAAACCAAA,0
TTGCACGACTATTAGG,0
TTGCACGTTGCAACCA,0
TTGCACTAAGCACACT,0
TTGCACTCTTAAACCC,0
TTGCACTTGTGAACAC,0
TTGCACTTTAATGTCC,0
TTGCAGAATATGCCAC,0
TTGCAGAATTAAGAGT,0
TTGCAGATAGAGCTCA,0
TTGCAGATGATAACAA,0
TTGCAGTAAAGGACAT,0
TTGCAGTAACTGCATT,0
TTGCAGTAAGTTGGTC,0
TTGCAGTATAACACTG,0
TTGCAGTCCGATCATA,0
TTGCAGTCGGTTAATA,0
TTGCAGTGCTAATAAT,0
TTGCATAAAGTCCCTT,0
TTGCATATAAATAGCT,0
TTGCATCAGAAGTCAA,0
TTGCATCCAGAGGCAT,0
TTGCATCCCCGGATGA,0
TTGCATCGACGATAAG,0
TTGCATTACAAACCTG,0
TTGCATTCTGGCATCT,0
TTGCATTGCCGGAGAT,0
TTGCATTTATCTGAGA,0
TTGCATTTGCGCACCC,0
TTGCCAAAACACAGTT,0
TTGCCAAAGTGGGCGC,0
TTGCCAAATAATACTC,0
TTGCCAACCACCTGCA,0
TTGCCAAGAGGGCTTG,0
TTGCCAATATTCTCAT,0
TTGCCAATTTAACATC,0
TTGCCAGAGGCGTAAA,0
TTGCCATTAAGTTTTA,0
TTGCCCAAGGCTTCAG,0
TTGCCCCACCAAAGCG,0
TTGCCCCATCCTAACA,0
TTGCCCCCTAAAGAGT,0
TTGCCCTGCTACGCTA,0
TTGCCGAAAAACGTGC,0
TTGCCGAATAAAGTGC,0
TTGCCGACTAGTAATA,0
TTGCCGCAAACTAGAA,0
TTGCCGCTACCGATAG,0
TTGCCGGATGCCCAAT,0
TTGCCGGTAAAATTAT,0
TTGCCTACCCGTATGA,0
TTGCCTAGCCCTACGG,0
TTGCCTCTAAAGAGAA,0
TTGCCTGTACGTTACC,0
TTGCGAACGAACATAA,0
TTGCGAAGACTATGAG,0
TTGCGACATCATTAAT,0
TTGCGACCGAATGCCC,0
TTGCGAGCCTACGCTC,0
TTGCGATAAAACGAGA,0
TTGCGATACGCAATCA,0
TTGCGATCAAGTTTCA,0
TTGCGCCCGTTCGACT,0
TTGCGCCCTAATACCG,0
TTGCGCGGGGTAAGAA,0
TTGCGCTCCCCAGAAA,0
TTGCGGTACACATAAC,0
TTGCGGTACACATCCA,0
TTGCGGTTACCTGTTC,0
TTGCGTAGAATAAAAA,0
TTGCGTAGTCTTTAAA,0
TTGCGTCTTTCAACTA,0
TTGCGTTAACAGAGTC,0
TTGCGTTTAAAAGAAG,0
TTGCTAAACATTCATA,0
TTGCTAAAGGGAGTTC,0
TTGCTAAATCAAAACA,0
TTGCTAAATCCGAGTA,0
TTGCTAACATACGGCT,0
TTGCTAACGAACACCT,0
TTGCTAAGCACCAAAC,0
TTGCTAATTATTATAA,0
TTGCTACATCACTACA,0
TTGCTACCTGATACCA,0
TTGCTACGGACATAAA,0
TTGCTACTAAAGCCAA,0
TTGCTACTCTAGCGAG,0
TTGCTAGATACGGTGA,0
TTGCTAGTGGACCCTA,0
TTGCTATAATATATGC,0
TTGCTCATGCCAAACC,0
TTGCTCCAACATTCCT,0
TTGCTCCAGGAGGTTC,0
TTGCTCCTAATAATCC,0
TTGCTCCTGCGTACCG,0
TTGCTCGAAACGGGTA,0
TTGCTCGGCACAATAG,0
TTGCTGAACCTAAACA,0
TTGCTGAACCTCCAAA,0
TTGCTGACGACCACTG,0
TTGCTGGGTAGAACCA,0
TTGCTGTAGAGCGGAC,0
TTGCTGTGAACACTGA,0
TTGCTGTTAAGACTCT,0
TTGCTTAACCAAAGTT,0
TTGCTTAATATTAAGA,0
TTGCTTACGAGAGCCC,0
TTGCTTAGGATTCTTA,0
TTGCTTCCGACGACTT,0
TTGCTTGACAGTTTTC,0
TTGCTTTATATAGTAC,0
TTGCTTTGGCCATATA,0
TTGGAAACACCACCAC,0
TTGGAAATATTATCTG,0
TTGGAACAAGAACGGC,0
TTGGAACACAGCAATT,0
TTGGAACAGGAAACTA,0
TTGGAACTGTAGGTTT,0
TTGGAAGACATAGTAT,0
TTGGAAGCATACATAC,0
TTGGAAGTATCTATAA,0
TTGGAATACCAAAGAC,0
TTGGAATGTAACTCTC,0
TTGGAATGTTTAGTAT,0
TTGGAATTAAAAACAA,0
TTGGACACACGTATCC,0
TTGGACACAGTAGAAT,0
TTGGACATAAACTCGA,0
TTGGACCTGGTATAGA,0
TTGGACCTGTTCCACC,0
TTGGACGAGACATCAA,0
TTGGAGAACAAGACCA,0
TTGGAGAATATTTAGA,0
TTGGAGCAGTCACGCC,0
TTGGAGCCAATTCACA,0
TTGGAGGCGGTTGTTC,0
TTGGAGTTTCCTGGAT,0
TTGGATACCTACAGAA,0
TTGGATACCTCCTACA,0
TTGGATCATCTTAACT,0
TTGGATCCTGTAACGA,0
TTGGATCGGTAGCACA,0
TTGGATCTGAGTCGAC,0
TTGGATGTAACTAACC,0
TTGGATTACTGTTATC,0
TTGGATTGTTTTCTGC,0
TTGGCAAACCACAGAT,0
TTGGCAAAGTCAAAGG,0
TTGGCAACCTTCGTAG,0
TTGGCAAGTACAAAGA,0
TTGGCACAAGCCTCAC,0
TTGGCACACACAAAAA,0
TTGGCACACTGACACC,0
TTGGCACTAGAATGAG,0
TTGGCACTGCGCAAAT,0
TTGGCAGTCCTTATCT,0
TTGGCATGAGCTTAGA,0
TTGGCATTATGCAGTC,0
TTGGCCAAATAGATAA,0
TTGGCCAACTCACCAA,0
TTGGCCACATCACCAC,0
TTGGCCTACAGAATTA,0
TTGGCCTCTGTCTGAA,0
TTGGCCTTTGGGCCAG,0
TTGGCGAATTACAGCT,0
TTGGCGCTCCGCCGCT,0
TTGGCGGTCTGCTTGA,0
TTGGCGTCACAAACGT,0
TTGGCTAAAGCATTCA,0
TTGGCTAAGCTGGAGT,0
TTGGCTACTAACTTAA,0
TTGGCTCTTCATCGGA,0
TTGGCTGTGATAGCCT,0
TTGGGAACCCCTAACG,0
TTGGGAACCGGGTTTC,0
TTGGGAATCGTACGTC,0
TTGGGAATTTTTAAAC,0
TTGGGACATCCATTCA,0
TTGGGACGACCAACAA,0
TTGGGATCATAGCCAA,0
TTGGGATGGATATACA,0
TTGGGCAGACGTTTGT,0
TTGGGCCAGATTAATT,0
TTGGGCGACTAGTAAA,0
TTGGGCGCTCACACCG,0
TTGGGCGTACAGTCAA,0
TTGGGCTACGATATAA,0
TTGGGGTATTGCTAGC,0
TTGGGGTTCAGATGCT,0
TTGGGTAAAAGGATCC,0
TTGGGTCAATAGAGGA,0
TTGGGTTATGATCAAG,0
TTGGTAAAAATTTAAC,0
TTGGTAAGAAAGGAAC,0
TTGGTAAGAACTGCAA,0
TTGGTAATCTGCTTAC,0
TTGGTACCATACAACA,0
TTGGTACCATACTCCC,0
TTGGTACTGACGTAAC,0
TTGGTACTTTAACGAC,0
TTGGTAGAAAACATAT,0
TTGGTAGACGAAAAAA,0
TTGGTAGATCGAGATA,0
TTGGTATAAATTAAAC,0
TTGGTATATCGTACGG,0
TTGGTATCTGAATTCA,0
TTGGTCATAGAACATC,0
TTGGTCATTACATTGA,0
TTGGTCCATCTAGACC,0
TTGGTCCCTTGTAAAC,0
TTGGTCTAAAAGCAGC,0
TTGGTCTATATTGAAA,0
TTGGTCTTCCTTAAGC,0
TTGGTGAAATCCTCGA,0
TTGGTGATTTGCATGC,0
TTGGTGCAAGAACCTT,0
TTGGTTACACTCAAAA,0
TTGGTTACATTAAATT,0
TTGGTTATATGCTCTT,0
TTGGTTCTGCAGAACG,0
TTGGTTTAGGTGAACA,0
TTGTAAAATCATACGT,0
TTGTAAAATGGCCGAG,0
TTGTAAAATGTCTACT,0
TTGTAAAGAAAAGACA,0
TTGTAAATCCGAAATT,0
TTGTAAATGAGTTGTG,0
TTGTAACAATTAAGTC,0
TTGTAACAGTGCAGAG,0
TTGTAACCCCCACCGT,0
TTGTAACGATCGCTCA,0
TTGTAAGACATGAGGC,0
TTGTAAGATACCGATG,0
TTGTAATAACCAAAAG,0
TTGTAATAGCACGAAC,0
TTGTAATCATACGGTG,0
TTGTAATCTAGCAAGA,0
TTGTAATGGCAGCCAT,0
TTGTAATTAATTCCTG,0
TTGTAATTCTCCAGAA,0
TTGTAATTGAGGAGAA,0
TTGTACAAAGGACGAA,0
TTGTACAAATTAGTTG,0
TTGTACAATAGATGAA,0
TTGTACATGATGGTTA,0
TTGTACGGAACCTTAG,0
TTGTACTCGTGCGAGA,0
TTGTAGAGAATCCTCT,0
TTGTAGATTACGTGCC,0
TTGTAGCCCGAAGAGA,0
TTGTAGCGTCTAACGC,0
TTGTAGGCATTATGAA,0
TTGTAGTTATAGATCG,0
TTGTAGTTCTTTACCC,0
TTGTATACACATGGAC,0
TTGTATATACAACACA,0
TTGTATCATGCATACT,0
TTGTATCCCTACTATG,0
TTGTATCTTACGATAC,0
TTGTATGACTGAATAA,0
TTGTATGATCACTTAA,0
TTGTATGTAACCATCA,0
TTGTATTAAGACCGTT,0
TTGTATTTTAAAAAAC,0
TTGTCAAAAAACTGAA,0
TTGTCACCACCTAACC,0
TTGTCACCATTCATAT,0
TTGTCACGCACCATTA,0
TTGTCACGGGAGGCTA,0
TTGTCAGAAAACACCC,0
TTGTCAGCAATCATAC,0
TTGTCATAAACACCAA,0
TTGTCATAATTACACA,0
TTGTCATCGTTTCTCG,0
TTGTCCAAAAGAGATC,0
TTGTCCAGAAAAATTT,0
TTGTCCAGCTCCCGGT,0
TTGTCCCCAATGCAAA,0
TTGTCCGATCAAAAGT,0
TTGTCCGGTGCGATAC,0
TTGTCCTCAGAAAAAC,0
TTGTCCTCCATCCCCT,0
TTGTCCTGACTGCGAA,0
TTGTCGACAGAATATA,0
TTGTCGGATTAGATAA,0
TTGTCGGTTAAATGTT,0
TTGTCTACATTAAGTC,0
TTGTCTAGTGTGAAAG,0
TTGTCTGTCCCTGCAT,0
TTGTCTTACCGATTAA,0
TTGTGAAACTACTCAA,0
TTGTGAACATAAAAAC,0
TTGTGAAGACATCAAT,0
TTGTGAAGACCCCCAA,0
TTGTGACGCTCACATT,0
TTGTGAGAACTACCGC,0
TTGTGAGAGATATTAA,0
TTGTGAGGACACTACA,0
TTGTGATAAGACAATT,0
TTGTGATATTAAACGC,0
TTGTGATCGTCCATGA,0
TTGTGCAGATGATGCA,0
TTGTGCTAATAAGATT,0
TTGTGGAAATCATGAG,0
TTGTGGAATATTAACA,0
TTGTGGACGTAAACTC,0
TTGTGGCCTGTTCGTA,0
TTGTGGCTACTTAATG,0
TTGTGTAACATATACT,0
TTGTGTCCAAACGGCA,0
TTGTGTCTCAACGCTG,0
TTGTTAAAAGATGGGA,0
TTGTTAAAATCGATCC,0
TTGTTAAACAGGCAAC,0
TTGTTAAAGACCAAAT,0
TTGTTAAGATGAATTC,0
TTGTTAATCTACCTAA,0
TTGTTACGGATATAGA,0
TTGTTACTAGAATAGC,0
TTGTTACTTTGGAGCC,0
TTGTTAGAATGCAAAC,0
TTGTTAGCTTTACACT,0
TTGTTAGTCAAATAAC,0
TTGTTATCACTCAGAA,0
TTGTTATTAATGAAAA,0
TTGTTATTCTAAACAA,0
TTGTTATTTGAAAACG,0
TTGTTCAAAAAGAAAA,0
TTGTTCCCTAGCGTCA,0
TTGTTCCTTTCAATCA,0
TTGTTCGCCATTATTC,0
TTGTTGAAATAAGAAA,0
TTGTTGAACACCATCC,0
TTGTTGTATTAATACC,0
TTGTTTAAACCCCTAA,0
TTGTTTACAGAGATAT,0
TTGTTTAGAGAATTCG,0
TTGTTTATATAGCTTT,0
TTGTTTATCTCTACCC,0
TTGTTTCATAATGAAA,0
TTGTTTCCAATAAATT,0
TTGTTTCCATAAGAAA,0
TTGTTTCCCGGGTTCA,0
TTGTTTCTCAGAAGAA,0
TTGTTTGTGGAGATAG,0
TTGTTTTATAGCGGTT,0
TTGTTTTTCTCTACGG,0
TTGTTTTTTACGATAA,0
TTTAAAAAAGAGAATA,0
TTTAAAAACAATGGAG,0
TTTAAAAACACCAACA,0
TTTAAAAACCACTGAA,0
TTTAAAAAGAGTTAAA,0
TTTAAAAAGATACAGC,0
TTTAAAAATACAAAAG,0
TTTAAAAATTAAAAAG,0
TTTAAAAATTCAATAG,0
TTTAAAACCATGAACA,0
TTTAAAACCCGACATC,0
TTTAAAACCCTCGTAC,0
TTTAAAAGATGATCGA,0
TTTAAAAGTAACTAGC,0
TTTAAAAGTCCACAAC,0
TTTAAAATGGCCTGCA,0
TTTAAACAAACCATTG,0
TTTAAACAGATTTGGA,0
TTTAAACATAATGTCG,0
TTTAAACCAAAGCCTC,0
TTTAAACCCAGCAAAT,0
TTTAAACCGCGAGAGT,0
TTTAAACGAATCAGTC,0
TTTAAACGGATTAGAT,0
TTTAAACGGTCGGAAA,0
TTTAAACTCGCGCTGT,0
TTTAAACTTCAACAAC,0
TTTAAACTTGATCGAC,0
TTTAAAGAAAACCACT,0
TTTAAAGAGATTTCAG,0
TTTAAAGCGCCGATAC,0
TTTAAAGCGCTTAAAA,0
TTTAAAGCTTAATATT,0
TTTAAAGTACACAAGA,0
TTTAAATAAATGTTAG,0
TTTAAATACACAATTA,0
TTTAAATACGATCTTC,0
TTTAAATATACGAATG,0
TTTAAATATCCTGACT,0
TTTAAATATTAAACAA,0
TTTAAATCTAATGAAA,0
TTTAAATCTCAAACGA,0
TTTAAATCTCACATCG,0
TTTAAATCTGACTACC,0
TTTAAATGATACTGTG,0
TTTAAATTCACTATGA,0
TTTAAATTGCATAAGT,0
TTTAAATTGTAAAAAG,0
TTTAAATTTGATACAA,0
TTTAACAAAGTCTCCC,0
TTTAACAATTCTGCCC,0
TTTAACACAAAAAAGG,0
TTTAACATAGCCCATG,0
TTTAACCAGCCGCTAC,0
TTTAACCAGTTTTCAC,0
TTTAACCCTACTGCTG,0
TTTAACCGGTCACTGT,0
TTTAACCTAGTCAATG,0
TTTAACCTATAACAAT,0
TTTAACCTCAACGTAC,0
TTTAACCTCGTAAAAC,0
TTTAACCTGAACTGGT,0
TTTAACCTTTGAAACG,0
TTTAACGCAATCCACA,0
TTTAACGGCTTAGTGA,0
TTTAACTAGTACAAAG,0
TTTAACTCCAGGTAAG,0
TTTAACTCTCAACGAA,0
TTTAACTTAGAACCAC,0
TTTAACTTTAAGTCAC,0
TTTAAGAAATGATACT,0
TTTAAGAGAGTTCGGT,0
TTTAAGAGCAGCAATT,0
TTTAAGAGTAATACAT,0
TTTAAGATAAATCCCA,0
TTTAAGATCTACACGG,0
TTTAAGCATACGAATT,0
TTTAAGCATTCGATCG,0
TTTAAGCGTAAAGGAT,0
TTTAAGCTAGAATAAT,0
TTTAAGTAAAACGCCT,0
TTTAAGTAACCAAGAT,0
TTTAAGTAACCCAGAA,0
TTTAAGTCACCACAAG,0
TTTAATAAATACAAAC,0
TTTAATAACAAGTCCC,0
TTTAATAACATAAGTG,0
TTTAATACACCTTTGT,0
TTTAATACTTCTACAG,0
TTTAATAGACGTCGGC,0
TTTAATAGCGCAAGAA,0
TTTAATCAAACGACCT,0
TTTAATCCGCCTCTGT,0
TTTAATCCTTCACAGT,0
TTTAATCTAAAAAAAT,0
TTTAATGATCTAATAA,0
TTTAATGGCAATAGAT,0
TTTAATGGTGCCAGCG,0
TTTAATTCATTCAGGT,0
TTTAATTCCTTTAAAA,0
TTTAATTCGTCCTCCG,0
TTTAATTCTCCTCAAT,0
TTTAATTCTGTGCGTT,0
TTTAATTTACTATGAA,0
TTTAATTTTAATACGC,0
TTTACAAATAACGGAA,0
TTTACAAATGTTCAAG,0
TTTACAACAAAAAAAT,0
TTTACAACAGCGTAAC,0
TTTACAAGACGAGACC,0
TTTACAAGCACCACTA,0
TTTACAAGTGGAAACT,0
TTTACAAGTTGAAAAT,0
TTTACAATGCGTAAGA,0
TTTACAATTCAAATTG,0
TTTACACAAGGACGTT,0
TTTACACAATAGATAG,0
TTTACACCAGAGCCAA,0
TTTACACCCATGAACC,0
TTTACACGACACAACT,0
TTTACACTCCAAGACA,0
TTTACACTCGTGTTAA,0
TTTACAGAGTAAATAA,0
TTTACAGTTCTAGGGA,0
TTTACATAAGCAAGAT,0
TTTACATACCAAAGCA,0
TTTACATACCTGAACA,0
TTTACATATACATGTA,0
TTTACATCCTACAAAA,0
TTTACATTATTCACCT,0
TTTACCAAATGGTAGA,0
TTTACCAAGGATGAGA,0
TTTACCATACCCATTT,0
TTTACCATTCTGTAGG,0
TTTACCCATGAGGGAC,0
TTTACCCCAGACGCGA,0
TTTACCCCGAAGGGGA,0
TTTACCCCTGCAATCC,0
TTTACCGAACTTGGAA,0
TTTACCGAAGCAAGAA,0
TTTACCGGATTAAAAT,0
TTTACCTATCACACAA,0
TTTACCTCGCAGTAGC,0
TTTACGAAAAAGCCAA,0
TTTACGAAAGATAGAC,0
TTTACGAACAAGTAGT,0
TTTACGACAGAACTAT,0
TTTACGACAGACAGCT,0
TTTACGACTCTCAGAG,0
TTTACGAGTTAAGGTC,0
TTTACGCCTATTTTGA,0
TTTACGCTAACTTAAG,0
TTTACGGTCTATAAAA,0
TTTACGTAAACAAACC,0
TTTACGTGTGAACAGG,0
TTTACTAACCATCAGA,0
TTTACTAACTAAGTAG,0
TTTACTAAGAACCCCG,0
TTTACTAATCAGACCA,0
TTTACTAATTACACAT,0
TTTACTCATCTAAGAC,0
TTTACTGTATGAGACA,0
TTTACTTCGAATGACC,0
TTTACTTCGAGATAAA,0
TTTACTTCGGAGTGAG,0
TTTACTTCGTTGGGTG,0
TTTACTTGAGGCAGAA,0
TTTACTTTAGTGCAAT,0
TTTAGAAAGTATGAAT,0
TTTAGAACCTTCCCGA,0
TTTAGAACGAATCTTC,0
TTTAGAAGAGCTAATT,0
TTTAGAAGCGTGAAAA,0
TTTAGAAGTATATAAA,0
TTTAGAATCACACAAG,0
TTTAGACAGGTAGATT,0
TTTAGACCATACAAAC,0
TTTAGACGGGATCCTA,0
TTTAGAGAATATTATT,0
TTTAGAGAATGCCTAC,0
TTTAGAGACAACCACT,0
TTTAGATCGCTAACAG,0
TTTAGCCATAAAGTAG,0
TTTAGCCATAGCAAAG,0
TTTAGCCCGAAAAATA,0
TTTAGCCTAGAACCTA,0
TTTAGCGAAAAGCTTA,0
TTTAGCGAAGTATACC,0
TTTAGCGATTAAAGGT,0
TTTAGCTATTAAAATA,0
TTTAGCTTCCCGCTTG,0
TTTAGGAATAAGCATA,0
TTTAGGACAAACTCGT,0
TTTAGGACCCTGACGG,0
TTTAGGATAATGAAGT,0
TTTAGGCCTAAAGACA,0
TTTAGGGAATAGATTA,0
TTTAGGTCTGCTTCGA,0
TTTAGGTGATAGGCCT,0
TTTAGGTTATCTCTGA,0
TTTAGTACTATAACAA,0
TTTAGTAGCATAACAG,0
TTTAGTCCAGAGGTCT,0
TTTAGTCGGATAACCG,0
TTTAGTGGCCTTATGC,0
TTTAGTGGCTTAACTT,0
TTTAGTTAGGGCAGTA,0
TTTATAAAAGACAATA,0
TTTATAAAAGCGCACA,0
TTTATAAATGACAACG,0
TTTATAAATTTTTCAT,0
TTTATAACACTCTCAC,0
TTTATAAGAAAGTATT,0
TTTATAAGGGACTAAA,0
TTTATAATAATTACAA,0
TTTATAATTAAGGGCG,0
TTTATACAAAAAACGC,0
TTTATACAACTACCTG,0
TTTATACATGTAGCGT,0
TTTATACTGACCGAAT,0
TTTATAGAAAGGACAA,0
TTTATAGAAGATTACC,0
TTTATAGATAAGCGAT,0
TTTATAGATCCATTAC,0
TTTATATATAAAATAT,0
TTTATATCAGTGTTCT,0
TTTATATCATACAAGC,0
TTTATATGAAACAAAA,0
TTTATATGCGAACGCT,0
TTTATATGTTAAATCG,0
TTTATATTAAGAAGAA,0
TTTATCAAATACATGC,0
TTTATCAATAACTAAA,0
TTTATCAATAGTAAAG,0
TTTATCAATTGCCCGA,0
TTTATCAGTTGATGGC,0
TTTATCATAATCAAAA,0
TTTATCATTGTTAACA,0
TTTATCATTTAAGGAT,0
TTTATCCAAGTTAGAT,0
TTTATCCCAAACATTG,0
TTTATCCCGGCCATAA,0
TTTATCCTGTCAACTG,0
TTTATCGACACCCCAA,0
TTTATCGTCATAAGTG,0
TTTATCTATAACAAAT,0
TTTATCTCTTTATTCG,0
TTTATCTGGTTGCTCA,0
TTTATGAGCGAGGTTT,0
TTTATGAGGTTTGACA,0
TTTATGATCAGGAACC,0
TTTATGATTAGCTAAA,0
TTTATGCATCGACTAA,0
TTTATGCCGGCGCCCC,0
TTTATGGCAATACCTC,0
TTTATGTGAAAGTTCC,0
TTTATTAAAATTAGAC,0
TTTATTAAAGCAGCTG,0
TTTATTAAATGAAATG,0
TTTATTAACAGTCAAC,0
TTTATTAAGAAATACA,0
TTTATTAATATTCATT,0
TTTATTAATTAAACGC,0
TTTATTACATCGATGG,0
TTTATTAGCAATTGGC,0
TTTATTAGGAGAACAG,0
TTTATTAGGCTACGAA,0
TTTATTCAAGCTAGGA,0
TTTATTCCGGGAAAAA,0
TTTATTCCTTTACCCA,0
TTTATTCGGACTCAAT,0
TTTATTCGGTTCGAAT,0
TTTATTCTCCGAGGAT,0
TTTATTGAAGATCTGG,0
TTTATTGGAAGTAAGT,0
TTTATTTAACATTCAG,0
TTTATTTATGACACTG,0
TTTATTTGATTAAACA,0
TTTCAAACTCAAGATA,0
TTTCAAAGCAAAACAC,0
TTTCAAATTCCGCCAA,0
TTTCAACAAATTAAAG,0
TTTCAACAATTATACC,0
TTTCAACACAAATACG,0
TTTCAACCACAAAAAA,0
TTTCAACCGCACAGGT,0
TTTCAAGAAGGATTAC,0
TTTCAAGCGCAGTCAC,0
TTTCAAGCGCGGCATA,0
TTTCAAGCGTCATTAT,0
TTTCAAGGCGTATTGT,0
TTTCAATAAACCAACA,0
TTTCAATATCTGTAAA,0
TTTCAATCAGCCGAGA,0
TTTCAATCTGAATGAA,0
TTTCAATTATATATAC,0
TTTCACAAAACAAAAA,0
TTTCACAAACCGCCAT,0
TTTCACAAATAATATA,0
TTTCACACGCAGACTG,0
TTTCACATAGGACCCT,0
TTTCACATGGGACAGC,0
TTTCACATTGGGGATT,0
TTTCACCATTCTAACA,0
TTTCACCCAAAACAAG,0
TTTCACCGATAACAAA,0
TTTCACCGTTTTAAAA,0
TTTCACCTAACAACAC,0
TTTCACGGAACAAAAT,0
TTTCACTAACGAAATG,0
TTTCACTAATATACAA,0
TTTCACTTGAATGGTG,0
TTTCAGAATACCTTCT,0
TTTCAGAGCTTAAACA,0
TTTCAGAGGAACCGAA,0
TTTCAGAGTCCACATA,0
TTTCAGATAGTGCCAA,0
TTTCAGCACGGCCCAC,0
TTTCAGCATTTACATC,0
TTTCAGCGCAAGGGCA,0
TTTCAGCGGCATACCG,0
TTTCAGCTTATAACAA,0
TTTCAGCTTCTATTTG,0
TTTCAGCTTGAACATT,0
TTTCAGGAAGACAATC,0
TTTCAGGCTCTAAGCA,0
TTTCATAAATGGGCCA,0
TTTCATAATAGAAATA,0
TTTCATATAAACCAAA,0
TTTCATATACCCCTTT,0
TTTCATATGGTCAACG,0
TTTCATATTATTGCTG,0
TTTCATCAAATACCAG,0
TTTCATCCAGCATAAG,0
TTTCATGAATAAAAAT,0
TTTCATGAGAAAAGCC,0
TTTCATGAGAAGGGCA,0
TTTCATGCACAAATCG,0
TTTCATGGGTGGGAAG,0
TTTCATTTAATTCACA,0
TTTCATTTGATATTAG,0
TTTCCAAATTATCTAC,0
TTTCCAACCAACGTGT,0
TTTCCAACGGAGTGCC,0
TTTCCAACTCAGTCTC,0
TTTCCAACTGTTTTGC,0
TTTCCAAGAAATTTAG,0
TTTCCAAGAAGATAAA,0
TTTCCAATTGATAAAG,0
TTTCCACACTACGAGC,0
TTTCCACCCGGCAGAC,0
TTTCCACCTACGACCA,0
TTTCCACTAGGTCTTA,0
TTTCCAGAAGATATTT,0
TTTCCAGAGGTCAAAT,0
TTTCCAGATACAATAT,0
TTTCCAGTCGTATAAG,0
TTTCCATGGTCAGATT,0
TTTCCCATAAACACAG,0
TTTCCCCCATACCAGA,0
TTTCCCCCCTAACGAA,0
TTTCCCGTTTGAGGTT,0
TTTCCCTAGGATCCTT,0
TTTCCCTGTAGCATTT,0
TTTCCCTTAACCCTCT,0
TTTCCGAAAAGTACAA,0
TTTCCGAACTTCACAC,0
TTTCCGATTAAAGTCA,0
TTTCCGCTACAAGTAC,0
TTTCCGCTCCTAGTAG,0
TTTCCGGTGCTAAGTC,0
TTTCCGTATATCAGAA,0
TTTCCGTGAAAAATTA,0
TTTCCGTGTACTTCCA,0
TTTCCGTTACGAACTT,0
TTTCCGTTCCGAGACA,0
TTTCCTAATCTCTTCT,0
TTTCCTCAGAACCCTA,0
TTTCCTCCGACTTATA,0
TTTCCTGACAAAAGTT,0
TTTCCTGACATACGAT,0
TTTCCTGTAGCAGCTA,0
TTTCCTGTCCCTGAGC,0
TTTCCTTAAGAATAAT,0
TTTCCTTCAGTACTAA,0
TTTCCTTTTGGATTGC,0
TTTCGAAAATAATTGG,0
TTTCGAAACAGCGTAA,0
TTTCGAAATAAGTAAA,0
TTTCGAACGACTTTTA,0
TTTCGAACTTTTACGA,0
TTTCGAAGCGTAATAT,0
TTTCGACAACATCATC,0
TTTCGACCTTCACAAC,0
TTTCGACGCCGACAAA,0
TTTCGAGAACACACCA,0
TTTCGAGACCAATAAG,0
TTTCGAGGTCGGAACG,0
TTTCGAGTAGACTGGG,0
TTTCGATCTACGATAA,0
TTTCGATGCGGACATA,0
TTTCGCAAGTATATCT,0
TTTCGCACATGTGCAT,0
TTTCGCACCTACACAA,0
TTTCGCCAGAAATATC,0
TTTCGCGGGATACTAT,0
TTTCGGGCATAGGAAA,0
TTTCGGTATATTTCAG,0
TTTCGGTTGTGCCACA,0
TTTCGTAAATGCCTGG,0
TTTCGTAACAACAACT,0
TTTCGTAATACTTAAT,0
TTTCGTGAGGAATCCA,0
TTTCTAAAATATATGG,0
TTTCTAAATCACTGTG,0
TTTCTAACAGGATACG,0
TTTCTAACCAGTTAAC,0
TTTCTAACTCTGGCCC,0
TTTCTAAGCAAAAATC,0
TTTCTAATACACATAT,0
TTTCTACATAAGGGGC,0
TTTCTACCATATATCG,0
TTTCTACCGAAACTCA,0
TTTCTACGAAAGCACA,0
TTTCTAGAACAACATT,0
TTTCTAGAATGAACTT,0
TTTCTATAAGGGACTT,0
TTTCTATCACGTATTT,0
TTTCTATCCTGAAATG,0
TTTCTATCTATAAAAC,0
TTTCTATGTGATACTA,0
TTTCTATTGGTGGTCA,0
TTTCTCAAGTTACATT,0
TTTCTCATAATATTCC,0
TTTCTCATCTCAGATT,0
TTTCTCATGAGATTCT,0
TTTCTCATTAGTCATT,0
TTTCTCATTCGACCAA,0
TTTCTCATTTCTCGTC,0
TTTCTCCGACACAAGT,0
TTTCTCGCTTTTAGTT,0
TTTCTCGTACCTGCAC,0
TTTCTCTAGCTTCAAT,0
TTTCTCTCCAGTATTT,0
TTTCTGAACAAAGGCA,0
TTTCTGACAGTACACT,0
TTTCTGATAAGTAAAA,0
TTTCTGATTACGAACA,0
TTTCTGCGTTAAAGAA,0
TTTCTGCTCTGCTCTA,0
TTTCTGTAAAACCAGT,0
TTTCTGTATAATATGT,0
TTTCTGTTCACAGAGT,0
TTTCTTAAATTTGTAC,0
TTTCTTAGTTAGAAAA,0
TTTCTTGAACGGAATC,0
TTTCTTTAAACCCGTT,0
TTTCTTTAATGGCTAA,0
TTTCTTTAGGTGATTT,0
TTTCTTTAGTAATTAG,0
TTTCTTTATTTCGAAA,0
TTTCTTTTGCTAACGC,0
TTTGAAAAGGTAAGAG,0
TTTGAAAATTTTAAAC,0
TTTGAAACCCTCCCAG,0
TTTGAAAGCCGGCAGA,0
TTTGAACAAATATGAA,0
TTTGAACAATACGTCT,0
TTTGAACAGAACTTCA,0
TTTGAACAGACGGCCT,0
TTTGAACATGGCGCTG,0
TTTGAACATTAGTCCT,0
TTTGAACCCCCCAACC,0
TTTGAACTATAACACC,0
TTTGAAGAGATTTTAT,0
TTTGAAGCATTTTCAA,0
TTTGAAGTGCATGGCG,0
TTTGAATATAGGGTCA,0
TTTGAATCACTGTGGA,0
TTTGAATGAATGCCCT,0
TTTGAATTGAACAACA,0
TTTGACAAACCTGTGA,0
TTTGACACTTACATCA,0
TTTGACAGAATGAACT,0
TTTGACAGATCAACAA,0
TTTGACATAAAGTCAG,0
TTTGACATAAGGCAAC,0
TTTGACCATAGTAAAA,0
TTTGACCGTGTAATAA,0
TTTGACGAAATAAATG,0
TTTGACGAGAACAATT,0
TTTGACTAACGCTTCT,0
TTTGACTGATAATTTA,0
TTTGAGAACTAACACG,0
TTTGAGAATTCAGCCT,0
TTTGAGACAATCACCA,0
TTTGAGACTTCGGGTA,0
TTTGAGATTAGAGTAA,0
TTTGAGCAAACGCATA,0
TTTGAGCAACAAAAGT,0
TTTGAGCATCTACATC,0
TTTGAGCTTTCAATCT,0
TTTGAGTGGCCTGTAT,0
TTTGATAATCATGATA,0
TTTGATACATTAATGT,0
TTTGATATCGATAGAC,0
TTTGATATGATAGATA,0
TTTGATCAAGTGTAAA,0
TTTGATCATACACACG,0
TTTGATCCATAGCGAT,0
TTTGATCCTAATAAAT,0
TTTGATGTAACTGCCT,0
TTTGATTAAAATCACT,0
TTTGATTACGTGGCTT,0
TTTGATTCATACATAA,0
TTTGATTTCGTTCCAG,0
TTTGATTTGTGCTCTT,0
TTTGCAAAAACATGCA,0
TTTGCAACTGACAACG,0
TTTGCAATGCGTTCCA,0
TTTGCACATTAAACAA,0
TTTGCACCGGGTAGCT,0
TTTGCACGCACAGGGC,0
TTTGCACTATTAGGAT,0
TTTGCAGAAACGAGTA,0
TTTGCAGTTGGTATGA,0
TTTGCCGCCTTTAGAC,0
TTTGCCTAAATGTAGG,0
TTTGCGATCAATAGTC,0
TTTGCGCACATACTTG,0
TTTGCGCAGTACACTC,0
TTTGCGGCTTATTCTG,0
TTTGCGGTCACGGTGC,0
TTTGCGTGATCAACAG,0
TTTGCTAATAATACAA,0
TTTGCTACACATTTTA,0
TTTGCTATGAATAACT,0
TTTGCTCGATTACTAC,0
TTTGCTGAATATTCGA,0
TTTGCTGCTCTAAAAC,0
TTTGCTGGTTGCATGA,0
TTTGCTTAAGAGAGTG,0
TTTGGAACGTTTAGCC,0
TTTGGAAGTATTTATA,0
TTTGGACCACTCCTCC,0
TTTGGACCGTATCAAT,0
TTTGGATATACGTTAC,0
TTTGGCAACCGCAAAC,0
TTTGGCTCCAGTTAGC,0
TTTGGGACTATCTTCT,0
TTTGGGCCAGTTACCA,0
TTTGGGCCATGAACAA,0
TTTGGGCGATCACTCC,0
TTTGGGCTGCCTGACG,0
TTTGGGGAATAGTCCC,0
TTTGGTACCCACAGGA,0
TTTGGTATACCGACAT,0
TTTGGTATTTAGCCAG,0
TTTGGTCAATTGCAAT,0
TTTGGTGATTCGAAAC,0
TTTGGTGGGGACCGGG,0
TTTGGTTAAGAGTGAG,0
TTTGTAAAAAATGAGG,0
TTTGTAAAAATGCAGA,0
TTTGTAAAAGCATAAC,0
TTTGTAAACTACTCAA,0
TTTGTAACAAGAAATA,0
TTTGTAACAATGTCGC,0
TTTGTAACCCCAGTTT,0
TTTGTAACGAAAACGA,0
TTTGTACAACGATTTG,0
TTTGTACTCACCGTCC,0
TTTGTAGAAAGAGAAT,0
TTTGTAGACGATAACA,0
TTTGTAGCCCATTAAG,0
TTTGTAGGAAAAAAGA,0
TTTGTAGTCCACGAAC,0
TTTGTATAACTTATGA,0
TTTGTATCCTATTGAA,0
TTTGTATCTTGCCAGG,0
TTTGTATGAAATTAAA,0
TTTGTCATGGGTCATA,0
TTTGTCATGTTGTCGG,0
TTTGTCCATTCGATAC,0
TTTGTCCCTAATACCG,0
TTTGTCCCTGCCGCGC,0
TTTGTCCTAGATTGAA,0
TTTGTCCTGACATATG,0
TTTGTCGAATATTTTT,0
TTTGTCTCTAATAGCT,0
TTTGTCTTTCGTATCA,0
TTTGTGAGAGACACCT,0
TTTGTGCTCACGAAAA,0
TTTGTGTCTGCTTATT,0
TTTGTGTGAAATTGCT,0
TTTGTTAAAGCGGTAA,0
TTTGTTAACAGAGGCT,0
TTTGTTAATCCGGTTA,0
TTTGTTACTGCATAAT,0
TTTGTTCAACCCAGCA,0
TTTGTTCCATACAAGA,0
TTTGTTGCGAGCTTTG,0
TTTGTTTATCACAAAC,0
TTTGTTTTGAGGTTAA,0
TTTTAAAACGAGTGAC,0
TTTTAAAAGCTCCCTC,0
TTTTAAAATACTGGCT,0
TTTTAAACTGACAGCA,0
TTTTAAACTGCAATTC,0
TTTTAAATTGTGTGTT,0
TTTTAACAAGTTAATT,0
TTTTAACACCGCTTCG,0
TTTTAACATCGGTCCC,0
TTTTAACCCTCCAACG,0
TTTTAACTTTGGAAGA,0
TTTTAAGAACGGCACA,0
TTTTAAGAATGGTCAC,0
TTTTAATAATAATCCC,0
TTTTAATACGCTATTG,0
TTTTAATACTCGCAAA,0
TTTTAATACTTCGACC,0
TTTTAATAGCAAAAAA,0
TTTTAATATAACTTTC,0
TTTTAATGTTTTAACA,0
TTTTAATTAACAAGCT,0
TTTTACAACACATTGA,0
TTTTACAACTACGGCA,0
TTTTACAATATTAATT,0
TTTTACAATGACTCCT,0
TTTTACACCTACAGAG,0
TTTTACACCTTTCTAG,0
TTTTACACCTTTTCCT,0
TTTTACAGTAAAATAA,0
TTTTACATTAAATGTG,0
TTTTACCATAAATTTG,0
TTTTACCATGATGACA,0
TTTTACCCACGAAAGG,0
TTTTACCTCCGTAAAG,0
TTTTACCTGCCCGGAT,0
TTTTACGTTAACGGAC,0
TTTTACGTTCTCTGTT,0
TTTTACTATACAGATT,0
TTTTACTATCCTACGT,0
TTTTACTCTTATATTA,0
TTTTACTTTAAGCTAA,0
TTTTAGAACGATGACC,0
TTTTAGACTTCAGGTT,0
TTTTAGAGCTCTAATA,0
TTTTAGCATCCGACTG,0
TTTTAGCTATCATATA,0
TTTTAGGAAGCCCCAA,0
TTTTAGGATCCAATTG,0
TTTTAGGGATAAGAAT,0
TTTTAGTACATACCCG,0
TTTTAGTCAAGTGACT,0
TTTTAGTGCAAAACTA,0
TTTTAGTGCTAAATAT,0
TTTTAGTTTCATTCAC,0
TTTTATAACTAACATA,0
TTTTATAAGTCACACC,0
TTTTATCAGGATCGTA,0
TTTTATCAGGTAAGAC,0
TTTTATCATTTTGCAA,0
TTTTATCCGCTCCTCG,0
TTTTATCGATTACATG,0
TTTTATGAAGCCGATC,0
TTTTATGCGGATACTG,0
TTTTATGCTTGAAAAG,0
TTTTATGGACTTATGA,0
TTTTATTAACAACTCG,0
TTTTATTACAAAGCAT,0
TTTTATTTACAGTTGG,0
TTTTCAAATCTCTGTA,0
TTTTCAACCAAGCATA,0
TTTTCAAGGGAAGCTT,0
TTTTCAATACAGACAA,0
TTTTCACAGAAGGTAT,0
TTTTCACGAAAACATG,0
TTTTCAGCGTGACATC,0
TTTTCAGTAATTAAAA,0
TTTTCATATCCTCCAT,0
TTTTCATCATCTCATT,0
TTTTCATGACCCGAAT,0
TTTTCCCCAGGTAGAT,0
TTTTCCCTCCAAACCC,0
TTTTCCGACTTGTCAG,0
TTTTCCTACGGAGAGG,0
TTTTCCTCATATAAGT,0
TTTTCCTCGGTCAAGA,0
TTTTCCTCTACCGTAC,0
TTTTCCTGAAGAACAT,0
TTTTCCTGACTCACTT,0
TTTTCCTGATACTTGA,0
TTTTCCTGGATGAAAG,0
TTTTCGAAAACAAAAT,0
TTTTCGAAACCTATGA,0
TTTTCGAAGAAGTAAA,0
TTTTCGACCTCACCCT,0
TTTTCGAGGTATCGAG,0
TTTTCGATCATATACA,0
TTTTCGCAGCCGCGTC,0
TTTTCGCCTTGATTTT,0
TTTTCGGCTGTAGTTC,0
TTTTCGTACCCCCATT,0
TTTTCGTTCAAATAGC,0
TTTTCGTTGGTCTAGA,0
TTTTCTATACGATCTA,0
TTTTCTATGCGAACCT,0
TTTTCTCACAACGTCT,0
TTTTCTCACTAGAAAT,0
TTTTCTCATCCACGTA,0
TTTTCTCCAATTAAAG,0
TTTTCTCCCTACCGAA,0
TTTTCTGACACATAAA,0
TTTTCTTACAAGCCTT,0
TTTTGAAAACTTATGG,0
TTTTGACAACTTAAAA,0
TTTTGACAGAGCTGTA,0
TTTTGACCAGACTGAA,0
TTTTGACCATAATGAT,0
TTTTGATAACCCACAA,0
TTTTGATATTGATCTA,0
TTTTGATCGGACATAA,0
TTTTGATGCGAACTGA,0
TTTTGATTCCAATGTT,0
TTTTGATTGGTTCAAG,0
TTTTGCACTGCTGAGT,0
TTTTGCAGAAATTTAA,0
TTTTGCAGTACTACAT,0
TTTTGCATTGTCATCA,0
TTTTGCCTACGACTCA,0
TTTTGCCTCCAATGTA,0
TTTTGCTGACTAAAAC,0
TTTTGGAAACCGGTGG,0
TTTTGGAAAGGCGTGA,0
TTTTGGAATGGTACTA,0
TTTTGGCGCTTACAAT,0
TTTTGGCTTCCCCGAA,0
TTTTGGGACGTCACCC,0
TTTTGGGAGAAACGAT,0
TTTTGGTATTCCGCTA,0
TTTTGGTGCCAACAAA,0
TTTTGTACCTGCCATG,0
TTTTGTACGTTCCTGA,0
TTTTGTACTGCACCCA,0
TTTTGTCAGCAAAAGT,0
TTTTGTCATATTATGG,0
TTTTGTGCCGATAGCA,0
TTTTGTTATGCCCCGT,0
TTTTGTTCCATTCATT,0
TTTTTAAACATAGGAA,0
TTTTTAAAGACGCCAC,0
TTTTTAACAACATACC,0
TTTTTAACAATGAAGA,0
TTTTTAACACGTCTGA,0
TTTTTAACTGCACGTG,0
TTTTTAATACGACCAA,0
TTTTTACAAAAAATCG,0
TTTTTACACAAAGAAA,0
TTTTTACCAAAGCAAA,0
TTTTTACTCGGGACCG,0
TTTTTAGAAAGAAAGT,0
TTTTTAGAACCGACAG,0
TTTTTATTCATTCAAG,0
TTTTTCAACTCGAACA,0
TTTTTCAACTTCCACA,0
TTTTTCAATAAATGTC,0
TTTTTCAATGCGACAC,0
TTTTTCATAAAATCAC,0
TTTTTCATACAGATGA,0
TTTTTCCATATCTTAC,0
TTTTTCGGTTTGAGAA,0
TTTTTCTATCAGAAGT,0
TTTTTCTTCGTTACGC,0
TTTTTGAGAAACTAAT,0
TTTTTGATATTCCGAT,0
TTTTTGATCAACAGAA,0
TTTTTGATGGGGCTTC,0
TTTTTGCGCCTACGGT,0
TTTTTGCTAACCGCCC,0
TTTTTGGAGGCAAAAG,0
TTTTTGTAAGGCACAC,0
TTTTTGTCAGTTAACC,0
TTTTTGTTGTGTGTGC,0
TTTTTTATCGGGCCAC,0
TTTTTTCTGCACGTCA,0
TTTTTTGATACAGACA,0
TTTTTTTTATTGAACA,0
TTTTTTTTTAACGTTT,0
