Map from character to field name
A:	Africa
B:	Asia
C:	Europe
D:	North America
E:	Oceania
F:	South America
G:	?


Substitution rate (mu): 3.103906

Equilibrium frequencies (pi_i):
  A: 0.2035
  B: 0.1692
  C: 0.1675
  D: 0.1724
  E: 0.1199
  F: 0.1675

Symmetrized rates from j->i (W_ij):
	A	B	C	D	E	F
  A	0	0.7673	1.5024	0.5375	0.3956	0.3185
  B	0.7673	0	5.4724	1.9646	0.4118	0.2878
  C	1.5024	5.4724	0	1.8477	0.5326	0.3734
  D	0.5375	1.9646	1.8477	0	0.4173	2.1343
  E	0.3956	0.4118	0.5326	0.4173	0	0.4629
  F	0.3185	0.2878	0.3734	2.1343	0.4629	0

Actual rates from j->i (Q_ij):
	A	B	C	D	E	F
  A	0	0.1562	0.3058	0.1094	0.0805	0.0648
  B	0.1298	0	0.9259	0.3324	0.0697	0.0487
  C	0.2517	0.9167	0	0.3095	0.0892	0.0626
  D	0.0927	0.3387	0.3185	0	0.0719	0.3679
  E	0.0474	0.0494	0.0638	0.05	0	0.0555
  F	0.0534	0.0482	0.0625	0.3575	0.0775	0
