Map from character to field name
A:	Africa
B:	Asia
C:	Europe
D:	North America
E:	Oceania
F:	South America
G:	?


Substitution rate (mu): 3.064584

Equilibrium frequencies (pi_i):
  A: 0.1997
  B: 0.1646
  C: 0.1562
  D: 0.1909
  E: 0.1187
  F: 0.1699

Symmetrized rates from j->i (W_ij):
	A	B	C	D	E	F
  A	0	0.9723	1.5384	0.4489	0.4062	0.3268
  B	0.9723	0	5.6894	1.6482	0.47	0.2853
  C	1.5384	5.6894	0	1.9324	0.5379	0.3861
  D	0.4489	1.6482	1.9324	0	0.3743	2.1937
  E	0.4062	0.47	0.5379	0.3743	0	0.4707
  F	0.3268	0.2853	0.3861	2.1937	0.4707	0

Actual rates from j->i (Q_ij):
	A	B	C	D	E	F
  A	0	0.1941	0.3072	0.0896	0.0811	0.0652
  B	0.16	0	0.9362	0.2712	0.0773	0.047
  C	0.2404	0.8889	0	0.3019	0.084	0.0603
  D	0.0857	0.3147	0.369	0	0.0715	0.4189
  E	0.0482	0.0558	0.0638	0.0444	0	0.0559
  F	0.0555	0.0485	0.0656	0.3728	0.08	0
